[
  {
    "label_id": "-37Tr49YQag_EecI_gdFqA",
    "size": [
      2.061484407524048,
      4.778170597256613,
      1.470000000000006
    ],
    "obj_class": "vehicle",
    "point_num_in_lidar": 107,
    "speed": 3.1776437161565096e-13,
    "if_vehicle": true,
    "motion_state": false,
    "pose": [
      [
        0.6660322371065133,
        0.7458936638622591,
        -0.0066106992843711606,
        -38.09545921678273
      ],
      [
        -0.7453730767682116,
        0.6658553452075173,
        0.0324905476664744,
        -12.74363263279156
      ],
      [
        0.02863626309389601,
        -0.016712314881936606,
        0.9994501803328188,
        0.6283750035707527
      ],
      [
        0.0,
        0.0,
        0.0,
        1.0
      ]
    ],
    "location": [
      -38.09545921678273,
      -12.74363263279156,
      0.6283750035707527
    ],
    "rotation": [
      -0.01671995046373567,
      -0.028640178331212813,
      -0.8415531346531699
    ]
  },
  {
    "label_id": "16PzcXDMMYoq8hgoqYjC-Q",
    "size": [
      0.530511201163025,
      0.12094541017995653,
      0.5700000000000003
    ],
    "obj_class": "sign",
    "point_num_in_lidar": 20,
    "speed": 0.004761248137975724,
    "if_vehicle": false,
    "motion_state": false,
    "pose": [
      [
        -0.027746725297751365,
        -0.9995931261719554,
        -0.0066106992843711606,
        -28.956245361156107
      ],
      [
        0.9990812318185719,
        -0.02794738879067768,
        0.0324905476664744,
        -25.44517943007304
      ],
      [
        -0.03266207989604865,
        -0.00570311928333653,
        0.9994501803328188,
        3.091362980863785
      ],
      [
        0.0,
        0.0,
        0.0,
        1.0
      ]
    ],
    "location": [
      -28.956245361156107,
      -25.44517943007304,
      3.091362980863785
    ],
    "rotation": [
      -0.0057061947622004195,
      0.03266789006594834,
      1.5985614314277914
    ]
  },
  {
    "label_id": "5TfIhDaGwG7wy8E9HfiYNA",
    "size": [
      2.0753455018061078,
      4.400591282594326,
      1.4400000000000048
    ],
    "obj_class": "vehicle",
    "point_num_in_lidar": 200,
    "speed": 0.006058246481994306,
    "if_vehicle": true,
    "motion_state": false,
    "pose": [
      [
        -0.9998338902226754,
        -0.016985011544374692,
        -0.0066106992843711606,
        -35.248037072646184
      ],
      [
        0.01676165579560429,
        -0.9993314821456002,
        0.0324905476664744,
        -1.3968893120418215
      ],
      [
        -0.007158132241067615,
        0.03237434440286349,
        0.9994501803328188,
        0.7634104916111966
      ],
      [
        0.0,
        0.0,
        0.0,
        1.0
      ]
    ],
    "location": [
      -35.248037072646184,
      -1.3968893120418215,
      0.7634104916111966
    ],
    "rotation": [
      0.032380832199446215,
      0.007158193371563071,
      3.1248297833208474
    ]
  },
  {
    "label_id": "6HLGrqQfQYMsQDDAwvTpnQ",
    "size": [
      2.126130265646129,
      4.611272155748338,
      1.6300000000000026
    ],
    "obj_class": "vehicle",
    "point_num_in_lidar": 304,
    "speed": 8.987733679556354e-13,
    "if_vehicle": true,
    "motion_state": false,
    "pose": [
      [
        -0.7491886686298611,
        0.6623236651755605,
        -0.0066106992843711606,
        -30.089948332831227
      ],
      [
        -0.6621493580841178,
        -0.7486672103819715,
        0.0324905476664744,
        20.67335119055133
      ],
      [
        0.016570044822116325,
        0.028718820436934498,
        0.9994501803328188,
        0.6863380560928789
      ],
      [
        0.0,
        0.0,
        0.0,
        1.0
      ]
    ],
    "location": [
      -30.089948332831227,
      20.67335119055133,
      0.6863380560928789
    ],
    "rotation": [
      0.02872671469373309,
      -0.01657080317870419,
      -2.417787965610907
    ]
  },
  {
    "label_id": "9s8YOLhpbgSWdr7GIkOUUQ",
    "size": [
      1.917541371208228,
      4.427614966261043,
      1.4400000000000048
    ],
    "obj_class": "vehicle",
    "point_num_in_lidar": 949,
    "speed": 1.449228509952941e-12,
    "if_vehicle": true,
    "motion_state": false,
    "pose": [
      [
        -0.048237181208131495,
        -0.998814033243459,
        -0.0066106992843711606,
        -18.652471023929138
      ],
      [
        0.9982981319806793,
        -0.048427306307688545,
        0.0324905476664744,
        9.999034006290458
      ],
      [
        -0.03277215331619241,
        -0.005032196311334584,
        0.9994501803328188,
        0.576138763160607
      ],
      [
        0.0,
        0.0,
        0.0,
        1.0
      ]
    ],
    "location": [
      -18.652471023929138,
      9.999034006290458,
      0.576138763160607
    ],
    "rotation": [
      -0.00503492208765163,
      0.03277802244531438,
      1.619078189021596
    ]
  },
  {
    "label_id": "9yvoP8LddkU2qWg-ZQW66A",
    "size": [
      0.3588027905613092,
      0.07909095543237712,
      0.6700000000000017
    ],
    "obj_class": "sign",
    "point_num_in_lidar": 20,
    "speed": 0.002432646688662385,
    "if_vehicle": false,
    "motion_state": false,
    "pose": [
      [
        0.9999780124540613,
        -0.0005227460156002209,
        -0.0066106992843711606,
        -40.48663495538585
      ],
      [
        0.000737271336916243,
        0.9994717708586411,
        0.0324905476664744,
        2.6244028873388743
      ],
      [
        0.006590223016027077,
        -0.03249470715816435,
        0.9994501803328188,
        2.791036125365771
      ],
      [
        0.0,
        0.0,
        0.0,
        1.0
      ]
    ],
    "location": [
      -40.48663495538585,
      2.6244028873388743,
      2.791036125365771
    ],
    "rotation": [
      -0.032501134471729934,
      -0.006590270720331993,
      0.0007372874144653538
    ]
  },
  {
    "label_id": "DQe9EgHTvbMojU92WrDD-w",
    "size": [
      2.295094381367498,
      6.332258661657688,
      2.200000000000003
    ],
    "obj_class": "vehicle",
    "point_num_in_lidar": 179,
    "speed": 0.04194994065123834,
    "if_vehicle": true,
    "motion_state": false,
    "pose": [
      [
        -0.9697845271775731,
        0.24387347027084064,
        -0.0066106992843711606,
        -43.24219236485078
      ],
      [
        -0.2439583405508144,
        -0.9692412972980594,
        0.0324905476664744,
        0.7018355039472226
      ],
      [
        0.0015162198599920171,
        0.03312156563376792,
        0.9994501803328188,
        1.138375003570907
      ],
      [
        0.0,
        0.0,
        0.0,
        1.0
      ]
    ],
    "location": [
      -43.24219236485078,
      0.7018355039472226,
      1.138375003570907
    ],
    "rotation": [
      0.03312766265489098,
      -0.0015162204409379847,
      -2.895146930266653
    ]
  },
  {
    "label_id": "Go_3rbTk6d2Upk1krZLsKw",
    "size": [
      2.1025838945668656,
      4.719586221317513,
      1.8100000000000023
    ],
    "obj_class": "vehicle",
    "point_num_in_lidar": 262,
    "speed": 0.012656333780684398,
    "if_vehicle": true,
    "motion_state": false,
    "pose": [
      [
        -0.9981336258739805,
        0.06070884247481766,
        -0.0066106992843711606,
        -36.66192110884549
      ],
      [
        -0.060892509014391916,
        -0.9976153901470569,
        0.0324905476664744,
        1.2042004104969237
      ],
      [
        -0.004622471805518257,
        0.0328324502147345,
        0.9994501803328188,
        0.9283737743536022
      ],
      [
        0.0,
        0.0,
        0.0,
        1.0
      ]
    ],
    "location": [
      -36.66192110884549,
      1.2042004104969237,
      0.9283737743536022
    ],
    "rotation": [
      0.0328387027738801,
      0.00462248826725826,
      -3.0806617993435004
    ]
  },
  {
    "label_id": "HILMjKmKIoQMgeZ6T8zTSg",
    "size": [
      0.7527797330444923,
      0.1029191474772233,
      0.7700000000000031
    ],
    "obj_class": "sign",
    "point_num_in_lidar": 271,
    "speed": 0.019373751962759367,
    "if_vehicle": false,
    "motion_state": false,
    "pose": [
      [
        0.9905390552274034,
        0.13707180134577193,
        -0.0066106992843711606,
        -12.249102600128936
      ],
      [
        -0.1367896612968487,
        0.9900671456394389,
        0.0324905476664744,
        4.245206756062544
      ],
      [
        0.01099857406651235,
        -0.03127888107332602,
        0.9994501803328188,
        2.492782549311329
      ],
      [
        0.0,
        0.0,
        0.0,
        1.0
      ]
    ],
    "location": [
      -12.249102600128936,
      4.245206756062544,
      2.492782549311329
    ],
    "rotation": [
      -0.03128587667797962,
      -0.010998795825659758,
      -0.13722823458716887
    ]
  },
  {
    "label_id": "ISEQHFwDwMdTSWtovFFxdA",
    "size": [
      2.0672801656256627,
      4.46258473180494,
      1.4600000000000009
    ],
    "obj_class": "vehicle",
    "point_num_in_lidar": 1539,
    "speed": 6.355287432313019e-13,
    "if_vehicle": true,
    "motion_state": false,
    "pose": [
      [
        0.6804477026080338,
        0.7327668269445747,
        -0.0066106992843711606,
        2.8345081533652774
      ],
      [
        -0.7322497875090201,
        0.6802606948849295,
        0.0324905476664744,
        -9.840283151150288
      ],
      [
        0.028304994408115538,
        -0.017267435369862503,
        0.9994501803328188,
        0.7417421888379465
      ],
      [
        0.0,
        0.0,
        0.0,
        1.0
      ]
    ],
    "location": [
      2.8345081533652774,
      -9.840283151150288,
      0.7417421888379465
    ],
    "rotation": [
      -0.01727521586446497,
      -0.02830877530289699,
      -0.8220506570278727
    ]
  },
  {
    "label_id": "Ko333JMTQxrLsIbw6vT5jw",
    "size": [
      2.0027678097125543,
      4.87247641867594,
      1.6600000000000037
    ],
    "obj_class": "vehicle",
    "point_num_in_lidar": 88,
    "speed": 8.987733679556354e-13,
    "if_vehicle": true,
    "motion_state": false,
    "pose": [
      [
        0.6317606201096921,
        -0.7751353543308349,
        -0.0066106992843711606,
        -16.49768922657495
      ],
      [
        0.7748787257673901,
        0.6312743656013906,
        0.0324905476664744,
        -22.47861869105145
      ],
      [
        -0.021011407180932543,
        -0.0256487387793803,
        0.9994501803328188,
        0.9989381324707338
      ],
      [
        0.0,
        0.0,
        0.0,
        1.0
      ]
    ],
    "location": [
      -16.49768922657495,
      -22.47861869105145,
      0.9989381324707338
    ],
    "rotation": [
      -0.025657217248353154,
      0.02101295350480363,
      0.8867939467745757
    ]
  },
  {
    "label_id": "Kv6PR2TsyeCAv99_HjOO4w",
    "size": [
      2.0503811492887243,
      4.811895084353816,
      1.4500000000000028
    ],
    "obj_class": "vehicle",
    "point_num_in_lidar": 127,
    "speed": 7.105427357601002e-13,
    "if_vehicle": true,
    "motion_state": false,
    "pose": [
      [
        -0.7491886686300354,
        0.6623236651753631,
        -0.0066106992843711606,
        -30.424235401849728
      ],
      [
        -0.6621493580839206,
        -0.7486672103821459,
        0.0324905476664744,
        16.413233537079577
      ],
      [
        0.016570044822108762,
        0.028718820436938863,
        0.9994501803328188,
        0.5763380560928582
      ],
      [
        0.0,
        0.0,
        0.0,
        1.0
      ]
    ],
    "location": [
      -30.424235401849728,
      16.413233537079577,
      0.5763380560928582
    ],
    "rotation": [
      0.028726714693737453,
      -0.016570803178696625,
      -2.4177879656111703
    ]
  },
  {
    "label_id": "NHPW81G5lMyXru_I2sGKqA",
    "size": [
      2.0742041171234926,
      4.576080974769498,
      1.4400000000000048
    ],
    "obj_class": "vehicle",
    "point_num_in_lidar": 1962,
    "speed": 2.2781733181718378e-12,
    "if_vehicle": true,
    "motion_state": false,
    "pose": [
      [
        0.6994544333550141,
        0.7146466219852912,
        -0.0066106992843711606,
        -0.4596637214981456
      ],
      [
        -0.7141346713746272,
        0.6992539134341585,
        0.0324905476664744,
        -10.377844018274118
      ],
      [
        0.02784181748143094,
        -0.01800472804644705,
        0.9994501803328188,
        0.7509963522101515
      ],
      [
        0.0,
        0.0,
        0.0,
        1.0
      ]
    ],
    "location": [
      -0.4596637214981456,
      -10.377844018274118,
      0.7509963522101515
    ],
    "rotation": [
      -0.01801268448034975,
      -0.02784541574550064,
      -0.7957828715495513
    ]
  },
  {
    "label_id": "OXd0i5MfXfgVle65_zBBXw",
    "size": [
      2.0389075321438432,
      4.734929776064892,
      1.470000000000006
    ],
    "obj_class": "vehicle",
    "point_num_in_lidar": 594,
    "speed": 5.123796534383003e-13,
    "if_vehicle": true,
    "motion_state": false,
    "pose": [
      [
        -0.6583155370756087,
        0.7527130610663165,
        -0.0066106992843711606,
        -29.42500382864455
      ],
      [
        -0.7524734851857622,
        -0.6578206582380376,
        0.0324905476664744,
        10.160813417951431
      ],
      [
        0.020107405035094256,
        0.026363408266961555,
        0.9994501803328188,
        0.7245554768820028
      ],
      [
        0.0,
        0.0,
        0.0,
        1.0
      ]
    ],
    "location": [
      -29.42500382864455,
      10.160813417951431,
      0.7245554768820028
    ],
    "rotation": [
      0.026371796048224348,
      -0.02010876021157276,
      -2.2895519850593775
    ]
  },
  {
    "label_id": "QfXrH-AG6fWpRUmyN1WzLw",
    "size": [
      0.4456629209226196,
      0.0696207456306018,
      0.15000000000000568
    ],
    "obj_class": "sign",
    "point_num_in_lidar": 23,
    "speed": 0.008782789497801065,
    "if_vehicle": false,
    "motion_state": false,
    "pose": [
      [
        0.9905390552266171,
        0.13707180135145347,
        -0.0066106992843711606,
        -12.20524747651416
      ],
      [
        -0.13678966130252754,
        0.9900671456386543,
        0.0324905476664744,
        4.239128487379276
      ],
      [
        0.01099857406669176,
        -0.03127888107326293,
        0.9994501803328188,
        2.012238053087053
      ],
      [
        0.0,
        0.0,
        0.0,
        1.0
      ]
    ],
    "location": [
      -12.20524747651416,
      4.239128487379276,
      2.012238053087053
    ],
    "rotation": [
      -0.03128587667791656,
      -0.010998795825839179,
      -0.13722823459290223
    ]
  },
  {
    "label_id": "RqRoUISiOVfgjg-WLH6oig",
    "size": [
      1.8839428583990758,
      4.431572760151295,
      1.5400000000000063
    ],
    "obj_class": "vehicle",
    "point_num_in_lidar": 384,
    "speed": 0.006578825686017041,
    "if_vehicle": true,
    "motion_state": false,
    "pose": [
      [
        0.0770951573182951,
        0.9970018231543205,
        -0.0066106992843711606,
        -27.188726041815244
      ],
      [
        -0.9964806405861396,
        0.07727028697610226,
        0.0324905476664744,
        -22.50864896807434
      ],
      [
        0.032903945889573405,
        0.0040825699739080994,
        0.9994501803328188,
        0.8646905586394951
      ],
      [
        0.0,
        0.0,
        0.0,
        1.0
      ]
    ],
    "location": [
      -27.188726041815244,
      -22.50864896807434,
      0.8646905586394951
    ],
    "rotation": [
      0.004084793166880669,
      -0.03290988613474881,
      -1.49358270024403
    ]
  },
  {
    "label_id": "SwUfSWt1LE_xpCIjLv06Pg",
    "size": [
      0.8137902785163581,
      0.1125742801911172,
      0.7600000000000051
    ],
    "obj_class": "sign",
    "point_num_in_lidar": 31,
    "speed": 0.001593518984327916,
    "if_vehicle": false,
    "motion_state": false,
    "pose": [
      [
        -0.10674136488261025,
        -0.9942648438308422,
        -0.0066106992843711606,
        -30.634699561367597
      ],
      [
        0.9937386787124872,
        -0.10690090150738882,
        0.0324905476664744,
        6.662678317146856
      ],
      [
        -0.03301089901467923,
        -0.0031012221685135983,
        0.9994501803328188,
        2.67693681110444
      ],
      [
        0.0,
        0.0,
        0.0,
        1.0
      ]
    ],
    "location": [
      -30.634699561367597,
      6.662678317146856,
      2.67693681110444
    ],
    "rotation": [
      -0.003102918261031934,
      0.033016897393066076,
      1.6777999761820142
    ]
  },
  {
    "label_id": "TgdBnuHVxPOTzl8OMUYiRg",
    "size": [
      0.8323629950249498,
      0.11670498628292902,
      0.7900000000000063
    ],
    "obj_class": "sign",
    "point_num_in_lidar": 105,
    "speed": 0.0037496803377379873,
    "if_vehicle": false,
    "motion_state": false,
    "pose": [
      [
        0.11622340437348508,
        0.9932010969238854,
        -0.0066106992843711606,
        -15.462882200664353
      ],
      [
        -0.9926734335197233,
        0.1163779132674924,
        0.0324905476664744,
        -18.31008802237193
      ],
      [
        0.03303898696995418,
        0.002786103496826452,
        0.9994501803328188,
        2.8861105925465296
      ],
      [
        0.0,
        0.0,
        0.0,
        1.0
      ]
    ],
    "location": [
      -15.462882200664353,
      -18.31008802237193,
      2.8861105925465296
    ],
    "rotation": [
      0.00278762897323606,
      -0.033045000677902545,
      -1.4542457450878623
    ]
  },
  {
    "label_id": "XvVgKHrB7eBfiBwcpoWd3g",
    "size": [
      0.7460676117629917,
      0.8228660025952748,
      1.5900000000000034
    ],
    "obj_class": "pedestrian",
    "point_num_in_lidar": 61,
    "speed": 1.4353092673744772,
    "if_vehicle": false,
    "motion_state": true,
    "pose": [
      [
        0.9958277482576007,
        -0.09101315539617554,
        -0.0066106992843711606,
        1.6353621220250716
      ],
      [
        0.09118098840731581,
        0.995304170425,
        0.0324905476664744,
        -15.305613521644773
      ],
      [
        0.0036225893034844965,
        -0.032957759017173946,
        0.9994501803328188,
        0.8540949721972879
      ],
      [
        0.0,
        0.0,
        0.0,
        1.0
      ]
    ],
    "location": [
      1.6353621220250716,
      -15.305613521644773,
      0.8540949721972879
    ],
    "rotation": [
      -0.03296394483922837,
      -0.0036225972268303934,
      0.09130841029706538
    ]
  },
  {
    "label_id": "bjU_LRF_XLFwrTt9DcYXOQ",
    "size": [
      0.3017444110824618,
      0.07692972936776284,
      0.6400000000000006
    ],
    "obj_class": "sign",
    "point_num_in_lidar": 91,
    "speed": 0.03812892235185273,
    "if_vehicle": false,
    "motion_state": false,
    "pose": [
      [
        -0.6086122831296963,
        -0.7934402230027351,
        -0.0066106992843711606,
        -4.754217397589855
      ],
      [
        0.7929079041698661,
        -0.6084746665369748,
        0.0324905476664744,
        -13.507887312376624
      ],
      [
        -0.029801750428602402,
        0.01453247068075924,
        0.9994501803328188,
        2.7323388705191576
      ],
      [
        0.0,
        0.0,
        0.0,
        1.0
      ]
    ],
    "location": [
      -4.754217397589855,
      -13.507887312376624,
      2.7323388705191576
    ],
    "rotation": [
      0.014539440704602277,
      0.029806163568544992,
      2.225447703158594
    ]
  },
  {
    "label_id": "cvsSzEWkCO_fUj4Y4e3xgA",
    "size": [
      0.7530615077661384,
      0.8484543407193996,
      1.7100000000000009
    ],
    "obj_class": "pedestrian",
    "point_num_in_lidar": 35,
    "speed": 0.029921520832323682,
    "if_vehicle": false,
    "motion_state": false,
    "pose": [
      [
        0.1978337221524042,
        0.9802133018044067,
        -0.0066106992843711606,
        -7.029870810672037
      ],
      [
        -0.9796746825908278,
        0.19794413505555827,
        0.0324905476664744,
        -16.835517332354357
      ],
      [
        0.03315621615754558,
        4.860874349098948e-05,
        0.9994501803328188,
        0.9260472659115777
      ],
      [
        0.0,
        0.0,
        0.0,
        1.0
      ]
    ],
    "location": [
      -7.029870810672037,
      -16.835517332354357,
      0.9260472659115777
    ],
    "rotation": [
      4.8635484198398096e-05,
      -0.03316229412779216,
      -1.3715378290901594
    ]
  },
  {
    "label_id": "h14DkRFx53Pkx5pEtWdarQ",
    "size": [
      0.8347280264472856,
      0.12141330286285525,
      0.7900000000000063
    ],
    "obj_class": "sign",
    "point_num_in_lidar": 62,
    "speed": 0.002864692018998174,
    "if_vehicle": false,
    "motion_state": false,
    "pose": [
      [
        -0.997331242999316,
        0.07270963067167277,
        -0.0066106992843711606,
        -33.07811907331961
      ],
      [
        -0.07288705077948436,
        -0.9968108356859898,
        0.0324905476664744,
        -15.197464017148377
      ],
      [
        -0.004227240956973058,
        0.0328856726643613,
        0.9994501803328188,
        2.5618141634947875
      ],
      [
        0.0,
        0.0,
        0.0,
        1.0
      ]
    ],
    "location": [
      -33.07811907331961,
      -15.197464017148377,
      2.5618141634947875
    ],
    "rotation": [
      0.03289189700436854,
      0.004227253546901254,
      -3.0686402593850253
    ]
  },
  {
    "label_id": "iMUAR45EX3cmZKOzXxFuBQ",
    "size": [
      2.197391755426741,
      4.821743567278267,
      1.8300000000000054
    ],
    "obj_class": "vehicle",
    "point_num_in_lidar": 5135,
    "speed": 0.03508917911149161,
    "if_vehicle": true,
    "motion_state": false,
    "pose": [
      [
        0.9984764728291005,
        -0.05478167450644697,
        -0.0066106992843711606,
        -6.674254013478276
      ],
      [
        0.05496841466711547,
        0.9979593366973007,
        0.0324905476664744,
        -6.796113980903101
      ],
      [
        0.004817322466135364,
        -0.03280442709381003,
        0.9994501803328188,
        0.9772526637651779
      ],
      [
        0.0,
        0.0,
        0.0,
        1.0
      ]
    ],
    "location": [
      -6.674254013478276,
      -6.796113980903101,
      0.9772526637651779
    ],
    "rotation": [
      -0.032810694436395386,
      -0.0048173410986057826,
      0.05499677258609115
    ]
  },
  {
    "label_id": "jMGHvd_g07NfKjTg9VxCWQ",
    "size": [
      0.8940892438935211,
      0.9789737546767773,
      1.7464521148686387
    ],
    "obj_class": "pedestrian",
    "point_num_in_lidar": 33,
    "speed": 1.4014671089600756,
    "if_vehicle": false,
    "motion_state": true,
    "pose": [
      [
        -0.99951615944004,
        0.0303931846505777,
        -0.0066106992843711606,
        -43.89988116137465
      ],
      [
        -0.03059249213135916,
        -0.9990037355973825,
        0.0324905476664744,
        -17.311889690974567
      ],
      [
        -0.005616622065372181,
        0.032677065187537956,
        0.9994501803328188,
        0.8995302213958567
      ],
      [
        0.0,
        0.0,
        0.0,
        1.0
      ]
    ],
    "location": [
      -43.89988116137465,
      -17.311889690974567,
      0.8995302213958567
    ],
    "rotation": [
      0.032683399070955285,
      0.005616651596533109,
      -3.1109949047462138
    ]
  },
  {
    "label_id": "l4IU7hYAbEicJJhcNV-PYQ",
    "size": [
      1.7797335311146576,
      3.629981180814881,
      1.4200000000000017
    ],
    "obj_class": "vehicle",
    "point_num_in_lidar": 167,
    "speed": 6.355287432313019e-13,
    "if_vehicle": true,
    "motion_state": false,
    "pose": [
      [
        0.7087610172153656,
        0.7054176912516527,
        -0.0066106992843711606,
        -7.661596939419724
      ],
      [
        -0.7049084127718525,
        0.7085538045313143,
        0.0324905476664744,
        -10.276480141723368
      ],
      [
        0.027603443250939764,
        -0.01836809607411662,
        0.9994501803328188,
        0.6648888821253038
      ],
      [
        0.0,
        0.0,
        0.0,
        1.0
      ]
    ],
    "location": [
      -7.661596939419724,
      -10.276480141723368,
      0.6648888821253038
    ],
    "rotation": [
      -0.018376132059839335,
      -0.027606949861039738,
      -0.7826729188501195
    ]
  },
  {
    "label_id": "lbLwsu8SH-0HdB69pypZYw",
    "size": [
      2.31735625748139,
      5.409726554449852,
      1.8200000000000074
    ],
    "obj_class": "vehicle",
    "point_num_in_lidar": 415,
    "speed": 0.003448353088212883,
    "if_vehicle": true,
    "motion_state": false,
    "pose": [
      [
        -0.7345758716824358,
        0.678494353253556,
        -0.0066106992843711606,
        -29.722002526342294
      ],
      [
        -0.6783087227726454,
        -0.7340583361851255,
        0.0324905476664744,
        13.397949681666432
      ],
      [
        0.017192014208112685,
        0.028350867361756005,
        0.9994501803328188,
        0.9136622554975773
      ],
      [
        0.0,
        0.0,
        0.0,
        1.0
      ]
    ],
    "location": [
      -29.722002526342294,
      13.397949681666432,
      0.9136622554975773
    ],
    "rotation": [
      0.028358859054990464,
      -0.017192861214729828,
      -2.3959977630854175
    ]
  },
  {
    "label_id": "oGhYcNPyTUhm8059vJgk7Q",
    "size": [
      1.9637128907565347,
      4.522243896407982,
      1.5799999999999983
    ],
    "obj_class": "vehicle",
    "point_num_in_lidar": 744,
    "speed": 0.4475413611720945,
    "if_vehicle": true,
    "motion_state": false,
    "pose": [
      [
        -0.7286690419750729,
        -0.6848340864195511,
        -0.0066106992843711606,
        -26.61488328087671
      ],
      [
        0.6843309499978285,
        -0.7284473317868643,
        0.0324905476664744,
        -4.686797051030226
      ],
      [
        -0.02706618078338638,
        0.01915095011995166,
        0.9994501803328188,
        0.9183750035708584
      ],
      [
        0.0,
        0.0,
        0.0,
        1.0
      ]
    ],
    "location": [
      -26.61488328087671,
      -4.686797051030226,
      0.9183750035708584
    ],
    "rotation": [
      0.019159140871542357,
      0.027069486555356154,
      2.387562889858421
    ]
  },
  {
    "label_id": "pMXk7LpwD_NwMqmzuEArMQ",
    "size": [
      1.9068103567102395,
      4.170273321995732,
      2.020000000000003
    ],
    "obj_class": "vehicle",
    "point_num_in_lidar": 235,
    "speed": 7.652779469160725e-13,
    "if_vehicle": true,
    "motion_state": false,
    "pose": [
      [
        0.04994367424806396,
        0.9987301577791545,
        -0.0066106992843711606,
        -26.580260956009624
      ],
      [
        -0.9982139324236033,
        0.05013291760648186,
        0.0324905476664744,
        -29.556403113814667
      ],
      [
        0.03278070343981373,
        0.004976194799926445,
        0.9994501803328188,
        1.3666167051020395
      ],
      [
        0.0,
        0.0,
        0.0,
        1.0
      ]
    ],
    "location": [
      -26.580260956009624,
      -29.556403113814667,
      1.3666167051020395
    ],
    "rotation": [
      0.00497889117325598,
      -0.03278657716531381,
      -1.5208049768803402
    ]
  },
  {
    "label_id": "pgI18KkKJl2QaGwb8uesjQ",
    "size": [
      2.1390806501436614,
      4.556199328982984,
      1.730000000000004
    ],
    "obj_class": "vehicle",
    "point_num_in_lidar": 58,
    "speed": 0.8111816928513305,
    "if_vehicle": true,
    "motion_state": false,
    "pose": [
      [
        0.9949952545507109,
        0.09970327013963808,
        -0.0066106992843711606,
        -35.71604310094608
      ],
      [
        -0.09943908664791383,
        0.9945130629403321,
        0.0324905476664744,
        -5.793585077011812
      ],
      [
        0.009813840644452709,
        -0.03167057884695382,
        0.9994501803328188,
        0.8983750035707629
      ],
      [
        0.0,
        0.0,
        0.0,
        1.0
      ]
    ],
    "location": [
      -35.71604310094608,
      -5.793585077011812,
      0.8983750035707629
    ],
    "rotation": [
      -0.0316774016337902,
      -0.009813998182180698,
      -0.09960851073403217
    ]
  },
  {
    "label_id": "q-jDxjRpQIk-5SSDJaNgkg",
    "size": [
      2.056511513256242,
      4.306856006707518,
      1.6100000000000065
    ],
    "obj_class": "vehicle",
    "point_num_in_lidar": 69,
    "speed": 3.482055128098309e-28,
    "if_vehicle": true,
    "motion_state": false,
    "pose": [
      [
        0.6136587336314149,
        -0.789543701952501,
        -0.0066106992843711606,
        -15.533149258140838
      ],
      [
        0.78927589255368,
        0.6131785463842682,
        0.0324905476664744,
        -25.218476281172116
      ],
      [
        -0.021599168305278162,
        -0.025155773914075828,
        0.9994501803328188,
        1.003390337496974
      ],
      [
        0.0,
        0.0,
        0.0,
        1.0
      ]
    ],
    "location": [
      -15.533149258140838,
      -25.218476281172116,
      1.003390337496974
    ],
    "rotation": [
      -0.025164299619419097,
      0.02160084807993668,
      0.9099288425330759
    ]
  },
  {
    "label_id": "qOk43BSYT2QZ29ws6A_thw",
    "size": [
      1.1151197425448005,
      1.3341153754663537,
      1.8800000000000026
    ],
    "obj_class": "pedestrian",
    "point_num_in_lidar": 66,
    "speed": 1.5585458303124504,
    "if_vehicle": false,
    "motion_state": true,
    "pose": [
      [
        0.9814023707373242,
        -0.19184807887005634,
        -0.0066106992843711606,
        -18.03557157449268
      ],
      [
        0.19196177675496,
        0.9808644353718873,
        0.0324905476664744,
        -16.19789577991287
      ],
      [
        0.0002509506697289525,
        -0.03315530208665264,
        0.9994501803328188,
        0.8939917433350573
      ],
      [
        0.0,
        0.0,
        0.0,
        1.0
      ]
    ],
    "location": [
      -18.03557157449268,
      -16.19789577991287,
      0.8939917433350573
    ],
    "rotation": [
      -0.033161380598636,
      -0.00025095067236294077,
      0.1931607158514175
    ]
  },
  {
    "label_id": "scHfJy5WqY6CcgOK_NwZpA",
    "size": [
      1.6805972847365336,
      3.9600297986178874,
      1.5300000000000011
    ],
    "obj_class": "vehicle",
    "point_num_in_lidar": 68,
    "speed": 0.0009024060161699585,
    "if_vehicle": true,
    "motion_state": false,
    "pose": [
      [
        0.6660322371062403,
        0.7458936638625029,
        -0.0066106992843711606,
        -41.492839539965644
      ],
      [
        -0.7453730767684553,
        0.6658553452072445,
        0.0324905476664744,
        -12.20904866579076
      ],
      [
        0.02863626309390213,
        -0.016712314881926125,
        0.9994501803328188,
        0.7325437060725548
      ],
      [
        0.0,
        0.0,
        0.0,
        1.0
      ]
    ],
    "location": [
      -41.492839539965644,
      -12.20904866579076,
      0.7325437060725548
    ],
    "rotation": [
      -0.016719950463725184,
      -0.028640178331218933,
      -0.841553134653536
    ]
  },
  {
    "label_id": "t8XzvTv7TV6G03bn5R6WcA",
    "size": [
      0.7511716528428785,
      1.15743233501867,
      1.6400000000000006
    ],
    "obj_class": "pedestrian",
    "point_num_in_lidar": 435,
    "speed": 1.3779502407960849,
    "if_vehicle": false,
    "motion_state": true,
    "pose": [
      [
        -0.9992518696470559,
        -0.03810511332924622,
        -0.0066106992843711606,
        -6.099649501762542
      ],
      [
        0.03787119285773331,
        -0.9987542926385171,
        0.0324905476664744,
        6.868731480948554
      ],
      [
        -0.007840520288568353,
        0.032215885434058435,
        0.9994501803328188,
        0.836448192167488
      ],
      [
        0.0,
        0.0,
        0.0,
        1.0
      ]
    ],
    "location": [
      -6.099649501762542,
      6.868731480948554,
      0.836448192167488
    ],
    "rotation": [
      0.03222245142807896,
      0.0078406006218323,
      3.103711237303347
    ]
  },
  {
    "label_id": "tOnXgSmhW4twqeFVr1vJPQ",
    "size": [
      1.979428889335014,
      4.732368682858808,
      1.6100000000000065
    ],
    "obj_class": "vehicle",
    "point_num_in_lidar": 202,
    "speed": 0.0037422093844852616,
    "if_vehicle": true,
    "motion_state": false,
    "pose": [
      [
        0.04994367424839572,
        0.998730157779138,
        -0.0066106992843711606,
        -26.13502109179626
      ],
      [
        -0.9982139324235867,
        0.05013291760681344,
        0.0324905476664744,
        -35.04319487936482
      ],
      [
        0.03278070343981538,
        0.004976194799915556,
        0.9994501803328188,
        1.4011387631612067
      ],
      [
        0.0,
        0.0,
        0.0,
        1.0
      ]
    ],
    "location": [
      -26.13502109179626,
      -35.04319487936482,
      1.4011387631612067
    ],
    "rotation": [
      0.004978891173245086,
      -0.03278657716531546,
      -1.5208049768800078
    ]
  },
  {
    "label_id": "ua_F37fRYO7Rv9gWVk0TTw",
    "size": [
      0.39584160858760664,
      0.1334474068171403,
      0.7600000000000051
    ],
    "obj_class": "sign",
    "point_num_in_lidar": 26,
    "speed": 0.000941899131864185,
    "if_vehicle": false,
    "motion_state": false,
    "pose": [
      [
        -0.027746725295355146,
        -0.9995931261720219,
        -0.0066106992843711606,
        -28.531631560941605
      ],
      [
        0.999081231818639,
        -0.027947388788282686,
        0.0324905476664744,
        -26.974252131993126
      ],
      [
        -0.03266207989603498,
        -0.005703119283414828,
        0.9994501803328188,
        3.208455891752422
      ],
      [
        0.0,
        0.0,
        0.0,
        1.0
      ]
    ],
    "location": [
      -28.531631560941605,
      -26.974252131993126,
      3.208455891752422
    ],
    "rotation": [
      -0.005706194762278758,
      0.032667890065934665,
      1.5985614314253929
    ]
  },
  {
    "label_id": "utUGhFL-R1s-OBA6Xo3RDQ",
    "size": [
      2.1325482430775824,
      4.870659034134611,
      1.490000000000002
    ],
    "obj_class": "vehicle",
    "point_num_in_lidar": 4462,
    "speed": 0.10257172192820667,
    "if_vehicle": true,
    "motion_state": false,
    "pose": [
      [
        -0.9963759465819495,
        0.08480136630913168,
        -0.0066106992843711606,
        -4.266660366896758
      ],
      [
        -0.08497246110799554,
        -0.9958534255429272,
        0.0324905476664744,
        3.2186347441329417
      ],
      [
        -0.003828044693326199,
        0.032934527573987266,
        0.9994501803328188,
        0.6041865997504559
      ],
      [
        0.0,
        0.0,
        0.0,
        1.0
      ]
    ],
    "location": [
      -4.266660366896758,
      3.2186347441329417,
      0.6041865997504559
    ],
    "rotation": [
      0.032940725846666054,
      0.003828054042701906,
      -3.056516979235073
    ]
  },
  {
    "label_id": "wAkzx5aXp8ha5mzB6NAV1g",
    "size": [
      2.3192441512334048,
      4.606269919017848,
      1.9500000000000028
    ],
    "obj_class": "vehicle",
    "point_num_in_lidar": 2942,
    "speed": 0.02102164682269281,
    "if_vehicle": true,
    "motion_state": false,
    "pose": [
      [
        0.6808884124233742,
        0.7323573366073072,
        -0.0066106992843711606,
        -4.097289780639585
      ],
      [
        -0.7318404097692722,
        0.6807010936828852,
        0.0324905476664744,
        -10.439590066955134
      ],
      [
        0.02829460118681207,
        -0.017284460546256094,
        0.9994501803328188,
        0.9322576794915136
      ],
      [
        0.0,
        0.0,
        0.0,
        1.0
      ]
    ],
    "location": [
      -4.097289780639585,
      -10.439590066955134,
      0.9322576794915136
    ],
    "rotation": [
      -0.01729224531860766,
      -0.028298377917237917,
      -0.8214489052503284
    ]
  },
  {
    "label_id": "xxr8AZNz3D1gxKiJKZLYSQ",
    "size": [
      2.0157827467134313,
      4.669815123116134,
      1.490000000000002
    ],
    "obj_class": "vehicle",
    "point_num_in_lidar": 227,
    "speed": 4.0194366942304643e-13,
    "if_vehicle": true,
    "motion_state": false,
    "pose": [
      [
        -0.07193057093512845,
        -0.9973877338427207,
        -0.0066106992843711606,
        -19.181883372589255
      ],
      [
        0.9968674652749397,
        -0.07210839749050843,
        0.0324905476664744,
        15.5367642948313
      ],
      [
        -0.03288236064006146,
        -0.004252927395661429,
        0.9994501803328188,
        0.5333750035707254
      ],
      [
        0.0,
        0.0,
        0.0,
        1.0
      ]
    ],
    "location": [
      -19.181883372589255,
      15.5367642948313,
      0.5333750035707254
    ],
    "rotation": [
      -0.004255241341644746,
      0.03288828919856899,
      1.6428280909568782
    ]
  }
]