[
  {
    "label_id": "-37Tr49YQag_EecI_gdFqA",
    "size": [
      2.061484407524045,
      4.778170597256613,
      1.470000000000006
    ],
    "obj_class": "vehicle",
    "point_num_in_lidar": 33,
    "speed": 3.1776437161565096e-13,
    "if_vehicle": true,
    "motion_state": false,
    "pose": [
      [
        0.6660417913665632,
        0.745904363737781,
        -0.0038745722545307547,
        -38.09545921678273
      ],
      [
        -0.7455100848973568,
        0.6658427754820616,
        0.029463734567782313,
        -12.74363263279156
      ],
      [
        0.024556984129883073,
        -0.016735545861458492,
        0.9995583404860187,
        0.6283750035707527
      ],
      [
        0.0,
        0.0,
        0.0,
        1.0
      ]
    ],
    "location": [
      -38.09545921678273,
      -12.74363263279156,
      0.6283750035707527
    ],
    "rotation": [
      -0.01674137630935527,
      -0.024559452962914372,
      -0.8416373249010843
    ]
  },
  {
    "label_id": "5TfIhDaGwG7wy8E9HfiYNA",
    "size": [
      2.0753455018053977,
      4.400591282594326,
      1.4400000000000048
    ],
    "obj_class": "vehicle",
    "point_num_in_lidar": 129,
    "speed": 0.006058246583146512,
    "if_vehicle": true,
    "motion_state": false,
    "pose": [
      [
        -0.9998482328816145,
        -0.016985255174919257,
        -0.0038745722545307547,
        -35.26681665987053
      ],
      [
        0.01686386459810682,
        -0.999423583079835,
        0.029463734567782313,
        -1.3965702875411807
      ],
      [
        -0.004372787935564713,
        0.029393922679814093,
        0.9995583404860187,
        0.7769884032615622
      ],
      [
        0.0,
        0.0,
        0.0,
        1.0
      ]
    ],
    "location": [
      -35.26681665987053,
      -1.3965702875411807,
      0.7769884032615622
    ],
    "rotation": [
      0.029398438214545745,
      0.004372801871230907,
      3.124727828315965
    ]
  },
  {
    "label_id": "7WhMfgaFj6HkR53LFyZ3dA",
    "size": [
      2.2032936747022083,
      5.843094606045561,
      1.9500000000000028
    ],
    "obj_class": "vehicle",
    "point_num_in_lidar": 12388,
    "speed": 1.034565839472708e-12,
    "if_vehicle": true,
    "motion_state": false,
    "pose": [
      [
        -0.9989756869157648,
        0.045083973216880346,
        -0.0038745722545307547,
        7.643763335587209
      ],
      [
        -0.045178782122607085,
        -0.9985443234985802,
        0.029463734567782313,
        3.782125265455761
      ],
      [
        -0.0025405899106236115,
        0.029608602934659837,
        0.9995583404860187,
        0.9804667599668591
      ],
      [
        0.0,
        0.0,
        0.0,
        1.0
      ]
    ],
    "location": [
      7.643763335587209,
      3.782125265455761,
      0.9804667599668591
    ],
    "rotation": [
      0.029613026399605565,
      0.002540592643712259,
      -3.0963983421411125
    ]
  },
  {
    "label_id": "9s8YOLhpbgSWdr7GIkOUUQ",
    "size": [
      1.9175413712082292,
      4.427614966261043,
      1.4400000000000048
    ],
    "obj_class": "vehicle",
    "point_num_in_lidar": 311,
    "speed": 1.449228509952941e-12,
    "if_vehicle": true,
    "motion_state": false,
    "pose": [
      [
        -0.04823787317249539,
        -0.998828361272165,
        -0.0038745722545307547,
        -18.652471023929138
      ],
      [
        0.9983967006593657,
        -0.04833131963656909,
        0.029463734567782313,
        9.999034006292277
      ],
      [
        -0.029616476905384752,
        -0.0024470922641210736,
        0.9995583404860187,
        0.5761387631606212
      ],
      [
        0.0,
        0.0,
        0.0,
        1.0
      ]
    ],
    "location": [
      -18.652471023929138,
      9.999034006292277,
      0.5761387631606212
    ],
    "rotation": [
      -0.0024481686321806717,
      0.029620808226777953,
      1.6190741211645938
    ]
  },
  {
    "label_id": "DQe9EgHTvbMojU92WrDD-w",
    "size": [
      2.295094381364933,
      6.332258661657688,
      2.200000000000003
    ],
    "obj_class": "vehicle",
    "point_num_in_lidar": 95,
    "speed": 0.2164627283980797,
    "if_vehicle": true,
    "motion_state": false,
    "pose": [
      [
        -0.9734325769381587,
        0.22894105321104016,
        -0.0038745722545307547,
        -43.44998834621583
      ],
      [
        -0.22895450280098872,
        -0.9729911222577888,
        0.029463734567782313,
        0.6813680056329758
      ],
      [
        0.0029755340172738435,
        0.02956805983064083,
        0.9995583404860187,
        1.138375003570907
      ],
      [
        0.0,
        0.0,
        0.0,
        1.0
      ]
    ],
    "location": [
      -43.44998834621583,
      0.6813680056329758,
      1.138375003570907
    ],
    "rotation": [
      0.029572500891632717,
      -0.0029755384080898508,
      -2.910588091830082
    ]
  },
  {
    "label_id": "DRWDacxgi2UUnlkU8Pb7_A",
    "size": [
      2.115628600379043,
      4.90184441837974,
      1.720000000000006
    ],
    "obj_class": "vehicle",
    "point_num_in_lidar": 1784,
    "speed": 0.02285939890973577,
    "if_vehicle": true,
    "motion_state": false,
    "pose": [
      [
        0.7282294020759584,
        0.6853224975454524,
        -0.0038745722545307547,
        7.034973500170963
      ],
      [
        -0.6849469667719282,
        0.7279969375315081,
        0.029463734567782313,
        -10.315173161983694
      ],
      [
        0.023012836896551793,
        -0.018802481293941346,
        0.9995583404860187,
        0.9040874665205649
      ],
      [
        0.0,
        0.0,
        0.0,
        1.0
      ]
    ],
    "location": [
      7.034973500170963,
      -10.315173161983694,
      0.9040874665205649
    ],
    "rotation": [
      -0.018808571022700626,
      -0.023014868611366646,
      -0.7547799687907173
    ]
  },
  {
    "label_id": "Go_3rbTk6d2Upk1krZLsKw",
    "size": [
      2.102583894566865,
      4.719586221317513,
      1.8100000000000023
    ],
    "obj_class": "vehicle",
    "point_num_in_lidar": 144,
    "speed": 0.012656333992328224,
    "if_vehicle": true,
    "motion_state": false,
    "pose": [
      [
        -0.998147944142215,
        0.06070971334567604,
        -0.0038745722545307547,
        -36.70101614349642
      ],
      [
        -0.06079776097697449,
        -0.9977151500330673,
        0.029463734567782313,
        1.2008509503593814
      ],
      [
        -0.0020769845585399617,
        0.0296447314034028,
        0.9995583404860187,
        0.9446908213769944
      ],
      [
        0.0,
        0.0,
        0.0,
        1.0
      ]
    ],
    "location": [
      -36.70101614349642,
      1.2008509503593814,
      0.9446908213769944
    ],
    "rotation": [
      0.02964913910631361,
      0.0020769860518479763,
      -3.080757243646616
    ]
  },
  {
    "label_id": "HILMjKmKIoQMgeZ6T8zTSg",
    "size": [
      0.7527797330444932,
      0.1029191474772233,
      0.7700000000000031
    ],
    "obj_class": "sign",
    "point_num_in_lidar": 153,
    "speed": 0.011215754199969152,
    "if_vehicle": false,
    "motion_state": false,
    "pose": [
      [
        0.99055326455121,
        0.1370737676464217,
        -0.0038745722545307547,
        -12.305933581306817
      ],
      [
        -0.13690220199602252,
        0.9901462899157678,
        0.029463734567782313,
        4.2257659651804715
      ],
      [
        0.007875098448974233,
        -0.028654960988549145,
        0.9995583404860187,
        2.523081166391428
      ],
      [
        0.0,
        0.0,
        0.0,
        1.0
      ]
    ],
    "location": [
      -12.305933581306817,
      4.2257659651804715,
      2.523081166391428
    ],
    "rotation": [
      -0.028659772858321463,
      -0.007875179849806504,
      -0.13733777687902138
    ]
  },
  {
    "label_id": "ISEQHFwDwMdTSWtovFFxdA",
    "size": [
      2.0672801656256645,
      4.46258473180494,
      1.4600000000000009
    ],
    "obj_class": "vehicle",
    "point_num_in_lidar": 2064,
    "speed": 6.355287432313019e-13,
    "if_vehicle": true,
    "motion_state": false,
    "pose": [
      [
        0.6804574636585323,
        0.7327773385150783,
        -0.0038745722545307547,
        2.834508153366187
      ],
      [
        -0.7323870146585884,
        0.6802507986800163,
        0.029463734567782313,
        -9.84028315114847
      ],
      [
        0.024226037869982207,
        -0.0172111316873266,
        0.9995583404860187,
        0.7588481697162166
      ],
      [
        0.0,
        0.0,
        0.0,
        1.0
      ]
    ],
    "location": [
      2.834508153366187,
      -9.84028315114847,
      0.7588481697162166
    ],
    "rotation": [
      -0.017217035110394213,
      -0.024228408210004018,
      -0.8221369452872092
    ]
  },
  {
    "label_id": "NHPW81G5lMyXru_I2sGKqA",
    "size": [
      2.074204117123491,
      4.576080974769498,
      1.4400000000000048
    ],
    "obj_class": "vehicle",
    "point_num_in_lidar": 958,
    "speed": 2.2781733181718378e-12,
    "if_vehicle": true,
    "motion_state": false,
    "pose": [
      [
        0.6994644670578518,
        0.7146568736207045,
        -0.0038745722545307547,
        -0.4596637214972361
      ],
      [
        -0.7142721110658773,
        0.6992476240208574,
        0.029463734567782313,
        -10.377844018272299
      ],
      [
        0.02376574587447935,
        -0.017841336493266902,
        0.9995583404860187,
        0.7654162439115453
      ],
      [
        0.0,
        0.0,
        0.0,
        1.0
      ]
    ],
    "location": [
      -0.4596637214972361,
      -10.377844018272299,
      0.7654162439115453
    ],
    "rotation": [
      -0.017847324577974378,
      -0.023767983634455193,
      -0.795871898583557
    ]
  },
  {
    "label_id": "OXd0i5MfXfgVle65_zBBXw",
    "size": [
      2.038907532143842,
      4.734929776064892,
      1.470000000000006
    ],
    "obj_class": "vehicle",
    "point_num_in_lidar": 262,
    "speed": 5.123796534383003e-13,
    "if_vehicle": true,
    "motion_state": false,
    "pose": [
      [
        -0.6583249806392752,
        0.7527238587663754,
        -0.0038745722545307547,
        -29.42500382864364
      ],
      [
        -0.7524778615078312,
        -0.657958172140084,
        0.029463734567782313,
        10.16081341795325
      ],
      [
        0.019628749499113602,
        0.022312242333242912,
        0.9995583404860187,
        0.7245554768819673
      ],
      [
        0.0,
        0.0,
        0.0,
        1.0
      ]
    ],
    "location": [
      -29.42500382864364,
      10.16081341795325,
      0.7245554768819673
    ],
    "rotation": [
      0.022318394685708308,
      -0.019630010170674905,
      -2.2895562117585206
    ]
  },
  {
    "label_id": "RqRoUISiOVfgjg-WLH6oig",
    "size": [
      1.8839428583990823,
      4.431572760151295,
      1.5400000000000063
    ],
    "obj_class": "vehicle",
    "point_num_in_lidar": 223,
    "speed": 0.006578825795791233,
    "if_vehicle": true,
    "motion_state": false,
    "pose": [
      [
        0.0770962632515213,
        0.9970161251867978,
        -0.0038745722545307547,
        -27.1864630542932
      ],
      [
        -0.9965819432660198,
        0.07717719029248839,
        0.029463734567782313,
        -22.528919279939146
      ],
      [
        0.029674847072492544,
        0.0015897849101341695,
        0.9995583404860187,
        0.8850867998519618
      ],
      [
        0.0,
        0.0,
        0.0,
        1.0
      ]
    ],
    "location": [
      -27.1864630542932,
      -22.528919279939146,
      0.8850867998519618
    ],
    "rotation": [
      0.0015904860228869047,
      -0.02967920406056994,
      -1.4935894147402284
    ]
  },
  {
    "label_id": "TgdBnuHVxPOTzl8OMUYiRg",
    "size": [
      0.8323629950249466,
      0.11670498628292902,
      0.7900000000000063
    ],
    "obj_class": "sign",
    "point_num_in_lidar": 41,
    "speed": 0.0037496804010714677,
    "if_vehicle": false,
    "motion_state": false,
    "pose": [
      [
        0.11622507160305738,
        0.993215344434785,
        -0.0038745722545307547,
        -15.467197941992708
      ],
      [
        -0.9927783171437211,
        0.11628887029548582,
        0.029463734567782313,
        -18.299293723130177
      ],
      [
        0.029714402907432602,
        0.0004221666626708203,
        0.9995583404860187,
        2.87798026192921
      ],
      [
        0.0,
        0.0,
        0.0,
        1.0
      ]
    ],
    "location": [
      -15.467197941992708,
      -18.299293723130177,
      2.87798026192921
    ],
    "rotation": [
      0.0004223531738659783,
      -0.029718777346643542,
      -1.454256290416243
    ]
  },
  {
    "label_id": "XvVgKHrB7eBfiBwcpoWd3g",
    "size": [
      0.7460676117642356,
      0.8228660025952748,
      1.5900000000000034
    ],
    "obj_class": "pedestrian",
    "point_num_in_lidar": 61,
    "speed": 1.42933973857149,
    "if_vehicle": false,
    "motion_state": true,
    "pose": [
      [
        0.999870136129175,
        -0.015642843950810746,
        -0.0038745722545307547,
        -2.759747708064424
      ],
      [
        0.015750316131878675,
        0.9994417521231866,
        0.029463734567782313,
        -15.604266131977056
      ],
      [
        0.0034115126807441757,
        -0.029520934031047042,
        0.9995583404860187,
        0.8540949721973234
      ],
      [
        0.0,
        0.0,
        0.0,
        1.0
      ]
    ],
    "location": [
      -2.759747708064424,
      -15.604266131977056,
      0.8540949721973234
    ],
    "rotation": [
      -0.029525395422931356,
      -0.0034115192982143703,
      0.015751059074416696
    ]
  },
  {
    "label_id": "cvsSzEWkCO_fUj4Y4e3xgA",
    "size": [
      0.7530615077659853,
      0.8484543407193996,
      1.7100000000000009
    ],
    "obj_class": "pedestrian",
    "point_num_in_lidar": 72,
    "speed": 0.01770694763382782,
    "if_vehicle": false,
    "motion_state": false,
    "pose": [
      [
        0.14395192277034038,
        0.9895770973605675,
        -0.0038745722545307547,
        -7.069014378689644
      ],
      [
        -0.9891384570134102,
        0.14400347635543173,
        0.029463734567782313,
        -16.919619513271755
      ],
      [
        0.029714588805030966,
        -0.00040887282159368676,
        0.9995583404860187,
        0.9659097428831842
      ],
      [
        0.0,
        0.0,
        0.0,
        1.0
      ]
    ],
    "location": [
      -7.069014378689644,
      -16.919619513271755,
      0.9659097428831842
    ],
    "rotation": [
      -0.00040905346114168136,
      -0.029718963326365554,
      -1.4262782808638927
    ]
  },
  {
    "label_id": "h14DkRFx53Pkx5pEtWdarQ",
    "size": [
      0.8347280264472843,
      0.12141330286285525,
      0.7900000000000063
    ],
    "obj_class": "sign",
    "point_num_in_lidar": 42,
    "speed": 0.017148635925951013,
    "if_vehicle": false,
    "motion_state": false,
    "pose": [
      [
        -0.9973455497573348,
        0.07271067369433613,
        -0.0038745722545307547,
        -33.104136621799626
      ],
      [
        -0.07279350947038037,
        -0.9969117279500251,
        0.029463734567782313,
        -15.20316903992898
      ],
      [
        -0.0017202785313569279,
        0.02966756826251289,
        0.9995583404860187,
        2.596992011192114
      ],
      [
        0.0,
        0.0,
        0.0,
        1.0
      ]
    ],
    "location": [
      -33.104136621799626,
      -15.20316903992898,
      2.596992011192114
    ],
    "rotation": [
      0.029671965962321998,
      0.0017202793798447948,
      -3.068734594815099
    ]
  },
  {
    "label_id": "iMUAR45EX3cmZKOzXxFuBQ",
    "size": [
      2.197391755426741,
      4.821743567278267,
      1.8300000000000054
    ],
    "obj_class": "vehicle",
    "point_num_in_lidar": 943,
    "speed": 0.017324888782296252,
    "if_vehicle": true,
    "motion_state": false,
    "pose": [
      [
        0.9984907960154884,
        -0.054782460351837384,
        -0.0038745722545307547,
        -6.625563299402529
      ],
      [
        0.05487307600735733,
        0.9980585322889686,
        0.029463734567782313,
        -6.837704842519088
      ],
      [
        0.00225295402682793,
        -0.029631877479992883,
        0.9995583404860187,
        1.0134510027249917
      ],
      [
        0.0,
        0.0,
        0.0,
        1.0
      ]
    ],
    "location": [
      -6.625563299402529,
      -6.837704842519088,
      1.0134510027249917
    ],
    "rotation": [
      -0.029636290799640242,
      -0.002252955932756985,
      0.054900790497069744
    ]
  },
  {
    "label_id": "jMGHvd_g07NfKjTg9VxCWQ",
    "size": [
      0.8940892438957785,
      0.9789737546767773,
      1.7464521148686387
    ],
    "obj_class": "pedestrian",
    "point_num_in_lidar": 38,
    "speed": 1.4005836618375604,
    "if_vehicle": false,
    "motion_state": true,
    "pose": [
      [
        -0.9982117999115829,
        -0.05965056753395078,
        -0.0038745722545307547,
        -39.56073684521107
      ],
      [
        0.059511160464605244,
        -0.9977927190180711,
        0.029463734567782313,
        -17.45222479273616
      ],
      [
        -0.005623548473518118,
        0.029180467223852015,
        0.9995583404860187,
        0.9466649859884413
      ],
      [
        0.0,
        0.0,
        0.0,
        1.0
      ]
    ],
    "location": [
      -39.56073684521107,
      -17.45222479273616,
      0.9466649859884413
    ],
    "rotation": [
      0.029185071617888574,
      0.005623578114068193,
      3.0820453670935035
    ]
  },
  {
    "label_id": "k2lGwS9hat1VWw7Gs3kL-g",
    "size": [
      2.0645598613166882,
      4.688562644750567,
      1.6000000000000014
    ],
    "obj_class": "vehicle",
    "point_num_in_lidar": 4786,
    "speed": 0.01904701948809297,
    "if_vehicle": true,
    "motion_state": false,
    "pose": [
      [
        -0.996141632858095,
        0.08767459710003046,
        -0.0038745722545307547,
        1.87199941821018
      ],
      [
        -0.08775091102369441,
        -0.9957066164085839,
        0.029463734567782313,
        3.334208347419917
      ],
      [
        -0.001274716172296842,
        0.02969004990761037,
        0.9995583404860187,
        0.8235421571932093
      ],
      [
        0.0,
        0.0,
        0.0,
        1.0
      ]
    ],
    "location": [
      1.87199941821018,
      3.334208347419917,
      0.8235421571932093
    ],
    "rotation": [
      0.02969443772969713,
      0.0012747165175117595,
      -3.0537286620481443
    ]
  },
  {
    "label_id": "kj0_f_xDpwHjzq-hnWZI7Q",
    "size": [
      2.0565997429997207,
      4.515148634566527,
      1.4600000000000009
    ],
    "obj_class": "vehicle",
    "point_num_in_lidar": 2368,
    "speed": 7.105427357601002e-13,
    "if_vehicle": true,
    "motion_state": false,
    "pose": [
      [
        0.6400408999244772,
        0.7683310706418879,
        -0.0038745722545307547,
        10.327161204779259
      ],
      [
        -0.7679301916559353,
        0.639855537671276,
        0.029463734567782313,
        -9.809972486596962
      ],
      [
        0.025117069238741567,
        -0.015882594173892744,
        0.9995583404860187,
        0.7296815702857415
      ],
      [
        0.0,
        0.0,
        0.0,
        1.0
      ]
    ],
    "location": [
      10.327161204779259,
      -9.809972486596962,
      0.7296815702857415
    ],
    "rotation": [
      -0.015888274906219052,
      -0.02511971091114154,
      -0.8759819161738228
    ]
  },
  {
    "label_id": "l4IU7hYAbEicJJhcNV-PYQ",
    "size": [
      1.77973353111466,
      3.629981180814881,
      1.4200000000000017
    ],
    "obj_class": "vehicle",
    "point_num_in_lidar": 227,
    "speed": 6.355287432313019e-13,
    "if_vehicle": true,
    "motion_state": false,
    "pose": [
      [
        0.7087711844215345,
        0.7054278104976722,
        -0.0038745722545307547,
        -7.661596939419724
      ],
      [
        -0.7050459230910061,
        0.7085493170401552,
        0.029463734567782313,
        -10.27648014172155
      ],
      [
        0.023529863290005754,
        -0.018151294675310337,
        0.9995583404860187,
        0.6695626849749203
      ],
      [
        0.0,
        0.0,
        0.0,
        1.0
      ]
    ],
    "location": [
      -7.661596939419724,
      -10.27648014172155,
      0.6695626849749203
    ],
    "rotation": [
      -0.018157319228110147,
      -0.023532035066786434,
      -0.782763273290607
    ]
  },
  {
    "label_id": "lbLwsu8SH-0HdB69pypZYw",
    "size": [
      2.3173562574813906,
      5.409726554449852,
      1.8200000000000074
    ],
    "obj_class": "vehicle",
    "point_num_in_lidar": 86,
    "speed": 2.8421709430404007e-13,
    "if_vehicle": true,
    "motion_state": false,
    "pose": [
      [
        -0.7345864092037624,
        0.6785040862831755,
        -0.0038745722545307547,
        -29.727344026919127
      ],
      [
        -0.6782984612456339,
        -0.7341955365004098,
        0.029463734567782313,
        13.392562304557941
      ],
      [
        0.01714657064627834,
        0.024271775376113212,
        0.9995583404860187,
        0.9197314807148871
      ],
      [
        0.0,
        0.0,
        0.0,
        1.0
      ]
    ],
    "location": [
      -29.727344026919127,
      13.392562304557941,
      0.9197314807148871
    ],
    "rotation": [
      0.024277729018173638,
      -0.01714741095337919,
      -2.3960124529785616
    ]
  },
  {
    "label_id": "oGhYcNPyTUhm8059vJgk7Q",
    "size": [
      1.9637128907552421,
      4.522243896407982,
      1.5799999999999983
    ],
    "obj_class": "vehicle",
    "point_num_in_lidar": 468,
    "speed": 2.224049037083737,
    "if_vehicle": true,
    "motion_state": true,
    "pose": [
      [
        -0.5355944953627112,
        -0.8444664139129556,
        -0.0038745722545307547,
        -24.18363293129096
      ],
      [
        0.8440449752226193,
        -0.5354623872381395,
        0.029463734567782313,
        -7.197536982817837
      ],
      [
        -0.02695582197987601,
        0.012510300804758576,
        0.9995583404860187,
        0.9183750035708513
      ],
      [
        0.0,
        0.0,
        0.0,
        1.0
      ]
    ],
    "location": [
      -24.18363293129096,
      -7.197536982817837,
      0.9183750035708513
    ],
    "rotation": [
      0.012515175082915043,
      0.026959087471175647,
      2.136238463544266
    ]
  },
  {
    "label_id": "pMXk7LpwD_NwMqmzuEArMQ",
    "size": [
      1.9068103567102448,
      4.170273321995732,
      2.020000000000003
    ],
    "obj_class": "vehicle",
    "point_num_in_lidar": 100,
    "speed": 0.020441153289514097,
    "if_vehicle": true,
    "motion_state": false,
    "pose": [
      [
        0.0499443906921428,
        0.9987444846046636,
        -0.0038745722545307547,
        -26.59684568245575
      ],
      [
        -0.9983126649602602,
        0.050037099488906986,
        0.029463734567782313,
        -29.58925484795509
      ],
      [
        0.029620614752805266,
        0.002396486282498768,
        0.9995583404860187,
        1.3608444922975238
      ],
      [
        0.0,
        0.0,
        0.0,
        1.0
      ]
    ],
    "location": [
      -26.59684568245575,
      -29.58925484795509,
      1.3608444922975238
    ],
    "rotation": [
      0.0023975405872793606,
      -0.029624947890373902,
      -1.520809196900193
    ]
  },
  {
    "label_id": "pgI18KkKJl2QaGwb8uesjQ",
    "size": [
      2.139080650142915,
      4.556199328982984,
      1.730000000000004
    ],
    "obj_class": "vehicle",
    "point_num_in_lidar": 99,
    "speed": 2.7867398633113942,
    "if_vehicle": true,
    "motion_state": true,
    "pose": [
      [
        0.9987009212913965,
        -0.05080804563807042,
        -0.0038745722545307547,
        -39.355460796662555
      ],
      [
        0.0509003809801001,
        0.9982690216376545,
        0.029463734567782313,
        -5.808879911426629
      ],
      [
        0.002370870683206941,
        -0.029622676061419898,
        0.9995583404860187,
        0.89837500357077
      ],
      [
        0.0,
        0.0,
        0.0,
        1.0
      ]
    ],
    "location": [
      -39.355460796662555,
      -5.808879911426629,
      0.89837500357077
    ],
    "rotation": [
      -0.02962709339576965,
      -0.0023708729043342277,
      0.050922529085711536
    ]
  },
  {
    "label_id": "qOk43BSYT2QZ29ws6A_thw",
    "size": [
      1.1151197425467607,
      1.3341153754663537,
      1.8800000000000026
    ],
    "obj_class": "pedestrian",
    "point_num_in_lidar": 59,
    "speed": 1.6904885168164754,
    "if_vehicle": false,
    "motion_state": true,
    "pose": [
      [
        0.9810545266823081,
        -0.1936930648371205,
        -0.0038745722545307547,
        -22.87293385861176
      ],
      [
        0.1937224232385466,
        0.9806138440180746,
        0.029463734567782313,
        -17.16787641720657
      ],
      [
        -0.0019074618575399868,
        -0.029656121696849367,
        0.9995583404860187,
        1.1188054006794772
      ],
      [
        0.0,
        0.0,
        0.0,
        1.0
      ]
    ],
    "location": [
      -22.87293385861176,
      -17.16787641720657,
      1.1188054006794772
    ],
    "rotation": [
      -0.029660524414398506,
      0.0019074630142301649,
      0.19495539553208371
    ]
  },
  {
    "label_id": "t8XzvTv7TV6G03bn5R6WcA",
    "size": [
      0.7511716528408467,
      1.15743233501867,
      1.6400000000000006
    ],
    "obj_class": "pedestrian",
    "point_num_in_lidar": 164,
    "speed": 1.412620461389991,
    "if_vehicle": false,
    "motion_state": true,
    "pose": [
      [
        -0.9999887369352761,
        -0.0027411115328341653,
        -0.0038745722545307547,
        -1.8496176178468886
      ],
      [
        0.0026257822312172312,
        -0.9995624010600807,
        0.029463734567782313,
        7.099256587953278
      ],
      [
        -0.003953640128443643,
        0.02945322893285335,
        0.9995583404860187,
        0.9179871905298569
      ],
      [
        0.0,
        0.0,
        0.0,
        1.0
      ]
    ],
    "location": [
      -1.8496176178468886,
      7.099256587953278,
      0.9179871905298569
    ],
    "rotation": [
      0.02945771930453328,
      0.003953650428585659,
      3.138966847818755
    ]
  },
  {
    "label_id": "utUGhFL-R1s-OBA6Xo3RDQ",
    "size": [
      2.1325482430775815,
      4.870659034134611,
      1.490000000000002
    ],
    "obj_class": "vehicle",
    "point_num_in_lidar": 1246,
    "speed": 8.038873388460929e-13,
    "if_vehicle": true,
    "motion_state": false,
    "pose": [
      [
        -0.9963902396362014,
        0.08480258278824704,
        -0.0038745722545307547,
        -4.112056127808501
      ],
      [
        -0.08488015044840073,
        -0.9959554449899736,
        0.029463734567782313,
        3.237235064392735
      ],
      [
        -0.0013603005439716872,
        0.029686251822457817,
        0.9995583404860187,
        0.6304191719779197
      ],
      [
        0.0,
        0.0,
        0.0,
        1.0
      ]
    ],
    "location": [
      -4.112056127808501,
      3.237235064392735,
      0.6304191719779197
    ],
    "rotation": [
      0.029690641315408137,
      0.0013603009634927078,
      -3.056610170641071
    ]
  },
  {
    "label_id": "v44dcr8KRiDCUB5WxhWz-A",
    "size": [
      1.9555931691389536,
      4.405898393964798,
      1.5100000000000051
    ],
    "obj_class": "vehicle",
    "point_num_in_lidar": 1949,
    "speed": 0.015205687595550384,
    "if_vehicle": true,
    "motion_state": false,
    "pose": [
      [
        0.6847155802568925,
        0.7288000835917291,
        -0.0038745722545307547,
        13.270827506988098
      ],
      [
        -0.7284109705342063,
        0.6845066444898361,
        0.029463734567782313,
        -8.961574875807855
      ],
      [
        0.024125342668706532,
        -0.01735199717478647,
        0.9995583404860187,
        0.758207587266817
      ],
      [
        0.0,
        0.0,
        0.0,
        1.0
      ]
    ],
    "location": [
      13.270827506988098,
      -8.961574875807855,
      0.758207587266817
    ],
    "rotation": [
      -0.017357920726665525,
      -0.024127683569420355,
      -0.8163093881061769
    ]
  },
  {
    "label_id": "wAkzx5aXp8ha5mzB6NAV1g",
    "size": [
      2.319244151233407,
      4.606269919017848,
      1.9500000000000028
    ],
    "obj_class": "vehicle",
    "point_num_in_lidar": 1266,
    "speed": 0.04051063047864359,
    "if_vehicle": true,
    "motion_state": false,
    "pose": [
      [
        0.6808981797958734,
        0.7323678423036548,
        -0.0038745722545307547,
        -4.080507373541877
      ],
      [
        -0.7319776428475702,
        0.6806912800356961,
        0.029463734567782313,
        -10.447394358094243
      ],
      [
        0.02421567925914167,
        -0.01722570297127771,
        0.9995583404860187,
        0.9605787937667003
      ],
      [
        0.0,
        0.0,
        0.0,
        1.0
      ]
    ],
    "location": [
      -4.080507373541877,
      -10.447394358094243,
      0.9605787937667003
    ],
    "rotation": [
      -0.01723160850828376,
      -0.024218046559386433,
      -0.8215352573903534
    ]
  }
]