[
  {
    "label_id": "-37Tr49YQag_EecI_gdFqA",
    "size": [
      2.061484407524054,
      4.778170597256613,
      1.470000000000006
    ],
    "obj_class": "vehicle",
    "point_num_in_lidar": 102,
    "speed": 3.1776437161565096e-13,
    "if_vehicle": true,
    "motion_state": false,
    "pose": [
      [
        0.6660273930687555,
        0.7458882389941045,
        -0.0076319468231304316,
        -38.09545921678182
      ],
      [
        -0.7453346539984499,
        0.6658711749379523,
        0.033042880258261055,
        -12.74363263278974
      ],
      [
        0.02972818916530923,
        -0.016319108953140163,
        0.9994247952957376,
        0.6283750035707527
      ],
      [
        0.0,
        0.0,
        0.0,
        1.0
      ]
    ],
    "location": [
      -38.09545921678182,
      -12.74363263278974,
      0.6283750035707527
    ],
    "rotation": [
      -0.016327050247875313,
      -0.029732569697640307,
      -0.841531135724288
    ]
  },
  {
    "label_id": "5TfIhDaGwG7wy8E9HfiYNA",
    "size": [
      2.0753455018059848,
      4.400591282594326,
      1.4400000000000048
    ],
    "obj_class": "vehicle",
    "point_num_in_lidar": 187,
    "speed": 0.006058246585376473,
    "if_vehicle": true,
    "motion_state": false,
    "pose": [
      [
        -0.9998266184529205,
        -0.016984888009257616,
        -0.0076319468231304316,
        -35.25167092656102
      ],
      [
        0.01672395455407591,
        -0.999314003408494,
        0.033042880258261055,
        -1.396827580738318
      ],
      [
        -0.008187940954313081,
        0.03290951490073275,
        0.9994247952957376,
        0.7660378202543683
      ],
      [
        0.0,
        0.0,
        0.0,
        1.0
      ]
    ],
    "location": [
      -35.25167092656102,
      -1.396827580738318,
      0.7660378202543683
    ],
    "rotation": [
      0.03291656198301514,
      0.008188032446910838,
      3.1248673586351665
    ]
  },
  {
    "label_id": "6HLGrqQfQYMsQDDAwvTpnQ",
    "size": [
      2.1261302656461307,
      4.611272155748338,
      1.6300000000000026
    ],
    "obj_class": "vehicle",
    "point_num_in_lidar": 216,
    "speed": 8.987733679556354e-13,
    "if_vehicle": true,
    "motion_state": false,
    "pose": [
      [
        -0.7491832197972093,
        0.6623188481101648,
        -0.0076319468231304316,
        -30.089948332830318
      ],
      [
        -0.6621653782349819,
        -0.7486288666162705,
        0.033042880258261055,
        20.67335119054951
      ],
      [
        0.01617142669061778,
        0.029808782378065085,
        0.9994247952957376,
        0.6863380560928931
      ],
      [
        0.0,
        0.0,
        0.0,
        1.0
      ]
    ],
    "location": [
      -30.089948332830318,
      20.67335119054951,
      0.6863380560928931
    ],
    "rotation": [
      0.029817098864056236,
      -0.0161721316187977,
      -2.4177723513691136
    ]
  },
  {
    "label_id": "9CUNhZDZ4nxh6om0TTTJvA",
    "size": [
      1.790944775673284,
      4.163788843312304,
      1.7600000000000051
    ],
    "obj_class": "vehicle",
    "point_num_in_lidar": 40,
    "speed": 6.355287432313019e-13,
    "if_vehicle": true,
    "motion_state": false,
    "pose": [
      [
        0.9987155387994812,
        -0.050090178160502354,
        -0.0076319468231304316,
        -31.525463333778134
      ],
      [
        0.05031615438758013,
        0.9981865820936903,
        0.033042880258261055,
        -39.2057792502801
      ],
      [
        0.00596298315502892,
        -0.033384448175246356,
        0.9994247952957376,
        1.7983054415097826
      ],
      [
        0.0,
        0.0,
        0.0,
        1.0
      ]
    ],
    "location": [
      -31.525463333778134,
      -39.2057792502801,
      1.7983054415097826
    ],
    "rotation": [
      -0.03339124644276418,
      -0.00596301849339344,
      0.05033830535084967
    ]
  },
  {
    "label_id": "9s8YOLhpbgSWdr7GIkOUUQ",
    "size": [
      1.9175413712082312,
      4.427614966261043,
      1.4400000000000048
    ],
    "obj_class": "vehicle",
    "point_num_in_lidar": 811,
    "speed": 1.449228509952941e-12,
    "if_vehicle": true,
    "motion_state": false,
    "pose": [
      [
        -0.04823683038017862,
        -0.9988067688910418,
        -0.0076319468231304316,
        -18.652471023929138
      ],
      [
        0.998278232427627,
        -0.048463787774080065,
        0.033042880258261055,
        9.999034006290458
      ],
      [
        -0.03337332551674657,
        -0.006024922574285998,
        0.9994247952957376,
        0.5761387631606709
      ],
      [
        0.0,
        0.0,
        0.0,
        1.0
      ]
    ],
    "location": [
      -18.652471023929138,
      9.999034006290458,
      0.5761387631606709
    ],
    "rotation": [
      -0.0060283171073533285,
      0.03337952370783851,
      1.619078799356696
    ]
  },
  {
    "label_id": "9yvoP8LddkU2qWg-ZQW66A",
    "size": [
      0.35880279056130887,
      0.07909095543237712,
      0.6700000000000017
    ],
    "obj_class": "sign",
    "point_num_in_lidar": 22,
    "speed": 0.0024326467295909325,
    "if_vehicle": false,
    "motion_state": false,
    "pose": [
      [
        0.9999707396360491,
        -0.0005227422136730909,
        -0.0076319468231304316,
        -40.48809199610423
      ],
      [
        0.0007746607773501406,
        0.9994536347249523,
        0.033042880258261055,
        2.6244851175233634
      ],
      [
        0.0076105040840329236,
        -0.03304782558141741,
        0.9994247952957376,
        2.791036125365764
      ],
      [
        0.0,
        0.0,
        0.0,
        1.0
      ]
    ],
    "location": [
      -40.48809199610423,
      2.6244851175233634,
      2.791036125365764
    ],
    "rotation": [
      -0.033054801744556196,
      -0.007610577552391895,
      0.0007746832898983349
    ]
  },
  {
    "label_id": "DQe9EgHTvbMojU92WrDD-w",
    "size": [
      2.2950943813673996,
      6.332258661657688,
      2.200000000000003
    ],
    "obj_class": "vehicle",
    "point_num_in_lidar": 165,
    "speed": 0.039385725074746206,
    "if_vehicle": true,
    "motion_state": false,
    "pose": [
      [
        -0.9699209767287392,
        0.2433003335165361,
        -0.0076319468231304316,
        -43.26759109335944
      ],
      [
        -0.24341916049327533,
        -0.9693581796059635,
        0.033042880258261055,
        0.699632363699493
      ],
      [
        0.0006412537078626495,
        0.03390674478263906,
        0.9994247952957376,
        1.1383750035708928
      ],
      [
        0.0,
        0.0,
        0.0,
        1.0
      ]
    ],
    "location": [
      -43.26759109335944,
      0.699632363699493,
      1.1383750035708928
    ],
    "rotation": [
      0.033913252034324624,
      -0.000641253751810587,
      -2.895703107532219
    ]
  },
  {
    "label_id": "DRWDacxgi2UUnlkU8Pb7_A",
    "size": [
      2.1156286003790448,
      4.90184441837974,
      1.720000000000006
    ],
    "obj_class": "vehicle",
    "point_num_in_lidar": 1109,
    "speed": 0.0063710723756145605,
    "if_vehicle": true,
    "motion_state": false,
    "pose": [
      [
        0.7282136594244637,
        0.6853076824429449,
        -0.0076319468231304316,
        6.992346901985002
      ],
      [
        -0.6847697337407347,
        0.7280100135416282,
        0.033042880258261055,
        -10.277095397310404
      ],
      [
        0.02820067340108479,
        -0.018836150556794176,
        0.9994247952957376,
        0.8978050986938868
      ],
      [
        0.0,
        0.0,
        0.0,
        1.0
      ]
    ],
    "location": [
      6.992346901985002,
      -10.277095397310404,
      0.8978050986938868
    ],
    "rotation": [
      -0.01884476036953818,
      -0.028204412635182294,
      -0.7546616069595128
    ]
  },
  {
    "label_id": "Go_3rbTk6d2Upk1krZLsKw",
    "size": [
      2.1025838945668656,
      4.719586221317513,
      1.8100000000000023
    ],
    "obj_class": "vehicle",
    "point_num_in_lidar": 235,
    "speed": 0.012656333992538618,
    "if_vehicle": true,
    "motion_state": false,
    "pose": [
      [
        -0.9981263664701512,
        0.060708400940747455,
        -0.0076319468231304316,
        -36.66948600593514
      ],
      [
        -0.06092873908487289,
        -0.9975950364841266,
        0.033042880258261055,
        1.2035522892838344
      ],
      [
        -0.005607611846510095,
        0.033445974906582535,
        0.9994247952957376,
        0.9315311262440531
      ],
      [
        0.0,
        0.0,
        0.0,
        1.0
      ]
    ],
    "location": [
      -36.66948600593514,
      1.2035522892838344,
      0.9315311262440531
    ],
    "rotation": [
      0.03345273984377909,
      0.005607641235775359,
      -3.0806251938819496
    ]
  },
  {
    "label_id": "HILMjKmKIoQMgeZ6T8zTSg",
    "size": [
      0.7527797330444933,
      0.1029191474772233,
      0.7700000000000031
    ],
    "obj_class": "sign",
    "point_num_in_lidar": 261,
    "speed": 0.01937375228766651,
    "if_vehicle": false,
    "motion_state": false,
    "pose": [
      [
        0.9905318510587202,
        0.1370708044255755,
        -0.0076319468231304316,
        -12.260099406449626
      ],
      [
        -0.13675013207301484,
        0.9900543265105463,
        0.033042880258261055,
        4.241444959105138
      ],
      [
        0.012085256149476512,
        -0.03168635561048965,
        0.9994247952957376,
        2.4986453378279663
      ],
      [
        0.0,
        0.0,
        0.0,
        1.0
      ]
    ],
    "location": [
      -12.260099406449626,
      4.241444959105138,
      2.4986453378279663
    ],
    "rotation": [
      -0.0316939756902601,
      -0.012085550350970744,
      -0.137190059706153
    ]
  },
  {
    "label_id": "ISEQHFwDwMdTSWtovFFxdA",
    "size": [
      2.067280165625663,
      4.46258473180494,
      1.4600000000000009
    ],
    "obj_class": "vehicle",
    "point_num_in_lidar": 2046,
    "speed": 6.355287432313019e-13,
    "if_vehicle": true,
    "motion_state": false,
    "pose": [
      [
        0.6804427537269123,
        0.7327614975476165,
        -0.0076319468231304316,
        2.8345081533670964
      ],
      [
        -0.7322110634233552,
        0.6802757725104414,
        0.033042880258261055,
        -9.840283151150288
      ],
      [
        0.029404378942193603,
        -0.016895592534644947,
        0.9994247952957376,
        0.7434685790128981
      ],
      [
        0.0,
        0.0,
        0.0,
        1.0
      ]
    ],
    "location": [
      2.8345081533670964,
      -9.840283151150288,
      0.7434685790128981
    ],
    "rotation": [
      -0.01690370637307587,
      -0.02940861784843856,
      -0.822027912185815
    ]
  },
  {
    "label_id": "Ko333JMTQxrLsIbw6vT5jw",
    "size": [
      2.0027678097125583,
      4.87247641867594,
      1.6600000000000037
    ],
    "obj_class": "vehicle",
    "point_num_in_lidar": 174,
    "speed": 8.987733679556354e-13,
    "if_vehicle": true,
    "motion_state": false,
    "pose": [
      [
        0.6317560253286459,
        -0.775129716788513,
        -0.0076319468231304316,
        -16.49768922657313
      ],
      [
        0.7748883103332681,
        0.631233930150377,
        0.033042880258261055,
        -22.47861869105145
      ],
      [
        -0.020794974628599326,
        -0.026788945075698276,
        0.9994247952957376,
        1.0059500586821244
      ],
      [
        0.0,
        0.0,
        0.0,
        1.0
      ]
    ],
    "location": [
      -16.49768922657313,
      -22.47861869105145,
      1.0059500586821244
    ],
    "rotation": [
      -0.026797946425744106,
      0.020796473652159496,
      0.8868035665273408
    ]
  },
  {
    "label_id": "Kv6PR2TsyeCAv99_HjOO4w",
    "size": [
      2.05038114928873,
      4.811895084353816,
      1.4500000000000028
    ],
    "obj_class": "vehicle",
    "point_num_in_lidar": 98,
    "speed": 7.105427357601002e-13,
    "if_vehicle": true,
    "motion_state": false,
    "pose": [
      [
        -0.7491832197973848,
        0.6623188481099661,
        -0.0076319468231304316,
        -30.42423540184791
      ],
      [
        -0.6621653782347833,
        -0.748628866616446,
        0.033042880258261055,
        16.41323353707412
      ],
      [
        0.016171426690609877,
        0.02980878237806937,
        0.9994247952957376,
        0.5763380560930287
      ],
      [
        0.0,
        0.0,
        0.0,
        1.0
      ]
    ],
    "location": [
      -30.42423540184791,
      16.41323353707412,
      0.5763380560930287
    ],
    "rotation": [
      0.02981709886406052,
      -0.016172131618789793,
      -2.4177723513693787
    ]
  },
  {
    "label_id": "NHPW81G5lMyXru_I2sGKqA",
    "size": [
      2.0742041171234935,
      4.576080974769498,
      1.4400000000000048
    ],
    "obj_class": "vehicle",
    "point_num_in_lidar": 2055,
    "speed": 2.2781733181718378e-12,
    "if_vehicle": true,
    "motion_state": false,
    "pose": [
      [
        0.6994493462383601,
        0.7146414243761829,
        -0.0076319468231304316,
        -0.4596637214972361
      ],
      [
        -0.7140955647257171,
        0.6992679690242485,
        0.033042880258261055,
        -10.377844018275937
      ],
      [
        0.028950586967966815,
        -0.017661881617853138,
        0.9994247952957376,
        0.7537866041630963
      ],
      [
        0.0,
        0.0,
        0.0,
        1.0
      ]
    ],
    "location": [
      -0.4596637214972361,
      -10.377844018275937,
      0.7537866041630963
    ],
    "rotation": [
      -0.017670207339546426,
      -0.028954632584540268,
      -0.7957591319673906
    ]
  },
  {
    "label_id": "OXd0i5MfXfgVle65_zBBXw",
    "size": [
      2.038907532143844,
      4.734929776064892,
      1.470000000000006
    ],
    "obj_class": "vehicle",
    "point_num_in_lidar": 542,
    "speed": 5.123796534383003e-13,
    "if_vehicle": true,
    "motion_state": false,
    "pose": [
      [
        -0.6583107491612377,
        0.7527075866008386,
        -0.0076319468231304316,
        -29.42500382864364
      ],
      [
        -0.7524844691227255,
        -0.6577805802798744,
        0.033042880258261055,
        10.160813417951431
      ],
      [
        0.019851480243552294,
        0.027495404710837074,
        0.9994247952957376,
        0.7245554768820526
      ],
      [
        0.0,
        0.0,
        0.0,
        1.0
      ]
    ],
    "location": [
      -29.42500382864364,
      10.160813417951431,
      0.7245554768820526
    ],
    "rotation": [
      0.027504291662309437,
      -0.019852784324243946,
      -2.289541147057932
    ]
  },
  {
    "label_id": "QfXrH-AG6fWpRUmyN1WzLw",
    "size": [
      0.44566292092262105,
      0.0696207456306018,
      0.15000000000000568
    ],
    "obj_class": "sign",
    "point_num_in_lidar": 30,
    "speed": 0.008782789642740712,
    "if_vehicle": false,
    "motion_state": false,
    "pose": [
      [
        0.9905318510579325,
        0.13707080443126762,
        -0.0076319468231304316,
        -12.207919786284947
      ],
      [
        -0.1367501320787042,
        0.9900543265097604,
        0.033042880258261055,
        4.234587615437704
      ],
      [
        0.012085256149658599,
        -0.0316863556104202,
        0.9994247952957376,
        2.0182029088267015
      ],
      [
        0.0,
        0.0,
        0.0,
        1.0
      ]
    ],
    "location": [
      -12.207919786284947,
      4.234587615437704,
      2.0182029088267015
    ],
    "rotation": [
      -0.031693975690190675,
      -0.012085550351152843,
      -0.13719005971189704
    ]
  },
  {
    "label_id": "RqRoUISiOVfgjg-WLH6oig",
    "size": [
      1.883942858399074,
      4.431572760151295,
      1.5400000000000063
    ],
    "obj_class": "vehicle",
    "point_num_in_lidar": 127,
    "speed": 0.006578825794127994,
    "if_vehicle": true,
    "motion_state": false,
    "pose": [
      [
        0.07709459660691872,
        0.9969945719820673,
        -0.0076319468231304316,
        -27.18828815327197
      ],
      [
        -0.9964596945842524,
        0.07730617784690086,
        0.033042880258261055,
        -22.512571277511597
      ],
      [
        0.033533568898566686,
        0.00505749987621845,
        0.9994247952957376,
        0.8686372354284089
      ],
      [
        0.0,
        0.0,
        0.0,
        1.0
      ]
    ],
    "location": [
      -27.18828815327197,
      -22.512571277511597,
      0.8686372354284089
    ],
    "rotation": [
      0.0050603674536388865,
      -0.03353985683200178,
      -1.49358164297997
    ]
  },
  {
    "label_id": "SwUfSWt1LE_xpCIjLv06Pg",
    "size": [
      0.8137902785163588,
      0.1125742801911172,
      0.7600000000000051
    ],
    "obj_class": "sign",
    "point_num_in_lidar": 23,
    "speed": 0.006564646725558884,
    "if_vehicle": false,
    "motion_state": false,
    "pose": [
      [
        -0.10674058855504358,
        -0.9942576125645767,
        -0.0076319468231304316,
        -30.634941970238287
      ],
      [
        0.9937166735361436,
        -0.10693615291612021,
        0.033042880258261055,
        6.661571434711732
      ],
      [
        -0.03366926627036179,
        -0.004056976323365295,
        0.9994247952957376,
        2.6768202149437386
      ],
      [
        0.0,
        0.0,
        0.0,
        1.0
      ]
    ],
    "location": [
      -30.634941970238287,
      6.661571434711732,
      2.6768202149437386
    ],
    "rotation": [
      -0.004059288962063255,
      0.033675630873746955,
      1.6778015553333359
    ]
  },
  {
    "label_id": "TgdBnuHVxPOTzl8OMUYiRg",
    "size": [
      0.8323629950249515,
      0.11670498628292902,
      0.7900000000000063
    ],
    "obj_class": "sign",
    "point_num_in_lidar": 90,
    "speed": 0.003749680399065978,
    "if_vehicle": false,
    "motion_state": false,
    "pose": [
      [
        0.11622255908323771,
        0.9931938733942294,
        -0.0076319468231304316,
        -15.463717297479889
      ],
      [
        -0.9926510929895157,
        0.11641295310642255,
        0.033042880258261055,
        -18.307999323295007
      ],
      [
        0.0337064436994358,
        0.003735532252522191,
        0.9994247952957376,
        2.8845373719322467
      ],
      [
        0.0,
        0.0,
        0.0,
        1.0
      ]
    ],
    "location": [
      -15.463717297479889,
      -18.307999323295007,
      2.8845373719322467
    ],
    "rotation": [
      0.003737664779569792,
      -0.033712829416599595,
      -1.4542439857329013
    ]
  },
  {
    "label_id": "XvVgKHrB7eBfiBwcpoWd3g",
    "size": [
      0.7460676117630706,
      0.8228660025952748,
      1.5900000000000034
    ],
    "obj_class": "pedestrian",
    "point_num_in_lidar": 69,
    "speed": 1.4021356427723954,
    "if_vehicle": false,
    "motion_state": true,
    "pose": [
      [
        0.9964508192570198,
        -0.08383029398554617,
        -0.0076319468231304316,
        0.7813404381258806
      ],
      [
        0.08403825581706466,
        0.9959145242557034,
        0.033042880258261055,
        -15.38952977603185
      ],
      [
        0.004830772323323545,
        -0.0335669806034603,
        0.9994247952957376,
        0.8540949721973092
      ],
      [
        0.0,
        0.0,
        0.0,
        1.0
      ]
    ],
    "location": [
      0.7813404381258806,
      -15.38952977603185,
      0.8540949721973092
    ],
    "rotation": [
      -0.033573679250538016,
      -0.004830791112295523,
      0.08413847461874964
    ]
  },
  {
    "label_id": "bjU_LRF_XLFwrTt9DcYXOQ",
    "size": [
      0.30174441108246025,
      0.07692972936776284,
      0.6400000000000006
    ],
    "obj_class": "sign",
    "point_num_in_lidar": 81,
    "speed": 0.026848144566630185,
    "if_vehicle": false,
    "motion_state": false,
    "pose": [
      [
        -0.6086078567059934,
        -0.7934344523295079,
        -0.0076319468231304316,
        -4.761970553776337
      ],
      [
        0.7928707674909435,
        -0.608493314772283,
        0.033042880258261055,
        -13.488472280514543
      ],
      [
        -0.030861348221675296,
        0.014059008998267543,
        0.9994247952957376,
        2.7332911039870424
      ],
      [
        0.0,
        0.0,
        0.0,
        1.0
      ]
    ],
    "location": [
      -4.761970553776337,
      -13.488472280514543,
      2.7332911039870424
    ],
    "rotation": [
      0.014066172689287358,
      0.030866249164482204,
      2.2254668128375346
    ]
  },
  {
    "label_id": "cvsSzEWkCO_fUj4Y4e3xgA",
    "size": [
      0.7530615077675402,
      0.8484543407193996,
      1.7100000000000009
    ],
    "obj_class": "pedestrian",
    "point_num_in_lidar": 29,
    "speed": 0.029921521331416144,
    "if_vehicle": false,
    "motion_state": false,
    "pose": [
      [
        0.18744701062573563,
        0.982245066974207,
        -0.0076319468231304316,
        -7.037445098977514
      ],
      [
        -0.9816899844376281,
        0.18759782120026788,
        0.033042880258261055,
        -16.85179112132755
      ],
      [
        0.0338879427278319,
        0.0012984166311525494,
        0.9994247952957376,
        0.9337606632464244
      ],
      [
        0.0,
        0.0,
        0.0,
        1.0
      ]
    ],
    "location": [
      -7.037445098977514,
      -16.85179112132755,
      0.9337606632464244
    ],
    "rotation": [
      0.001299163185428321,
      -0.033894432192790834,
      -1.3821242172496166
    ]
  },
  {
    "label_id": "h14DkRFx53Pkx5pEtWdarQ",
    "size": [
      0.8347280264472835,
      0.12141330286285525,
      0.7900000000000063
    ],
    "obj_class": "sign",
    "point_num_in_lidar": 63,
    "speed": 0.0028646920664886734,
    "if_vehicle": false,
    "motion_state": false,
    "pose": [
      [
        -0.9973239894312007,
        0.07270910185611762,
        -0.0076319468231304316,
        -33.079397078912734
      ],
      [
        -0.07292303342298508,
        -0.9967900477335377,
        0.033042880258261055,
        -15.198612973850686
      ],
      [
        -0.005204930491810603,
        0.03351100187473196,
        0.9994247952957376,
        2.5640007171114547
      ],
      [
        0.0,
        0.0,
        0.0,
        1.0
      ]
    ],
    "location": [
      -33.079397078912734,
      -15.198612973850686,
      2.5640007171114547
    ],
    "rotation": [
      0.03351773131034656,
      0.005204953993487256,
      -3.06860384326061
    ]
  },
  {
    "label_id": "iMUAR45EX3cmZKOzXxFuBQ",
    "size": [
      2.197391755426741,
      4.821743567278267,
      1.8300000000000054
    ],
    "obj_class": "vehicle",
    "point_num_in_lidar": 3928,
    "speed": 0.035089179697714225,
    "if_vehicle": true,
    "motion_state": false,
    "pose": [
      [
        0.9984692109317528,
        -0.05478127608053724,
        -0.0076319468231304316,
        -6.654488009540728
      ],
      [
        0.05500476494237211,
        0.99793919849752,
        0.033042880258261055,
        -6.803353894103566
      ],
      [
        0.005806087749726544,
        -0.033412092019437276,
        0.9994247952957376,
        0.9829663169111882
      ],
      [
        0.0,
        0.0,
        0.0,
        1.0
      ]
    ],
    "location": [
      -6.654488009540728,
      -6.803353894103566,
      0.9829663169111882
    ],
    "rotation": [
      -0.03341887534298629,
      -0.005806120371391541,
      0.055033467700001684
    ]
  },
  {
    "label_id": "jMGHvd_g07NfKjTg9VxCWQ",
    "size": [
      0.8940892438932765,
      0.9789737546767773,
      1.7464521148686387
    ],
    "obj_class": "pedestrian",
    "point_num_in_lidar": 29,
    "speed": 1.383258024930807,
    "if_vehicle": false,
    "motion_state": true,
    "pose": [
      [
        -0.9999153621563757,
        0.01053669356929552,
        -0.0076319468231304316,
        -43.059263444519274
      ],
      [
        -0.010783421072249005,
        -0.999395760394358,
        0.033042880258261055,
        -17.26074466315731
      ],
      [
        -0.00727917259466352,
        0.03312238207632368,
        0.9994247952957376,
        0.8991806901283255
      ],
      [
        0.0,
        0.0,
        0.0,
        1.0
      ]
    ],
    "location": [
      -43.059263444519274,
      -17.26074466315731,
      0.8991806901283255
    ],
    "rotation": [
      0.0331293194865221,
      0.0072792368789985655,
      -3.13080873780496
    ]
  },
  {
    "label_id": "k2lGwS9hat1VWw7Gs3kL-g",
    "size": [
      2.0645598613166882,
      4.688562644750567,
      1.6000000000000014
    ],
    "obj_class": "vehicle",
    "point_num_in_lidar": 4996,
    "speed": 0.0815821309826043,
    "if_vehicle": true,
    "motion_state": false,
    "pose": [
      [
        -0.9961200985578856,
        0.08767270177607954,
        -0.0076319468231304316,
        1.6947177133652076
      ],
      [
        -0.08787859372159064,
        -0.9955830054946468,
        0.033042880258261055,
        3.35180188511913
      ],
      [
        -0.004701277969242288,
        0.033585361893670077,
        0.9994247952957376,
        0.7953252985877413
      ],
      [
        0.0,
        0.0,
        0.0,
        1.0
      ]
    ],
    "location": [
      1.6947177133652076,
      3.35180188511913,
      0.7953252985877413
    ],
    "rotation": [
      0.03359205038512149,
      0.004701295287366875,
      -3.0535995808107974
    ]
  },
  {
    "label_id": "l4IU7hYAbEicJJhcNV-PYQ",
    "size": [
      1.7797335311146567,
      3.629981180814881,
      1.4200000000000017
    ],
    "obj_class": "vehicle",
    "point_num_in_lidar": 277,
    "speed": 6.355287432313019e-13,
    "if_vehicle": true,
    "motion_state": false,
    "pose": [
      [
        0.7087558624121318,
        0.7054125607643547,
        -0.0076319468231304316,
        -7.661596939419724
      ],
      [
        -0.7048691252595556,
        0.7085673463546478,
        0.033042880258261055,
        -10.276480141723368
      ],
      [
        0.02871661108599518,
        -0.01803981141277723,
        0.9994247952957376,
        0.6657932639195181
      ],
      [
        0.0,
        0.0,
        0.0,
        1.0
      ]
    ],
    "location": [
      -7.661596939419724,
      -10.276480141723368,
      0.6657932639195181
    ],
    "rotation": [
      -0.018048234044146252,
      -0.028720559380328428,
      -0.7826486878347017
    ]
  },
  {
    "label_id": "lbLwsu8SH-0HdB69pypZYw",
    "size": [
      2.3173562574813906,
      5.409726554449852,
      1.8200000000000074
    ],
    "obj_class": "vehicle",
    "point_num_in_lidar": 338,
    "speed": 0.0034483530586745903,
    "if_vehicle": true,
    "motion_state": false,
    "pose": [
      [
        -0.7345705291283348,
        0.6784894185791015,
        -0.0076319468231304316,
        -29.723459041213573
      ],
      [
        -0.6783239034447426,
        -0.7340196523797751,
        0.033042880258261055,
        13.396480657227585
      ],
      [
        0.016817245660511286,
        0.02944925799518356,
        0.9994247952957376,
        0.9153172055744534
      ],
      [
        0.0,
        0.0,
        0.0,
        1.0
      ]
    ],
    "location": [
      -29.723459041213573,
      13.396480657227585,
      0.9153172055744534
    ],
    "rotation": [
      0.029457683452377745,
      -0.016818038469622102,
      -2.3959829835547994
    ]
  },
  {
    "label_id": "oGhYcNPyTUhm8059vJgk7Q",
    "size": [
      1.9637128907565724,
      4.522243896407982,
      1.5799999999999983
    ],
    "obj_class": "vehicle",
    "point_num_in_lidar": 680,
    "speed": 0.624167621706339,
    "if_vehicle": true,
    "motion_state": false,
    "pose": [
      [
        -0.7196291843153442,
        -0.6943166355988611,
        -0.0076319468231304316,
        -26.37248402575551
      ],
      [
        0.6937761943460871,
        -0.7194322485285872,
        0.033042880258261055,
        -4.888621469535792
      ],
      [
        -0.02843289011502717,
        0.018483757945278845,
        0.9994247952957376,
        0.9183750035710005
      ],
      [
        0.0,
        0.0,
        0.0,
        1.0
      ]
    ],
    "location": [
      -26.37248402575551,
      -4.888621469535792,
      0.9183750035710005
    ],
    "rotation": [
      0.018492287817222015,
      0.028436722506014398,
      2.3744837281699156
    ]
  },
  {
    "label_id": "pMXk7LpwD_NwMqmzuEArMQ",
    "size": [
      1.9068103567102372,
      4.170273321995732,
      2.020000000000003
    ],
    "obj_class": "vehicle",
    "point_num_in_lidar": 200,
    "speed": 0.0009368035813078686,
    "if_vehicle": true,
    "motion_state": false,
    "pose": [
      [
        0.04994331100882376,
        0.9987228940367617,
        -0.0076319468231304316,
        -26.580260956008715
      ],
      [
        -0.9981939705677366,
        0.05016936501944948,
        0.033042880258261055,
        -29.556403113814667
      ],
      [
        0.03338357092481932,
        0.005967892457176734,
        0.9994247952957376,
        1.3663961448472577
      ],
      [
        0.0,
        0.0,
        0.0,
        1.0
      ]
    ],
    "location": [
      -26.580260956008715,
      -29.556403113814667,
      1.3663961448472577
    ],
    "rotation": [
      0.005971256221483144,
      -0.033389774827995856,
      -1.5208043418072843
    ]
  },
  {
    "label_id": "pgI18KkKJl2QaGwb8uesjQ",
    "size": [
      2.1390806501422035,
      4.556199328982984,
      1.730000000000004
    ],
    "obj_class": "vehicle",
    "point_num_in_lidar": 49,
    "speed": 0.811181679279959,
    "if_vehicle": true,
    "motion_state": false,
    "pose": [
      [
        0.9977750496017863,
        0.06623219594609547,
        -0.0076319468231304316,
        -36.201042479343414
      ],
      [
        -0.0659463196114513,
        0.9972759151779124,
        0.033042880258261055,
        -5.753747693201149
      ],
      [
        0.009799659272515077,
        -0.03246606268421654,
        0.9994247952957376,
        0.8983750035707345
      ],
      [
        0.0,
        0.0,
        0.0,
        1.0
      ]
    ],
    "location": [
      -36.201042479343414,
      -5.753747693201149,
      0.8983750035707345
    ],
    "rotation": [
      -0.032473328687452244,
      -0.00979981612826586,
      -0.06599738623609773
    ]
  },
  {
    "label_id": "qOk43BSYT2QZ29ws6A_thw",
    "size": [
      1.1151197425462702,
      1.3341153754663537,
      1.8800000000000026
    ],
    "obj_class": "pedestrian",
    "point_num_in_lidar": 43,
    "speed": 1.5596203657490502,
    "if_vehicle": false,
    "motion_state": true,
    "pose": [
      [
        0.9812493089238228,
        -0.19259165902034647,
        -0.0076319468231304316,
        -18.95298024335807
      ],
      [
        0.19273955874595003,
        0.9806934437216631,
        0.033042880258261055,
        -16.383255447712145
      ],
      [
        0.001120817084527239,
        -0.03389428148133399,
        0.9994247952957376,
        0.9483020009053433
      ],
      [
        0.0,
        0.0,
        0.0,
        1.0
      ]
    ],
    "location": [
      -18.95298024335807,
      -16.383255447712145,
      0.9483020009053433
    ],
    "rotation": [
      -0.03390079589158385,
      -0.0011208173191948878,
      0.19395341556485113
    ]
  },
  {
    "label_id": "scHfJy5WqY6CcgOK_NwZpA",
    "size": [
      1.6805972847365396,
      3.9600297986178874,
      1.5300000000000011
    ],
    "obj_class": "vehicle",
    "point_num_in_lidar": 53,
    "speed": 0.0009024060324066898,
    "if_vehicle": true,
    "motion_state": false,
    "pose": [
      [
        0.6660273930684786,
        0.7458882389943517,
        -0.0076319468231304316,
        -41.492371279458894
      ],
      [
        -0.7453346539986971,
        0.6658711749376757,
        0.033042880258261055,
        -12.208777001660565
      ],
      [
        0.029728189165315288,
        -0.01631910895312913,
        0.9994247952957376,
        0.7361612332493053
      ],
      [
        0.0,
        0.0,
        0.0,
        1.0
      ]
    ],
    "location": [
      -41.492371279458894,
      -12.208777001660565,
      0.7361612332493053
    ],
    "rotation": [
      -0.016327050247864277,
      -0.029732569697646368,
      -0.8415311357246593
    ]
  },
  {
    "label_id": "t8XzvTv7TV6G03bn5R6WcA",
    "size": [
      0.7511716528432341,
      1.15743233501867,
      1.6400000000000006
    ],
    "obj_class": "pedestrian",
    "point_num_in_lidar": 427,
    "speed": 1.3710438557032103,
    "if_vehicle": false,
    "motion_state": true,
    "pose": [
      [
        -0.9999307832660961,
        0.008954443843182561,
        -0.0076319468231304316,
        -5.276034824330964
      ],
      [
        -0.009201993239726623,
        -0.9994115725689063,
        0.033042880258261055,
        6.871312659723117
      ],
      [
        -0.007331575360577448,
        0.033110822261083195,
        0.9994247952957376,
        0.8487544777560956
      ],
      [
        0.0,
        0.0,
        0.0,
        1.0
      ]
    ],
    "location": [
      -5.276034824330964,
      6.871312659723117,
      0.8487544777560956
    ],
    "rotation": [
      0.033117765703925606,
      0.00733164104330268,
      -3.132390283146212
    ]
  },
  {
    "label_id": "tOnXgSmhW4twqeFVr1vJPQ",
    "size": [
      1.9794288893350178,
      4.732368682858808,
      1.6100000000000065
    ],
    "obj_class": "vehicle",
    "point_num_in_lidar": 181,
    "speed": 0.0037422094498588093,
    "if_vehicle": true,
    "motion_state": false,
    "pose": [
      [
        0.049943311009155514,
        0.9987228940367452,
        -0.0076319468231304316,
        -26.135102022787578
      ],
      [
        -0.99819397056772,
        0.05016936501978105,
        0.033042880258261055,
        -35.04095136487376
      ],
      [
        0.0333835709248213,
        0.0059678924571656446,
        0.9994247952957376,
        1.4011387631612067
      ],
      [
        0.0,
        0.0,
        0.0,
        1.0
      ]
    ],
    "location": [
      -26.135102022787578,
      -35.04095136487376,
      1.4011387631612067
    ],
    "rotation": [
      0.0059712562214720485,
      -0.03338977482799784,
      -1.520804341806952
    ]
  },
  {
    "label_id": "utUGhFL-R1s-OBA6Xo3RDQ",
    "size": [
      2.132548243077582,
      4.870659034134611,
      1.490000000000002
    ],
    "obj_class": "vehicle",
    "point_num_in_lidar": 5762,
    "speed": 0.10380648201554195,
    "if_vehicle": true,
    "motion_state": false,
    "pose": [
      [
        -0.9963686999616829,
        0.08480074955066652,
        -0.0076319468231304316,
        -4.204828785718746
      ],
      [
        -0.0850081889579308,
        -0.995832202669873,
        0.033042880258261055,
        3.226073655372602
      ],
      [
        -0.004798077402323858,
        0.03357166962357067,
        0.9994247952957376,
        0.6041865997504416
      ],
      [
        0.0,
        0.0,
        0.0,
        1.0
      ]
    ],
    "location": [
      -4.204828785718746,
      3.226073655372602,
      0.6041865997504416
    ],
    "rotation": [
      0.03357836568212856,
      0.004798095812375126,
      -3.056480764419402
    ]
  },
  {
    "label_id": "wAkzx5aXp8ha5mzB6NAV1g",
    "size": [
      2.3192441512334065,
      4.606269919017848,
      1.9500000000000028
    ],
    "obj_class": "vehicle",
    "point_num_in_lidar": 2946,
    "speed": 0.02292438869376182,
    "if_vehicle": true,
    "motion_state": false,
    "pose": [
      [
        0.6808834603369812,
        0.732352010188562,
        -0.0076319468231304316,
        -4.088340048489954
      ],
      [
        -0.7318016766199053,
        0.6807161480092374,
        0.033042880258261055,
        -10.429148183609868
      ],
      [
        0.029394209222810115,
        -0.016913279168704498,
        0.9994247952957376,
        0.934565067772688
      ],
      [
        0.0,
        0.0,
        0.0,
        1.0
      ]
    ],
    "location": [
      -4.088340048489954,
      -10.429148183609868,
      0.934565067772688
    ],
    "rotation": [
      -0.016921398125010048,
      -0.029398443731265742,
      -0.8214261374850129
    ]
  },
  {
    "label_id": "xxr8AZNz3D1gxKiJKZLYSQ",
    "size": [
      2.0157827467134304,
      4.669815123116134,
      1.490000000000002
    ],
    "obj_class": "vehicle",
    "point_num_in_lidar": 96,
    "speed": 3.378093024127423e-28,
    "if_vehicle": true,
    "motion_state": false,
    "pose": [
      [
        -0.07193004778567307,
        -0.9973804798637479,
        -0.0076319468231304316,
        -19.181883372588345
      ],
      [
        0.9968467054356696,
        -0.07214439636097793,
        0.033042880258261055,
        15.5367642948313
      ],
      [
        -0.033506925964678594,
        -0.005231105090744804,
        0.9994247952957376,
        0.5333750035706686
      ],
      [
        0.0,
        0.0,
        0.0,
        1.0
      ]
    ],
    "location": [
      -19.181883372588345,
      15.5367642948313,
      0.5333750035706686
    ],
    "rotation": [
      -0.005234067981659633,
      0.03351319891739403,
      1.6428290637853376
    ]
  }
]