[
  {
    "label_id": "-37Tr49YQag_EecI_gdFqA",
    "size": [
      2.061484407524051,
      4.778170597256613,
      1.470000000000006
    ],
    "obj_class": "vehicle",
    "point_num_in_lidar": 37,
    "speed": 3.1776437161565096e-13,
    "if_vehicle": true,
    "motion_state": false,
    "pose": [
      [
        0.6660347944302328,
        0.7458965278250731,
        -0.006001865274839016,
        -38.09545921678273
      ],
      [
        -0.7453535913219308,
        0.6658205917119486,
        0.03362980160290455,
        -12.74363263278974
      ],
      [
        0.029080517735721293,
        -0.0179251061600884,
        0.9994163366972605,
        0.6283750035707882
      ],
      [
        0.0,
        0.0,
        0.0,
        1.0
      ]
    ],
    "location": [
      -38.09545921678273,
      -12.74363263278974,
      0.6283750035707882
    ],
    "rotation": [
      -0.017933651667089708,
      -0.029084618081451002,
      -0.8415382381508997
    ]
  },
  {
    "label_id": "5TfIhDaGwG7wy8E9HfiYNA",
    "size": [
      2.075345501805583,
      4.400591282594326,
      1.4400000000000048
    ],
    "obj_class": "vehicle",
    "point_num_in_lidar": 133,
    "speed": 0.006058246483944919,
    "if_vehicle": true,
    "motion_state": false,
    "pose": [
      [
        -0.9998377292246786,
        -0.0169850767458047,
        -0.006001865274839016,
        -35.26136356396091
      ],
      [
        0.016773958632382343,
        -0.9992935858675109,
        0.03362980160290455,
        -1.3966629238275345
      ],
      [
        -0.006568830233559093,
        0.033523669429087265,
        0.9994163366972605,
        0.7730457364918664
      ],
      [
        0.0,
        0.0,
        0.0,
        1.0
      ]
    ],
    "location": [
      -35.26136356396091,
      -1.3966629238275345,
      0.7730457364918664
    ],
    "rotation": [
      0.03353067548898016,
      0.006568877474799965,
      3.124817546298204
    ]
  },
  {
    "label_id": "7WhMfgaFj6HkR53LFyZ3dA",
    "size": [
      2.2032936747022087,
      5.843094606045561,
      1.9500000000000028
    ],
    "obj_class": "vehicle",
    "point_num_in_lidar": 10123,
    "speed": 1.034565839472708e-12,
    "if_vehicle": true,
    "motion_state": false,
    "pose": [
      [
        -0.9989651924252327,
        0.04508349959841656,
        -0.006001865274839016,
        7.6437633355863
      ],
      [
        -0.045260449074831496,
        -0.9984089984538871,
        0.03362980160290455,
        3.782125265453942
      ],
      [
        -0.0044761671508478105,
        0.0338666483470938,
        0.9994163366972605,
        0.972849831995255
      ],
      [
        0.0,
        0.0,
        0.0,
        1.0
      ]
    ],
    "location": [
      7.6437633355863,
      3.782125265453942,
      0.972849831995255
    ],
    "rotation": [
      0.033873465059197395,
      0.004476182098450739,
      -3.096316283626128
    ]
  },
  {
    "label_id": "9s8YOLhpbgSWdr7GIkOUUQ",
    "size": [
      1.9175413712082332,
      4.427614966261043,
      1.4400000000000048
    ],
    "obj_class": "vehicle",
    "point_num_in_lidar": 501,
    "speed": 1.449228509952941e-12,
    "if_vehicle": true,
    "motion_state": false,
    "pose": [
      [
        -0.04823736642152098,
        -0.9988178683293258,
        -0.006001865274839016,
        -18.652471023929138
      ],
      [
        0.9982611184373258,
        -0.04841255891200709,
        0.03362980160290455,
        9.999034006290458
      ],
      [
        -0.03388061240555135,
        -0.004369215679368584,
        0.9994163366972605,
        0.5761387631605928
      ],
      [
        0.0,
        0.0,
        0.0,
        1.0
      ]
    ],
    "location": [
      -18.652471023929138,
      9.999034006290458,
      0.5761387631605928
    ],
    "rotation": [
      -0.0043717394682588435,
      0.033887097658749386,
      1.619080161540155
    ]
  },
  {
    "label_id": "DQe9EgHTvbMojU92WrDD-w",
    "size": [
      2.2950943813678353,
      6.332258661657688,
      2.200000000000003
    ],
    "obj_class": "vehicle",
    "point_num_in_lidar": 123,
    "speed": 0.057416018508548515,
    "if_vehicle": true,
    "motion_state": false,
    "pose": [
      [
        -0.9721900583302641,
        0.2341163558938594,
        -0.006001865274839016,
        -43.32542532518801
      ],
      [
        -0.23418437498551564,
        -0.9716103719890976,
        0.03362980160290455,
        0.6946156982503453
      ],
      [
        0.0020418120483907017,
        0.03410010185009843,
        0.9994163366972605,
        1.1383750035708076
      ],
      [
        0.0,
        0.0,
        0.0,
        1.0
      ]
    ],
    "location": [
      -43.32542532518801,
      0.6946156982503453,
      1.1383750035708076
    ],
    "rotation": [
      0.03410678512984785,
      -0.002041813467111224,
      -2.9052126227527517
    ]
  },
  {
    "label_id": "DRWDacxgi2UUnlkU8Pb7_A",
    "size": [
      2.115628600379045,
      4.90184441837974,
      1.720000000000006
    ],
    "obj_class": "vehicle",
    "point_num_in_lidar": 1721,
    "speed": 0.02285939852757539,
    "if_vehicle": true,
    "motion_state": false,
    "pose": [
      [
        0.72822175184316,
        0.6853152980604632,
        -0.006001865274839016,
        7.0196261448672885
      ],
      [
        -0.6847929871493073,
        0.7279612635266233,
        0.03362980160290455,
        -10.301463576688548
      ],
      [
        0.027416142938197153,
        -0.020379917787380356,
        0.9994163366972605,
        0.9018255517703224
      ],
      [
        0.0,
        0.0,
        0.0,
        1.0
      ]
    ],
    "location": [
      7.0196261448672885,
      -10.301463576688548,
      0.9018255517703224
    ],
    "rotation": [
      -0.0203889939641582,
      -0.027419578634388292,
      -0.7546730077839686
    ]
  },
  {
    "label_id": "Go_3rbTk6d2Upk1krZLsKw",
    "size": [
      2.1025838945668665,
      4.719586221317513,
      1.8100000000000023
    ],
    "obj_class": "vehicle",
    "point_num_in_lidar": 165,
    "speed": 0.012656333780611614,
    "if_vehicle": true,
    "motion_state": false,
    "pose": [
      [
        -0.9981374583473283,
        0.060709075574891906,
        -0.006001865274839016,
        -36.68966397845543
      ],
      [
        -0.060877300461166385,
        -0.997578563689452,
        0.03362980160290455,
        1.2018235450777865
      ],
      [
        -0.00394569797325215,
        0.03393254205231187,
        0.9994163366972605,
        0.939952782072055
      ],
      [
        0.0,
        0.0,
        0.0,
        1.0
      ]
    ],
    "location": [
      -36.68966397845543,
      1.2018235450777865,
      0.939952782072055
    ],
    "rotation": [
      0.03393932147712149,
      0.003945708211445063,
      -3.0806772131654547
    ]
  },
  {
    "label_id": "HILMjKmKIoQMgeZ6T8zTSg",
    "size": [
      0.7527797330444935,
      0.1029191474772233,
      0.7700000000000031
    ],
    "obj_class": "sign",
    "point_num_in_lidar": 194,
    "speed": 0.01937375196451439,
    "if_vehicle": false,
    "motion_state": false,
    "pose": [
      [
        0.9905428585403395,
        0.1370723276520671,
        -0.006001865274839016,
        -12.289431366036297
      ],
      [
        -0.13679731863605876,
        0.9900280450866702,
        0.03362980160290455,
        4.231411057162404
      ],
      [
        0.010551730129109784,
        -0.03249072073547272,
        0.9994163366972605,
        2.5142832485815774
      ],
      [
        0.0,
        0.0,
        0.0,
        1.0
      ]
    ],
    "location": [
      -12.289431366036297,
      4.231411057162404,
      2.5142832485815774
    ],
    "rotation": [
      -0.03249824975664312,
      -0.010551925942116147,
      -0.13723530004750759
    ]
  },
  {
    "label_id": "ISEQHFwDwMdTSWtovFFxdA",
    "size": [
      2.0672801656256627,
      4.46258473180494,
      1.4600000000000009
    ],
    "obj_class": "vehicle",
    "point_num_in_lidar": 2455,
    "speed": 6.355287432313019e-13,
    "if_vehicle": true,
    "motion_state": false,
    "pose": [
      [
        0.6804503152819461,
        0.7327696405050654,
        -0.006001865274839016,
        2.834508153366187
      ],
      [
        -0.7322309833257641,
        0.6802255681036504,
        0.03362980160290455,
        -9.840283151152107
      ],
      [
        0.028725519847075984,
        -0.018488657391581568,
        0.9994163366972605,
        0.7513465578934913
      ],
      [
        0.0,
        0.0,
        0.0,
        1.0
      ]
    ],
    "location": [
      2.834508153366187,
      -9.840283151152107,
      0.7513465578934913
    ],
    "rotation": [
      -0.01849734492263227,
      -0.028729471818100826,
      -0.822035936664587
    ]
  },
  {
    "label_id": "Kv6PR2TsyeCAv99_HjOO4w",
    "size": [
      2.050381149288726,
      4.811895084353816,
      1.4500000000000028
    ],
    "obj_class": "vehicle",
    "point_num_in_lidar": 77,
    "speed": 7.553646386571262e-28,
    "if_vehicle": true,
    "motion_state": false,
    "pose": [
      [
        -0.7491915452444785,
        0.6623262082595047,
        -0.006001865274839016,
        -30.42423540184882
      ],
      [
        -0.6621147016832546,
        -0.7486475527636779,
        0.03362980160290455,
        16.413233537079577
      ],
      [
        0.01778061723014566,
        0.029169086265138422,
        0.9994163366972605,
        0.5763380560928368
      ],
      [
        0.0,
        0.0,
        0.0,
        1.0
      ]
    ],
    "location": [
      -30.42423540184882,
      16.413233537079577,
      0.5763380560928368
    ],
    "rotation": [
      0.02917783816470811,
      -0.0177815542548508,
      -2.4178158427760152
    ]
  },
  {
    "label_id": "NHPW81G5lMyXru_I2sGKqA",
    "size": [
      2.0742041171234913,
      4.576080974769498,
      1.4400000000000048
    ],
    "obj_class": "vehicle",
    "point_num_in_lidar": 1461,
    "speed": 2.2781733181718378e-12,
    "if_vehicle": true,
    "motion_state": false,
    "pose": [
      [
        0.699457119007921,
        0.7146493659707267,
        -0.006001865274839016,
        -0.4596637214981456
      ],
      [
        -0.7141167960519416,
        0.6992183049954133,
        0.03362980160290455,
        -10.377844018272299
      ],
      [
        0.028230130457520833,
        -0.019236571341572136,
        0.9994163366972605,
        0.7612290883828834
      ],
      [
        0.0,
        0.0,
        0.0,
        1.0
      ]
    ],
    "location": [
      -0.4596637214981456,
      -10.377844018272299,
      0.7612290883828834
    ],
    "rotation": [
      -0.019245429144610447,
      -0.028233881424137627,
      -0.7957684393134836
    ]
  },
  {
    "label_id": "OXd0i5MfXfgVle65_zBBXw",
    "size": [
      2.0389075321438384,
      4.734929776064892,
      1.470000000000006
    ],
    "obj_class": "vehicle",
    "point_num_in_lidar": 355,
    "speed": 5.123796534383003e-13,
    "if_vehicle": true,
    "motion_state": false,
    "pose": [
      [
        -0.658318064769983,
        0.7527159512131566,
        -0.006001865274839016,
        -29.42500382864455
      ],
      [
        -0.7524365990282186,
        -0.6578055950560143,
        0.03362980160290455,
        10.160813417951431
      ],
      [
        0.02136562754407853,
        0.02665512900504803,
        0.9994163366972605,
        0.7245554768819815
      ],
      [
        0.0,
        0.0,
        0.0,
        1.0
      ]
    ],
    "location": [
      -29.42500382864455,
      10.160813417951431,
      0.7245554768819815
    ],
    "rotation": [
      0.026664374555829783,
      -0.021367253410783684,
      -2.2895781810877405
    ]
  },
  {
    "label_id": "QfXrH-AG6fWpRUmyN1WzLw",
    "size": [
      0.44566292092261905,
      0.0696207456306018,
      0.15000000000000568
    ],
    "obj_class": "sign",
    "point_num_in_lidar": 23,
    "speed": 0.008782789493766466,
    "if_vehicle": false,
    "motion_state": false,
    "pose": [
      [
        0.9905428585395532,
        0.13707232765774868,
        -0.006001865274839016,
        -12.215047681416763
      ],
      [
        -0.1367973186417374,
        0.9900280450858856,
        0.03362980160290455,
        4.222475674185262
      ],
      [
        0.010551730129296147,
        -0.0324907207354122,
        0.9994163366972605,
        2.0341130651367223
      ],
      [
        0.0,
        0.0,
        0.0,
        1.0
      ]
    ],
    "location": [
      -12.215047681416763,
      4.222475674185262,
      2.0341130651367223
    ],
    "rotation": [
      -0.03249824975658263,
      -0.01055192594230252,
      -0.13723530005324072
    ]
  },
  {
    "label_id": "RqRoUISiOVfgjg-WLH6oig",
    "size": [
      1.8839428583990723,
      4.431572760151295,
      1.5400000000000063
    ],
    "obj_class": "vehicle",
    "point_num_in_lidar": 214,
    "speed": 0.006578825682454056,
    "if_vehicle": true,
    "motion_state": false,
    "pose": [
      [
        0.07709545333591016,
        0.9970056512819538,
        -0.006001865274839016,
        -27.187120166075147
      ],
      [
        -0.9964440688994206,
        0.07725447559407837,
        0.03362980160290455,
        -22.523033316982037
      ],
      [
        0.033992773203980746,
        0.0033878182552740835,
        0.9994163366972605,
        0.8791642703403681
      ],
      [
        0.0,
        0.0,
        0.0,
        1.0
      ]
    ],
    "location": [
      -27.187120166075147,
      -22.523033316982037,
      0.8791642703403681
    ],
    "rotation": [
      0.0033897837715959485,
      -0.03399932310082705,
      -1.4935795822789835
    ]
  },
  {
    "label_id": "TgdBnuHVxPOTzl8OMUYiRg",
    "size": [
      0.8323629950249504,
      0.11670498628292902,
      0.7900000000000063
    ],
    "obj_class": "sign",
    "point_num_in_lidar": 54,
    "speed": 0.0037496803369465124,
    "if_vehicle": false,
    "motion_state": false,
    "pose": [
      [
        0.11622385062946952,
        0.9932049104580993,
        -0.006001865274839016,
        -15.465944764747292
      ],
      [
        -0.9926375115713214,
        0.11636067662936646,
        0.03362980160290455,
        -18.302428102409976
      ],
      [
        0.03409966519415503,
        0.002049091573007853,
        0.9994163366972605,
        2.8803410951101114
      ],
      [
        0.0,
        0.0,
        0.0,
        1.0
      ]
    ],
    "location": [
      -15.465944764747292,
      -18.302428102409976,
      2.8803410951101114
    ],
    "rotation": [
      0.0020502853781073785,
      -0.03410627709662299,
      -1.4542411219191167
    ]
  },
  {
    "label_id": "XvVgKHrB7eBfiBwcpoWd3g",
    "size": [
      0.746067611765277,
      0.8228660025952748,
      1.5900000000000034
    ],
    "obj_class": "pedestrian",
    "point_num_in_lidar": 89,
    "speed": 1.4393171226747052,
    "if_vehicle": false,
    "motion_state": true,
    "pose": [
      [
        0.9981118806886227,
        -0.061128154245349196,
        -0.006001865274839016,
        -1.4817518869758715
      ],
      [
        0.06129614445590916,
        0.9975529154480927,
        0.03362980160290455,
        -15.550286241317735
      ],
      [
        0.003931450503419487,
        -0.03393419572595176,
        0.9994163366972605,
        0.854094972197359
      ],
      [
        0.0,
        0.0,
        0.0,
        1.0
      ]
    ],
    "location": [
      -1.4817518869758715,
      -15.550286241317735,
      0.854094972197359
    ],
    "rotation": [
      -0.03394097421121066,
      -0.003931460631105004,
      0.06133506792526119
    ]
  },
  {
    "label_id": "bjU_LRF_XLFwrTt9DcYXOQ",
    "size": [
      0.3017444110824609,
      0.07692972936776284,
      0.6400000000000006
    ],
    "obj_class": "sign",
    "point_num_in_lidar": 32,
    "speed": 0.0036394081070364316,
    "if_vehicle": false,
    "motion_state": false,
    "pose": [
      [
        -0.6086146199815063,
        -0.793443269527185,
        -0.006001865274839016,
        -4.763068531793579
      ],
      [
        0.7928858837387164,
        -0.6084414612861486,
        0.03362980160290455,
        -13.470177330433216
      ],
      [
        -0.030335123415624797,
        0.01570879467008376,
        0.9994163366972605,
        2.7358310117362663
      ],
      [
        0.0,
        0.0,
        0.0,
        1.0
      ]
    ],
    "location": [
      -4.763068531793579,
      -13.470177330433216,
      2.7358310117362663
    ],
    "rotation": [
      0.015716674464927104,
      0.030339777839699676,
      2.2254629717773557
    ]
  },
  {
    "label_id": "cvsSzEWkCO_fUj4Y4e3xgA",
    "size": [
      0.7530615077655659,
      0.8484543407193996,
      1.7100000000000009
    ],
    "obj_class": "pedestrian",
    "point_num_in_lidar": 115,
    "speed": 0.029921520830639887,
    "if_vehicle": false,
    "motion_state": false,
    "pose": [
      [
        0.15964845147843,
        0.9871556865833078,
        -0.006001865274839016,
        -7.057648120839076
      ],
      [
        -0.9865828354143877,
        0.15976027450482266,
        0.03362980160290455,
        -16.895198462194458
      ],
      [
        0.034156709534824914,
        0.0005523915111952952,
        0.9994163366972605,
        0.9543347328697465
      ],
      [
        0.0,
        0.0,
        0.0,
        1.0
      ]
    ],
    "location": [
      -7.057648120839076,
      -16.895198462194458,
      0.9543347328697465
    ],
    "rotation": [
      0.0005527140538548898,
      -0.03416335468706676,
      -1.4103673774516838
    ]
  },
  {
    "label_id": "h14DkRFx53Pkx5pEtWdarQ",
    "size": [
      0.8347280264472857,
      0.12141330286285525,
      0.7900000000000063
    ],
    "obj_class": "sign",
    "point_num_in_lidar": 47,
    "speed": 0.014162440007043454,
    "if_vehicle": false,
    "motion_state": false,
    "pose": [
      [
        -0.9973350723918032,
        0.07270990985044094,
        -0.006001865274839016,
        -33.08877804405711
      ],
      [
        -0.07287140039143758,
        -0.9967741948150244,
        0.03362980160290455,
        -15.201606007743976
      ],
      [
        -0.0035372845838805107,
        0.03397754494369305,
        0.9994163366972605,
        2.5771786560242234
      ],
      [
        0.0,
        0.0,
        0.0,
        1.0
      ]
    ],
    "location": [
      -33.08877804405711,
      -15.201606007743976,
      2.5771786560242234
    ],
    "rotation": [
      0.033984298733482916,
      0.0035372919605648396,
      -3.0686561473604685
    ]
  },
  {
    "label_id": "iMUAR45EX3cmZKOzXxFuBQ",
    "size": [
      2.197391755426741,
      4.821743567278267,
      1.8300000000000054
    ],
    "obj_class": "vehicle",
    "point_num_in_lidar": 1560,
    "speed": 0.014632837394189635,
    "if_vehicle": true,
    "motion_state": false,
    "pose": [
      [
        0.9984803066188571,
        -0.05478188484833045,
        -0.006001865274839016,
        -6.618211819132739
      ],
      [
        0.05495342502721083,
        0.9979224205928675,
        0.03362980160290455,
        -6.823949517676738
      ],
      [
        0.004147092004257112,
        -0.033908517669403754,
        0.9994163366972605,
        1.0002585131122927
      ],
      [
        0.0,
        0.0,
        0.0,
        1.0
      ]
    ],
    "location": [
      -6.618211819132739,
      -6.823949517676738,
      1.0002585131122927
    ],
    "rotation": [
      -0.033915310722982685,
      -0.004147103891554343,
      0.05498159473933424
    ]
  },
  {
    "label_id": "jMGHvd_g07NfKjTg9VxCWQ",
    "size": [
      0.8940892438953325,
      0.9789737546767773,
      1.7464521148686387
    ],
    "obj_class": "pedestrian",
    "point_num_in_lidar": 40,
    "speed": 1.4214987666161891,
    "if_vehicle": false,
    "motion_state": true,
    "pose": [
      [
        -0.9990787753443839,
        -0.042492096554402246,
        -0.006001865274839016,
        -40.8466144131653
      ],
      [
        0.042267162444022066,
        -0.9985401961979697,
        0.03362980160290455,
        -17.365618633562917
      ],
      [
        -0.007422104505907545,
        0.033345139185965725,
        0.9994163366972605,
        0.9442704544321217
      ],
      [
        0.0,
        0.0,
        0.0,
        1.0
      ]
    ],
    "location": [
      -40.8466144131653,
      -17.365618633562917,
      0.9442704544321217
    ],
    "rotation": [
      0.03335224068199509,
      0.007422172651961221,
      3.0993117305895597
    ]
  },
  {
    "label_id": "k2lGwS9hat1VWw7Gs3kL-g",
    "size": [
      2.064559861316688,
      4.688562644750567,
      1.6000000000000014
    ],
    "obj_class": "vehicle",
    "point_num_in_lidar": 6013,
    "speed": 0.06159420097091839,
    "if_vehicle": true,
    "motion_state": false,
    "pose": [
      [
        -0.9961311681400128,
        0.08767367605636364,
        -0.006001865274839016,
        1.8738221118155707
      ],
      [
        -0.08782672852488319,
        -0.9955679294758172,
        0.03362980160290455,
        3.325760030742458
      ],
      [
        -0.0030268162530914535,
        0.034026817747154395,
        0.9994163366972605,
        0.8124699858730793
      ],
      [
        0.0,
        0.0,
        0.0,
        1.0
      ]
    ],
    "location": [
      1.8738221118155707,
      3.325760030742458,
      0.8124699858730793
    ],
    "rotation": [
      0.0340335433119005,
      0.003026820874865528,
      -3.05365221837781
    ]
  },
  {
    "label_id": "kj0_f_xDpwHjzq-hnWZI7Q",
    "size": [
      2.0565997429997207,
      4.515148634566527,
      1.4600000000000009
    ],
    "obj_class": "vehicle",
    "point_num_in_lidar": 1713,
    "speed": 7.105427357601002e-13,
    "if_vehicle": true,
    "motion_state": false,
    "pose": [
      [
        0.6400341761340456,
        0.768322999130988,
        -0.006001865274839016,
        10.327161204779259
      ],
      [
        -0.7677730287259773,
        0.6398387396876567,
        0.03362980160290455,
        -9.809972486598781
      ],
      [
        0.029678775940951842,
        -0.016916152082398,
        0.9994163366972605,
        0.7225372367681757
      ],
      [
        0.0,
        0.0,
        0.0,
        1.0
      ]
    ],
    "location": [
      10.327161204779259,
      -9.809972486598781,
      0.7225372367681757
    ],
    "rotation": [
      -0.016924415080894255,
      -0.02968313466027591,
      -0.8758864166883426
    ]
  },
  {
    "label_id": "l4IU7hYAbEicJJhcNV-PYQ",
    "size": [
      1.7797335311146576,
      3.629981180814881,
      1.4200000000000017
    ],
    "obj_class": "vehicle",
    "point_num_in_lidar": 247,
    "speed": 6.355287432313019e-13,
    "if_vehicle": true,
    "motion_state": false,
    "pose": [
      [
        0.708763738602201,
        0.7054203998013194,
        -0.006001865274839016,
        -7.661596939419724
      ],
      [
        -0.7048910056940044,
        0.7085179648645785,
        0.03362980160290455,
        -10.276480141723368
      ],
      [
        0.027975577461880306,
        -0.019604923062903727,
        0.9994163366972605,
        0.6682055361248374
      ],
      [
        0.0,
        0.0,
        0.0,
        1.0
      ]
    ],
    "location": [
      -7.661596939419724,
      -10.276480141723368,
      0.6682055361248374
    ],
    "rotation": [
      -0.01961385686017046,
      -0.027979227849017175,
      -0.782658652045309
    ]
  },
  {
    "label_id": "lbLwsu8SH-0HdB69pypZYw",
    "size": [
      2.317356257481391,
      5.409726554449852,
      1.8200000000000074
    ],
    "obj_class": "vehicle",
    "point_num_in_lidar": 165,
    "speed": 0.0017233371417440968,
    "if_vehicle": true,
    "motion_state": false,
    "pose": [
      [
        -0.7345786921890061,
        0.678496958427311,
        -0.006001865274839016,
        -29.727344026919127
      ],
      [
        -0.678273646180617,
        -0.7340394385460501,
        0.03362980160290455,
        13.39256230455976
      ],
      [
        0.01841211228351278,
        0.028774642723887255,
        0.9994163366972605,
        0.9197314807149226
      ],
      [
        0.0,
        0.0,
        0.0,
        1.0
      ]
    ],
    "location": [
      -29.727344026919127,
      13.39256230455976,
      0.9197314807149226
    ],
    "rotation": [
      0.028783495657459367,
      -0.018413152744629718,
      -2.3960254514629256
    ]
  },
  {
    "label_id": "oGhYcNPyTUhm8059vJgk7Q",
    "size": [
      1.963712890756501,
      4.522243896407982,
      1.5799999999999983
    ],
    "obj_class": "vehicle",
    "point_num_in_lidar": 526,
    "speed": 1.4593268903080552,
    "if_vehicle": true,
    "motion_state": true,
    "pose": [
      [
        -0.628326231319407,
        -0.7779268118847514,
        -0.006001865274839016,
        -25.202512768049928
      ],
      [
        0.7773739450841858,
        -0.6281391453717865,
        0.03362980160290455,
        -6.0176478386892995
      ],
      [
        -0.029931530869638227,
        0.01646479281460698,
        0.9994163366972605,
        0.9183750035709792
      ],
      [
        0.0,
        0.0,
        0.0,
        1.0
      ]
    ],
    "location": [
      -25.202512768049928,
      -6.0176478386892995,
      0.9183750035709792
    ],
    "rotation": [
      0.01647291814637063,
      0.029936001931555045,
      2.2505582423461377
    ]
  },
  {
    "label_id": "pMXk7LpwD_NwMqmzuEArMQ",
    "size": [
      1.9068103567102357,
      4.170273321995732,
      2.020000000000003
    ],
    "obj_class": "vehicle",
    "point_num_in_lidar": 222,
    "speed": 0.020441153631627955,
    "if_vehicle": true,
    "motion_state": false,
    "pose": [
      [
        0.04994386601376984,
        0.99873399254297,
        -0.006001865274839016,
        -26.588552584559693
      ],
      [
        -0.998176944131526,
        0.050118106991362654,
        0.03362980160290455,
        -29.5728275256115
      ],
      [
        0.033888028149288964,
        0.0043113212338028025,
        0.9994163366972605,
        1.3634918622558345
      ],
      [
        0.0,
        0.0,
        0.0,
        1.0
      ]
    ],
    "location": [
      -26.588552584559693,
      -29.5728275256115,
      1.3634918622558345
    ],
    "rotation": [
      0.00431381230461475,
      -0.03389451766333899,
      -1.5208029358573594
    ]
  },
  {
    "label_id": "pgI18KkKJl2QaGwb8uesjQ",
    "size": [
      2.1390806501448276,
      4.556199328982984,
      1.730000000000004
    ],
    "obj_class": "vehicle",
    "point_num_in_lidar": 94,
    "speed": 1.389975757457032,
    "if_vehicle": true,
    "motion_state": true,
    "pose": [
      [
        0.9997908081533285,
        -0.019552942114596687,
        -0.006001865274839016,
        -37.51672732478619
      ],
      [
        0.019744040322116865,
        0.999239315337376,
        0.03362980160290455,
        -5.676571236916061
      ],
      [
        0.005339738183910347,
        -0.03374126759259838,
        0.9994163366972605,
        0.8983750035707629
      ],
      [
        0.0,
        0.0,
        0.0,
        1.0
      ]
    ],
    "location": [
      -37.51672732478619,
      -5.676571236916061,
      0.8983750035707629
    ],
    "rotation": [
      -0.033748154442673366,
      -0.005339763559387197,
      0.01974560488083226
    ]
  },
  {
    "label_id": "qOk43BSYT2QZ29ws6A_thw",
    "size": [
      1.115119742548146,
      1.3341153754663537,
      1.8800000000000026
    ],
    "obj_class": "pedestrian",
    "point_num_in_lidar": 40,
    "speed": 1.607685155902753,
    "if_vehicle": false,
    "motion_state": true,
    "pose": [
      [
        0.9808682178571337,
        -0.19458036080497174,
        -0.006001865274839016,
        -21.39999729748979
      ],
      [
        0.19467178388132905,
        0.9802917591230738,
        0.03362980160290455,
        -16.87766789838679
      ],
      [
        -0.0006601198614011551,
        -0.034154797384798284,
        0.9994163366972605,
        1.0931645152883505
      ],
      [
        0.0,
        0.0,
        0.0,
        1.0
      ]
    ],
    "location": [
      -21.39999729748979,
      -16.87766789838679,
      1.0931645152883505
    ],
    "rotation": [
      -0.03416144886665514,
      0.0006601199093432751,
      0.19592286440696421
    ]
  },
  {
    "label_id": "t8XzvTv7TV6G03bn5R6WcA",
    "size": [
      0.7511716528439145,
      1.15743233501867,
      1.6400000000000077
    ],
    "obj_class": "pedestrian",
    "point_num_in_lidar": 272,
    "speed": 1.3731948142970443,
    "if_vehicle": false,
    "motion_state": true,
    "pose": [
      [
        -0.9992461354193659,
        0.03835542285889604,
        -0.006001865274839016,
        -3.0847463058616995
      ],
      [
        -0.038536113746159964,
        -0.9986911456408794,
        0.03362980160290455,
        7.017547584784552
      ],
      [
        -0.004704124446171004,
        0.0338357378495427,
        0.9994163366972605,
        0.8951130437283084
      ],
      [
        0.0,
        0.0,
        0.0,
        1.0
      ]
    ],
    "location": [
      -3.0847463058616995,
      7.017547584784552,
      0.8951130437283084
    ],
    "rotation": [
      0.03384257195166269,
      0.004704141795771601,
      -3.1030465688673234
    ]
  },
  {
    "label_id": "utUGhFL-R1s-OBA6Xo3RDQ",
    "size": [
      2.1325482430775815,
      4.870659034134611,
      1.490000000000002
    ],
    "obj_class": "vehicle",
    "point_num_in_lidar": 2786,
    "speed": 0.004724799078691824,
    "if_vehicle": true,
    "motion_state": false,
    "pose": [
      [
        -0.9963797723064424,
        0.0848016919158129,
        -0.006001865274839016,
        -4.112056127808501
      ],
      [
        -0.08495636743747147,
        -0.9958169771981087,
        0.03362980160290455,
        3.237235064389097
      ],
      [
        -0.003124895260821062,
        0.03401795073541229,
        0.9994163366972605,
        0.6156619399422212
      ],
      [
        0.0,
        0.0,
        0.0,
        1.0
      ]
    ],
    "location": [
      -4.112056127808501,
      3.237235064389097,
      0.6156619399422212
    ],
    "rotation": [
      0.03402468139164468,
      0.0031249003465950265,
      -3.056533339862256
    ]
  },
  {
    "label_id": "wAkzx5aXp8ha5mzB6NAV1g",
    "size": [
      2.319244151233406,
      4.606269919017848,
      1.9500000000000028
    ],
    "obj_class": "vehicle",
    "point_num_in_lidar": 1795,
    "speed": 0.019623780101792235,
    "if_vehicle": true,
    "motion_state": false,
    "pose": [
      [
        0.6808910267894533,
        0.7323601485955025,
        -0.006001865274839016,
        -4.0698252590882475
      ],
      [
        -0.7318216267217109,
        0.6806659555953551,
        0.03362980160290455,
        -10.412524530789597
      ],
      [
        0.028714391861793323,
        -0.01850593533533005,
        0.9994163366972605,
        0.9437001998840202
      ],
      [
        0.0,
        0.0,
        0.0,
        1.0
      ]
    ],
    "location": [
      -4.0698252590882475,
      -10.412524530789597,
      0.9437001998840202
    ],
    "rotation": [
      -0.018514627036788002,
      -0.02871833924059636,
      -0.8214341908359467
    ]
  }
]