[
  {
    "label_id": "-37Tr49YQag_EecI_gdFqA",
    "size": [
      2.0614844075240466,
      4.778170597256613,
      1.470000000000006
    ],
    "obj_class": "vehicle",
    "point_num_in_lidar": 25,
    "speed": 3.1776437161565096e-13,
    "if_vehicle": true,
    "motion_state": false,
    "pose": [
      [
        0.666033175142307,
        0.7458947143744009,
        -0.006394112775645415,
        -38.09545921678182
      ],
      [
        -0.7456065084554107,
        0.6659762416364473,
        0.023379053118634453,
        -12.743632632787921
      ],
      [
        0.02169663934319172,
        -0.010803732879105648,
        0.9997062244465063,
        0.6283750035706888
      ],
      [
        0.0,
        0.0,
        0.0,
        1.0
      ]
    ],
    "location": [
      -38.09545921678182,
      -12.743632632787921,
      0.6283750035706888
    ],
    "rotation": [
      -0.010806487003642635,
      -0.0216983419649304,
      -0.841708008452343
    ]
  },
  {
    "label_id": "5CF_vufhnlbE-ZYcnQIqtg",
    "size": [
      0.9143052721844458,
      0.7936790778877523,
      1.7844607843137368
    ],
    "obj_class": "pedestrian",
    "point_num_in_lidar": 411,
    "speed": 0.909540423746389,
    "if_vehicle": false,
    "motion_state": false,
    "pose": [
      [
        -0.9960273143640055,
        0.08881837851840625,
        -0.006394112775645415,
        21.21917539568858
      ],
      [
        -0.08894481676250372,
        -0.995762139994467,
        0.023379053118634453,
        8.477062056510476
      ],
      [
        -0.004290525831549839,
        0.023854898679315468,
        0.9997062244465063,
        1.0942283664358783
      ],
      [
        0.0,
        0.0,
        0.0,
        1.0
      ]
    ],
    "location": [
      21.21917539568858,
      8.477062056510476,
      1.0942283664358783
    ],
    "rotation": [
      0.023857381355154632,
      0.004290538995429709,
      -3.0525293189829106
    ]
  },
  {
    "label_id": "5TfIhDaGwG7wy8E9HfiYNA",
    "size": [
      2.0753455018047173,
      4.400591282594326,
      1.4400000000000048
    ],
    "obj_class": "vehicle",
    "point_num_in_lidar": 95,
    "speed": 0.10345007402490024,
    "if_vehicle": true,
    "motion_state": false,
    "pose": [
      [
        -0.9998352983833745,
        -0.0169850354265358,
        -0.006394112775645415,
        -35.26426518324388
      ],
      [
        0.016831270098150407,
        -0.999584977989445,
        0.023379053118634453,
        -1.3966136315993936
      ],
      [
        -0.006788553123564419,
        0.02326758151162572,
        0.9997062244465063,
        0.788375003570863
      ],
      [
        0.0,
        0.0,
        0.0,
        1.0
      ]
    ],
    "location": [
      -35.26426518324388,
      -1.3966136315993936,
      0.788375003570863
    ],
    "rotation": [
      0.023270217759107134,
      0.006788605265772557,
      3.1247602007989657
    ]
  },
  {
    "label_id": "7WhMfgaFj6HkR53LFyZ3dA",
    "size": [
      2.2032936747022074,
      5.843094606045561,
      1.9500000000000028
    ],
    "obj_class": "vehicle",
    "point_num_in_lidar": 3338,
    "speed": 1.034565839472708e-12,
    "if_vehicle": true,
    "motion_state": false,
    "pose": [
      [
        -0.9989627637048549,
        0.04508338998977833,
        -0.006394112775645415,
        7.643763335589028
      ],
      [
        -0.04522132769889648,
        -0.9987033850931041,
        0.023379053118634453,
        3.782125265455761
      ],
      [
        -0.0053318151043649994,
        0.02364395378536484,
        0.9997062244465063,
        1.0033107618660893
      ],
      [
        0.0,
        0.0,
        0.0,
        1.0
      ]
    ],
    "location": [
      7.643763335589028,
      3.782125265455761,
      1.0033107618660893
    ],
    "rotation": [
      0.023646493491428094,
      0.005331840367052352,
      -3.0963552555383758
    ]
  },
  {
    "label_id": "8NLlvAKuhnxik6iFB8B7Eg",
    "size": [
      2.055250993941187,
      4.364807949240838,
      1.4768688171186142
    ],
    "obj_class": "vehicle",
    "point_num_in_lidar": 1667,
    "speed": 0.02345527171519419,
    "if_vehicle": true,
    "motion_state": false,
    "pose": [
      [
        0.7014009368931656,
        0.7127382696665038,
        -0.006394112775645415,
        23.945732567419327
      ],
      [
        -0.7124531617698415,
        0.7013301021341035,
        0.023379053118634453,
        -8.913435221340478
      ],
      [
        0.021147529632217173,
        -0.011842583897363777,
        0.9997062244465063,
        0.8253031194037419
      ],
      [
        0.0,
        0.0,
        0.0,
        1.0
      ]
    ],
    "location": [
      23.945732567419327,
      -8.913435221340478,
      0.8253031194037419
    ],
    "rotation": [
      -0.011845509911664196,
      -0.021149106208872337,
      -0.7932150942766595
    ]
  },
  {
    "label_id": "96oSGvwng3hYVTEmFvPUhg",
    "size": [
      2.126385526695436,
      4.918689501194873,
      1.730000000000004
    ],
    "obj_class": "vehicle",
    "point_num_in_lidar": 3431,
    "speed": 0.022727060228778923,
    "if_vehicle": true,
    "motion_state": false,
    "pose": [
      [
        0.6463041819580146,
        0.7630530910135898,
        -0.006394112775645415,
        17.056878232750933
      ],
      [
        -0.7627634950945785,
        0.6462548030199691,
        0.023379053118634453,
        -9.210481602422078
      ],
      [
        0.021971684839457124,
        -0.010232783992011819,
        0.9997062244465063,
        0.9564961353428032
      ],
      [
        0.0,
        0.0,
        0.0,
        1.0
      ]
    ],
    "location": [
      17.056878232750933,
      -9.210481602422078,
      0.9564961353428032
    ],
    "rotation": [
      -0.010235433566874536,
      -0.0219734530468222,
      -0.8678606444253554
    ]
  },
  {
    "label_id": "9s8YOLhpbgSWdr7GIkOUUQ",
    "size": [
      1.9175413712082232,
      4.427614966261043,
      1.4400000000000048
    ],
    "obj_class": "vehicle",
    "point_num_in_lidar": 44,
    "speed": 1.449228509952941e-12,
    "if_vehicle": true,
    "motion_state": false,
    "pose": [
      [
        -0.04823724914508477,
        -0.9988154399671278,
        -0.006394112775645415,
        -18.65247102392823
      ],
      [
        0.9985556271294024,
        -0.04837436721531445,
        0.023379053118634453,
        9.999034006292277
      ],
      [
        -0.02366067038612893,
        -0.005257136082560989,
        0.9997062244465063,
        0.5761387631605928
      ],
      [
        0.0,
        0.0,
        0.0,
        1.0
      ]
    ],
    "location": [
      -18.65247102392823,
      9.999034006292277,
      0.5761387631605928
    ],
    "rotation": [
      -0.005258632481233652,
      0.023662878590764408,
      1.6190658259026836
    ]
  },
  {
    "label_id": "DQe9EgHTvbMojU92WrDD-w",
    "size": [
      2.2950943813652978,
      6.332258661657688,
      2.200000000000003
    ],
    "obj_class": "vehicle",
    "point_num_in_lidar": 54,
    "speed": 0.050639415180362184,
    "if_vehicle": true,
    "motion_state": false,
    "pose": [
      [
        -0.9769502541011856,
        0.213371310942781,
        -0.006394112775645415,
        -43.70177253046859
      ],
      [
        -0.21346339768497546,
        -0.9766712843756911,
        0.023379053118634453,
        0.6504607178230799
      ],
      [
        -0.0012565271245086763,
        0.024205080923165225,
        0.9997062244465063,
        1.1383750035709
      ],
      [
        0.0,
        0.0,
        0.0,
        1.0
      ]
    ],
    "location": [
      -43.70177253046859,
      0.6504607178230799,
      1.1383750035709
    ],
    "rotation": [
      0.024207464229820997,
      0.001256527455155734,
      -2.9264737772205396
    ]
  },
  {
    "label_id": "DRWDacxgi2UUnlkU8Pb7_A",
    "size": [
      2.1156286003790425,
      4.90184441837974,
      1.720000000000006
    ],
    "obj_class": "vehicle",
    "point_num_in_lidar": 763,
    "speed": 0.02285939833745742,
    "if_vehicle": true,
    "motion_state": false,
    "pose": [
      [
        0.728219981364046,
        0.685313631897076,
        -0.006394112775645415,
        7.081001900995034
      ],
      [
        -0.6850314504272849,
        0.72813826420589,
        0.023379053118634453,
        -10.35628971101869
      ],
      [
        0.020677781980641196,
        -0.01264492527746501,
        0.9997062244465063,
        0.910871196791021
      ],
      [
        0.0,
        0.0,
        0.0,
        1.0
      ]
    ],
    "location": [
      7.081001900995034,
      -10.35628971101869,
      0.910871196791021
    ],
    "rotation": [
      -0.012647966659643906,
      -0.02067925579973942,
      -0.7548479775083904
    ]
  },
  {
    "label_id": "Go_3rbTk6d2Upk1krZLsKw",
    "size": [
      2.102583894566865,
      4.719586221317513,
      1.8100000000000023
    ],
    "obj_class": "vehicle",
    "point_num_in_lidar": 93,
    "speed": 0.012656333673307181,
    "if_vehicle": true,
    "motion_state": false,
    "pose": [
      [
        -0.9981350316393679,
        0.060708927976783116,
        -0.006394112775645415,
        -36.73506253079904
      ],
      [
        -0.06084279022703761,
        -0.9978735264314134,
        0.023379053118634453,
        1.1979340321850032
      ],
      [
        -0.004961198611888876,
        0.02372448758656328,
        0.9997062244465063,
        0.9589007206020526
      ],
      [
        0.0,
        0.0,
        0.0,
        1.0
      ]
    ],
    "location": [
      -36.73506253079904,
      1.1979340321850032,
      0.9589007206020526
    ],
    "rotation": [
      0.023727005769107447,
      0.004961218964184416,
      -3.0807115120805126
    ]
  },
  {
    "label_id": "HILMjKmKIoQMgeZ6T8zTSg",
    "size": [
      0.7527797330444924,
      0.1029191474772233,
      0.7700000000000031
    ],
    "obj_class": "sign",
    "point_num_in_lidar": 69,
    "speed": 7.105427357601002e-13,
    "if_vehicle": false,
    "motion_state": false,
    "pose": [
      [
        0.9905404502966433,
        0.13707199439686918,
        -0.006394112775645415,
        -12.307767069973124
      ],
      [
        -0.136889248458514,
        0.9903104329106805,
        0.023379053118634453,
        4.2251387638043525
      ],
      [
        0.009536770029010693,
        -0.022282612511224233,
        0.9997062244465063,
        2.5299674728565265
      ],
      [
        0.0,
        0.0,
        0.0,
        1.0
      ]
    ],
    "location": [
      -12.307767069973124,
      4.2251387638043525,
      2.5299674728565265
    ],
    "rotation": [
      -0.022285470486982432,
      -0.009536914596438899,
      -0.13732669916255716
    ]
  },
  {
    "label_id": "HLzwX9g0ze44_rFIbQGHjQ",
    "size": [
      0.7569672513809526,
      0.9552332451112164,
      1.2294117647058869
    ],
    "obj_class": "pedestrian",
    "point_num_in_lidar": 56,
    "speed": 1.7577856506325392e-12,
    "if_vehicle": false,
    "motion_state": false,
    "pose": [
      [
        0.44207185064943577,
        0.8969568519082706,
        -0.006394112775645415,
        19.926931563827566
      ],
      [
        -0.8966639231581657,
        0.4420941401804411,
        0.023379053118634453,
        -15.114876668250872
      ],
      [
        0.02379680167565233,
        -0.004601851032060231,
        0.9997062244465063,
        0.7082476134685081
      ],
      [
        0.0,
        0.0,
        0.0,
        1.0
      ]
    ],
    "location": [
      19.926931563827566,
      -15.114876668250872,
      0.7082476134685081
    ],
    "rotation": [
      -0.004603170827919601,
      -0.023799048221144453,
      -1.112749546567227
    ]
  },
  {
    "label_id": "ISEQHFwDwMdTSWtovFFxdA",
    "size": [
      2.067280165625665,
      4.46258473180494,
      1.4600000000000009
    ],
    "obj_class": "vehicle",
    "point_num_in_lidar": 709,
    "speed": 6.355287432313019e-13,
    "if_vehicle": true,
    "motion_state": false,
    "pose": [
      [
        0.6804486609464797,
        0.7327678589689609,
        -0.006394112775645415,
        2.8345081533670964
      ],
      [
        -0.7324808178130464,
        0.6803861193551841,
        0.023379053118634453,
        -9.84028315114847
      ],
      [
        0.021481884276604166,
        -0.011224680433677832,
        0.9997062244465063,
        0.7813463258450142
      ],
      [
        0.0,
        0.0,
        0.0,
        1.0
      ]
    ],
    "location": [
      2.8345081533670964,
      -9.84028315114847,
      0.7813463258450142
    ],
    "rotation": [
      -0.011227507147305063,
      -0.021483536832164047,
      -0.8222072581930223
    ]
  },
  {
    "label_id": "NHPW81G5lMyXru_I2sGKqA",
    "size": [
      2.0742041171234926,
      4.576080974769498,
      1.4400000000000048
    ],
    "obj_class": "vehicle",
    "point_num_in_lidar": 264,
    "speed": 2.2781733181718378e-12,
    "if_vehicle": true,
    "motion_state": false,
    "pose": [
      [
        0.6994554184624252,
        0.7146476284892898,
        -0.006394112775645415,
        -0.4596637214972361
      ],
      [
        -0.7143623285575995,
        0.6993853611658171,
        0.023379053118634453,
        -10.377844018274118
      ],
      [
        0.02117973374048698,
        -0.011784892090879774,
        0.9997062244465063,
        0.7779739823074152
      ],
      [
        0.0,
        0.0,
        0.0,
        1.0
      ]
    ],
    "location": [
      -0.4596637214972361,
      -10.377844018274118,
      0.7779739823074152
    ],
    "rotation": [
      -0.01178780920947112,
      -0.02118131753166604,
      -0.7959415009400838
    ]
  },
  {
    "label_id": "OXd0i5MfXfgVle65_zBBXw",
    "size": [
      2.0389075321438375,
      4.734929776064892,
      1.470000000000006
    ],
    "obj_class": "vehicle",
    "point_num_in_lidar": 81,
    "speed": 5.123796534383003e-13,
    "if_vehicle": true,
    "motion_state": false,
    "pose": [
      [
        -0.6583164642432481,
        0.752714121182857,
        -0.006394112775645415,
        -29.42500382864364
      ],
      [
        -0.7526221735012132,
        -0.6580374486528756,
        0.023379053118634453,
        10.160813417951431
      ],
      [
        0.013390177764995799,
        0.02020316664123264,
        0.9997062244465063,
        0.724555476882017
      ],
      [
        0.0,
        0.0,
        0.0,
        1.0
      ]
    ],
    "location": [
      -29.42500382864364,
      10.160813417951431,
      0.724555476882017
    ],
    "rotation": [
      0.020206353070156724,
      -0.013390577933422972,
      -2.2894547705320085
    ]
  },
  {
    "label_id": "OZ4f6oU4TQjwr6mNJyvgGQ",
    "size": [
      2.0144046292384155,
      4.141152403826658,
      1.6300000000000026
    ],
    "obj_class": "vehicle",
    "point_num_in_lidar": 4911,
    "speed": 0.08377884685097291,
    "if_vehicle": true,
    "motion_state": false,
    "pose": [
      [
        -0.9982086129484846,
        0.05948680826262703,
        -0.006394112775645415,
        19.157865818684513
      ],
      [
        -0.05962099058843694,
        -0.9979472718317985,
        0.023379053118634453,
        4.601219135633073
      ],
      [
        -0.004990242150010211,
        0.023718395523219204,
        0.9997062244465063,
        0.8603961611796649
      ],
      [
        0.0,
        0.0,
        0.0,
        1.0
      ]
    ],
    "location": [
      19.157865818684513,
      4.601219135633073,
      0.8603961611796649
    ],
    "rotation": [
      0.02372091534467586,
      0.004990262861840404,
      -3.0819355406037445
    ]
  },
  {
    "label_id": "QW1dNo-qptHTwGloiIyEng",
    "size": [
      0.6554218017578369,
      0.8193279148933641,
      1.7039215686274503
    ],
    "obj_class": "pedestrian",
    "point_num_in_lidar": 97,
    "speed": 0.006836428035233512,
    "if_vehicle": false,
    "motion_state": false,
    "pose": [
      [
        0.9972398126958963,
        -0.07397209809154895,
        -0.006394112775645415,
        20.248845523683485
      ],
      [
        0.07410247223973389,
        0.9969765511200529,
        0.023379053118634453,
        -15.818840742125758
      ],
      [
        0.004645382891956473,
        -0.02378834211748943,
        0.9997062244465063,
        0.9217764231517549
      ],
      [
        0.0,
        0.0,
        0.0,
        1.0
      ]
    ],
    "location": [
      20.248845523683485,
      -15.818840742125758,
      0.9217764231517549
    ],
    "rotation": [
      -0.023790843015596183,
      -0.004645399599689058,
      0.07417126042906658
    ]
  },
  {
    "label_id": "RqRoUISiOVfgjg-WLH6oig",
    "size": [
      1.8839428583990774,
      4.431572760151295,
      1.5400000000000063
    ],
    "obj_class": "vehicle",
    "point_num_in_lidar": 22,
    "speed": 0.005655056192562489,
    "if_vehicle": true,
    "motion_state": false,
    "pose": [
      [
        0.07709526589864991,
        0.9970032273256836,
        -0.006394112775645415,
        -27.18449230403803
      ],
      [
        -0.9967395586864258,
        0.07722481482571014,
        0.023379053118634453,
        -22.546571928020057
      ],
      [
        0.023802775586171065,
        0.004570850829548265,
        0.9997062244465063,
        0.9028491150417466
      ],
      [
        0.0,
        0.0,
        0.0,
        1.0
      ]
    ],
    "location": [
      -27.18449230403803,
      -22.546571928020057,
      0.9028491150417466
    ],
    "rotation": [
      0.004572162168270853,
      -0.023805023824283178,
      -1.4936025697629665
    ]
  },
  {
    "label_id": "XvVgKHrB7eBfiBwcpoWd3g",
    "size": [
      0.7460676117629395,
      0.8228660025952748,
      1.5900000000000034
    ],
    "obj_class": "pedestrian",
    "point_num_in_lidar": 32,
    "speed": 1.440004442182515,
    "if_vehicle": false,
    "motion_state": true,
    "pose": [
      [
        0.999781290405664,
        -0.019911973196990933,
        -0.006394112775645415,
        -6.64502355156128
      ],
      [
        0.02005639915317123,
        0.9995254677737255,
        0.023379053118634453,
        -15.666265603354987
      ],
      [
        0.005925555484005661,
        -0.023502182773469653,
        0.9997062244465063,
        0.8540949721972666
      ],
      [
        0.0,
        0.0,
        0.0,
        1.0
      ]
    ],
    "location": [
      -6.64502355156128,
      -15.666265603354987,
      0.8540949721972666
    ],
    "rotation": [
      -0.02350475962499754,
      -0.005925590161109487,
      0.020058096233979975
    ]
  },
  {
    "label_id": "ZviVb5z3QVQup2GQG1c_8A",
    "size": [
      2.069351397857598,
      4.46975232666588,
      1.4400000000000048
    ],
    "obj_class": "vehicle",
    "point_num_in_lidar": 5386,
    "speed": 0.09135495312866662,
    "if_vehicle": true,
    "motion_state": false,
    "pose": [
      [
        -0.9970069403370778,
        0.07704723383425793,
        -0.006394112775645415,
        13.201887816992894
      ],
      [
        -0.07717679546376008,
        -0.9967432779393203,
        0.023379053118634453,
        4.1196027003406925
      ],
      [
        -0.00457199755505553,
        0.023802555351645955,
        0.9997062244465063,
        0.7587687247770418
      ],
      [
        0.0,
        0.0,
        0.0,
        1.0
      ]
    ],
    "location": [
      13.201887816992894,
      4.1196027003406925,
      0.7587687247770418
    ],
    "rotation": [
      0.023805052376078766,
      0.004572013483406014,
      -3.064338228851884
    ]
  },
  {
    "label_id": "cvsSzEWkCO_fUj4Y4e3xgA",
    "size": [
      0.7530615077668146,
      0.8484543407193996,
      1.7100000000000009
    ],
    "obj_class": "pedestrian",
    "point_num_in_lidar": 32,
    "speed": 1.4970216625842254,
    "if_vehicle": false,
    "motion_state": true,
    "pose": [
      [
        -0.9004642062777883,
        0.4348831205442733,
        -0.006394112775645415,
        -6.6062291061325595
      ],
      [
        -0.4349077524437442,
        -0.9001714651884979,
        0.023379053118634453,
        -14.734976438618105
      ],
      [
        0.00441135770976885,
        0.0238328497261252,
        0.9997062244465063,
        1.012521209870087
      ],
      [
        0.0,
        0.0,
        0.0,
        1.0
      ]
    ],
    "location": [
      -6.6062291061325595,
      -14.734976438618105,
      1.012521209870087
    ],
    "rotation": [
      0.023835338462038277,
      -0.004411372017454146,
      -2.6916521231214503
    ]
  },
  {
    "label_id": "h14DkRFx53Pkx5pEtWdarQ",
    "size": [
      0.8347280264472864,
      0.12141330286285525,
      0.7900000000000063
    ],
    "obj_class": "sign",
    "point_num_in_lidar": 31,
    "speed": 0.017148635492771666,
    "if_vehicle": false,
    "motion_state": false,
    "pose": [
      [
        -0.997332647634631,
        0.0727097330754911,
        -0.006394112775645415,
        -33.15019867994215
      ],
      [
        -0.07284044035562727,
        -0.9970695512972374,
        0.023379053118634453,
        -15.207856744780656
      ],
      [
        -0.0046754904443430684,
        0.02378244293625993,
        0.9997062244465063,
        2.65641443513627
      ],
      [
        0.0,
        0.0,
        0.0,
        1.0
      ]
    ],
    "location": [
      -33.15019867994215,
      -15.207856744780656,
      2.65641443513627
    ],
    "rotation": [
      0.023784945439307134,
      0.004675507479045166,
      -3.068686848722222
    ]
  },
  {
    "label_id": "iMUAR45EX3cmZKOzXxFuBQ",
    "size": [
      2.1973917554267417,
      4.821743567278267,
      1.8300000000000054
    ],
    "obj_class": "vehicle",
    "point_num_in_lidar": 330,
    "speed": 0.017324888347980124,
    "if_vehicle": true,
    "motion_state": false,
    "pose": [
      [
        0.9984778790773511,
        -0.05478175166062875,
        -0.006394112775645415,
        -6.647611194547608
      ],
      [
        0.05491716415475258,
        0.9982171732426146,
        0.023379053118634453,
        -6.878958569483075
      ],
      [
        0.005101967698293573,
        -0.02369461391365498,
        0.9997062244465063,
        1.053016725138356
      ],
      [
        0.0,
        0.0,
        0.0,
        1.0
      ]
    ],
    "location": [
      -6.647611194547608,
      -6.878958569483075,
      1.053016725138356
    ],
    "rotation": [
      -0.02369714011609791,
      -0.005101989832652636,
      0.05494552159430283
    ]
  },
  {
    "label_id": "k2lGwS9hat1VWw7Gs3kL-g",
    "size": [
      2.0645598613166882,
      4.688562644750567,
      1.6000000000000014
    ],
    "obj_class": "vehicle",
    "point_num_in_lidar": 411,
    "speed": 1.0247593068766006e-12,
    "if_vehicle": true,
    "motion_state": false,
    "pose": [
      [
        -0.9961287463098175,
        0.0876734629009463,
        -0.006394112775645415,
        1.858323385087715
      ],
      [
        -0.08780020585910393,
        -0.9958637174465064,
        0.023379053118634453,
        3.34446307494909
      ],
      [
        -0.004317942372270592,
        0.02384995129096396,
        0.9997062244465063,
        0.8489456672619653
      ],
      [
        0.0,
        0.0,
        0.0,
        1.0
      ]
    ],
    "location": [
      1.858323385087715,
      3.34446307494909,
      0.8489456672619653
    ],
    "rotation": [
      0.023852435328591704,
      0.004317955790120177,
      -3.053678426094804
    ]
  },
  {
    "label_id": "kj0_f_xDpwHjzq-hnWZI7Q",
    "size": [
      2.0565997429997203,
      4.515148634566527,
      1.4600000000000009
    ],
    "obj_class": "vehicle",
    "point_num_in_lidar": 1120,
    "speed": 7.105427357601002e-13,
    "if_vehicle": true,
    "motion_state": false,
    "pose": [
      [
        0.6400326200597626,
        0.7683211311562684,
        -0.006394112775645415,
        10.327161204780168
      ],
      [
        -0.7680311405069764,
        0.639985614749917,
        0.023379053118634453,
        -9.809972486596962
      ],
      [
        0.02205476073297344,
        -0.010052478894426797,
        0.9997062244465063,
        0.7511082096149124
      ],
      [
        0.0,
        0.0,
        0.0,
        1.0
      ]
    ],
    "location": [
      10.327161204780168,
      -9.809972486596962,
      0.7511082096149124
    ],
    "rotation": [
      -0.010055094047950167,
      -0.022056549076221236,
      -0.8760529255943215
    ]
  },
  {
    "label_id": "l4IU7hYAbEicJJhcNV-PYQ",
    "size": [
      1.7797335311146565,
      3.629981180814881,
      1.4200000000000017
    ],
    "obj_class": "vehicle",
    "point_num_in_lidar": 111,
    "speed": 6.355287432313019e-13,
    "if_vehicle": true,
    "motion_state": false,
    "pose": [
      [
        0.7087620154301132,
        0.7054186847576808,
        -0.006394112775645415,
        -7.661596939417905
      ],
      [
        -0.7051343275528119,
        0.7086882248082863,
        0.023379053118634453,
        -10.276480141723368
      ],
      [
        0.021023453334023206,
        -0.012061476394859457,
        0.9997062244465063,
        0.6736329231372267
      ],
      [
        0.0,
        0.0,
        0.0,
        1.0
      ]
    ],
    "location": [
      -7.661596939417905,
      -10.276480141723368,
      0.6736329231372267
    ],
    "rotation": [
      -0.012064435440328102,
      -0.021025002319364047,
      -0.782832430813893
    ]
  },
  {
    "label_id": "oGhYcNPyTUhm8059vJgk7Q",
    "size": [
      1.963712890757084,
      4.522243896407982,
      1.5799999999999983
    ],
    "obj_class": "vehicle",
    "point_num_in_lidar": 125,
    "speed": 2.9511311102236384,
    "if_vehicle": true,
    "motion_state": true,
    "pose": [
      [
        -0.11931384368535967,
        -0.9928359995622832,
        -0.006394112775645415,
        -21.117480966919175
      ],
      [
        0.9925670733784332,
        -0.11943209250552467,
        0.023379053118634453,
        -14.785624725112939
      ],
      [
        -0.023975227840370792,
        -0.0035571411152655473,
        0.9997062244465063,
        0.9183750035709153
      ],
      [
        0.0,
        0.0,
        0.0,
        1.0
      ]
    ],
    "location": [
      -21.117480966919175,
      -14.785624725112939,
      0.9183750035709153
    ],
    "rotation": [
      -0.00355817140719977,
      0.023977525307674667,
      1.6904296405350925
    ]
  },
  {
    "label_id": "pgI18KkKJl2QaGwb8uesjQ",
    "size": [
      2.1390806501442774,
      4.556199328982984,
      1.730000000000004
    ],
    "obj_class": "vehicle",
    "point_num_in_lidar": 38,
    "speed": 7.077787382585849,
    "if_vehicle": true,
    "motion_state": true,
    "pose": [
      [
        0.9981228310149337,
        -0.06090919083805234,
        -0.006394112775645415,
        -52.91953700469003
      ],
      [
        0.06104300061766068,
        0.9978612989543528,
        0.023379053118634453,
        -6.5848523937766
      ],
      [
        0.0049564384719502875,
        -0.023725482515333053,
        0.9997062244465063,
        0.8983750035707772
      ],
      [
        0.0,
        0.0,
        0.0,
        1.0
      ]
    ],
    "location": [
      -52.91953700469003,
      -6.5848523937766,
      0.8983750035707772
    ],
    "rotation": [
      -0.02372800043005007,
      -0.004956458765719105,
      0.0610817257675822
    ]
  },
  {
    "label_id": "scHfJy5WqY6CcgOK_NwZpA",
    "size": [
      1.6805972847365296,
      3.9600297986178874,
      1.5300000000000011
    ],
    "obj_class": "vehicle",
    "point_num_in_lidar": 29,
    "speed": 0.0009024060094384374,
    "if_vehicle": true,
    "motion_state": false,
    "pose": [
      [
        0.6660331751420341,
        0.7458947143746447,
        -0.006394112775645415,
        -41.488312149987905
      ],
      [
        -0.7456065084556543,
        0.6659762416361745,
        0.023379053118634453,
        -12.206422073446447
      ],
      [
        0.021696639343195673,
        -0.01080373287909771,
        0.9997062244465063,
        0.7675198701203954
      ],
      [
        0.0,
        0.0,
        0.0,
        1.0
      ]
    ],
    "location": [
      -41.488312149987905,
      -12.206422073446447,
      0.7675198701203954
    ],
    "rotation": [
      -0.010806487003634697,
      -0.021698341964934354,
      -0.8417080084527089
    ]
  },
  {
    "label_id": "t8XzvTv7TV6G03bn5R6WcA",
    "size": [
      0.7511716528409276,
      1.15743233501867,
      1.6400000000000006
    ],
    "obj_class": "pedestrian",
    "point_num_in_lidar": 66,
    "speed": 1.4966064427883494,
    "if_vehicle": false,
    "motion_state": true,
    "pose": [
      [
        -0.999273258478885,
        -0.03757752268050288,
        -0.006394112775645415,
        2.1313303650449598
      ],
      [
        0.03741863350889553,
        -0.9990261586873505,
        0.023379053118634453,
        6.831198297228184
      ],
      [
        -0.007266412823280918,
        0.023122803627442366,
        0.9997062244465063,
        0.9560111201557433
      ],
      [
        0.0,
        0.0,
        0.0,
        1.0
      ]
    ],
    "location": [
      2.1313303650449598,
      6.831198297228184,
      0.9560111201557433
    ],
    "rotation": [
      0.023125475250174037,
      0.007266476770147917,
      3.104164294001294
    ]
  },
  {
    "label_id": "uerLA_2iAXAAaqnatEnvSA",
    "size": [
      2.185544963728009,
      4.681033581852892,
      1.4300000000000068
    ],
    "obj_class": "vehicle",
    "point_num_in_lidar": 2395,
    "speed": 0.00500149122843643,
    "if_vehicle": true,
    "motion_state": false,
    "pose": [
      [
        0.6275551841247344,
        0.7785458279382037,
        -0.006394112775645415,
        20.491272521440806
      ],
      [
        -0.778255116757648,
        0.6275128629086545,
        0.023379053118634453,
        -9.138689250534298
      ],
      [
        0.02221405228026456,
        -0.009695394999755101,
        0.9997062244465063,
        0.8064873701478845
      ],
      [
        0.0,
        0.0,
        0.0,
        1.0
      ]
    ],
    "location": [
      20.491272521440806,
      -9.138689250534298,
      0.8064873701478845
    ],
    "rotation": [
      -0.009697940064792233,
      -0.02221587965903453,
      -0.8921882683610339
    ]
  },
  {
    "label_id": "utUGhFL-R1s-OBA6Xo3RDQ",
    "size": [
      2.1325482430775824,
      4.870659034134611,
      1.490000000000002
    ],
    "obj_class": "vehicle",
    "point_num_in_lidar": 146,
    "speed": 8.038873388460929e-13,
    "if_vehicle": true,
    "motion_state": false,
    "pose": [
      [
        -0.9963773498718318,
        0.08480148574286527,
        -0.006394112775645415,
        -4.112056127808501
      ],
      [
        -0.08492899219237979,
        -0.9961126874809209,
        0.023379053118634453,
        3.237235064390916
      ],
      [
        -0.004386678421282676,
        0.02383740454285777,
        0.9997062244465063,
        0.6746777284336147
      ],
      [
        0.0,
        0.0,
        0.0,
        1.0
      ]
    ],
    "location": [
      -4.112056127808501,
      3.237235064390916,
      0.6746777284336147
    ],
    "rotation": [
      0.023839892028795457,
      0.004386692490174982,
      -3.056560410594119
    ]
  },
  {
    "label_id": "v44dcr8KRiDCUB5WxhWz-A",
    "size": [
      1.9555931691389539,
      4.405898393964798,
      1.5100000000000051
    ],
    "obj_class": "vehicle",
    "point_num_in_lidar": 2281,
    "speed": 0.001827918163717325,
    "if_vehicle": true,
    "motion_state": false,
    "pose": [
      [
        0.6847067224598781,
        0.7287906554972173,
        -0.006394112775645415,
        13.304808100201626
      ],
      [
        -0.7285039836244818,
        0.6846425094299484,
        0.023379053118634453,
        -8.989129102157676
      ],
      [
        0.021416116863529837,
        -0.011349658206273712,
        0.9997062244465063,
        0.7835184496410008
      ],
      [
        0.0,
        0.0,
        0.0,
        1.0
      ]
    ],
    "location": [
      13.304808100201626,
      -8.989129102157676,
      0.7835184496410008
    ],
    "rotation": [
      -0.01135250571174001,
      -0.021417754285390125,
      -0.8163795642505005
    ]
  },
  {
    "label_id": "wAkzx5aXp8ha5mzB6NAV1g",
    "size": [
      2.3192441512334074,
      4.606269919017848,
      1.9500000000000028
    ],
    "obj_class": "vehicle",
    "point_num_in_lidar": 490,
    "speed": 0.04051062945979235,
    "if_vehicle": true,
    "motion_state": false,
    "pose": [
      [
        0.6808893713825132,
        0.7323583680549696,
        -0.006394112775645415,
        -4.112544205685481
      ],
      [
        -0.7320713645760564,
        0.6808266571184084,
        0.023379053118634453,
        -10.551972792358356
      ],
      [
        0.021475127614914352,
        -0.011237601916545463,
        0.9997062244465063,
        1.0111995469294897
      ],
      [
        0.0,
        0.0,
        0.0,
        1.0
      ]
    ],
    "location": [
      -4.112544205685481,
      -10.551972792358356,
      1.0111995469294897
    ],
    "rotation": [
      -0.01124043079617547,
      -0.021476778611422182,
      -0.8216055567286298
    ]
  }
]