[
  {
    "label_id": "0hUJD_UUzazySnRUTRKYwA",
    "size": [
      0.9165517844487387,
      0.9233328798593736,
      1.6500000000000057
    ],
    "obj_class": "pedestrian",
    "point_num_in_lidar": 741,
    "speed": 0.7470217733205081,
    "if_vehicle": false,
    "motion_state": false,
    "pose": [
      [
        0.9864964542124453,
        -0.16378215187546813,
        -0.0003905807392079627,
        21.774721174570004
      ],
      [
        0.16374565752139716,
        0.986220371484117,
        0.023595307004051908,
        6.725791190363452
      ],
      [
        -0.0034792914735697084,
        -0.023340642595508082,
        0.9997215156902799,
        0.9571847267764682
      ],
      [
        0.0,
        0.0,
        0.0,
        1.0
      ]
    ],
    "location": [
      21.774721174570004,
      6.725791190363452,
      0.9571847267764682
    ],
    "rotation": [
      -0.023342903704037472,
      0.0034792984933505527,
      0.16448737694389257
    ]
  },
  {
    "label_id": "5CF_vufhnlbE-ZYcnQIqtg",
    "size": [
      0.9143052721835361,
      0.7936790778877523,
      1.7844607843137368
    ],
    "obj_class": "pedestrian",
    "point_num_in_lidar": 200,
    "speed": 0.9526184237726958,
    "if_vehicle": false,
    "motion_state": false,
    "pose": [
      [
        -0.9945239330302039,
        0.10450834453200607,
        -0.0003905807392079627,
        21.991474909664248
      ],
      [
        -0.10448842194359087,
        -0.9942461622591875,
        0.023595307004051908,
        8.57275336240673
      ],
      [
        0.002077573072708039,
        0.02350690868780622,
        0.9997215156902799,
        1.084656096018172
      ],
      [
        0.0,
        0.0,
        0.0,
        1.0
      ]
    ],
    "location": [
      21.991474909664248,
      8.57275336240673,
      1.084656096018172
    ],
    "rotation": [
      0.0235091248594279,
      -0.002077574567285803,
      -3.036912933523716
    ]
  },
  {
    "label_id": "5TfIhDaGwG7wy8E9HfiYNA",
    "size": [
      2.0753455018042852,
      4.400591282594326,
      1.4400000000000048
    ],
    "obj_class": "vehicle",
    "point_num_in_lidar": 70,
    "speed": 0.3466528414210314,
    "if_vehicle": true,
    "motion_state": false,
    "pose": [
      [
        -0.9998556617168864,
        -0.016985381343181463,
        -0.0003905807392079627,
        -35.1178199073629
      ],
      [
        0.016971439227783797,
        -0.9995775266270857,
        0.023595307004051908,
        -1.3991014195453317
      ],
      [
        -0.0007911910166189363,
        0.023585272580670395,
        0.9997215156902799,
        0.7883750035709554
      ],
      [
        0.0,
        0.0,
        0.0,
        1.0
      ]
    ],
    "location": [
      -35.1178199073629,
      -1.3991014195453317,
      0.7883750035709554
    ],
    "rotation": [
      0.023587467122852944,
      0.0007911910991643436,
      3.1246203942304764
    ]
  },
  {
    "label_id": "7WhMfgaFj6HkR53LFyZ3dA",
    "size": [
      2.2032936747022083,
      5.843094606045561,
      1.9500000000000028
    ],
    "obj_class": "vehicle",
    "point_num_in_lidar": 1830,
    "speed": 1.034565839472708e-12,
    "if_vehicle": true,
    "motion_state": false,
    "pose": [
      [
        -0.998983109267517,
        0.04508430818910481,
        -0.0003905807392079627,
        7.643763335589028
      ],
      [
        -0.04508096629482655,
        -0.99870464501038,
        0.023595307004051908,
        3.782125265453942
      ],
      [
        0.0006737032942886392,
        0.023588920912169038,
        0.9997215156902799,
        1.0100805067253944
      ],
      [
        0.0,
        0.0,
        0.0,
        1.0
      ]
    ],
    "location": [
      7.643763335589028,
      3.782125265453942,
      1.0100805067253944
    ],
    "rotation": [
      0.023591114440317813,
      -0.0006737033452516236,
      -3.0964963934465235
    ]
  },
  {
    "label_id": "8NLlvAKuhnxik6iFB8B7Eg",
    "size": [
      2.055250993941189,
      4.364807949240838,
      1.4768688171186142
    ],
    "obj_class": "vehicle",
    "point_num_in_lidar": 2310,
    "speed": 0.023455272302349832,
    "if_vehicle": true,
    "motion_state": false,
    "pose": [
      [
        0.701415222107022,
        0.712752785784274,
        -0.0003905807392079627,
        23.956842974230312
      ],
      [
        -0.7125479398650508,
        0.7012265645862658,
        0.023595307004051908,
        -8.928559842370305
      ],
      [
        0.01709150638852155,
        -0.016271800001856837,
        0.9997215156902799,
        0.825216093116687
      ],
      [
        0.0,
        0.0,
        0.0,
        1.0
      ]
    ],
    "location": [
      23.956842974230312,
      -8.928559842370305,
      0.825216093116687
    ],
    "rotation": [
      -0.016274895630257517,
      -0.017092338625235126,
      -0.7932714149958695
    ]
  },
  {
    "label_id": "96oSGvwng3hYVTEmFvPUhg",
    "size": [
      2.126385526695436,
      4.918689501194873,
      1.730000000000004
    ],
    "obj_class": "vehicle",
    "point_num_in_lidar": 2947,
    "speed": 0.02272706079781352,
    "if_vehicle": true,
    "motion_state": false,
    "pose": [
      [
        0.6463173450334676,
        0.7630686318776153,
        -0.0003905807392079627,
        17.067168608489737
      ],
      [
        -0.7628502892335225,
        0.6461444867084417,
        0.023595307004051908,
        -9.225474062721332
      ],
      [
        0.018257210225567935,
        -0.014952101548234575,
        0.9997215156902799,
        0.9574053461250784
      ],
      [
        0.0,
        0.0,
        0.0,
        1.0
      ]
    ],
    "location": [
      17.067168608489737,
      -9.225474062721332,
      0.9574053461250784
    ],
    "rotation": [
      -0.014955151594820207,
      -0.01825822464404109,
      -0.8679067183270406
    ]
  },
  {
    "label_id": "DQe9EgHTvbMojU92WrDD-w",
    "size": [
      2.2950943813680915,
      6.332258661657688,
      2.200000000000003
    ],
    "obj_class": "vehicle",
    "point_num_in_lidar": 44,
    "speed": 0.05391722361973687,
    "if_vehicle": true,
    "motion_state": false,
    "pose": [
      [
        -0.9779685799604779,
        0.20875177617632953,
        -0.0003905807392079627,
        -43.74442847622777
      ],
      [
        -0.20870268675401918,
        -0.9776944563763458,
        0.023595307004051908,
        0.6440172271268239
      ],
      [
        0.004543693623030623,
        0.023156984134151234,
        0.9997215156902799,
        1.1383750035708644
      ],
      [
        0.0,
        0.0,
        0.0,
        1.0
      ]
    ],
    "location": [
      -43.74442847622777,
      0.6440172271268239,
      1.1383750035708644
    ],
    "rotation": [
      0.023159293380971092,
      -0.004543709257383257,
      -2.931342203601645
    ]
  },
  {
    "label_id": "DRWDacxgi2UUnlkU8Pb7_A",
    "size": [
      2.1156286003790465,
      4.90184441837974,
      1.720000000000006
    ],
    "obj_class": "vehicle",
    "point_num_in_lidar": 468,
    "speed": 0.0228593989102883,
    "if_vehicle": true,
    "motion_state": false,
    "pose": [
      [
        0.7282348127930056,
        0.6853275894658132,
        -0.0003905807392079627,
        7.094642266253686
      ],
      [
        -0.685130129684851,
        0.7280384377801791,
        0.023595307004051908,
        -10.368474465150939
      ],
      [
        0.016454872662992705,
        -0.016915325346383275,
        0.9997215156902799,
        0.9128815329540174
      ],
      [
        0.0,
        0.0,
        0.0,
        1.0
      ]
    ],
    "location": [
      7.094642266253686,
      -10.368474465150939,
      0.9128815329540174
    ],
    "rotation": [
      -0.016918422922615275,
      -0.01645561531481026,
      -0.7549096992716205
    ]
  },
  {
    "label_id": "Go_3rbTk6d2Upk1krZLsKw",
    "size": [
      2.1025838945668656,
      4.719586221317513,
      1.8100000000000023
    ],
    "obj_class": "vehicle",
    "point_num_in_lidar": 77,
    "speed": 0.012656333991923736,
    "if_vehicle": true,
    "motion_state": false,
    "pose": [
      [
        -0.9981553603438696,
        0.060710164416561505,
        -0.0003905807392079627,
        -36.74515206574324
      ],
      [
        -0.060702465721180966,
        -0.9978769824696596,
        0.023595307004051908,
        1.197069613070198
      ],
      [
        0.0010427234382236257,
        0.023575491378986787,
        0.9997215156902799,
        0.9631117775198916
      ],
      [
        0.0,
        0.0,
        0.0,
        1.0
      ]
    ],
    "location": [
      -36.74515206574324,
      1.197069613070198,
      0.9631117775198916
    ],
    "rotation": [
      0.02357768863670386,
      -0.0010427236271777472,
      -3.080852813556967
    ]
  },
  {
    "label_id": "HILMjKmKIoQMgeZ6T8zTSg",
    "size": [
      0.7527797330444919,
      0.1029191474772233,
      0.7700000000000031
    ],
    "obj_class": "sign",
    "point_num_in_lidar": 58,
    "speed": 7.105427357601002e-13,
    "if_vehicle": false,
    "motion_state": false,
    "pose": [
      [
        0.9905606243246797,
        0.13707478609936513,
        -0.0003905807392079627,
        -12.307767069973124
      ],
      [
        -0.13702750494580898,
        0.9902861830681627,
        0.023595307004051908,
        4.2251387638025335
      ],
      [
        0.003621108369939462,
        -0.02331906173289259,
        0.9997215156902799,
        2.5317858944211054
      ],
      [
        0.0,
        0.0,
        0.0,
        1.0
      ]
    ],
    "location": [
      -12.307767069973124,
      4.2251387638025335,
      2.5317858944211054
    ],
    "rotation": [
      -0.023321328579312316,
      -0.003621116283571976,
      -0.13746089318098323
    ]
  },
  {
    "label_id": "ISEQHFwDwMdTSWtovFFxdA",
    "size": [
      2.0672801656256605,
      4.46258473180494,
      1.4600000000000009
    ],
    "obj_class": "vehicle",
    "point_num_in_lidar": 499,
    "speed": 6.355287432313019e-13,
    "if_vehicle": true,
    "motion_state": false,
    "pose": [
      [
        0.6804625194318745,
        0.7327827830231219,
        -0.0003905807392079627,
        2.8345081533670964
      ],
      [
        -0.7325725552162009,
        0.680279878308473,
        0.023595307004051908,
        -9.840283151150288
      ],
      [
        0.017555938950452144,
        -0.01576959332060591,
        0.9997215156902799,
        0.7880135804471919
      ],
      [
        0.0,
        0.0,
        0.0,
        1.0
      ]
    ],
    "location": [
      2.8345081533670964,
      -9.840283151150288,
      0.7880135804471919
    ],
    "rotation": [
      -0.01577267803627536,
      -0.017556840897781114,
      -0.8222595498355963
    ]
  },
  {
    "label_id": "NHPW81G5lMyXru_I2sGKqA",
    "size": [
      2.0742041171234944,
      4.576080974769498,
      1.4400000000000048
    ],
    "obj_class": "vehicle",
    "point_num_in_lidar": 181,
    "speed": 2.2781733181718378e-12,
    "if_vehicle": true,
    "motion_state": false,
    "pose": [
      [
        0.6994696640525133,
        0.7146621834943768,
        -0.0003905807392079627,
        -0.4596637214963266
      ],
      [
        -0.7144568240590718,
        0.6992815656391986,
        0.023595307004051908,
        -10.377844018274118
      ],
      [
        0.017135799534557756,
        -0.016225148388866933,
        0.9997215156902799,
        0.7816954267953875
      ],
      [
        0.0,
        0.0,
        0.0,
        1.0
      ]
    ],
    "location": [
      -0.4596637214963266,
      -10.377844018274118,
      0.7816954267953875
    ],
    "rotation": [
      -0.016228243345583374,
      -0.017136638258924527,
      -0.7959974405775668
    ]
  },
  {
    "label_id": "OXd0i5MfXfgVle65_zBBXw",
    "size": [
      2.0389075321438397,
      4.734929776064892,
      1.470000000000006
    ],
    "obj_class": "vehicle",
    "point_num_in_lidar": 36,
    "speed": 5.123796534383003e-13,
    "if_vehicle": true,
    "motion_state": false,
    "pose": [
      [
        -0.6583298719691015,
        0.752729451476314,
        -0.0003905807392079627,
        -29.42500382864364
      ],
      [
        -0.7525260100190813,
        -0.6581397007719152,
        0.023595307004051908,
        10.160813417951431
      ],
      [
        0.017503825807745618,
        0.015827417604315608,
        0.9997215156902799,
        0.7245554768819957
      ],
      [
        0.0,
        0.0,
        0.0,
        1.0
      ]
    ],
    "location": [
      -29.42500382864364,
      10.160813417951431,
      0.7245554768819957
    ],
    "rotation": [
      0.01583050398662895,
      -0.017504719746122416,
      -2.2895281853156173
    ]
  },
  {
    "label_id": "OZ4f6oU4TQjwr6mNJyvgGQ",
    "size": [
      2.0144046292384163,
      4.141152403826658,
      1.6300000000000026
    ],
    "obj_class": "vehicle",
    "point_num_in_lidar": 5508,
    "speed": 0.10226776770546467,
    "if_vehicle": true,
    "motion_state": false,
    "pose": [
      [
        -0.9982289431515938,
        0.05948801981187527,
        -0.0003905807392079627,
        19.243492444471485
      ],
      [
        -0.0594806619563309,
        -0.9979505560600791,
        0.023595307004051908,
        4.574253587374187
      ],
      [
        0.001013857824645376,
        0.023576750374907616,
        0.9997215156902799,
        0.8706837272905759
      ],
      [
        0.0,
        0.0,
        0.0,
        1.0
      ]
    ],
    "location": [
      19.243492444471485,
      4.574253587374187,
      0.8706837272905759
    ],
    "rotation": [
      0.023578947283345208,
      -0.0010138579983374988,
      -3.0820768317921545
    ]
  },
  {
    "label_id": "QW1dNo-qptHTwGloiIyEng",
    "size": [
      0.6554218017561706,
      0.8193279148933641,
      1.7039215686274503
    ],
    "obj_class": "pedestrian",
    "point_num_in_lidar": 80,
    "speed": 0.006836428209355402,
    "if_vehicle": false,
    "motion_state": false,
    "pose": [
      [
        0.9972779535732986,
        -0.07373283368581326,
        -0.0003905807392079627,
        20.25362776705515
      ],
      [
        0.07372150228139884,
        0.9969996998940162,
        0.023595307004051908,
        -15.816185536761623
      ],
      [
        -0.0013503399673207423,
        -0.023559873681791195,
        0.9997215156902799,
        0.9323220153983698
      ],
      [
        0.0,
        0.0,
        0.0,
        1.0
      ]
    ],
    "location": [
      20.25362776705515,
      -15.816185536761623,
      0.9323220153983698
    ],
    "rotation": [
      -0.023562075266068412,
      0.0013503403776934525,
      0.07378851119776086
    ]
  },
  {
    "label_id": "RF1YBGT1X2eN20snbrXSZQ",
    "size": [
      0.9306152253345801,
      0.852179300946112,
      1.5405882352941163
    ],
    "obj_class": "pedestrian",
    "point_num_in_lidar": 682,
    "speed": 1.0364303745322936,
    "if_vehicle": false,
    "motion_state": true,
    "pose": [
      [
        -0.9959559257320245,
        0.08984231433991405,
        -0.0003905807392079627,
        22.419941111487788
      ],
      [
        -0.08982648697112855,
        -0.9956778915521877,
        0.023595307004051908,
        7.566301467990343
      ],
      [
        0.0017309643819093277,
        0.023534970325833477,
        0.9997215156902799,
        0.8990948268629708
      ],
      [
        0.0,
        0.0,
        0.0,
        1.0
      ]
    ],
    "location": [
      22.419941111487788,
      7.566301467990343,
      0.8990948268629708
    ],
    "rotation": [
      0.023537178785305778,
      -0.0017309652463072807,
      -3.0516447921421213
    ]
  },
  {
    "label_id": "RqRoUISiOVfgjg-WLH6oig",
    "size": [
      1.8839428583990712,
      4.431572760151295,
      1.5400000000000063
    ],
    "obj_class": "vehicle",
    "point_num_in_lidar": 39,
    "speed": 0.001776963047592829,
    "if_vehicle": true,
    "motion_state": false,
    "pose": [
      [
        0.07709683607385578,
        0.9970235329790803,
        -0.0003905807392079627,
        -27.184127313616955
      ],
      [
        -0.9967453191109178,
        0.07708456601589721,
        0.023595307004051908,
        -22.549841265377836
      ],
      [
        0.023555184097681883,
        -0.0014298139926632722,
        0.9997215156902799,
        0.9061387631612305
      ],
      [
        0.0,
        0.0,
        0.0,
        1.0
      ]
    ],
    "location": [
      -27.184127313616955,
      -22.549841265377836,
      0.9061387631612305
    ],
    "rotation": [
      -0.0014302113091753965,
      -0.023557362894415658,
      -1.4936014481798003
    ]
  },
  {
    "label_id": "ZviVb5z3QVQup2GQG1c_8A",
    "size": [
      2.069351397857599,
      4.46975232666588,
      1.4400000000000048
    ],
    "obj_class": "vehicle",
    "point_num_in_lidar": 3514,
    "speed": 0.04030043827525007,
    "if_vehicle": true,
    "motion_state": false,
    "pose": [
      [
        -0.997027246066096,
        0.07704880303121107,
        -0.0003905807392079627,
        13.26525385867535
      ],
      [
        -0.077036546376595,
        -0.9967490316071298,
        0.023595307004051908,
        4.141413092500443
      ],
      [
        0.0014286791882462165,
        0.023555252953563737,
        0.9997215156902799,
        0.7635417311154029
      ],
      [
        0.0,
        0.0,
        0.0,
        1.0
      ]
    ],
    "location": [
      13.26525385867535,
      4.141413092500443,
      0.7635417311154029
    ],
    "rotation": [
      0.02355745581571522,
      -0.0014286796742652794,
      -3.064479626918875
    ]
  },
  {
    "label_id": "cvsSzEWkCO_fUj4Y4e3xgA",
    "size": [
      0.7530615077672508,
      0.8484543407193996,
      1.7100000000000009
    ],
    "obj_class": "pedestrian",
    "point_num_in_lidar": 30,
    "speed": 1.633789068461807,
    "if_vehicle": false,
    "motion_state": true,
    "pose": [
      [
        -0.9768782126927417,
        0.21379617632904613,
        -0.0003905807392079627,
        -5.398770732689627
      ],
      [
        -0.21374567284107987,
        -0.9766043461039371,
        0.023595307004051908,
        -14.19266636050088
      ],
      [
        0.004663143569361274,
        0.023133226276955528,
        0.9997215156902799,
        1.0125212098700658
      ],
      [
        0.0,
        0.0,
        0.0,
        1.0
      ]
    ],
    "location": [
      -5.398770732689627,
      -14.19266636050088,
      1.0125212098700658
    ],
    "rotation": [
      0.02313554163654468,
      -0.00466316046946459,
      -2.9261826268317463
    ]
  },
  {
    "label_id": "h14DkRFx53Pkx5pEtWdarQ",
    "size": [
      0.8347280264472848,
      0.12141330286285525,
      0.7900000000000063
    ],
    "obj_class": "sign",
    "point_num_in_lidar": 23,
    "speed": 0.017148635926458978,
    "if_vehicle": false,
    "motion_state": false,
    "pose": [
      [
        -0.9973529599972293,
        0.07271121393190394,
        -0.0003905807392079627,
        -33.163849019436384
      ],
      [
        -0.07270016756800313,
        -0.9970746948563928,
        0.023595307004051908,
        -15.20924593070231
      ],
      [
        0.0013262052439980058,
        0.02356124456772378,
        0.9997215156902799,
        2.6740240751108146
      ],
      [
        0.0,
        0.0,
        0.0,
        1.0
      ]
    ],
    "location": [
      -33.163849019436384,
      -15.20924593070231,
      2.6740240751108146
    ],
    "rotation": [
      0.023563445772685515,
      -0.0013262056327577754,
      -3.068828228584436
    ]
  },
  {
    "label_id": "iMUAR45EX3cmZKOzXxFuBQ",
    "size": [
      2.19739175542674,
      4.821743567278267,
      1.8300000000000054
    ],
    "obj_class": "vehicle",
    "point_num_in_lidar": 231,
    "speed": 0.01732488878219682,
    "if_vehicle": true,
    "motion_state": false,
    "pose": [
      [
        0.9984982147645195,
        -0.05478286738345798,
        -0.0003905807392079627,
        -6.654145015786526
      ],
      [
        0.05477682160302617,
        0.9982197960882436,
        0.023595307004051908,
        -6.891183975843887
      ],
      [
        -0.0009027331486267849,
        -0.023581266691839763,
        0.9997215156902799,
        1.064741896896571
      ],
      [
        0.0,
        0.0,
        0.0,
        1.0
      ]
    ],
    "location": [
      -6.654145015786526,
      -6.891183975843887,
      1.064741896896571
    ],
    "rotation": [
      -0.023583462346714226,
      0.0009027332712371201,
      0.054804273986263294
    ]
  },
  {
    "label_id": "jMGHvd_g07NfKjTg9VxCWQ",
    "size": [
      0.8940892438942237,
      0.9789737546767773,
      1.7464521148686387
    ],
    "obj_class": "pedestrian",
    "point_num_in_lidar": 25,
    "speed": 1.3234858007521872,
    "if_vehicle": false,
    "motion_state": true,
    "pose": [
      [
        -0.9791828216729789,
        0.20297992311366503,
        -0.0003905807392079627,
        -35.39663949675651
      ],
      [
        -0.20293245137189886,
        -0.9789084133194363,
        0.023595307004051908,
        -17.00082853334061
      ],
      [
        0.004407030829834579,
        0.02318338079733387,
        0.9997215156902799,
        1.0879001663077759
      ],
      [
        0.0,
        0.0,
        0.0,
        1.0
      ]
    ],
    "location": [
      -35.39663949675651,
      -17.00082853334061,
      1.0879001663077759
    ],
    "rotation": [
      0.0231856832217821,
      -0.0044070450954598345,
      -2.9372388803146707
    ]
  },
  {
    "label_id": "k2lGwS9hat1VWw7Gs3kL-g",
    "size": [
      2.064559861316689,
      4.688562644750567,
      1.6000000000000014
    ],
    "obj_class": "vehicle",
    "point_num_in_lidar": 218,
    "speed": 1.0247593068766006e-12,
    "if_vehicle": true,
    "motion_state": false,
    "pose": [
      [
        -0.9961490341529324,
        0.08767524851898638,
        -0.0003905807392079627,
        1.858323385087715
      ],
      [
        -0.08766002609319193,
        -0.9958709661962867,
        0.023595307004051908,
        3.344463074947271
      ],
      [
        0.0016797563873293371,
        0.023538680600418697,
        0.9997215156902799,
        0.8554332142211152
      ],
      [
        0.0,
        0.0,
        0.0,
        1.0
      ]
    ],
    "location": [
      1.858323385087715,
      3.344463074947271,
      0.8554332142211152
    ],
    "rotation": [
      0.02354088803742763,
      -0.0016797571772586039,
      -3.053819845984432
    ]
  },
  {
    "label_id": "kj0_f_xDpwHjzq-hnWZI7Q",
    "size": [
      2.056599742999721,
      4.515148634566527,
      1.4600000000000009
    ],
    "obj_class": "vehicle",
    "point_num_in_lidar": 699,
    "speed": 7.105427357601002e-13,
    "if_vehicle": true,
    "motion_state": false,
    "pose": [
      [
        0.6400456554042727,
        0.7683367793128224,
        -0.0003905807392079627,
        10.327161204780168
      ],
      [
        -0.7681170281748778,
        0.6398745912404855,
        0.023595307004051908,
        -9.8099724866006
      ],
      [
        0.018379064881237625,
        -0.014802062019210662,
        0.9997215156902799,
        0.7574579237365384
      ],
      [
        0.0,
        0.0,
        0.0,
        1.0
      ]
    ],
    "location": [
      10.327161204780168,
      -9.8099724866006,
      0.7574579237365384
    ],
    "rotation": [
      -0.014805103499067496,
      -0.018380099749351404,
      -0.876097903488514
    ]
  },
  {
    "label_id": "l4IU7hYAbEicJJhcNV-PYQ",
    "size": [
      1.7797335311146563,
      3.629981180814881,
      1.4200000000000017
    ],
    "obj_class": "vehicle",
    "point_num_in_lidar": 76,
    "speed": 6.355287432313019e-13,
    "if_vehicle": true,
    "motion_state": false,
    "pose": [
      [
        0.7087764505647574,
        0.7054330517997509,
        -0.0003905807392079627,
        -7.661596939418814
      ],
      [
        -0.705230175355102,
        0.7085856767222977,
        0.023595307004051908,
        -10.276480141723368
      ],
      [
        0.016921669345426743,
        -0.016448348625115714,
        0.9997215156902799,
        0.67483912483506
      ],
      [
        0.0,
        0.0,
        0.0,
        1.0
      ]
    ],
    "location": [
      -7.661596939418814,
      -10.276480141723368,
      0.67483912483506
    ],
    "rotation": [
      -0.01645144615233935,
      -0.01692247701612994,
      -0.7828902064264774
    ]
  },
  {
    "label_id": "rRTlTX4LIENa3p7s3Ba4YA",
    "size": [
      2.522893125096019,
      5.60249278825461,
      2.1200000000000045
    ],
    "obj_class": "vehicle",
    "point_num_in_lidar": 3322,
    "speed": 0.015225474556057309,
    "if_vehicle": true,
    "motion_state": false,
    "pose": [
      [
        0.6655485362855362,
        0.746354468932066,
        -0.0003905807392079627,
        27.24157794299208
      ],
      [
        -0.7461406011387797,
        0.6653701712728374,
        0.023595307004051908,
        -8.759866795764538
      ],
      [
        0.017870343601640894,
        -0.015412393892208748,
        0.9997215156902799,
        1.2050493127803605
      ],
      [
        0.0,
        0.0,
        0.0,
        1.0
      ]
    ],
    "location": [
      27.24157794299208,
      -8.759866795764538,
      1.2050493127803605
    ],
    "rotation": [
      -0.015415465988687385,
      -0.01787129488495066,
      -0.8424253652368919
    ]
  },
  {
    "label_id": "scHfJy5WqY6CcgOK_NwZpA",
    "size": [
      1.680597284736533,
      3.9600297986178874,
      1.5300000000000011
    ],
    "obj_class": "vehicle",
    "point_num_in_lidar": 27,
    "speed": 0.0009024060327754497,
    "if_vehicle": true,
    "motion_state": false,
    "pose": [
      [
        0.6660467400317293,
        0.7459099057793724,
        -0.0003905807392079627,
        -41.48768761660904
      ],
      [
        -0.7456961571307651,
        0.6658682322560476,
        0.023595307004051908,
        -12.206059746678875
      ],
      [
        0.01786004853059739,
        -0.015424322753819929,
        0.9997215156902799,
        0.7723446769116791
      ],
      [
        0.0,
        0.0,
        0.0,
        1.0
      ]
    ],
    "location": [
      -41.48768761660904,
      -12.206059746678875,
      0.7723446769116791
    ],
    "rotation": [
      -0.015427395335731174,
      -0.017860998170599374,
      -0.841757622965483
    ]
  },
  {
    "label_id": "t8XzvTv7TV6G03bn5R6WcA",
    "size": [
      0.7511716528446624,
      1.15743233501867,
      1.6400000000000077
    ],
    "obj_class": "pedestrian",
    "point_num_in_lidar": 103,
    "speed": 1.4551511267688582,
    "if_vehicle": false,
    "motion_state": true,
    "pose": [
      [
        -0.9999164669708392,
        -0.012919230907473163,
        -0.0003905807392079627,
        3.3285509647830622
      ],
      [
        0.012906419970667177,
        -0.9996382774838732,
        0.023595307004051908,
        6.773641605999728
      ],
      [
        -0.0006952726768782911,
        0.023588295017531208,
        0.9997215156902799,
        0.9664481921674835
      ],
      [
        0.0,
        0.0,
        0.0,
        1.0
      ]
    ],
    "location": [
      3.3285509647830622,
      6.773641605999728,
      0.9664481921674835
    ],
    "rotation": [
      0.02359048871968858,
      0.0006952727328945799,
      3.128685872156556
    ]
  },
  {
    "label_id": "uerLA_2iAXAAaqnatEnvSA",
    "size": [
      2.185544963728009,
      4.681033581852892,
      1.4300000000000068
    ],
    "obj_class": "vehicle",
    "point_num_in_lidar": 2650,
    "speed": 0.0018849479108401501,
    "if_vehicle": true,
    "motion_state": false,
    "pose": [
      [
        0.6275679653452026,
        0.7785616843379646,
        -0.0003905807392079627,
        20.493527741238722
      ],
      [
        -0.7783392022766287,
        0.6274004683507701,
        0.023595307004051908,
        -9.141084593878986
      ],
      [
        0.018615452502253892,
        -0.014503654507248524,
        0.9997215156902799,
        0.8068272677287212
      ],
      [
        0.0,
        0.0,
        0.0,
        1.0
      ]
    ],
    "location": [
      20.493527741238722,
      -9.141084593878986,
      0.8068272677287212
    ],
    "rotation": [
      -0.014506676974104002,
      -0.01861652782114351,
      -0.8922311076067468
    ]
  },
  {
    "label_id": "utUGhFL-R1s-OBA6Xo3RDQ",
    "size": [
      2.132548243077581,
      4.870659034134611,
      1.490000000000002
    ],
    "obj_class": "vehicle",
    "point_num_in_lidar": 92,
    "speed": 8.038873388460929e-13,
    "if_vehicle": true,
    "motion_state": false,
    "pose": [
      [
        -0.9963976427781778,
        0.0848032128682456,
        -0.0003905807392079627,
        -4.112056127807591
      ],
      [
        -0.08478879211244597,
        -0.9961195320941644,
        0.023595307004051908,
        3.237235064389097
      ],
      [
        0.0016118927393713918,
        0.023543425148564577,
        0.9997215156902799,
        0.6877936061317484
      ],
      [
        0.0,
        0.0,
        0.0,
        1.0
      ]
    ],
    "location": [
      -4.112056127807591,
      3.237235064389097,
      0.6877936061317484
    ],
    "rotation": [
      0.023545631277144968,
      -0.0016118934373750113,
      -3.0567018277791327
    ]
  },
  {
    "label_id": "v44dcr8KRiDCUB5WxhWz-A",
    "size": [
      1.9555931691389523,
      4.405898393964798,
      1.5100000000000051
    ],
    "obj_class": "vehicle",
    "point_num_in_lidar": 1530,
    "speed": 7.105427357601002e-13,
    "if_vehicle": true,
    "motion_state": false,
    "pose": [
      [
        0.6847206676678815,
        0.7288054985489179,
        -0.0003905807392079627,
        13.304808100202536
      ],
      [
        -0.728596338504182,
        0.6845368047122695,
        0.023595307004051908,
        -8.989129102159495
      ],
      [
        0.017463756375702397,
        -0.015871618669165883,
        0.9997215156902799,
        0.7910192404918774
      ],
      [
        0.0,
        0.0,
        0.0,
        1.0
      ]
    ],
    "location": [
      13.304808100202536,
      -8.989129102159495,
      0.7910192404918774
    ],
    "rotation": [
      -0.015874706254087892,
      -0.017464644188400977,
      -0.8164326613914424
    ]
  },
  {
    "label_id": "wAkzx5aXp8ha5mzB6NAV1g",
    "size": [
      2.3192441512334043,
      4.606269919017848,
      1.9500000000000028
    ],
    "obj_class": "vehicle",
    "point_num_in_lidar": 361,
    "speed": 0.040510630474630945,
    "if_vehicle": true,
    "motion_state": false,
    "pose": [
      [
        0.6809032388437193,
        0.7323732837691577,
        -0.0003905807392079627,
        -4.1220382155643165
      ],
      [
        -0.732163165877286,
        0.6807204712801975,
        0.023595307004051908,
        -10.582964267532589
      ],
      [
        0.017546448776965512,
        -0.015780152130021645,
        0.9997215156902799,
        1.026200840705016
      ],
      [
        0.0,
        0.0,
        0.0,
        1.0
      ]
    ],
    "location": [
      -4.1220382155643165,
      -10.582964267532589,
      1.026200840705016
    ],
    "rotation": [
      -0.01578323715790713,
      -0.017547349262259235,
      -0.8216579314274616
    ]
  }
]