[
  {
    "label_id": "-37Tr49YQag_EecI_gdFqA",
    "size": [
      2.0614844075240524,
      4.778170597256613,
      1.470000000000006
    ],
    "obj_class": "vehicle",
    "point_num_in_lidar": 31,
    "speed": 3.1776437161565096e-13,
    "if_vehicle": true,
    "motion_state": false,
    "pose": [
      [
        0.6660364957654442,
        0.7458984331610019,
        -0.005560010472093914,
        -38.09545921678182
      ],
      [
        -0.7456024232160954,
        0.6659523848273157,
        0.024175351850538658,
        -12.74363263278974
      ],
      [
        0.021735059299988504,
        -0.011956109349329325,
        0.9996922719749577,
        0.6283750035706603
      ],
      [
        0.0,
        0.0,
        0.0,
        1.0
      ]
    ],
    "location": [
      -38.09545921678182,
      -12.74363263278974,
      0.6283750035706603
    ],
    "rotation": [
      -0.011959219531631192,
      -0.021736770983940175,
      -0.84170280921736
    ]
  },
  {
    "label_id": "5TfIhDaGwG7wy8E9HfiYNA",
    "size": [
      2.0753455018048723,
      4.400591282594326,
      1.4400000000000048
    ],
    "obj_class": "vehicle",
    "point_num_in_lidar": 83,
    "speed": 0.020498868881295526,
    "if_vehicle": true,
    "motion_state": false,
    "pose": [
      [
        -0.9998402832344305,
        -0.01698512011273696,
        -0.005560010472093914,
        -35.27953785643331
      ],
      [
        0.016846020347272835,
        -0.9995657877105248,
        0.024175351850538658,
        -1.3963541819739476
      ],
      [
        -0.0059682175021663975,
        0.02407782659199064,
        0.9996922719749577,
        0.7861860113319921
      ],
      [
        0.0,
        0.0,
        0.0,
        1.0
      ]
    ],
    "location": [
      -35.27953785643331,
      -1.3963541819739476,
      0.7861860113319921
    ],
    "rotation": [
      0.024080582643300968,
      0.005968252933674397,
      3.1247455362815315
    ]
  },
  {
    "label_id": "7WhMfgaFj6HkR53LFyZ3dA",
    "size": [
      2.2032936747022083,
      5.843094606045561,
      1.9500000000000028
    ],
    "obj_class": "vehicle",
    "point_num_in_lidar": 5366,
    "speed": 1.034565839472708e-12,
    "if_vehicle": true,
    "motion_state": false,
    "pose": [
      [
        -0.9989677442058131,
        0.04508361476078715,
        -0.005560010472093914,
        7.643763335588119
      ],
      [
        -0.04520541519501914,
        -0.9986851469807431,
        0.024175351850538658,
        3.782125265453942
      ],
      [
        -0.004462787626001414,
        0.024401739285394096,
        0.9996922719749577,
        0.9982358290453277
      ],
      [
        0.0,
        0.0,
        0.0,
        1.0
      ]
    ],
    "location": [
      7.643763335588119,
      3.782125265453942,
      0.9982358290453277
    ],
    "rotation": [
      0.024404404657265018,
      0.00446280243996602,
      -3.096371377151791
    ]
  },
  {
    "label_id": "96oSGvwng3hYVTEmFvPUhg",
    "size": [
      2.1263855266954357,
      4.918689501194873,
      1.730000000000004
    ],
    "obj_class": "vehicle",
    "point_num_in_lidar": 3363,
    "speed": 0.0227270604190062,
    "if_vehicle": true,
    "motion_state": false,
    "pose": [
      [
        0.6463074042188587,
        0.7630568953462323,
        -0.005560010472093914,
        17.049164062324962
      ],
      [
        -0.7627587875185987,
        0.6462310611739889,
        0.024175351850538658,
        -9.19924251876364
      ],
      [
        0.02204022039449456,
        -0.011383762054314158,
        0.9996922719749577,
        0.9558145463412657
      ],
      [
        0.0,
        0.0,
        0.0,
        1.0
      ]
    ],
    "location": [
      17.049164062324962,
      -9.19924251876364,
      0.9558145463412657
    ],
    "rotation": [
      -0.01138677407858578,
      -0.02204200520248339,
      -0.8678551414114625
    ]
  },
  {
    "label_id": "9s8YOLhpbgSWdr7GIkOUUQ",
    "size": [
      1.917541371208227,
      4.427614966261043,
      1.4400000000000048
    ],
    "obj_class": "vehicle",
    "point_num_in_lidar": 95,
    "speed": 1.449228509952941e-12,
    "if_vehicle": true,
    "motion_state": false,
    "pose": [
      [
        -0.04823748964020154,
        -0.9988204197335784,
        -0.005560010472093914,
        -18.652471023929138
      ],
      [
        0.9985374393494328,
        -0.048358397206487734,
        0.024175351850538658,
        9.999034006290458
      ],
      [
        -0.02441570827744371,
        -0.004385720335122103,
        0.9996922719749577,
        0.576138763160607
      ],
      [
        0.0,
        0.0,
        0.0,
        1.0
      ]
    ],
    "location": [
      -18.652471023929138,
      9.999034006290458,
      0.576138763160607
    ],
    "rotation": [
      -0.00438704221486092,
      0.024418134738133,
      1.6190669440251588
    ]
  },
  {
    "label_id": "DQe9EgHTvbMojU92WrDD-w",
    "size": [
      2.2950943813664253,
      6.332258661657688,
      2.200000000000003
    ],
    "obj_class": "vehicle",
    "point_num_in_lidar": 65,
    "speed": 0.045063371231403145,
    "if_vehicle": true,
    "motion_state": false,
    "pose": [
      [
        -0.9761923270669051,
        0.2168354833952476,
        -0.005560010472093914,
        -43.673368129951996
      ],
      [
        -0.21690667752782006,
        -0.9758929478209917,
        0.024175351850538658,
        0.6545777196533891
      ],
      [
        -0.00018390090476556992,
        0.024805796379160323,
        0.9996922719749577,
        1.1383750035708715
      ],
      [
        0.0,
        0.0,
        0.0,
        1.0
      ]
    ],
    "location": [
      -43.673368129951996,
      0.6545777196533891,
      1.1383750035708715
    ],
    "rotation": [
      0.024808341451673037,
      0.00018390090580214404,
      -2.9229480642757975
    ]
  },
  {
    "label_id": "DRWDacxgi2UUnlkU8Pb7_A",
    "size": [
      2.115628600379044,
      4.90184441837974,
      1.720000000000006
    ],
    "obj_class": "vehicle",
    "point_num_in_lidar": 1042,
    "speed": 0.0228593985258868,
    "if_vehicle": true,
    "motion_state": false,
    "pose": [
      [
        0.7282236120302201,
        0.6853170486462522,
        -0.005560010472093914,
        7.070776414100692
      ],
      [
        -0.6850294498611756,
        0.7281141429650968,
        0.024175351850538658,
        -10.347155421628486
      ],
      [
        0.02061610303996149,
        -0.013796291131779858,
        0.9996922719749577,
        0.9093641501907044
      ],
      [
        0.0,
        0.0,
        0.0,
        1.0
      ]
    ],
    "location": [
      7.070776414100692,
      -10.347155421628486,
      0.9093641501907044
    ],
    "rotation": [
      -0.013799661917719745,
      -0.020617563708095022,
      -0.7548440318536388
    ]
  },
  {
    "label_id": "Go_3rbTk6d2Upk1krZLsKw",
    "size": [
      2.1025838945668656,
      4.719586221317513,
      1.8100000000000023
    ],
    "obj_class": "vehicle",
    "point_num_in_lidar": 98,
    "speed": 0.012656333780348717,
    "if_vehicle": true,
    "motion_state": false,
    "pose": [
      [
        -0.9981400080135255,
        0.06070923065160085,
        -0.005560010472093914,
        -36.72749892048705
      ],
      [
        -0.060826594294282325,
        -0.9978555395393971,
        0.024175351850538658,
        1.1985820431527827
      ],
      [
        -0.004080420237898013,
        0.024468582391084473,
        0.9996922719749577,
        0.9557439057725929
      ],
      [
        0.0,
        0.0,
        0.0,
        1.0
      ]
    ],
    "location": [
      -36.72749892048705,
      1.1985820431527827,
      0.9557439057725929
    ],
    "rotation": [
      0.024471228415257198,
      0.004080431561032936,
      -3.080727980924635
    ]
  },
  {
    "label_id": "HILMjKmKIoQMgeZ6T8zTSg",
    "size": [
      0.752779733044494,
      0.1029191474772233,
      0.7700000000000031
    ],
    "obj_class": "sign",
    "point_num_in_lidar": 81,
    "speed": 7.105427357601002e-13,
    "if_vehicle": false,
    "motion_state": false,
    "pose": [
      [
        0.9905453888067086,
        0.13707267779290147,
        -0.005560010472093914,
        -12.307767069974034
      ],
      [
        -0.13690158445932882,
        0.9902896084153503,
        0.024175351850538658,
        4.2251387638025335
      ],
      [
        0.008819800807934038,
        -0.02318560905509068,
        0.9996922719749577,
        2.5286042948533023
      ],
      [
        0.0,
        0.0,
        0.0,
        1.0
      ]
    ],
    "location": [
      -12.307767069974034,
      4.2251387638025335,
      2.5286042948533023
    ],
    "rotation": [
      -0.023188588968428566,
      -0.008819915159017304,
      -0.13733824341541037
    ]
  },
  {
    "label_id": "HLzwX9g0ze44_rFIbQGHjQ",
    "size": [
      0.7569672513809534,
      0.9552332451112164,
      1.2294117647058869
    ],
    "obj_class": "pedestrian",
    "point_num_in_lidar": 63,
    "speed": 1.7577856506325392e-12,
    "if_vehicle": false,
    "motion_state": false,
    "pose": [
      [
        0.4420740546748105,
        0.8969613238411803,
        -0.005560010472093914,
        19.926931563824837
      ],
      [
        -0.8966536011229802,
        0.4420722474393683,
        0.024175351850538658,
        -15.114876668252691
      ],
      [
        0.024142281925370462,
        -0.005701892403673318,
        0.9996922719749577,
        0.7071128378630789
      ],
      [
        0.0,
        0.0,
        0.0,
        1.0
      ]
    ],
    "location": [
      19.926931563824837,
      -15.114876668252691,
      0.7071128378630789
    ],
    "rotation": [
      -0.005703585727498997,
      -0.024144627761298363,
      -1.1127430034565233
    ]
  },
  {
    "label_id": "ISEQHFwDwMdTSWtovFFxdA",
    "size": [
      2.0672801656256636,
      4.46258473180494,
      1.4600000000000009
    ],
    "obj_class": "vehicle",
    "point_num_in_lidar": 898,
    "speed": 6.355287432313019e-13,
    "if_vehicle": true,
    "motion_state": false,
    "pose": [
      [
        0.6804520534405061,
        0.7327715123093616,
        -0.005560010472093914,
        2.8345081533670964
      ],
      [
        -0.7324771984662031,
        0.6803621874340204,
        0.024175351850538658,
        -9.840283151150288
      ],
      [
        0.021497830023080013,
        -0.012377586915303667,
        0.9996922719749577,
        0.7763482247482472
      ],
      [
        0.0,
        0.0,
        0.0,
        1.0
      ]
    ],
    "location": [
      2.8345081533670964,
      -9.840283151150288,
      0.7763482247482472
    ],
    "rotation": [
      -0.012380764391114983,
      -0.021499486261900014,
      -0.8222023081905299
    ]
  },
  {
    "label_id": "NHPW81G5lMyXru_I2sGKqA",
    "size": [
      2.074204117123494,
      4.576080974769498,
      1.4400000000000048
    ],
    "obj_class": "vehicle",
    "point_num_in_lidar": 357,
    "speed": 2.2781733181718378e-12,
    "if_vehicle": true,
    "motion_state": false,
    "pose": [
      [
        0.699458905717915,
        0.7146511914881601,
        -0.005560010472093914,
        -0.4596637214981456
      ],
      [
        -0.714359338875137,
        0.6993613424580885,
        0.024175351850538658,
        -10.377844018272299
      ],
      [
        0.02116540039247758,
        -0.012937819745739496,
        0.9996922719749577,
        0.7751842049723976
      ],
      [
        0.0,
        0.0,
        0.0,
        1.0
      ]
    ],
    "location": [
      -0.4596637214981456,
      -10.377844018272299,
      0.7751842049723976
    ],
    "rotation": [
      -0.01294107983171748,
      -0.021166980969916593,
      -0.7959369165714639
    ]
  },
  {
    "label_id": "OXd0i5MfXfgVle65_zBBXw",
    "size": [
      2.0389075321438463,
      4.734929776064892,
      1.470000000000006
    ],
    "obj_class": "vehicle",
    "point_num_in_lidar": 116,
    "speed": 5.123796534383003e-13,
    "if_vehicle": true,
    "motion_state": false,
    "pose": [
      [
        -0.6583197463933914,
        0.7527178739687871,
        -0.005560010472093914,
        -29.42500382864455
      ],
      [
        -0.7525979953716464,
        -0.6580363285757723,
        0.024175351850538658,
        10.160813417951431
      ],
      [
        0.014538530569485316,
        0.020099564234760857,
        0.9996922719749577,
        0.7245554768820384
      ],
      [
        0.0,
        0.0,
        0.0,
        1.0
      ]
    ],
    "location": [
      -29.42500382864455,
      10.160813417951431,
      0.7245554768820384
    ],
    "rotation": [
      0.02010304280355953,
      -0.014539042783672275,
      -2.2894731612040577
    ]
  },
  {
    "label_id": "OZ4f6oU4TQjwr6mNJyvgGQ",
    "size": [
      2.014404629238417,
      4.141152403826658,
      1.6300000000000026
    ],
    "obj_class": "vehicle",
    "point_num_in_lidar": 5075,
    "speed": 0.03178368068894557,
    "if_vehicle": true,
    "motion_state": false,
    "pose": [
      [
        -0.9982135896894945,
        0.059487104844358166,
        -0.005560010472093914,
        19.125341489113453
      ],
      [
        -0.05960481669021062,
        -0.9979292651236504,
        0.024175351850538658,
        4.614880476199687
      ],
      [
        -0.004110375474314239,
        0.02446356815771757,
        0.9996922719749577,
        0.8526840969900107
      ],
      [
        0.0,
        0.0,
        0.0,
        1.0
      ]
    ],
    "location": [
      19.125341489113453,
      4.614880476199687,
      0.8526840969900107
    ],
    "rotation": [
      0.024466215640833604,
      0.004110387048662302,
      -3.081951982590107
    ]
  },
  {
    "label_id": "QW1dNo-qptHTwGloiIyEng",
    "size": [
      0.6554218017589449,
      0.8193279148933641,
      1.7039215686274503
    ],
    "obj_class": "pedestrian",
    "point_num_in_lidar": 102,
    "speed": 0.006836428092046183,
    "if_vehicle": false,
    "motion_state": false,
    "pose": [
      [
        0.9972313801444652,
        -0.07415295502348596,
        -0.005560010472093914,
        20.245260519467593
      ],
      [
        0.07426647499867313,
        0.9969453561024164,
        0.024175351850538658,
        -15.820831214316058
      ],
      [
        0.003750352841584891,
        -0.02452134187010884,
        0.9996922719749577,
        0.9138709299137915
      ],
      [
        0.0,
        0.0,
        0.0,
        1.0
      ]
    ],
    "location": [
      20.245260519467593,
      -15.820831214316058,
      0.9138709299137915
    ],
    "rotation": [
      -0.02452397246875194,
      -0.0037503616331841867,
      0.0743354383093578
    ]
  },
  {
    "label_id": "TgdBnuHVxPOTzl8OMUYiRg",
    "size": [
      0.8323629950249439,
      0.11670498628292902,
      0.7900000000000063
    ],
    "obj_class": "sign",
    "point_num_in_lidar": 24,
    "speed": 0.003749680335838012,
    "if_vehicle": false,
    "motion_state": false,
    "pose": [
      [
        0.11622414751444063,
        0.9932074475244794,
        -0.005560010472093914,
        -15.470121403148369
      ],
      [
        -0.9929168822160186,
        0.11632548032707031,
        0.024175351850538658,
        -18.291981719898104
      ],
      [
        0.024657910393269568,
        0.002710868603349393,
        0.9996922719749577,
        2.8724728174540743
      ],
      [
        0.0,
        0.0,
        0.0,
        1.0
      ]
    ],
    "location": [
      -15.470121403148369,
      -18.291981719898104,
      2.8724728174540743
    ],
    "rotation": [
      0.002711696423723353,
      -0.024660409796989555,
      -1.4542733252661215
    ]
  },
  {
    "label_id": "XvVgKHrB7eBfiBwcpoWd3g",
    "size": [
      0.746067611764825,
      0.8228660025952748,
      1.5900000000000034
    ],
    "obj_class": "pedestrian",
    "point_num_in_lidar": 35,
    "speed": 1.440328574665809,
    "if_vehicle": false,
    "motion_state": true,
    "pose": [
      [
        0.9998577938548698,
        -0.015921003461554038,
        -0.005560010472093914,
        -5.781550836620227
      ],
      [
        0.01605099641334075,
        0.9995788702633932,
        0.024175351850538658,
        -15.638633479487908
      ],
      [
        0.005172773125851558,
        -0.024261157675090544,
        0.9996922719749577,
        0.8540949721973305
      ],
      [
        0.0,
        0.0,
        0.0,
        1.0
      ]
    ],
    "location": [
      -5.781550836620227,
      -15.638633479487908,
      0.8540949721973305
    ],
    "rotation": [
      -0.024263863027575397,
      -0.005172796194612679,
      0.01605190048319556
    ]
  },
  {
    "label_id": "ZviVb5z3QVQup2GQG1c_8A",
    "size": [
      2.069351397857598,
      4.46975232666588,
      1.4400000000000048
    ],
    "obj_class": "vehicle",
    "point_num_in_lidar": 5305,
    "speed": 0.09447461967965488,
    "if_vehicle": true,
    "motion_state": false,
    "pose": [
      [
        -0.9970119110869418,
        0.07704761796651559,
        -0.005560010472093914,
        13.147598310300054
      ],
      [
        -0.07716030713191882,
        -0.9967255587001923,
        0.024175351850538658,
        4.100916422961745
      ],
      [
        -0.0036791512705903282,
        0.024532125865388235,
        0.9996922719749577,
        0.7546794025996775
      ],
      [
        0.0,
        0.0,
        0.0,
        1.0
      ]
    ],
    "location": [
      13.147598310300054,
      4.100916422961745,
      0.7546794025996775
    ],
    "rotation": [
      0.02453475329427638,
      0.00367915957090063,
      -3.064355051749395
    ]
  },
  {
    "label_id": "cvsSzEWkCO_fUj4Y4e3xgA",
    "size": [
      0.7530615077666926,
      0.8484543407193996,
      1.7100000000000009
    ],
    "obj_class": "pedestrian",
    "point_num_in_lidar": 44,
    "speed": 1.3161414974275227,
    "if_vehicle": false,
    "motion_state": true,
    "pose": [
      [
        -0.23224280356095153,
        0.9726419518392673,
        -0.005560010472093914,
        -7.053773563104187
      ],
      [
        -0.9724039202365046,
        -0.23204777152901157,
        0.024175351850538658,
        -15.48765239545537
      ],
      [
        0.022223773370581602,
        0.011021127470461677,
        0.9996922719749577,
        1.0043048858253698
      ],
      [
        0.0,
        0.0,
        0.0,
        1.0
      ]
    ],
    "location": [
      -7.053773563104187,
      -15.48765239545537,
      1.0043048858253698
    ],
    "rotation": [
      0.011024073416595687,
      -0.02222560314979479,
      -1.805238214146556
    ]
  },
  {
    "label_id": "h14DkRFx53Pkx5pEtWdarQ",
    "size": [
      0.8347280264472835,
      0.12141330286285525,
      0.7900000000000063
    ],
    "obj_class": "sign",
    "point_num_in_lidar": 32,
    "speed": 0.017148635639918947,
    "if_vehicle": false,
    "motion_state": false,
    "pose": [
      [
        -0.9973376200083668,
        0.07271009558236578,
        -0.005560010472093914,
        -33.13996571587268
      ],
      [
        -0.07282402925473402,
        -0.997051760504944,
        0.024175351850538658,
        -15.206815342871778
      ],
      [
        -0.003785826085837173,
        0.024515890242757486,
        0.9996922719749577,
        2.6432133852109843
      ],
      [
        0.0,
        0.0,
        0.0,
        1.0
      ]
    ],
    "location": [
      -33.13996571587268,
      -15.206815342871778,
      2.6432133852109843
    ],
    "rotation": [
      0.024518522441635163,
      0.0037858351292744076,
      -3.068703578541568
    ]
  },
  {
    "label_id": "iMUAR45EX3cmZKOzXxFuBQ",
    "size": [
      2.197391755426741,
      4.821743567278267,
      1.8300000000000054
    ],
    "obj_class": "vehicle",
    "point_num_in_lidar": 395,
    "speed": 0.01732488849655887,
    "if_vehicle": true,
    "motion_state": false,
    "pose": [
      [
        0.9984828571608336,
        -0.054782024784488924,
        -0.005560010472093914,
        -6.642713121644192
      ],
      [
        0.0549010752988518,
        0.9981990905094696,
        0.024175351850538658,
        -6.869793805191875
      ],
      [
        0.004225622672217323,
        -0.02444392494218512,
        0.9996922719749577,
        1.044226961237115
      ],
      [
        0.0,
        0.0,
        0.0,
        1.0
      ]
    ],
    "location": [
      -6.642713121644192,
      -6.869793805191875,
      1.044226961237115
    ],
    "rotation": [
      -0.0244465781288555,
      -0.004225635247691836,
      0.05492918348685081
    ]
  },
  {
    "label_id": "k2lGwS9hat1VWw7Gs3kL-g",
    "size": [
      2.064559861316688,
      4.688562644750567,
      1.6000000000000014
    ],
    "obj_class": "vehicle",
    "point_num_in_lidar": 631,
    "speed": 1.0247593068766006e-12,
    "if_vehicle": true,
    "motion_state": false,
    "pose": [
      [
        -0.9961337126812938,
        0.08767390001209964,
        -0.005560010472093914,
        1.8583233850868055
      ],
      [
        -0.08778352953277789,
        -0.9958461750218607,
        0.024175351850538658,
        3.344463074947271
      ],
      [
        -0.0034173677808147602,
        0.02456996033773327,
        0.9996922719749577,
        0.8440822838297635
      ],
      [
        0.0,
        0.0,
        0.0,
        1.0
      ]
    ],
    "location": [
      1.8583233850868055,
      3.344463074947271,
      0.8440822838297635
    ],
    "rotation": [
      0.024572576600751947,
      0.003417374432415817,
      -3.053695474169754
    ]
  },
  {
    "label_id": "kj0_f_xDpwHjzq-hnWZI7Q",
    "size": [
      2.0565997429997216,
      4.515148634566527,
      1.4600000000000009
    ],
    "obj_class": "vehicle",
    "point_num_in_lidar": 1535,
    "speed": 7.105427357601002e-13,
    "if_vehicle": true,
    "motion_state": false,
    "pose": [
      [
        0.6400358110526543,
        0.7683249617536327,
        -0.005560010472093914,
        10.327161204779259
      ],
      [
        -0.7680262386283269,
        0.6399619122583209,
        0.024175351850538658,
        -9.809972486596962
      ],
      [
        0.022132721219843242,
        -0.0112028569995264,
        0.9996922719749577,
        0.7463481524388484
      ],
      [
        0.0,
        0.0,
        0.0,
        1.0
      ]
    ],
    "location": [
      10.327161204779259,
      -9.809972486596962,
      0.7463481524388484
    ],
    "rotation": [
      -0.011205836428387156,
      -0.022134528597638037,
      -0.8760473347210758
    ]
  },
  {
    "label_id": "l4IU7hYAbEicJJhcNV-PYQ",
    "size": [
      1.7797335311146552,
      3.629981180814881,
      1.4200000000000017
    ],
    "obj_class": "vehicle",
    "point_num_in_lidar": 125,
    "speed": 6.355287432313019e-13,
    "if_vehicle": true,
    "motion_state": false,
    "pose": [
      [
        0.7087655490852461,
        0.7054222017440617,
        -0.005560010472093914,
        -7.661596939419724
      ],
      [
        -0.7051316529333413,
        0.7086641689787881,
        0.024175351850538658,
        -10.276480141723368
      ],
      [
        0.02099401013106415,
        -0.013214117154161785,
        0.9996922719749577,
        0.6727286951770353
      ],
      [
        0.0,
        0.0,
        0.0,
        1.0
      ]
    ],
    "location": [
      -7.661596939419724,
      -10.276480141723368,
      0.6727286951770353
    ],
    "rotation": [
      -0.013217415011865815,
      -0.02099555261662599,
      -0.7828280415063749
    ]
  },
  {
    "label_id": "oGhYcNPyTUhm8059vJgk7Q",
    "size": [
      1.963712890757443,
      4.522243896407982,
      1.5799999999999983
    ],
    "obj_class": "vehicle",
    "point_num_in_lidar": 117,
    "speed": 3.26739606964424,
    "if_vehicle": true,
    "motion_state": true,
    "pose": [
      [
        -0.19654687382975555,
        -0.9804786650770635,
        -0.005560010472093914,
        -21.534200666559627
      ],
      [
        0.9801808264567882,
        -0.19662426048021237,
        0.024175351850538658,
        -12.903392801023074
      ],
      [
        -0.024796649657522162,
        -0.0006982258296876403,
        0.9996922719749577,
        0.9183750035708869
      ],
      [
        0.0,
        0.0,
        0.0,
        1.0
      ]
    ],
    "location": [
      -21.534200666559627,
      -12.903392801023074,
      0.9183750035708869
    ],
    "rotation": [
      -0.0006984406459121923,
      0.02479919149606969,
      1.7686928316220467
    ]
  },
  {
    "label_id": "pgI18KkKJl2QaGwb8uesjQ",
    "size": [
      2.139080650143191,
      4.556199328982984,
      1.730000000000004
    ],
    "obj_class": "vehicle",
    "point_num_in_lidar": 47,
    "speed": 6.257311035963645,
    "if_vehicle": true,
    "motion_state": true,
    "pose": [
      [
        0.9986929807659365,
        -0.050807641673264604,
        -0.005560010472093914,
        -48.915451028264215
      ],
      [
        0.05092782063243331,
        0.9984096901816074,
        0.024175351850538658,
        -6.370392504464689
      ],
      [
        0.004322875718702515,
        -0.024426913416717003,
        0.9996922719749577,
        0.8983750035707914
      ],
      [
        0.0,
        0.0,
        0.0,
        1.0
      ]
    ],
    "location": [
      -48.915451028264215,
      -6.370392504464689,
      0.8983750035707914
    ],
    "rotation": [
      -0.02442957152757238,
      -0.00432288918259551,
      0.05095033760554058
    ]
  },
  {
    "label_id": "qOk43BSYT2QZ29ws6A_thw",
    "size": [
      1.1151197425442658,
      1.3341153754663537,
      1.8800000000000026
    ],
    "obj_class": "pedestrian",
    "point_num_in_lidar": 42,
    "speed": 1.7595679496265593,
    "if_vehicle": false,
    "motion_state": true,
    "pose": [
      [
        0.9941304454762127,
        -0.10804510012405508,
        -0.005560010472093914,
        -26.47339748176728
      ],
      [
        0.10814882115282475,
        0.9938407240831686,
        0.024175351850538658,
        -17.78260737031451
      ],
      [
        0.0029137365222701057,
        -0.024634761882874497,
        0.9996922719749577,
        1.0681083070379245
      ],
      [
        0.0,
        0.0,
        0.0,
        1.0
      ]
    ],
    "location": [
      -26.47339748176728,
      -17.78260737031451,
      1.0681083070379245
    ],
    "rotation": [
      -0.024637358857959864,
      -0.002913740645155302,
      0.108361221466768
    ]
  },
  {
    "label_id": "scHfJy5WqY6CcgOK_NwZpA",
    "size": [
      1.6805972847365318,
      3.9600297986178874,
      1.5300000000000011
    ],
    "obj_class": "vehicle",
    "point_num_in_lidar": 36,
    "speed": 0.0009024060163960929,
    "if_vehicle": true,
    "motion_state": false,
    "pose": [
      [
        0.666036495765172,
        0.745898433161245,
        -0.005560010472093914,
        -41.48878033084384
      ],
      [
        -0.7456024232163385,
        0.6659523848270436,
        0.024175351850538658,
        -12.206693691368855
      ],
      [
        0.02173505929999287,
        -0.01195610934932139,
        0.9996922719749577,
        0.7639029582798784
      ],
      [
        0.0,
        0.0,
        0.0,
        1.0
      ]
    ],
    "location": [
      -41.48878033084384,
      -12.206693691368855,
      0.7639029582798784
    ],
    "rotation": [
      -0.011959219531623258,
      -0.02173677098394454,
      -0.841702809217725
    ]
  },
  {
    "label_id": "t8XzvTv7TV6G03bn5R6WcA",
    "size": [
      0.7511716528424481,
      1.15743233501867,
      1.6400000000000006
    ],
    "obj_class": "pedestrian",
    "point_num_in_lidar": 40,
    "speed": 1.4976211776004054,
    "if_vehicle": false,
    "motion_state": true,
    "pose": [
      [
        -0.9984125440739962,
        -0.05604889043719495,
        -0.005560010472093914,
        1.233835076575815
      ],
      [
        0.055899168842655535,
        -0.9981436947081331,
        0.024175351850538658,
        6.874345616282881
      ],
      [
        -0.006904691042383211,
        0.023826174580833782,
        0.9996922719749577,
        0.9481869790091721
      ],
      [
        0.0,
        0.0,
        0.0,
        1.0
      ]
    ],
    "location": [
      1.233835076575815,
      6.874345616282881,
      0.9481869790091721
    ],
    "rotation": [
      0.02382899759205178,
      0.006904745906806462,
      3.0856629975977232
    ]
  },
  {
    "label_id": "uerLA_2iAXAAaqnatEnvSA",
    "size": [
      2.185544963728009,
      4.681033581852892,
      1.4300000000000068
    ],
    "obj_class": "vehicle",
    "point_num_in_lidar": 1931,
    "speed": 0.005482649849637108,
    "if_vehicle": true,
    "motion_state": false,
    "pose": [
      [
        0.627558312909219,
        0.7785497095125556,
        -0.005560010472093914,
        20.48901827654572
      ],
      [
        -0.7782498331606443,
        0.6274892425757846,
        0.024175351850538658,
        -9.136294942669338
      ],
      [
        0.02231055992044834,
        -0.010844365799032283,
        0.9996922719749577,
        0.806147619500365
      ],
      [
        0.0,
        0.0,
        0.0,
        1.0
      ]
    ],
    "location": [
      20.48901827654572,
      -9.136294942669338,
      0.806147619500365
    ],
    "rotation": [
      -0.010847278478780139,
      -0.022312411223237884,
      -0.8921825147682559
    ]
  },
  {
    "label_id": "utUGhFL-R1s-OBA6Xo3RDQ",
    "size": [
      2.1325482430775824,
      4.870659034134611,
      1.490000000000002
    ],
    "obj_class": "vehicle",
    "point_num_in_lidar": 203,
    "speed": 8.038873388460929e-13,
    "if_vehicle": true,
    "motion_state": false,
    "pose": [
      [
        -0.9963823174827641,
        0.08480190853528259,
        -0.005560010472093914,
        -4.112056127807591
      ],
      [
        -0.08491236650617272,
        -0.9960950970551075,
        0.024175351850538658,
        3.237235064387278
      ],
      [
        -0.0034881831943901474,
        0.024560006749785535,
        0.9996922719749577,
        0.6648454231418839
      ],
      [
        0.0,
        0.0,
        0.0,
        1.0
      ]
    ],
    "location": [
      -4.112056127807591,
      3.237235064387278,
      0.6648454231418839
    ],
    "rotation": [
      0.024562625957161358,
      0.003488190268128367,
      -3.056577398212266
    ]
  },
  {
    "label_id": "v44dcr8KRiDCUB5WxhWz-A",
    "size": [
      1.9555931691389543,
      4.405898393964798,
      1.5100000000000051
    ],
    "obj_class": "vehicle",
    "point_num_in_lidar": 2692,
    "speed": 0.010416590176886627,
    "if_vehicle": true,
    "motion_state": false,
    "pose": [
      [
        0.6847101361832036,
        0.7287942890085849,
        -0.005560010472093914,
        13.304808100201626
      ],
      [
        -0.7285005037830022,
        0.6846185568262187,
        0.024175351850538658,
        -8.989129102159495
      ],
      [
        0.021425344708789297,
        -0.012502638027900007,
        0.9996922719749577,
        0.7778954911202618
      ],
      [
        0.0,
        0.0,
        0.0,
        1.0
      ]
    ],
    "location": [
      13.304808100201626,
      -8.989129102159495,
      0.7778954911202618
    ],
    "rotation": [
      -0.012505834629788217,
      -0.021426984248466285,
      -0.8163746924331823
    ]
  },
  {
    "label_id": "wAkzx5aXp8ha5mzB6NAV1g",
    "size": [
      2.319244151233408,
      4.606269919017848,
      1.9500000000000028
    ],
    "obj_class": "vehicle",
    "point_num_in_lidar": 595,
    "speed": 0.04051062979928951,
    "if_vehicle": true,
    "motion_state": false,
    "pose": [
      [
        0.6808927660737774,
        0.7323620193537828,
        -0.005560010472093914,
        -4.105427030173814
      ],
      [
        -0.7320677596273257,
        0.6808027230241744,
        0.024175351850538658,
        -10.528740062351062
      ],
      [
        0.021490379769293164,
        -0.012390517782509818,
        0.9996922719749577,
        0.9999538412614655
      ],
      [
        0.0,
        0.0,
        0.0,
        1.0
      ]
    ],
    "location": [
      -4.105427030173814,
      -10.528740062351062,
      0.9999538412614655
    ],
    "rotation": [
      -0.012393697254069452,
      -0.02149203428652084,
      -0.8216006147203084
    ]
  }
]