[
  {
    "label_id": "-37Tr49YQag_EecI_gdFqA",
    "size": [
      2.0614844075240537,
      4.778170597256613,
      1.470000000000006
    ],
    "obj_class": "vehicle",
    "point_num_in_lidar": 110,
    "speed": 3.1776437161565096e-13,
    "if_vehicle": true,
    "motion_state": false,
    "pose": [
      [
        0.6660281814572448,
        0.7458891219153027,
        -0.00747524669651638,
        -38.09545921678273
      ],
      [
        -0.7453381622527822,
        0.6658673456361613,
        0.03304091259481617,
        -12.74363263279156
      ],
      [
        0.029622379958412548,
        -0.016434592294045494,
        0.9994260446785084,
        0.6283750035707811
      ],
      [
        0.0,
        0.0,
        0.0,
        1.0
      ]
    ],
    "location": [
      -38.09545921678273,
      -12.74363263279156,
      0.6283750035707811
    ],
    "rotation": [
      -0.016442548484333862,
      -0.029626713870916106,
      -0.8415328862460669
    ]
  },
  {
    "label_id": "16PzcXDMMYoq8hgoqYjC-Q",
    "size": [
      0.5305112011630313,
      0.12094541017995653,
      0.5700000000000003
    ],
    "obj_class": "sign",
    "point_num_in_lidar": 21,
    "speed": 0.004761248216478706,
    "if_vehicle": false,
    "motion_state": false,
    "pose": [
      [
        -0.0277465563405045,
        -0.9995870393807983,
        -0.00747524669651638,
        -28.9567206064703
      ],
      [
        0.9990622949016614,
        -0.027979081484701577,
        0.03304091259481617,
        -25.445155478089873
      ],
      [
        -0.0332364185355321,
        -0.006551465576723965,
        0.9994260446785084,
        3.091915424481307
      ],
      [
        0.0,
        0.0,
        0.0,
        1.0
      ]
    ],
    "location": [
      -28.9567206064703,
      -25.445155478089873,
      3.091915424481307
    ],
    "rotation": [
      -0.006555134092199143,
      0.03324254073368707,
      1.5985617884508412
    ]
  },
  {
    "label_id": "5TfIhDaGwG7wy8E9HfiYNA",
    "size": [
      2.075345501806077,
      4.400591282594326,
      1.4400000000000048
    ],
    "obj_class": "vehicle",
    "point_num_in_lidar": 219,
    "speed": 0.0060582465845673925,
    "if_vehicle": true,
    "motion_state": false,
    "pose": [
      [
        -0.9998278019654566,
        -0.016984908117199958,
        -0.00747524669651638,
        -35.248642458381255
      ],
      [
        0.016729147910387637,
        -0.9993139815418847,
        0.03304091259481617,
        -1.3968790278504457
      ],
      [
        -0.00803131540383499,
        0.03291016850695517,
        0.9994260446785084,
        0.7638481942040727
      ],
      [
        0.0,
        0.0,
        0.0,
        1.0
      ]
    ],
    "location": [
      -35.248642458381255,
      -1.3968790278504457,
      0.7638481942040727
    ],
    "rotation": [
      0.03291717413696198,
      0.008031401745695159,
      3.124862185632057
    ]
  },
  {
    "label_id": "6HLGrqQfQYMsQDDAwvTpnQ",
    "size": [
      2.126130265646133,
      4.611272155748338,
      1.6300000000000026
    ],
    "obj_class": "vehicle",
    "point_num_in_lidar": 285,
    "speed": 8.987733679556354e-13,
    "if_vehicle": true,
    "motion_state": false,
    "pose": [
      [
        -0.7491841066187334,
        0.6623196321087851,
        -0.00747524669651638,
        -30.089948332832137
      ],
      [
        -0.6621615315758776,
        -0.7486323558302765,
        0.03304091259481617,
        20.67335119055133
      ],
      [
        0.016287433529511623,
        0.029703547385687815,
        0.9994260446785084,
        0.6863380560928078
      ],
      [
        0.0,
        0.0,
        0.0,
        1.0
      ]
    ],
    "location": [
      -30.089948332832137,
      20.67335119055133,
      0.6863380560928078
    ],
    "rotation": [
      0.029711859440739112,
      -0.01628815373855135,
      -2.417775821358064
    ]
  },
  {
    "label_id": "9CUNhZDZ4nxh6om0TTTJvA",
    "size": [
      1.79094477567328,
      4.163788843312304,
      1.7600000000000051
    ],
    "obj_class": "vehicle",
    "point_num_in_lidar": 20,
    "speed": 6.355287432313019e-13,
    "if_vehicle": true,
    "motion_state": false,
    "pose": [
      [
        0.998716720996857,
        -0.050090237453141145,
        -0.00747524669651638,
        -31.525463333779044
      ],
      [
        0.050310971254280516,
        0.9981869084827514,
        0.03304091259481617,
        -39.20577925028192
      ],
      [
        0.005806666232598761,
        -0.03337459880710566,
        0.9994260446785084,
        1.7971696910500086
      ],
      [
        0.0,
        0.0,
        0.0,
        1.0
      ]
    ],
    "location": [
      -31.525463333779044,
      -39.20577925028192,
      1.7971696910500086
    ],
    "rotation": [
      -0.03338136068765627,
      -0.005806698864015495,
      0.05033306921009235
    ]
  },
  {
    "label_id": "9s8YOLhpbgSWdr7GIkOUUQ",
    "size": [
      1.9175413712082319,
      4.427614966261043,
      1.4400000000000048
    ],
    "obj_class": "vehicle",
    "point_num_in_lidar": 896,
    "speed": 1.449228509952941e-12,
    "if_vehicle": true,
    "motion_state": false,
    "pose": [
      [
        -0.04823688747897329,
        -0.9988079511964085,
        -0.00747524669651638,
        -18.652471023929138
      ],
      [
        0.9982785491980708,
        -0.04845860404403874,
        0.03304091259481617,
        9.999034006290458
      ],
      [
        -0.03336376623428595,
        -0.005868587644057303,
        0.9994260446785084,
        0.5761387631605857
      ],
      [
        0.0,
        0.0,
        0.0,
        1.0
      ]
    ],
    "location": [
      -18.652471023929138,
      9.999034006290458,
      0.5761387631605857
    ],
    "rotation": [
      -0.005871890398776599,
      0.03336995909899077,
      1.6190788411236836
    ]
  },
  {
    "label_id": "9yvoP8LddkU2qWg-ZQW66A",
    "size": [
      0.35880279056130837,
      0.07909095543237712,
      0.6700000000000017
    ],
    "obj_class": "sign",
    "point_num_in_lidar": 20,
    "speed": 0.0024326467286778265,
    "if_vehicle": false,
    "motion_state": false,
    "pose": [
      [
        0.9999719233192287,
        -0.0005227428324531037,
        -0.00747524669651638,
        -40.48687769262506
      ],
      [
        0.0007694678368506183,
        0.9994537037872989,
        0.03304091259481617,
        2.624416586560983
      ],
      [
        0.007453891097320415,
        -0.033045736877566345,
        0.9994260446785084,
        2.7910361253657285
      ],
      [
        0.0,
        0.0,
        0.0,
        1.0
      ]
    ],
    "location": [
      -40.48687769262506,
      2.624416586560983,
      2.7910361253657285
    ],
    "rotation": [
      -0.033052672831958736,
      -0.0074539601226896075,
      0.0007694892896849227
    ]
  },
  {
    "label_id": "DQe9EgHTvbMojU92WrDD-w",
    "size": [
      2.295094381365501,
      6.332258661657688,
      2.200000000000003
    ],
    "obj_class": "vehicle",
    "point_num_in_lidar": 188,
    "speed": 0.041622445515179074,
    "if_vehicle": true,
    "motion_state": false,
    "pose": [
      [
        -0.9698025522808498,
        0.24377680422135264,
        -0.00747524669651638,
        -43.24642369119647
      ],
      [
        -0.2438900461717168,
        -0.969239879221475,
        0.03304091259481617,
        0.7014684696132463
      ],
      [
        0.0008093008756390603,
        0.03386629962609956,
        0.9994260446785084,
        1.1383750035708502
      ],
      [
        0.0,
        0.0,
        0.0,
        1.0
      ]
    ],
    "location": [
      -43.24642369119647,
      0.7014684696132463,
      1.1383750035708502
    ],
    "rotation": [
      0.03387278775794465,
      -0.0008093009639834366,
      -2.895217558577452
    ]
  },
  {
    "label_id": "Go_3rbTk6d2Upk1krZLsKw",
    "size": [
      2.102583894566866,
      4.719586221317513,
      1.8100000000000023
    ],
    "obj_class": "vehicle",
    "point_num_in_lidar": 243,
    "speed": 0.01265633399268021,
    "if_vehicle": true,
    "motion_state": false,
    "pose": [
      [
        -0.9981275479701135,
        0.060708472802362176,
        -0.00747524669651638,
        -36.66318139087252
      ],
      [
        -0.0609235597157316,
        -0.9975954179758775,
        0.03304091259481617,
        1.2040924360589997
      ],
      [
        -0.005451408509056431,
        0.03343446370946375,
        0.9994260446785084,
        0.9288997767297289
      ],
      [
        0.0,
        0.0,
        0.0,
        1.0
      ]
    ],
    "location": [
      -36.66318139087252,
      1.2040924360589997,
      0.9288997767297289
    ],
    "rotation": [
      0.03344119312801313,
      0.005451435510111879,
      -3.080630435694457
    ]
  },
  {
    "label_id": "HILMjKmKIoQMgeZ6T8zTSg",
    "size": [
      0.7527797330444918,
      0.1029191474772233,
      0.7700000000000031
    ],
    "obj_class": "sign",
    "point_num_in_lidar": 268,
    "speed": 0.019373752286137937,
    "if_vehicle": false,
    "motion_state": false,
    "pose": [
      [
        0.990533023568919,
        0.13707096667872887,
        -0.00747524669651638,
        -12.250934624704314
      ],
      [
        -0.13675528512544655,
        0.9900536804058453,
        0.03304091259481617,
        4.244580055519691
      ],
      [
        0.011929845333146517,
        -0.0317058355606545,
        0.9994260446785084,
        2.4937592667625736
      ],
      [
        0.0,
        0.0,
        0.0,
        1.0
      ]
    ],
    "location": [
      -12.250934624704314,
      4.244580055519691,
      2.4937592667625736
    ],
    "rotation": [
      -0.03171340764892236,
      -0.011930128329607775,
      -0.13719500434074583
    ]
  },
  {
    "label_id": "ISEQHFwDwMdTSWtovFFxdA",
    "size": [
      2.0672801656256623,
      4.46258473180494,
      1.4600000000000009
    ],
    "obj_class": "vehicle",
    "point_num_in_lidar": 1618,
    "speed": 6.355287432313019e-13,
    "if_vehicle": true,
    "motion_state": false,
    "pose": [
      [
        0.6804435591791222,
        0.7327623649304559,
        -0.00747524669651638,
        2.8345081533652774
      ],
      [
        -0.7322146456675326,
        0.6802720123339425,
        0.03304091259481617,
        -9.840283151152107
      ],
      [
        0.02929633836536984,
        -0.01700899105337587,
        0.9994260446785084,
        0.7420297986343698
      ],
      [
        0.0,
        0.0,
        0.0,
        1.0
      ]
    ],
    "location": [
      2.8345081533652774,
      -9.840283151152107,
      0.7420297986343698
    ],
    "rotation": [
      -0.017017116252166772,
      -0.029300530706045522,
      -0.8220297615299994
    ]
  },
  {
    "label_id": "Ko333JMTQxrLsIbw6vT5jw",
    "size": [
      2.0027678097125556,
      4.87247641867594,
      1.6600000000000037
    ],
    "obj_class": "vehicle",
    "point_num_in_lidar": 95,
    "speed": 8.987733679556354e-13,
    "if_vehicle": true,
    "motion_state": false,
    "pose": [
      [
        0.631756773149507,
        -0.775130634323369,
        -0.00747524669651638,
        -16.49768922657495
      ],
      [
        0.7748850809734733,
        0.6312379974143156,
        0.03304091259481617,
        -22.47861869105327
      ],
      [
        -0.020892363783355877,
        -0.026666277464542754,
        0.9994260446785084,
        1.0001062917311287
      ],
      [
        0.0,
        0.0,
        0.0,
        1.0
      ]
    ],
    "location": [
      -16.49768922657495,
      -22.47861869105327,
      1.0001062917311287
    ],
    "rotation": [
      -0.026675262602294827,
      0.020893883969625875,
      0.8868009457435609
    ]
  },
  {
    "label_id": "Kv6PR2TsyeCAv99_HjOO4w",
    "size": [
      2.0503811492887296,
      4.811895084353816,
      1.4500000000000028
    ],
    "obj_class": "vehicle",
    "point_num_in_lidar": 123,
    "speed": 7.105427357601002e-13,
    "if_vehicle": true,
    "motion_state": false,
    "pose": [
      [
        -0.7491841066189091,
        0.6623196321085865,
        -0.00747524669651638,
        -30.42423540184882
      ],
      [
        -0.6621615315756791,
        -0.7486323558304522,
        0.03304091259481617,
        16.41323353707776
      ],
      [
        0.016287433529503747,
        0.029703547385692138,
        0.9994260446785084,
        0.5763380560927658
      ],
      [
        0.0,
        0.0,
        0.0,
        1.0
      ]
    ],
    "location": [
      -30.42423540184882,
      16.41323353707776,
      0.5763380560927658
    ],
    "rotation": [
      0.029711859440743435,
      -0.016288153738543473,
      -2.417775821358329
    ]
  },
  {
    "label_id": "NHPW81G5lMyXru_I2sGKqA",
    "size": [
      2.074204117123492,
      4.576080974769498,
      1.4400000000000048
    ],
    "obj_class": "vehicle",
    "point_num_in_lidar": 1978,
    "speed": 2.2781733181718378e-12,
    "if_vehicle": true,
    "motion_state": false,
    "pose": [
      [
        0.699450174189011,
        0.7146422703099701,
        -0.00747524669651638,
        -0.4596637214981456
      ],
      [
        -0.7140992444712871,
        0.6992643042086724,
        0.03304091259481617,
        -10.377844018275937
      ],
      [
        0.028839605969900418,
        -0.017772404051589228,
        0.9994260446785084,
        0.7514611971841063
      ],
      [
        0.0,
        0.0,
        0.0,
        1.0
      ]
    ],
    "location": [
      -0.4596637214981456,
      -10.377844018275937,
      0.7514611971841063
    ],
    "rotation": [
      -0.017780736418041586,
      -0.02884360522689089,
      -0.7957611161838174
    ]
  },
  {
    "label_id": "OXd0i5MfXfgVle65_zBBXw",
    "size": [
      2.038907532143844,
      4.734929776064892,
      1.470000000000006
    ],
    "obj_class": "vehicle",
    "point_num_in_lidar": 612,
    "speed": 5.123796534383003e-13,
    "if_vehicle": true,
    "motion_state": false,
    "pose": [
      [
        -0.6583115284153994,
        0.752708477594219,
        -0.00747524669651638,
        -29.42500382864455
      ],
      [
        -0.7524811003731731,
        -0.6577845328647371,
        0.03304091259481617,
        10.160813417951431
      ],
      [
        0.019953073361251045,
        0.027376195530288628,
        0.9994260446785084,
        0.7245554768820242
      ],
      [
        0.0,
        0.0,
        0.0,
        1.0
      ]
    ],
    "location": [
      -29.42500382864455,
      10.160813417951431,
      0.7245554768820242
    ],
    "rotation": [
      0.027385069474584613,
      -0.01995439756851431,
      -2.2895439522297654
    ]
  },
  {
    "label_id": "QfXrH-AG6fWpRUmyN1WzLw",
    "size": [
      0.44566292092262044,
      0.0696207456306018,
      0.15000000000000568
    ],
    "obj_class": "sign",
    "point_num_in_lidar": 37,
    "speed": 0.008782789642711994,
    "if_vehicle": false,
    "motion_state": false,
    "pose": [
      [
        0.9905330235681333,
        0.13707096668440777,
        -0.00747524669651638,
        -12.205692672786427
      ],
      [
        -0.13675528513112273,
        0.9900536804050613,
        0.03304091259481617,
        4.2383719960162125
      ],
      [
        0.011929845333328293,
        -0.0317058355605861,
        0.9994260446785084,
        2.0132317745351287
      ],
      [
        0.0,
        0.0,
        0.0,
        1.0
      ]
    ],
    "location": [
      -12.205692672786427,
      4.2383719960162125,
      2.0132317745351287
    ],
    "rotation": [
      -0.031713407648854,
      -0.011930128329789565,
      -0.13719500434647655
    ]
  },
  {
    "label_id": "RqRoUISiOVfgjg-WLH6oig",
    "size": [
      1.8839428583990774,
      4.431572760151295,
      1.5400000000000063
    ],
    "obj_class": "vehicle",
    "point_num_in_lidar": 357,
    "speed": 0.006578825796889549,
    "if_vehicle": true,
    "motion_state": false,
    "pose": [
      [
        0.07709468786516341,
        0.9969957521423044,
        -0.00747524669651638,
        -27.188653091310698
      ],
      [
        -0.9964601610965066,
        0.07730100544252834,
        0.03304091259481617,
        -22.509302409363954
      ],
      [
        0.033519493589508544,
        0.004901506684169341,
        0.9994260446785084,
        0.8653480594316107
      ],
      [
        0.0,
        0.0,
        0.0,
        1.0
      ]
    ],
    "location": [
      -27.188653091310698,
      -22.509302409363954,
      0.8653480594316107
    ],
    "rotation": [
      0.00490428222600101,
      -0.03352577360574569,
      -1.4935815879485244
    ]
  },
  {
    "label_id": "SwUfSWt1LE_xpCIjLv06Pg",
    "size": [
      0.8137902785163554,
      0.1125742801911172,
      0.7600000000000051
    ],
    "obj_class": "sign",
    "point_num_in_lidar": 26,
    "speed": 0.002289712310508192,
    "if_vehicle": false,
    "motion_state": false,
    "pose": [
      [
        -0.10674071490580185,
        -0.9942587894850237,
        -0.00747524669651638,
        -30.634699561368507
      ],
      [
        0.9937172938222043,
        -0.106930996692151,
        0.03304091259481617,
        6.662678317145037
      ],
      [
        -0.033650553339780606,
        -0.003901471286404838,
        0.9994260446785084,
        2.676917386643808
      ],
      [
        0.0,
        0.0,
        0.0,
        1.0
      ]
    ],
    "location": [
      -30.634699561368507,
      6.662678317145037,
      2.676917386643808
    ],
    "rotation": [
      -0.003903692013260893,
      0.03365690733337186,
      1.6778016147478079
    ]
  },
  {
    "label_id": "TgdBnuHVxPOTzl8OMUYiRg",
    "size": [
      0.8323629950249509,
      0.11670498628292902,
      0.7900000000000063
    ],
    "obj_class": "sign",
    "point_num_in_lidar": 106,
    "speed": 0.0037496804004382633,
    "if_vehicle": false,
    "motion_state": false,
    "pose": [
      [
        0.1162226966579469,
        0.9931950490555121,
        -0.00747524669651638,
        -15.463021324500914
      ],
      [
        -0.9926517624460791,
        0.11640780303568475,
        0.03304091259481617,
        -18.309740053344285
      ],
      [
        0.033686247850538566,
        0.0035802128462071566,
        0.9994260446785084,
        2.885848500195081
      ],
      [
        0.0,
        0.0,
        0.0,
        1.0
      ]
    ],
    "location": [
      -15.463021324500914,
      -18.309740053344285,
      2.885848500195081
    ],
    "rotation": [
      0.0035822535852931864,
      -0.033692622092303955,
      -1.454243926908379
    ]
  },
  {
    "label_id": "XvVgKHrB7eBfiBwcpoWd3g",
    "size": [
      0.7460676117648287,
      0.8228660025952748,
      1.5900000000000034
    ],
    "obj_class": "pedestrian",
    "point_num_in_lidar": 61,
    "speed": 1.43020819771478,
    "if_vehicle": false,
    "motion_state": true,
    "pose": [
      [
        0.995930286922248,
        -0.08981639203282844,
        -0.00747524669651638,
        1.4916940661387343
      ],
      [
        0.09001585525930259,
        0.9953921056030322,
        0.03304091259481617,
        -15.322476534096495
      ],
      [
        0.004473185990409121,
        -0.03357933628538939,
        0.9994260446785084,
        0.8540949721973377
      ],
      [
        0.0,
        0.0,
        0.0,
        1.0
      ]
    ],
    "location": [
      1.4916940661387343,
      -15.322476534096495,
      0.8540949721973377
    ],
    "rotation": [
      -0.03358598615413984,
      -0.0044732009081661145,
      0.09013876915777959
    ]
  },
  {
    "label_id": "bjU_LRF_XLFwrTt9DcYXOQ",
    "size": [
      0.3017444110824622,
      0.07692972936776284,
      0.6400000000000006
    ],
    "obj_class": "sign",
    "point_num_in_lidar": 89,
    "speed": 0.03641251070839725,
    "if_vehicle": false,
    "motion_state": false,
    "pose": [
      [
        -0.608608577125966,
        -0.7934353915319969,
        -0.00747524669651638,
        -4.756166061480144
      ],
      [
        0.7928739807129875,
        -0.6084892347472082,
        0.03304091259481617,
        -13.504027042970847
      ],
      [
        -0.030764436563152305,
        0.01418205419619593,
        0.9994260446785084,
        2.732497508860476
      ],
      [
        0.0,
        0.0,
        0.0,
        1.0
      ]
    ],
    "location": [
      -4.756166061480144,
      -13.504027042970847,
      2.732497508860476
    ],
    "rotation": [
      0.01418924639695949,
      0.030769291467507533,
      2.225465427129648
    ]
  },
  {
    "label_id": "cvsSzEWkCO_fUj4Y4e3xgA",
    "size": [
      0.7530615077678547,
      0.8484543407193996,
      1.7100000000000009
    ],
    "obj_class": "pedestrian",
    "point_num_in_lidar": 34,
    "speed": 0.02992152133139833,
    "if_vehicle": false,
    "motion_state": false,
    "pose": [
      [
        0.19610387700129275,
        0.9805546339250496,
        -0.00747524669651638,
        -7.03113265724005
      ],
      [
        -0.9799981655041673,
        0.19624447432569542,
        0.03304091259481617,
        -16.838228481432452
      ],
      [
        0.03386539581237228,
        0.0008462769897728424,
        0.9994260446785084,
        0.9273322874952683
      ],
      [
        0.0,
        0.0,
        0.0,
        1.0
      ]
    ],
    "location": [
      -7.03113265724005,
      -16.838228481432452,
      0.9273322874952683
    ],
    "rotation": [
      0.0008467627915208285,
      -0.033871872328440404,
      -1.3732984887240054
    ]
  },
  {
    "label_id": "h14DkRFx53Pkx5pEtWdarQ",
    "size": [
      0.8347280264472864,
      0.12141330286285525,
      0.7900000000000063
    ],
    "obj_class": "sign",
    "point_num_in_lidar": 64,
    "speed": 0.0028646920641027876,
    "if_vehicle": false,
    "motion_state": false,
    "pose": [
      [
        -0.9973251699813742,
        0.07270918792318556,
        -0.00747524669651638,
        -33.07833198401204
      ],
      [
        -0.07291785901694146,
        -0.9967904914932161,
        0.03304091259481617,
        -15.197655428808503
      ],
      [
        -0.005048876905643564,
        0.03349761275469821,
        0.9994260446785084,
        2.5621784347063468
      ],
      [
        0.0,
        0.0,
        0.0,
        1.0
      ]
    ],
    "location": [
      -33.07833198401204,
      -15.197655428808503,
      2.5621784347063468
    ],
    "rotation": [
      0.033504307670804874,
      0.005048898356176119,
      -3.068609090047133
    ]
  },
  {
    "label_id": "iMUAR45EX3cmZKOzXxFuBQ",
    "size": [
      2.197391755426741,
      4.821743567278267,
      1.8300000000000054
    ],
    "obj_class": "vehicle",
    "point_num_in_lidar": 4967,
    "speed": 0.035089179697180464,
    "if_vehicle": true,
    "motion_state": false,
    "pose": [
      [
        0.998470392837546,
        -0.05478134092610955,
        -0.00747524669651638,
        -6.670961075154992
      ],
      [
        0.054999583399534334,
        0.9979395492317055,
        0.03304091259481617,
        -6.797320121897428
      ],
      [
        0.005649818821350939,
        -0.03340150843237427,
        0.9994260446785084,
        0.9782045358516527
      ],
      [
        0.0,
        0.0,
        0.0,
        1.0
      ]
    ],
    "location": [
      -6.670961075154992,
      -6.797320121897428,
      0.9782045358516527
    ],
    "rotation": [
      -0.03340825575067224,
      -0.00564984887924512,
      0.05502822890664877
    ]
  },
  {
    "label_id": "jMGHvd_g07NfKjTg9VxCWQ",
    "size": [
      0.8940892438961168,
      0.9789737546767773,
      1.7464521148686387
    ],
    "obj_class": "pedestrian",
    "point_num_in_lidar": 36,
    "speed": 1.39931221212168,
    "if_vehicle": false,
    "motion_state": true,
    "pose": [
      [
        -0.99960516644312,
        0.027085640237008227,
        -0.00747524669651638,
        -43.75983756412461
      ],
      [
        -0.027318512282551142,
        -0.999080575820374,
        0.03304091259481617,
        -17.303369130995634
      ],
      [
        -0.006573439502309307,
        0.03323207955246768,
        0.9994260446785084,
        0.8994719908647539
      ],
      [
        0.0,
        0.0,
        0.0,
        1.0
      ]
    ],
    "location": [
      -43.75983756412461,
      -17.303369130995634,
      0.8994719908647539
    ],
    "rotation": [
      0.03323891775333166,
      0.006573486843067089,
      -3.114270151735465
    ]
  },
  {
    "label_id": "k2lGwS9hat1VWw7Gs3kL-g",
    "size": [
      2.0645598613166887,
      4.688562644750567,
      1.6000000000000014
    ],
    "obj_class": "vehicle",
    "point_num_in_lidar": 5139,
    "speed": 0.056317623559124896,
    "if_vehicle": true,
    "motion_state": false,
    "pose": [
      [
        -0.9961212776829926,
        0.08767280555581843,
        -0.00747524669651638,
        1.6567479374743925
      ],
      [
        -0.08787342656032572,
        -0.9955835268823248,
        0.03304091259481617,
        3.362032536597326
      ],
      [
        -0.0045454429651211135,
        0.03356963161136702,
        0.9994260446785084,
        0.7899684346312554
      ],
      [
        0.0,
        0.0,
        0.0,
        1.0
      ]
    ],
    "location": [
      1.6567479374743925,
      3.362032536597326,
      0.7899684346312554
    ],
    "rotation": [
      0.03357628685292917,
      0.004545458617538696,
      -3.0536048316561133
    ]
  },
  {
    "label_id": "l4IU7hYAbEicJJhcNV-PYQ",
    "size": [
      1.7797335311146563,
      3.629981180814881,
      1.4200000000000017
    ],
    "obj_class": "vehicle",
    "point_num_in_lidar": 186,
    "speed": 6.355287432313019e-13,
    "if_vehicle": true,
    "motion_state": false,
    "pose": [
      [
        0.7087567013790729,
        0.7054133957737702,
        -0.00747524669651638,
        -7.661596939419724
      ],
      [
        -0.7048728527227144,
        0.7085637300832187,
        0.03304091259481617,
        -10.276480141725187
      ],
      [
        0.028604191035549516,
        -0.01814886975747663,
        0.9994260446785084,
        0.6650395485664546
      ],
      [
        0.0,
        0.0,
        0.0,
        1.0
      ]
    ],
    "location": [
      -7.661596939419724,
      -10.276480141725187,
      0.6650395485664546
    ],
    "rotation": [
      -0.01815729670600218,
      -0.028608093129399378,
      -0.7826507400198831
    ]
  },
  {
    "label_id": "lbLwsu8SH-0HdB69pypZYw",
    "size": [
      2.3173562574813897,
      5.409726554449852,
      1.8200000000000074
    ],
    "obj_class": "vehicle",
    "point_num_in_lidar": 409,
    "speed": 0.0034483530574601767,
    "if_vehicle": true,
    "motion_state": false,
    "pose": [
      [
        -0.734571398652557,
        0.6784902217191139,
        -0.00747524669651638,
        -29.72224517597806
      ],
      [
        -0.6783201337441097,
        -0.7340232246000632,
        0.03304091259481617,
        13.397704947985403
      ],
      [
        0.016930931427400764,
        0.029341519716482207,
        0.9994260446785084,
        0.9139379636553642
      ],
      [
        0.0,
        0.0,
        0.0,
        1.0
      ]
    ],
    "location": [
      -29.72224517597806,
      13.397704947985403,
      0.9139379636553642
    ],
    "rotation": [
      0.029349939672878425,
      -0.016931740425180756,
      -2.3959863434415403
    ]
  },
  {
    "label_id": "oGhYcNPyTUhm8059vJgk7Q",
    "size": [
      1.963712890757819,
      4.522243896407982,
      1.5799999999999983
    ],
    "obj_class": "vehicle",
    "point_num_in_lidar": 729,
    "speed": 0.463281738111977,
    "if_vehicle": true,
    "motion_state": false,
    "pose": [
      [
        -0.7271681224408614,
        -0.6864187077816707,
        -0.00747524669651638,
        -26.574500520701804
      ],
      [
        0.6858834583005757,
        -0.7269609203557947,
        0.03304091259481617,
        -4.720420203404501
      ],
      [
        -0.02811411274564701,
        0.018899150319448475,
        0.9994260446785084,
        0.918375003570965
      ],
      [
        0.0,
        0.0,
        0.0,
        1.0
      ]
    ],
    "location": [
      -26.574500520701804,
      -4.720420203404501,
      0.918375003570965
    ],
    "rotation": [
      0.018907750301891874,
      0.02811781764497718,
      2.385402852902619
    ]
  },
  {
    "label_id": "pMXk7LpwD_NwMqmzuEArMQ",
    "size": [
      1.9068103567102366,
      4.170273321995732,
      2.020000000000003
    ],
    "obj_class": "vehicle",
    "point_num_in_lidar": 234,
    "speed": 7.652779469160725e-13,
    "if_vehicle": true,
    "motion_state": false,
    "pose": [
      [
        0.0499433701276124,
        0.9987240762428443,
        -0.00747524669651638,
        -26.580260956009624
      ],
      [
        -0.9981942961945861,
        0.050164181838207714,
        0.03304091259481617,
        -29.556403113816486
      ],
      [
        0.03337374454404785,
        0.005811574088033077,
        0.9994260446785084,
        1.3665799606333238
      ],
      [
        0.0,
        0.0,
        0.0,
        1.0
      ]
    ],
    "location": [
      -26.580260956009624,
      -29.556403113816486,
      1.3665799606333238
    ],
    "rotation": [
      0.005814846048562456,
      -0.03337994296868971,
      -1.5208042990104675
    ]
  },
  {
    "label_id": "pgI18KkKJl2QaGwb8uesjQ",
    "size": [
      2.1390806501456137,
      4.556199328982984,
      1.730000000000004
    ],
    "obj_class": "vehicle",
    "point_num_in_lidar": 53,
    "speed": 0.8111816792779509,
    "if_vehicle": true,
    "motion_state": false,
    "pose": [
      [
        0.9955315264898711,
        0.0941334183569972,
        -0.00747524669651638,
        -35.79684208513481
      ],
      [
        -0.09383874831636364,
        0.9950389878840528,
        0.03304091259481617,
        -5.786948325941921
      ],
      [
        0.010548415955270075,
        -0.03219180235877862,
        0.9994260446785084,
        0.8983750035707629
      ],
      [
        0.0,
        0.0,
        0.0,
        1.0
      ]
    ],
    "location": [
      -35.79684208513481,
      -5.786948325941921,
      0.8983750035707629
    ],
    "rotation": [
      -0.032199157133651145,
      -0.010548611583820568,
      -0.09398226064850346
    ]
  },
  {
    "label_id": "q-jDxjRpQIk-5SSDJaNgkg",
    "size": [
      2.05651151325624,
      4.306856006707518,
      1.6100000000000065
    ],
    "obj_class": "vehicle",
    "point_num_in_lidar": 58,
    "speed": 4.352568391256053e-28,
    "if_vehicle": true,
    "motion_state": false,
    "pose": [
      [
        0.6136549968984822,
        -0.7895388942087336,
        -0.00747524669651638,
        -15.533149258139929
      ],
      [
        0.7892814046789633,
        0.6131420409031697,
        0.03304091259481617,
        -25.218476281175754
      ],
      [
        -0.02150369757800185,
        -0.02617579432884317,
        0.9994260446785084,
        1.0033903374970379
      ],
      [
        0.0,
        0.0,
        0.0,
        1.0
      ]
    ],
    "location": [
      -15.533149258139929,
      -25.218476281175754,
      1.0033903374970379
    ],
    "rotation": [
      -0.026184840542145805,
      0.021505355173527252,
      0.9099351773524292
    ]
  },
  {
    "label_id": "qOk43BSYT2QZ29ws6A_thw",
    "size": [
      1.1151197425461972,
      1.3341153754663537,
      1.8800000000000026
    ],
    "obj_class": "pedestrian",
    "point_num_in_lidar": 59,
    "speed": 1.5580847357404168,
    "if_vehicle": false,
    "motion_state": true,
    "pose": [
      [
        0.9813721234719587,
        -0.19197102895740534,
        -0.00747524669651638,
        -18.188408849298867
      ],
      [
        0.19211396945306375,
        0.9808162523306234,
        0.03304091259481617,
        -16.22877609252464
      ],
      [
        0.000988945461605514,
        -0.03386152987013479,
        0.9994260446785084,
        0.9030396540892554
      ],
      [
        0.0,
        0.0,
        0.0,
        1.0
      ]
    ],
    "location": [
      -18.188408849298867,
      -16.22877609252464,
      0.9030396540892554
    ],
    "rotation": [
      -0.03386802073571446,
      -0.0009889456228058587,
      0.1933158845263341
    ]
  },
  {
    "label_id": "scHfJy5WqY6CcgOK_NwZpA",
    "size": [
      1.680597284736534,
      3.9600297986178874,
      1.5300000000000011
    ],
    "obj_class": "vehicle",
    "point_num_in_lidar": 58,
    "speed": 0.0009024060318999909,
    "if_vehicle": true,
    "motion_state": false,
    "pose": [
      [
        0.666028181456972,
        0.7458891219155465,
        -0.00747524669651638,
        -41.492761529611926
      ],
      [
        -0.7453381622530258,
        0.6658673456358887,
        0.03304091259481617,
        -12.209003407619093
      ],
      [
        0.029622379958418564,
        -0.01643459229403466,
        0.9994260446785084,
        0.7331463718370017
      ],
      [
        0.0,
        0.0,
        0.0,
        1.0
      ]
    ],
    "location": [
      -41.492761529611926,
      -12.209003407619093,
      0.7331463718370017
    ],
    "rotation": [
      -0.016442548484323024,
      -0.029626713870922125,
      -0.841532886246433
    ]
  },
  {
    "label_id": "t8XzvTv7TV6G03bn5R6WcA",
    "size": [
      0.7511716528411119,
      1.15743233501867,
      1.6400000000000006
    ],
    "obj_class": "pedestrian",
    "point_num_in_lidar": 424,
    "speed": 1.3770044869458014,
    "if_vehicle": false,
    "motion_state": true,
    "pose": [
      [
        -0.9995783121063047,
        -0.028059199089375216,
        -0.00747524669651638,
        -5.961359273114795
      ],
      [
        0.027797762862172972,
        -0.9990673563252681,
        0.03304091259481617,
        6.85754161161276
      ],
      [
        -0.008395376499560405,
        0.032819184506972285,
        0.9994260446785084,
        0.8364481921675022
      ],
      [
        0.0,
        0.0,
        0.0,
        1.0
      ]
    ],
    "location": [
      -5.961359273114795,
      6.85754161161276,
      0.8364481921675022
    ],
    "rotation": [
      0.03282623622000544,
      0.008395475123661173,
      3.1137903294649836
    ]
  },
  {
    "label_id": "tOnXgSmhW4twqeFVr1vJPQ",
    "size": [
      1.9794288893350156,
      4.732368682858808,
      1.6100000000000065
    ],
    "obj_class": "vehicle",
    "point_num_in_lidar": 191,
    "speed": 0.0037422094469928705,
    "if_vehicle": true,
    "motion_state": false,
    "pose": [
      [
        0.04994337012794149,
        0.9987240762428278,
        -0.00747524669651638,
        -26.13503457457955
      ],
      [
        -0.9981942961945696,
        0.05016418183853663,
        0.03304091259481617,
        -35.04282111869907
      ],
      [
        0.03337374454404976,
        0.00581157408802208,
        0.9994260446785084,
        1.4011387631613488
      ],
      [
        0.0,
        0.0,
        0.0,
        1.0
      ]
    ],
    "location": [
      -26.13503457457955,
      -35.04282111869907,
      1.4011387631613488
    ],
    "rotation": [
      0.005814846048551453,
      -0.033379942968691616,
      -1.5208042990101378
    ]
  },
  {
    "label_id": "ua_F37fRYO7Rv9gWVk0TTw",
    "size": [
      0.3958416085876068,
      0.1334474068171403,
      0.7600000000000051
    ],
    "obj_class": "sign",
    "point_num_in_lidar": 23,
    "speed": 0.0009418991397558927,
    "if_vehicle": false,
    "motion_state": false,
    "pose": [
      [
        -0.02774655633811562,
        -0.9995870393808646,
        -0.00747524669651638,
        -28.531722340317174
      ],
      [
        0.9990622949017283,
        -0.027979081482313945,
        0.03304091259481617,
        -26.974277042862013
      ],
      [
        -0.03323641853551645,
        -0.006551465576803396,
        0.9994260446785084,
        3.2087003172426307
      ],
      [
        0.0,
        0.0,
        0.0,
        1.0
      ]
    ],
    "location": [
      -28.531722340317174,
      -26.974277042862013,
      3.2087003172426307
    ],
    "rotation": [
      -0.006555134092278617,
      0.03324254073367141,
      1.59856178844845
    ]
  },
  {
    "label_id": "utUGhFL-R1s-OBA6Xo3RDQ",
    "size": [
      2.132548243077582,
      4.870659034134611,
      1.490000000000002
    ],
    "obj_class": "vehicle",
    "point_num_in_lidar": 4819,
    "speed": 0.10338245805546083,
    "if_vehicle": true,
    "motion_state": false,
    "pose": [
      [
        -0.996369879381064,
        0.0848008499308244,
        -0.00747524669651638,
        -4.256359469261042
      ],
      [
        -0.08500302031509425,
        -0.9958327091596327,
        0.03304091259481617,
        3.2198740374133195
      ],
      [
        -0.004642197698898008,
        0.033556388643541595,
        0.9994260446785084,
        0.6041865997504559
      ],
      [
        0.0,
        0.0,
        0.0,
        1.0
      ]
    ],
    "location": [
      -4.256359469261042,
      3.2198740374133195,
      0.6041865997504559
    ],
    "rotation": [
      0.03356305120662994,
      0.004642214372286028,
      -3.056486014670657
    ]
  },
  {
    "label_id": "wAkzx5aXp8ha5mzB6NAV1g",
    "size": [
      2.3192441512334048,
      4.606269919017848,
      1.9500000000000028
    ],
    "obj_class": "vehicle",
    "point_num_in_lidar": 2945,
    "speed": 0.02193523927549883,
    "if_vehicle": true,
    "motion_state": false,
    "pose": [
      [
        0.6808842663108622,
        0.7323528770866851,
        -0.00747524669651638,
        -4.095798790549452
      ],
      [
        -0.7318052611255599,
        0.6807123899884979,
        0.03304091259481617,
        -10.437850490361598
      ],
      [
        0.0292861004449226,
        -0.017026612669640586,
        0.9994260446785084,
        0.9326420812816423
      ],
      [
        0.0,
        0.0,
        0.0,
        1.0
      ]
    ],
    "location": [
      -4.095798790549452,
      -10.437850490361598,
      0.9326420812816423
    ],
    "rotation": [
      -0.017034742877625828,
      -0.02929028839082745,
      -0.8214279898972339
    ]
  },
  {
    "label_id": "xxr8AZNz3D1gxKiJKZLYSQ",
    "size": [
      2.0157827467134286,
      4.669815123116134,
      1.490000000000002
    ],
    "obj_class": "vehicle",
    "point_num_in_lidar": 216,
    "speed": 4.0194366942304643e-13,
    "if_vehicle": true,
    "motion_state": false,
    "pose": [
      [
        -0.07193013293055374,
        -0.9973816604807905,
        -0.00747524669651638,
        -19.181883372588345
      ],
      [
        0.9968471451533696,
        -0.07213922160987529,
        0.03304091259481617,
        15.536764294829482
      ],
      [
        -0.0334936587456469,
        -0.005075041093647575,
        0.9994260446785084,
        0.5333750035707396
      ],
      [
        0.0,
        0.0,
        0.0,
        1.0
      ]
    ],
    "location": [
      -19.181883372588345,
      15.536764294829482,
      0.5333750035707396
    ],
    "rotation": [
      -0.005077911967869075,
      0.03349992424739194,
      1.6428291170926412
    ]
  }
]