[
  {
    "label_id": "-37Tr49YQag_EecI_gdFqA",
    "size": [
      2.0614844075240524,
      4.778170597256613,
      1.470000000000006
    ],
    "obj_class": "vehicle",
    "point_num_in_lidar": 187,
    "speed": 3.1776437161565096e-13,
    "if_vehicle": true,
    "motion_state": false,
    "pose": [
      [
        0.6660275296542982,
        0.7458883919571104,
        -0.007605030323994493,
        -38.09545921678364
      ],
      [
        -0.7451836513070045,
        0.665784178140067,
        0.03785173659313678,
        -12.74363263278974
      ],
      [
        0.03329647980422987,
        -0.019543154351117385,
        0.9992544268356557,
        0.6283750035706461
      ],
      [
        0.0,
        0.0,
        0.0,
        1.0
      ]
    ],
    "location": [
      -38.09545921678364,
      -12.74363263278974,
      0.6283750035706461
    ],
    "rotation": [
      -0.019555243002223516,
      -0.03330263526360393,
      -0.8414303616003816
    ]
  },
  {
    "label_id": "16PzcXDMMYoq8hgoqYjC-Q",
    "size": [
      0.5305112011630302,
      0.12094541017995653,
      0.5700000000000003
    ],
    "obj_class": "sign",
    "point_num_in_lidar": 29,
    "speed": 0.004761248097808852,
    "if_vehicle": false,
    "motion_state": false,
    "pose": [
      [
        -0.02774652918656506,
        -0.9995860611432466,
        -0.007605030323994493,
        -28.948162383721865
      ],
      [
        0.9988905817060716,
        -0.02801520686680128,
        0.03785173659313678,
        -25.445586805706625
      ],
      [
        -0.03804912478632029,
        -0.00654633885008353,
        0.9992544268356557,
        3.0819670138822985
      ],
      [
        0.0,
        0.0,
        0.0,
        1.0
      ]
    ],
    "location": [
      -28.948162383721865,
      -25.445586805706625,
      3.0819670138822985
    ],
    "rotation": [
      -0.0065511295458086215,
      0.03805831161992907,
      1.598566531825774
    ]
  },
  {
    "label_id": "5TfIhDaGwG7wy8E9HfiYNA",
    "size": [
      2.0753455018065403,
      4.400591282594326,
      1.4400000000000048
    ],
    "obj_class": "vehicle",
    "point_num_in_lidar": 267,
    "speed": 0.0060582464314854634,
    "if_vehicle": true,
    "motion_state": false,
    "pose": [
      [
        -0.9998268234920614,
        -0.016984891508203655,
        -0.007605030323994493,
        -35.23774066556325
      ],
      [
        0.016685379299213054,
        -0.999144055756989,
        0.03785173659313678,
        -1.3970642256881547
      ],
      [
        -0.008241428481502276,
        0.037718288746036305,
        0.9992544268356557,
        0.7559660412071239
      ],
      [
        0.0,
        0.0,
        0.0,
        1.0
      ]
    ],
    "location": [
      -35.23774066556325,
      -1.3970642256881547,
      0.7559660412071239
    ],
    "rotation": [
      0.03772851983056628,
      0.008241521778894867,
      3.124905933233949
    ]
  },
  {
    "label_id": "6HLGrqQfQYMsQDDAwvTpnQ",
    "size": [
      2.1261302656461276,
      4.611272155748338,
      1.6300000000000026
    ],
    "obj_class": "vehicle",
    "point_num_in_lidar": 383,
    "speed": 8.987733679556354e-13,
    "if_vehicle": true,
    "motion_state": false,
    "pose": [
      [
        -0.7491833734359322,
        0.6623189839351787,
        -0.007605030323994493,
        -30.089948332833046
      ],
      [
        -0.6620791316314887,
        -0.7484774341922258,
        0.03785173659313678,
        20.67335119055315
      ],
      [
        0.019377730136690908,
        0.03339302358419595,
        0.9992544268356557,
        0.6863380560927865
      ],
      [
        0.0,
        0.0,
        0.0,
        1.0
      ]
    ],
    "location": [
      -30.089948332833046,
      20.67335119055315,
      0.6863380560927865
    ],
    "rotation": [
      0.03340550750736195,
      -0.01937894305305198,
      -2.4178370882306703
    ]
  },
  {
    "label_id": "9CUNhZDZ4nxh6om0TTTJvA",
    "size": [
      1.7909447756732837,
      4.163788843312304,
      1.7600000000000051
    ],
    "obj_class": "vehicle",
    "point_num_in_lidar": 31,
    "speed": 6.355287432313019e-13,
    "if_vehicle": true,
    "motion_state": false,
    "pose": [
      [
        0.9987157436110353,
        -0.05009018843274492,
        -0.007605030323994493,
        -31.525463333779953
      ],
      [
        0.050343248122962585,
        0.9980144304594566,
        0.03785173659313678,
        -39.20577925028192
      ],
      [
        0.005693929388971413,
        -0.03818598718716715,
        0.9992544268356557,
        1.793081249149246
      ],
      [
        0.0,
        0.0,
        0.0,
        1.0
      ]
    ],
    "location": [
      -31.525463333779953,
      -39.20577925028192,
      1.793081249149246
    ],
    "rotation": [
      -0.03819589303395372,
      -0.005693960156408208,
      0.050365354899440905
    ]
  },
  {
    "label_id": "9s8YOLhpbgSWdr7GIkOUUQ",
    "size": [
      1.917541371208229,
      4.427614966261043,
      1.4400000000000048
    ],
    "obj_class": "vehicle",
    "point_num_in_lidar": 1329,
    "speed": 1.449228509952941e-12,
    "if_vehicle": true,
    "motion_state": false,
    "pose": [
      [
        -0.048236840272343734,
        -0.998806973721305,
        -0.007605030323994493,
        -18.652471023930048
      ],
      [
        0.9981061313661446,
        -0.048491200915139546,
        0.03785173659313678,
        9.999034006290458
      ],
      [
        -0.03817535553009347,
        -0.005764779223530392,
        0.9992544268356557,
        0.5761387631605643
      ],
      [
        0.0,
        0.0,
        0.0,
        1.0
      ]
    ],
    "location": [
      -18.652471023930048,
      9.999034006290458,
      0.5761387631605643
    ],
    "rotation": [
      -0.00576901649367234,
      0.038184634141564235,
      1.6190871215403988
    ]
  },
  {
    "label_id": "9yvoP8LddkU2qWg-ZQW66A",
    "size": [
      0.35880279056130876,
      0.07909095543237712,
      0.6700000000000017
    ],
    "obj_class": "sign",
    "point_num_in_lidar": 22,
    "speed": 0.0024326466681694565,
    "if_vehicle": false,
    "motion_state": false,
    "pose": [
      [
        0.9999709447050135,
        -0.0005227423209043378,
        -0.007605030323994493,
        -40.48250647781151
      ],
      [
        0.00081025468118642,
        0.99928303774468,
        0.03785173659313678,
        2.624169890783378
      ],
      [
        0.007579791099664668,
        -0.037856798811184894,
        0.9992544268356557,
        2.791036125365679
      ],
      [
        0.0,
        0.0,
        0.0,
        1.0
      ]
    ],
    "location": [
      -40.48250647781151,
      2.624169890783378,
      2.791036125365679
    ],
    "rotation": [
      -0.037866935303647965,
      -0.007579863682125395,
      0.0008102780467297056
    ]
  },
  {
    "label_id": "DQe9EgHTvbMojU92WrDD-w",
    "size": [
      2.295094381367977,
      6.332258661657688,
      2.200000000000003
    ],
    "obj_class": "vehicle",
    "point_num_in_lidar": 254,
    "speed": 0.026946367554563134,
    "if_vehicle": true,
    "motion_state": false,
    "pose": [
      [
        -0.9693692347235442,
        0.2454902244189393,
        -0.007605030323994493,
        -43.17022593098318
      ],
      [
        -0.2456004442843197,
        -0.9686318535977579,
        0.03785173659313678,
        0.7080780269479874
      ],
      [
        0.0019257566914977831,
        0.03856010776061495,
        0.9992544268356557,
        1.138375003570971
      ],
      [
        0.0,
        0.0,
        0.0,
        1.0
      ]
    ],
    "location": [
      -43.17022593098318,
      0.7080780269479874,
      1.138375003570971
    ],
    "rotation": [
      0.038569741435342184,
      -0.001925757881790349,
      -2.893453123518297
    ]
  },
  {
    "label_id": "FYseW0mhs-5FpUAHNuYuAA",
    "size": [
      1.9505814467950107,
      4.170013394086709,
      1.9500000000000028
    ],
    "obj_class": "vehicle",
    "point_num_in_lidar": 56,
    "speed": 1.7625163896326295e-27,
    "if_vehicle": true,
    "motion_state": false,
    "pose": [
      [
        0.08125747953078302,
        0.9966641287485346,
        -0.007605030323994493,
        -24.17604185784876
      ],
      [
        -0.9959552542016604,
        0.08148851247255576,
        0.03785173659313678,
        -70.72635088365314
      ],
      [
        0.038345190681628685,
        0.004498533198123867,
        0.9992544268356557,
        3.2366941579264576
      ],
      [
        0.0,
        0.0,
        0.0,
        1.0
      ]
    ],
    "location": [
      -24.17604185784876,
      -70.72635088365314,
      3.2366941579264576
    ],
    "rotation": [
      0.004501859273350391,
      -0.038354593736411736,
      -1.4893891565317003
    ]
  },
  {
    "label_id": "Go_3rbTk6d2Upk1krZLsKw",
    "size": [
      2.102583894566865,
      4.719586221317513,
      1.8100000000000023
    ],
    "obj_class": "vehicle",
    "point_num_in_lidar": 356,
    "speed": 0.007636009420102873,
    "if_vehicle": true,
    "motion_state": false,
    "pose": [
      [
        -0.9981265711608809,
        0.06070841339051903,
        -0.007605030323994493,
        -36.64048621856182
      ],
      [
        -0.06095400050448396,
        -0.9974226064509382,
        0.03785173659313678,
        1.2060368409092916
      ],
      [
        -0.005287510295251826,
        0.038244381080397835,
        0.9992544268356557,
        0.9194275202880391
      ],
      [
        0.0,
        0.0,
        0.0,
        1.0
      ]
    ],
    "location": [
      -36.64048621856182,
      1.2060368409092916,
      0.9194275202880391
    ],
    "rotation": [
      0.038254245151907416,
      0.005287534933390286,
      -3.0805999915159776
    ]
  },
  {
    "label_id": "HILMjKmKIoQMgeZ6T8zTSg",
    "size": [
      0.752779733044492,
      0.1029191474772233,
      0.7700000000000031
    ],
    "obj_class": "sign",
    "point_num_in_lidar": 230,
    "speed": 0.019373751801409822,
    "if_vehicle": false,
    "motion_state": false,
    "pose": [
      [
        0.9905320541920065,
        0.1370708325353539,
        -0.007605030323994493,
        -12.217943506471784
      ],
      [
        -0.13669140382389794,
        0.9898902495517046,
        0.03785173659313678,
        4.25586568559811
      ],
      [
        0.012716514412997367,
        -0.0364538161312244,
        0.9992544268356557,
        2.4761705284079696
      ],
      [
        0.0,
        0.0,
        0.0,
        1.0
      ]
    ],
    "location": [
      -12.217943506471784,
      4.25586568559811,
      2.4761705284079696
    ],
    "rotation": [
      -0.036464844545494805,
      -0.012716857168644133,
      -0.13713185076902434
    ]
  },
  {
    "label_id": "Ko333JMTQxrLsIbw6vT5jw",
    "size": [
      2.0027678097125596,
      4.87247641867594,
      1.6600000000000037
    ],
    "obj_class": "vehicle",
    "point_num_in_lidar": 310,
    "speed": 8.987733679556354e-13,
    "if_vehicle": true,
    "motion_state": false,
    "pose": [
      [
        0.6317561548859912,
        -0.7751298757482119,
        -0.007605030323994493,
        -16.49768922657404
      ],
      [
        0.7747786297915029,
        0.6310985032903224,
        0.03785173659313678,
        -22.47861869105145
      ],
      [
        -0.024540488627341723,
        -0.029805282539784747,
        0.9992544268356557,
        0.9790700672206043
      ],
      [
        0.0,
        0.0,
        0.0,
        1.0
      ]
    ],
    "location": [
      -16.49768922657404,
      -22.47861869105145,
      0.9790700672206043
    ],
    "rotation": [
      -0.02981868019821215,
      0.02454295248769657,
      0.8867341388742056
    ]
  },
  {
    "label_id": "Kv6PR2TsyeCAv99_HjOO4w",
    "size": [
      2.0503811492887283,
      4.811895084353816,
      1.4500000000000028
    ],
    "obj_class": "vehicle",
    "point_num_in_lidar": 205,
    "speed": 7.105427357601002e-13,
    "if_vehicle": true,
    "motion_state": false,
    "pose": [
      [
        -0.7491833734361075,
        0.6623189839349805,
        -0.007605030323994493,
        -30.42423540184882
      ],
      [
        -0.6620791316312905,
        -0.7484774341924011,
        0.03785173659313678,
        16.41323353707776
      ],
      [
        0.01937773013668207,
        0.03339302358420108,
        0.9992544268356557,
        0.5763380560928297
      ],
      [
        0.0,
        0.0,
        0.0,
        1.0
      ]
    ],
    "location": [
      -30.42423540184882,
      16.41323353707776,
      0.5763380560928297
    ],
    "rotation": [
      0.03340550750736708,
      -0.01937894305304314,
      -2.417837088230935
    ]
  },
  {
    "label_id": "NHPW81G5lMyXru_I2sGKqA",
    "size": [
      2.0742041171234926,
      4.576080974769498,
      1.4400000000000048
    ],
    "obj_class": "vehicle",
    "point_num_in_lidar": 1060,
    "speed": 2.2781733181718378e-12,
    "if_vehicle": true,
    "motion_state": false,
    "pose": [
      [
        0.6994494896779093,
        0.7146415709312488,
        -0.007605030323994493,
        -0.4596637214990551
      ],
      [
        -0.7139486995866305,
        0.6991741559836454,
        0.03785173659313678,
        -10.377844018274118
      ],
      [
        0.03236766515940399,
        -0.02104577633335941,
        0.9992544268356557,
        0.7430902638980257
      ],
      [
        0.0,
        0.0,
        0.0,
        1.0
      ]
    ],
    "location": [
      -0.4596637214990551,
      -10.377844018274118,
      0.7430902638980257
    ],
    "rotation": [
      -0.021058365843860692,
      -0.032373319574602544,
      -0.7956562077642323
    ]
  },
  {
    "label_id": "NkwybbFSpKDWgnn8QF5B7w",
    "size": [
      1.8052124283528161,
      3.74252247910149,
      1.6600000000000037
    ],
    "obj_class": "vehicle",
    "point_num_in_lidar": 56,
    "speed": 2.611541864940565e-28,
    "if_vehicle": true,
    "motion_state": false,
    "pose": [
      [
        0.6766241542067942,
        -0.7362892892455462,
        -0.007605030323994493,
        -15.236838825015184
      ],
      [
        0.7359776735408649,
        0.6759468248954645,
        0.03785173659313678,
        -32.92616896157051
      ],
      [
        -0.022729232132132505,
        -0.031208531782650734,
        0.9992544268356557,
        1.345190687800141
      ],
      [
        0.0,
        0.0,
        0.0,
        1.0
      ]
    ],
    "location": [
      -15.236838825015184,
      -32.92616896157051,
      1.345190687800141
    ],
    "rotation": [
      -0.031221668546661623,
      0.022731189642293852,
      0.8273906249139298
    ]
  },
  {
    "label_id": "OXd0i5MfXfgVle65_zBBXw",
    "size": [
      2.038907532143841,
      4.734929776064892,
      1.470000000000006
    ],
    "obj_class": "vehicle",
    "point_num_in_lidar": 891,
    "speed": 5.123796534383003e-13,
    "if_vehicle": true,
    "motion_state": false,
    "pose": [
      [
        -0.6583108841642921,
        0.75270774096232,
        -0.007605030323994493,
        -29.42500382864455
      ],
      [
        -0.7523795610042506,
        -0.6576414237408824,
        0.03785173659313678,
        10.16081341795325
      ],
      [
        0.02348991217265645,
        0.030640079560372752,
        0.9992544268356557,
        0.7233166599287344
      ],
      [
        0.0,
        0.0,
        0.0,
        1.0
      ]
    ],
    "location": [
      -29.42500382864455,
      10.16081341795325,
      0.7233166599287344
    ],
    "rotation": [
      0.03065333651518204,
      -0.023492072904068215,
      -2.2896103435129542
    ]
  },
  {
    "label_id": "QfXrH-AG6fWpRUmyN1WzLw",
    "size": [
      0.4456629209226202,
      0.0696207456306018,
      0.15000000000000568
    ],
    "obj_class": "sign",
    "point_num_in_lidar": 110,
    "speed": 0.008782789422794772,
    "if_vehicle": false,
    "motion_state": false,
    "pose": [
      [
        0.9905320541912175,
        0.13707083254105568,
        -0.007605030323994493,
        -12.197675573542256
      ],
      [
        -0.13669140382959602,
        0.9898902495509176,
        0.03785173659313678,
        4.251994900576392
      ],
      [
        0.012716514413207206,
        -0.036453816131151194,
        0.9992544268356557,
        1.9953368280217347
      ],
      [
        0.0,
        0.0,
        0.0,
        1.0
      ]
    ],
    "location": [
      -12.197675573542256,
      4.251994900576392,
      1.9953368280217347
    ],
    "rotation": [
      -0.03646484454542164,
      -0.012716857168853988,
      -0.13713185077477724
    ]
  },
  {
    "label_id": "RqRoUISiOVfgjg-WLH6oig",
    "size": [
      1.8839428583990767,
      4.431572760151295,
      1.5400000000000063
    ],
    "obj_class": "vehicle",
    "point_num_in_lidar": 438,
    "speed": 0.018993528215308555,
    "if_vehicle": true,
    "motion_state": false,
    "pose": [
      [
        0.07709461241708836,
        0.9969947764406942,
        -0.007605030323994493,
        -27.18824590949862
      ],
      [
        -0.9962868728893665,
        0.07732860366779601,
        0.03785173659313678,
        -22.510232239295874
      ],
      [
        0.03832607003837219,
        0.004658626917759677,
        0.9992544268356557,
        0.8524356149816086
      ],
      [
        0.0,
        0.0,
        0.0,
        1.0
      ]
    ],
    "location": [
      -27.18824590949862,
      -22.510232239295874,
      0.8524356149816086
    ],
    "rotation": [
      0.004662069079728677,
      -0.0383354590276046,
      -1.4935682862871795
    ]
  },
  {
    "label_id": "SYZ9P7-R7Vyu8C5_pRukog",
    "size": [
      2.1026481270016446,
      4.699895119369667,
      1.6800000000000068
    ],
    "obj_class": "vehicle",
    "point_num_in_lidar": 115,
    "speed": 7.105427357601002e-13,
    "if_vehicle": true,
    "motion_state": false,
    "pose": [
      [
        0.06786053960697812,
        0.9976658311669399,
        -0.007605030323994493,
        -25.60592454756079
      ],
      [
        -0.9969601243872016,
        0.06810107501896935,
        0.03785173659313678,
        -47.56180423515252
      ],
      [
        0.038281294989919765,
        0.005013272707506527,
        0.9992544268356557,
        1.9877114355889773
      ],
      [
        0.0,
        0.0,
        0.0,
        1.0
      ]
    ],
    "location": [
      -25.60592454756079,
      -47.56180423515252,
      1.9877114355889773
    ],
    "rotation": [
      0.005016971165145503,
      -0.03829065109660992,
      -1.5028337022132228
    ]
  },
  {
    "label_id": "SwUfSWt1LE_xpCIjLv06Pg",
    "size": [
      0.8137902785163594,
      0.1125742801911172,
      0.7600000000000051
    ],
    "obj_class": "sign",
    "point_num_in_lidar": 26,
    "speed": 1.1718571004216928e-12,
    "if_vehicle": false,
    "motion_state": false,
    "pose": [
      [
        -0.10674061044487901,
        -0.9942578164619204,
        -0.007605030323994493,
        -30.634699561369416
      ],
      [
        0.9935432608297691,
        -0.10695342395937261,
        0.03785173659313678,
        6.662678317145037
      ],
      [
        -0.03844776900685001,
        -0.003515609156460579,
        0.9992544268356557,
        2.677267182539886
      ],
      [
        0.0,
        0.0,
        0.0,
        1.0
      ]
    ],
    "location": [
      -30.634699561369416,
      6.662678317145037,
      2.677267182539886
    ],
    "rotation": [
      -0.003518217739947127,
      0.03845724776047242,
      1.6778201114932056
    ]
  },
  {
    "label_id": "TgdBnuHVxPOTzl8OMUYiRg",
    "size": [
      0.8323629950249507,
      0.11670498628292902,
      0.7900000000000063
    ],
    "obj_class": "sign",
    "point_num_in_lidar": 160,
    "speed": 0.003749680303432312,
    "if_vehicle": false,
    "motion_state": false,
    "pose": [
      [
        0.11622258291756846,
        0.9931940770734289,
        -0.007605030323994493,
        -15.460515980946184
      ],
      [
        -0.9924775233835356,
        0.1164285687250664,
        0.03785173659313678,
        -18.316006283403112
      ],
      [
        0.03847956338698043,
        0.003148595066444941,
        0.9992544268356557,
        2.8905682620767337
      ],
      [
        0.0,
        0.0,
        0.0,
        1.0
      ]
    ],
    "location": [
      -15.460515980946184,
      -18.316006283403112,
      2.8905682620767337
    ],
    "rotation": [
      0.0031509338980409683,
      -0.03848906568588838,
      -1.4542237629100858
    ]
  },
  {
    "label_id": "VtnkMTVF6siiRfuCfGB2eg",
    "size": [
      1.8431131976785602,
      4.467267803468969,
      1.6800000000000068
    ],
    "obj_class": "vehicle",
    "point_num_in_lidar": 58,
    "speed": 7.105427357601002e-13,
    "if_vehicle": true,
    "motion_state": false,
    "pose": [
      [
        0.06786053960811587,
        0.9976658311668624,
        -0.007605030323994493,
        -24.9347122761219
      ],
      [
        -0.9969601243871239,
        0.0681010750201063,
        0.03785173659313678,
        -56.44369622397244
      ],
      [
        0.038281294989925475,
        0.0050132727074628704,
        0.9992544268356557,
        2.321138763160995
      ],
      [
        0.0,
        0.0,
        0.0,
        1.0
      ]
    ],
    "location": [
      -24.9347122761219,
      -56.44369622397244,
      2.321138763160995
    ],
    "rotation": [
      0.005016971165101814,
      -0.03829065109661564,
      -1.5028337022120815
    ]
  },
  {
    "label_id": "WBKuczfAjn8i-8Q33iEfTg",
    "size": [
      1.9903516921403088,
      3.944358340693,
      1.6600000000000037
    ],
    "obj_class": "vehicle",
    "point_num_in_lidar": 137,
    "speed": 8.644125458514253e-13,
    "if_vehicle": true,
    "motion_state": false,
    "pose": [
      [
        0.6766241542067939,
        -0.7362892892455464,
        -0.007605030323994493,
        -15.211251894696034
      ],
      [
        0.7359776735408652,
        0.6759468248954642,
        0.03785173659313678,
        -28.979883525844343
      ],
      [
        -0.02272923213213252,
        -0.031208531782650723,
        0.9992544268356557,
        1.2133914985400978
      ],
      [
        0.0,
        0.0,
        0.0,
        1.0
      ]
    ],
    "location": [
      -15.211251894696034,
      -28.979883525844343,
      1.2133914985400978
    ],
    "rotation": [
      -0.031221668546661613,
      0.022731189642293866,
      0.8273906249139302
    ]
  },
  {
    "label_id": "Zwj9I-PqljydaE_gb0MbTw",
    "size": [
      1.9379139095436364,
      4.488067844332695,
      2.0
    ],
    "obj_class": "vehicle",
    "point_num_in_lidar": 55,
    "speed": 2.8421709430404007e-13,
    "if_vehicle": true,
    "motion_state": false,
    "pose": [
      [
        -0.9990805738623157,
        0.042192066134724114,
        -0.007605030323994493,
        -30.91986498437018
      ],
      [
        -0.04245066299493603,
        -0.9983812835025375,
        0.03785173659313678,
        -64.57268496805955
      ],
      [
        -0.005995676962293557,
        0.038139773296506474,
        0.9992544268356557,
        3.276240204010577
      ],
      [
        0.0,
        0.0,
        0.0,
        1.0
      ]
    ],
    "location": [
      -30.91986498437018,
      -64.57268496805955,
      3.276240204010577
    ],
    "rotation": [
      0.038149712020439,
      0.005995712885116046,
      -3.09912846675931
    ]
  },
  {
    "label_id": "bjU_LRF_XLFwrTt9DcYXOQ",
    "size": [
      0.301744411082463,
      0.07692972936776284,
      0.6400000000000006
    ],
    "obj_class": "sign",
    "point_num_in_lidar": 99,
    "speed": 0.012296247949363093,
    "if_vehicle": false,
    "motion_state": false,
    "pose": [
      [
        -0.608607981516229,
        -0.7934346150430498,
        -0.007605030323994493,
        -4.725576366602581
      ],
      [
        0.7927137031742373,
        -0.6084178094341676,
        0.03785173659313678,
        -13.561300039389607
      ],
      [
        -0.03465991394289155,
        0.017008257253946918,
        0.9992544268356557,
        2.7296407479061244
      ],
      [
        0.0,
        0.0,
        0.0,
        1.0
      ]
    ],
    "location": [
      -4.725576366602581,
      -13.561300039389607,
      2.7296407479061244
    ],
    "rotation": [
      0.01701930417339676,
      0.03466685724511389,
      2.225562605529881
    ]
  },
  {
    "label_id": "cvsSzEWkCO_fUj4Y4e3xgA",
    "size": [
      0.7530615077663336,
      0.8484543407193996,
      1.7100000000000009
    ],
    "obj_class": "pedestrian",
    "point_num_in_lidar": 52,
    "speed": 0.029921520582205395,
    "if_vehicle": false,
    "motion_state": false,
    "pose": [
      [
        0.22713445684755149,
        0.9738337137449796,
        -0.007605030323994493,
        -7.008409310682509
      ],
      [
        -0.9730985463186727,
        0.2272585866130692,
        0.03785173659313678,
        -16.789406079693435
      ],
      [
        0.03858960566077165,
        -0.0011969896788302477,
        0.9992544268356557,
        0.9041916050092169
      ],
      [
        0.0,
        0.0,
        0.0,
        1.0
      ]
    ],
    "location": [
      -7.008409310682509,
      -16.789406079693435,
      0.9041916050092169
    ],
    "rotation": [
      -0.001197882215134981,
      -0.03859918975250593,
      -1.3414882511994388
    ]
  },
  {
    "label_id": "fCp7_tVCmZB4bn3ObKtBIg",
    "size": [
      1.7569796857704578,
      4.174253658275681,
      1.9600000000000009
    ],
    "obj_class": "vehicle",
    "point_num_in_lidar": 85,
    "speed": 5.684341886080801e-13,
    "if_vehicle": true,
    "motion_state": false,
    "pose": [
      [
        -0.9982996630888853,
        0.05779226756573138,
        -0.007605030323994493,
        -30.938820934678006
      ],
      [
        -0.058039910165887186,
        -0.9975964188311922,
        0.03785173659313678,
        -61.5127398226341
      ],
      [
        -0.005399213327301381,
        0.03822877116507117,
        0.9992544268356557,
        3.016240814362348
      ],
      [
        0.0,
        0.0,
        0.0,
        1.0
      ]
    ],
    "location": [
      -30.938820934678006,
      -61.5127398226341,
      3.016240814362348
    ],
    "rotation": [
      0.03823864642949826,
      0.005399239560177493,
      -3.0835192606641058
    ]
  },
  {
    "label_id": "gu9u5G065yI_z557Du54jw",
    "size": [
      1.640094616743804,
      3.792063663359228,
      1.470000000000006
    ],
    "obj_class": "vehicle",
    "point_num_in_lidar": 24,
    "speed": 7.105427357601002e-13,
    "if_vehicle": true,
    "motion_state": false,
    "pose": [
      [
        0.6660275296535816,
        0.7458883919577505,
        -0.007605030323994493,
        -45.09880705567048
      ],
      [
        -0.7451836513076444,
        0.6657841781393509,
        0.03785173659313678,
        -12.748151910855086
      ],
      [
        0.03329647980424865,
        -0.01954315435108539,
        0.9992544268356557,
        0.6283750035706674
      ],
      [
        0.0,
        0.0,
        0.0,
        1.0
      ]
    ],
    "location": [
      -45.09880705567048,
      -12.748151910855086,
      0.6283750035706674
    ],
    "rotation": [
      -0.019555243002191507,
      -0.033302635263622725,
      -0.841430361601343
    ]
  },
  {
    "label_id": "h14DkRFx53Pkx5pEtWdarQ",
    "size": [
      0.8347280264472837,
      0.12141330286285525,
      0.7900000000000063
    ],
    "obj_class": "sign",
    "point_num_in_lidar": 79,
    "speed": 0.0028646919952742666,
    "if_vehicle": false,
    "motion_state": false,
    "pose": [
      [
        -0.9973241939573821,
        0.07270911676694491,
        -0.007605030323994493,
        -33.074497885964774
      ],
      [
        -0.07294621909111022,
        -0.9966173263380461,
        0.03785173659313678,
        -15.194208485643685
      ],
      [
        -0.004827138652437132,
        0.038305210895845924,
        0.9992544268356557,
        2.55561863481703
      ],
      [
        0.0,
        0.0,
        0.0,
        1.0
      ]
    ],
    "location": [
      -33.074497885964774,
      -15.194208485643685,
      2.55561863481703
    ],
    "rotation": [
      0.038315031172231416,
      0.004827157399041925,
      -3.068580733969977
    ]
  },
  {
    "label_id": "iMUAR45EX3cmZKOzXxFuBQ",
    "size": [
      2.197391755426742,
      4.821743567278267,
      1.8300000000000054
    ],
    "obj_class": "vehicle",
    "point_num_in_lidar": 6245,
    "speed": 0.035089178816735594,
    "if_vehicle": true,
    "motion_state": false,
    "pose": [
      [
        0.9984694156927911,
        -0.05478128731480566,
        -0.007605030323994493,
        -6.730260343845657
      ],
      [
        0.055031049664712436,
        0.9977669214850149,
        0.03785173659313678,
        -6.775599921913454
      ],
      [
        0.0055144808364992,
        -0.03821231412056811,
        0.9992544268356557,
        0.9610632130919328
      ],
      [
        0.0,
        0.0,
        0.0,
        1.0
      ]
    ],
    "location": [
      -6.730260343845657,
      -6.775599921913454,
      0.9610632130919328
    ],
    "rotation": [
      -0.03822220116517698,
      -0.005514508785648151,
      0.05505970176421277
    ]
  },
  {
    "label_id": "jMGHvd_g07NfKjTg9VxCWQ",
    "size": [
      0.8940892438962621,
      0.9789737546767773,
      1.7464521148686387
    ],
    "obj_class": "pedestrian",
    "point_num_in_lidar": 41,
    "speed": 1.4083877265199352,
    "if_vehicle": false,
    "motion_state": true,
    "pose": [
      [
        -0.9970535422278787,
        0.07633084202739315,
        -0.007605030323994493,
        -46.28300961301193
      ],
      [
        -0.07656537549890294,
        -0.9963458181332402,
        0.03785173659313678,
        -17.471161608653347
      ],
      [
        -0.004687985233735173,
        0.038322490052100824,
        0.9992544268356557,
        0.9013466574690128
      ],
      [
        0.0,
        0.0,
        0.0,
        1.0
      ]
    ],
    "location": [
      -46.28300961301193,
      -17.471161608653347,
      0.9013466574690128
    ],
    "rotation": [
      0.03833229783651607,
      0.004688002405374181,
      -3.064951428570444
    ]
  },
  {
    "label_id": "jZwVlg9QhLVKBnWwkAyd5g",
    "size": [
      2.1885908303247597,
      4.5476016269488415,
      1.5300000000000011
    ],
    "obj_class": "vehicle",
    "point_num_in_lidar": 267,
    "speed": 1.4210854715202004e-13,
    "if_vehicle": true,
    "motion_state": false,
    "pose": [
      [
        -0.031032979983408298,
        -0.9994894284919278,
        -0.007605030323994493,
        -19.445771525123746
      ],
      [
        0.9987930694121233,
        -0.03129936950152812,
        0.03785173659313678,
        21.40524269843081
      ],
      [
        -0.038070443229082304,
        -0.006421199396242677,
        0.9992544268356557,
        0.36946200766452364
      ],
      [
        0.0,
        0.0,
        0.0,
        1.0
      ]
    ],
    "location": [
      -19.445771525123746,
      21.40524269843081,
      0.36946200766452364
    ],
    "rotation": [
      -0.006425901994231226,
      0.038079645519871204,
      1.6018568142594776
    ]
  },
  {
    "label_id": "lbLwsu8SH-0HdB69pypZYw",
    "size": [
      2.317356257481393,
      5.409726554449852,
      1.8200000000000074
    ],
    "obj_class": "vehicle",
    "point_num_in_lidar": 809,
    "speed": 0.0034483530874038467,
    "if_vehicle": true,
    "motion_state": false,
    "pose": [
      [
        -0.734570679770359,
        0.6784895577202967,
        -0.007605030323994493,
        -29.71787553874492
      ],
      [
        -0.6782343769706933,
        -0.7338701356044264,
        0.03785173659313678,
        13.402112114714328
      ],
      [
        0.02010090338487693,
        0.03296276888334669,
        0.9992544268356557,
        0.9089730081893492
      ],
      [
        0.0,
        0.0,
        0.0,
        1.0
      ]
    ],
    "location": [
      -29.71787553874492,
      13.402112114714328,
      0.9089730081893492
    ],
    "rotation": [
      0.03297540593829398,
      -0.020102257247048203,
      -2.396048871876694
    ]
  },
  {
    "label_id": "mwo7eouCPfeT1MgWe_mMaw",
    "size": [
      2.022597685363295,
      4.369351698540099,
      1.6400000000000077
    ],
    "obj_class": "vehicle",
    "point_num_in_lidar": 323,
    "speed": 1.1718571004216928e-12,
    "if_vehicle": true,
    "motion_state": false,
    "pose": [
      [
        -0.7491833734357625,
        0.6623189839353708,
        -0.007605030323994493,
        -30.31142255517352
      ],
      [
        -0.6620791316316804,
        -0.7484774341920561,
        0.03785173659313678,
        24.832416113664294
      ],
      [
        0.019377730136699464,
        0.03339302358419098,
        0.9992544268356557,
        0.6413380560927209
      ],
      [
        0.0,
        0.0,
        0.0,
        1.0
      ]
    ],
    "location": [
      -30.31142255517352,
      24.832416113664294,
      0.6413380560927209
    ],
    "rotation": [
      0.03340550750735699,
      -0.019378943053060534,
      -2.417837088230414
    ]
  },
  {
    "label_id": "oGhYcNPyTUhm8059vJgk7Q",
    "size": [
      1.9637128907572143,
      4.522243896407982,
      1.5799999999999983
    ],
    "obj_class": "vehicle",
    "point_num_in_lidar": 1060,
    "speed": 0.533275298105165,
    "if_vehicle": true,
    "motion_state": false,
    "pose": [
      [
        -0.7779859095481959,
        -0.6282356946705889,
        -0.007605030323994493,
        -27.092544440897655
      ],
      [
        0.6275796421688355,
        -0.7776316858076966,
        0.03785173659313678,
        -4.287927523704639
      ],
      [
        -0.02969372458454393,
        0.02467535551197464,
        0.9992544268356557,
        0.9183750035708798
      ],
      [
        0.0,
        0.0,
        0.0,
        1.0
      ]
    ],
    "location": [
      -27.092544440897655,
      -4.287927523704639,
      0.9183750035708798
    ],
    "rotation": [
      0.024688749084907546,
      0.02969808989514639,
      2.4627964888332543
    ]
  },
  {
    "label_id": "pMXk7LpwD_NwMqmzuEArMQ",
    "size": [
      1.9068103567102415,
      4.170273321995732,
      2.020000000000003
    ],
    "obj_class": "vehicle",
    "point_num_in_lidar": 358,
    "speed": 7.652779469160725e-13,
    "if_vehicle": true,
    "motion_state": false,
    "pose": [
      [
        0.04994332125094711,
        0.9987230988498242,
        -0.007605030323994493,
        -26.580260956010534
      ],
      [
        -0.9980218229196473,
        0.05019648407038269,
        0.03785173659313678,
        -29.556403113814667
      ],
      [
        0.03818514945065802,
        0.005699544786734918,
        0.9992544268356557,
        1.3672416554226814
      ],
      [
        0.0,
        0.0,
        0.0,
        1.0
      ]
    ],
    "location": [
      -26.580260956010534,
      -29.556403113814667,
      1.3672416554226814
    ],
    "rotation": [
      0.0057037355317481496,
      -0.038194435208396924,
      -1.5207957228736046
    ]
  },
  {
    "label_id": "pgI18KkKJl2QaGwb8uesjQ",
    "size": [
      2.1390806501455435,
      4.556199328982984,
      1.730000000000004
    ],
    "obj_class": "vehicle",
    "point_num_in_lidar": 77,
    "speed": 2.1713484359458994,
    "if_vehicle": true,
    "motion_state": true,
    "pose": [
      [
        0.9762055694800414,
        0.21671375044034233,
        -0.007605030323994493,
        -33.29942730644234
      ],
      [
        -0.21628366951707556,
        0.9755965458821142,
        0.03785173659313678,
        -6.289229693977177
      ],
      [
        0.015622433113196381,
        -0.035306232211449455,
        0.9992544268356557,
        0.8983750035708198
      ],
      [
        0.0,
        0.0,
        0.0,
        1.0
      ]
    ],
    "location": [
      -33.29942730644234,
      -6.289229693977177,
      0.8983750035708198
    ],
    "rotation": [
      -0.03531788327977233,
      -0.015623068652586763,
      -0.21803346667802936
    ]
  },
  {
    "label_id": "q-jDxjRpQIk-5SSDJaNgkg",
    "size": [
      2.0565115132562393,
      4.306856006707518,
      1.6100000000000065
    ],
    "obj_class": "vehicle",
    "point_num_in_lidar": 266,
    "speed": 5.859285502108464e-13,
    "if_vehicle": true,
    "motion_state": false,
    "pose": [
      [
        0.6136543963501184,
        -0.7895381215330536,
        -0.007605030323994493,
        -15.533149258139929
      ],
      [
        0.7891717547852557,
        0.6130050468683306,
        0.03785173659313678,
        -25.218476281173935
      ],
      [
        -0.025223467036313837,
        -0.029229559695846858,
        0.9992544268356557,
        1.0033903374969313
      ],
      [
        0.0,
        0.0,
        0.0,
        1.0
      ]
    ],
    "location": [
      -15.533149258139929,
      -25.218476281173935,
      1.0033903374969313
    ],
    "rotation": [
      -0.02924303010643934,
      0.025226142428545085,
      0.9098683274268562
    ]
  },
  {
    "label_id": "qOk43BSYT2QZ29ws6A_thw",
    "size": [
      1.1151197425469228,
      1.3341153754663537,
      1.8800000000000026
    ],
    "obj_class": "pedestrian",
    "point_num_in_lidar": 198,
    "speed": 1.6106644271374668,
    "if_vehicle": false,
    "motion_state": true,
    "pose": [
      [
        0.9846277143551649,
        -0.17450050898921404,
        -0.007605030323994493,
        -15.408733128043423
      ],
      [
        0.17466394652453504,
        0.9839002753436743,
        0.03785173659313678,
        -15.70082177205586
      ],
      [
        0.0008774441281471459,
        -0.03859819349590167,
        0.9992544268356557,
        0.7862749716073907
      ],
      [
        0.0,
        0.0,
        0.0,
        1.0
      ]
    ],
    "location": [
      -15.408733128043423,
      -15.70082177205586,
      0.7862749716073907
    ],
    "rotation": [
      -0.038607798860155036,
      -0.0008774442407390895,
      0.17556452621046634
    ]
  },
  {
    "label_id": "scHfJy5WqY6CcgOK_NwZpA",
    "size": [
      1.680597284736537,
      3.9600297986178874,
      1.5300000000000011
    ],
    "obj_class": "vehicle",
    "point_num_in_lidar": 87,
    "speed": 0.0009024060095960817,
    "if_vehicle": true,
    "motion_state": false,
    "pose": [
      [
        0.6660275296540247,
        0.7458883919573547,
        -0.007605030323994493,
        -41.49416634090812
      ],
      [
        -0.7451836513072487,
        0.6657841781397936,
        0.03785173659313678,
        -12.209818417284623
      ],
      [
        0.033296479804237035,
        -0.019543154351105173,
        0.9992544268356557,
        0.722293560274565
      ],
      [
        0.0,
        0.0,
        0.0,
        1.0
      ]
    ],
    "location": [
      -41.49416634090812,
      -12.209818417284623,
      0.722293560274565
    ],
    "rotation": [
      -0.019555243002211297,
      -0.033302635263611095,
      -0.8414303616007486
    ]
  },
  {
    "label_id": "t8XzvTv7TV6G03bn5R6WcA",
    "size": [
      0.7511716528444339,
      1.15743233501867,
      1.6400000000000077
    ],
    "obj_class": "pedestrian",
    "point_num_in_lidar": 553,
    "speed": 1.4099990183485747,
    "if_vehicle": false,
    "motion_state": true,
    "pose": [
      [
        -0.9978096242918465,
        -0.06571238227560418,
        -0.007605030323994493,
        -8.423330553077903
      ],
      [
        0.06537993715748955,
        -0.9971422716213402,
        0.03785173659313678,
        7.133469641808915
      ],
      [
        -0.010070624997820724,
