[
  {
    "label_id": "-37Tr49YQag_EecI_gdFqA",
    "size": [
      2.061484407524048,
      4.778170597256613,
      1.470000000000006
    ],
    "obj_class": "vehicle",
    "point_num_in_lidar": 124,
    "speed": 3.1776437161565096e-13,
    "if_vehicle": true,
    "motion_state": false,
    "pose": [
      [
        0.6660373604211409,
        0.7458994014943212,
        -0.005321407112095609,
        -38.09545921678182
      ],
      [
        -0.7453283878900567,
        0.6657773018021074,
        0.03501683324224303,
        -12.743632632787921
      ],
      [
        0.029661907026497087,
        -0.019356323398805907,
        0.9993725551645053,
        0.6283750035706177
      ],
      [
        0.0,
        0.0,
        0.0,
        1.0
      ]
    ],
    "location": [
      -38.09545921678182,
      -12.743632632787921,
      0.6283750035706177
    ],
    "rotation": [
      -0.019366054644486277,
      -0.029666258315816284,
      -0.8415195230713061
    ]
  },
  {
    "label_id": "16PzcXDMMYoq8hgoqYjC-Q",
    "size": [
      0.5305112011630253,
      0.12094541017995653,
      0.5700000000000003
    ],
    "obj_class": "sign",
    "point_num_in_lidar": 23,
    "speed": 0.004761248137009705,
    "if_vehicle": false,
    "motion_state": false,
    "pose": [
      [
        -0.027746938733654514,
        -0.9996008153344305,
        -0.005321407112095609,
        -28.95481930549704
      ],
      [
        0.998996739597272,
        -0.02791658402644289,
        0.03501683324224303,
        -25.445251302142424
      ],
      [
        -0.035151410568159645,
        -0.004344458428434133,
        0.9993725551645053,
        3.0897052783654644
      ],
      [
        0.0,
        0.0,
        0.0,
        1.0
      ]
    ],
    "location": [
      -28.95481930549704,
      -25.445251302142424,
      3.0897052783654644
    ],
    "rotation": [
      -0.004347158663766877,
      0.03515865357028264,
      1.5985639919978303
    ]
  },
  {
    "label_id": "5TfIhDaGwG7wy8E9HfiYNA",
    "size": [
      2.075345501806201,
      4.400591282594326,
      1.4400000000000048
    ],
    "obj_class": "vehicle",
    "point_num_in_lidar": 235,
    "speed": 0.006058246481225936,
    "if_vehicle": true,
    "motion_state": false,
    "pose": [
      [
        -0.9998415812371328,
        -0.016985142200678656,
        -0.005321407112095609,
        -35.24622050818107
      ],
      [
        0.016788651065537917,
        -0.999245696805888,
        0.03501683324224303,
        -1.3969201715335657
      ],
      [
        -0.005912159049750734,
        0.03492194667165862,
        0.9993725551645053,
        0.7620970893762333
      ],
      [
        0.0,
        0.0,
        0.0,
        1.0
      ]
    ],
    "location": [
      -35.24622050818107,
      -1.3969201715335657,
      0.7620970893762333
    ],
    "rotation": [
      0.03492965941493073,
      0.005912193492190516,
      3.1248029202915295
    ]
  },
  {
    "label_id": "6HLGrqQfQYMsQDDAwvTpnQ",
    "size": [
      2.126130265646131,
      4.611272155748338,
      1.6300000000000026
    ],
    "obj_class": "vehicle",
    "point_num_in_lidar": 362,
    "speed": 8.987733679556354e-13,
    "if_vehicle": true,
    "motion_state": false,
    "pose": [
      [
        -0.7491944316080638,
        0.6623287599627679,
        -0.005321407112095609,
        -30.089948332831227
      ],
      [
        -0.6620715373404631,
        -0.7486221348806893,
        0.03501683324224303,
        20.67335119055315
      ],
      [
        0.019208932586331554,
        0.02975756866515623,
        0.9993725551645053,
        0.686338056092815
      ],
      [
        0.0,
        0.0,
        0.0,
        1.0
      ]
    ],
    "location": [
      -30.089948332831227,
      20.67335119055315,
      0.686338056092815
    ],
    "rotation": [
      0.02976745617431562,
      -0.019210114077740155,
      -2.4178501039772207
    ]
  },
  {
    "label_id": "9CUNhZDZ4nxh6om0TTTJvA",
    "size": [
      1.7909447756732753,
      4.163788843312304,
      1.7600000000000051
    ],
    "obj_class": "vehicle",
    "point_num_in_lidar": 26,
    "speed": 6.355287432313019e-13,
    "if_vehicle": true,
    "motion_state": false,
    "pose": [
      [
        0.9987304849560695,
        -0.05009092777900681,
        -0.005321407112095609,
        -31.525463333779044
      ],
      [
        0.05024702361432551,
        0.9981227670019287,
        0.03501683324224303,
        -39.20577925027828
      ],
      [
        0.00355739192608189,
        -0.0352397637144741,
        0.9993725551645053,
        1.79626139983138
      ],
      [
        0.0,
        0.0,
        0.0,
        1.0
      ]
    ],
    "location": [
      -31.525463333779044,
      -39.20577925027828,
      1.79626139983138
    ],
    "rotation": [
      -0.03524728461129962,
      -0.0035573994292792143,
      0.05026850965770527
    ]
  },
  {
    "label_id": "9s8YOLhpbgSWdr7GIkOUUQ",
    "size": [
      1.9175413712082297,
      4.427614966261043,
      1.4400000000000048
    ],
    "obj_class": "vehicle",
    "point_num_in_lidar": 1006,
    "speed": 1.449228509952941e-12,
    "if_vehicle": true,
    "motion_state": false,
    "pose": [
      [
        -0.04823755226262773,
        -0.998821716412923,
        -0.005321407112095609,
        -18.652471023929138
      ],
      [
        0.9982142891635599,
        -0.04839477553800405,
        0.03501683324224303,
        9.999034006292277
      ],
      [
        -0.03523310178509849,
        -0.0036227782941560117,
        0.9993725551645053,
        0.5761387631605857
      ],
      [
        0.0,
        0.0,
        0.0,
        1.0
      ]
    ],
    "location": [
      -18.652471023929138,
      9.999034006292277,
      0.5761387631605857
    ],
    "rotation": [
      -0.0036250369359990277,
      0.035240395421359316,
      1.6190826089026484
    ]
  },
  {
    "label_id": "9yvoP8LddkU2qWg-ZQW66A",
    "size": [
      0.35880279056130887,
      0.07909095543237712,
      0.6700000000000017
    ],
    "obj_class": "sign",
    "point_num_in_lidar": 22,
    "speed": 0.00243264668768522,
    "if_vehicle": false,
    "motion_state": false,
    "pose": [
      [
        0.9999857045771937,
        -0.0005227500367240358,
        -0.005321407112095609,
        -40.48590658037119
      ],
      [
        0.0007087782723184561,
        0.9993864713027917,
        0.03501683324224303,
        2.624361780452091
      ],
      [
        0.005299837225259467,
        -0.03502010435954571,
        0.9993725551645053,
        2.7910361253656717
      ],
      [
        0.0,
        0.0,
        0.0,
        1.0
      ]
    ],
    "location": [
      -40.48590658037119,
      2.624361780452091,
      2.7910361253656717
    ],
    "rotation": [
      -0.035027758606621086,
      -0.0052998620361203045,
      0.0007087882860544747
    ]
  },
  {
    "label_id": "DQe9EgHTvbMojU92WrDD-w",
    "size": [
      2.295094381364719,
      6.332258661657688,
      2.200000000000003
    ],
    "obj_class": "vehicle",
    "point_num_in_lidar": 216,
    "speed": 0.04249637856816631,
    "if_vehicle": true,
    "motion_state": false,
    "pose": [
      [
        -0.9697201227384774,
        0.24416094319612144,
        -0.005321407112095609,
        -43.22949553926719
      ],
      [
        -0.2441953571531507,
        -0.9690936223784212,
        0.03501683324224303,
        0.7029368538605922
      ],
      [
        0.0033928013377563303,
        0.03525599073987621,
        0.9993725551645053,
        1.1383750035709426
      ],
      [
        0.0,
        0.0,
        0.0,
        1.0
      ]
    ],
    "location": [
      -43.22949553926719,
      0.7029368538605922,
      1.1383750035709426
    ],
    "rotation": [
      0.035263501651090774,
      -0.00339280784693648,
      -2.894901361534812
    ]
  },
  {
    "label_id": "Go_3rbTk6d2Upk1krZLsKw",
    "size": [
      2.102583894566866,
      4.719586221317513,
      1.8100000000000023
    ],
    "obj_class": "vehicle",
    "point_num_in_lidar": 262,
    "speed": 0.012656333780486329,
    "if_vehicle": true,
    "motion_state": false,
    "pose": [
      [
        -0.9981413038095523,
        0.06070930946497786,
        -0.005321407112095609,
        -36.65813941492797
      ],
      [
        -0.06085893356564282,
        -0.9975319601872101,
        0.03501683324224303,
        1.2045244064520375
      ],
      [
        -0.003182425901696037,
        0.035275602749604895,
        0.9993725551645053,
        0.9267954133671381
      ],
      [
        0.0,
        0.0,
        0.0,
        1.0
      ]
    ],
    "location": [
      -36.65813941492797,
      1.2045244064520375,
      0.9267954133671381
    ],
    "rotation": [
      0.03528310156742716,
      0.0031824312735677235,
      -3.0806957801917836
    ]
  },
  {
    "label_id": "HILMjKmKIoQMgeZ6T8zTSg",
    "size": [
      0.7527797330444925,
      0.1029191474772233,
      0.7700000000000031
    ],
    "obj_class": "sign",
    "point_num_in_lidar": 285,
    "speed": 0.01937375196425253,
    "if_vehicle": false,
    "motion_state": false,
    "pose": [
      [
        0.9905466747433201,
        0.13707285574211467,
        -0.005321407112095609,
        -12.243605293943801
      ],
      [
        -0.13680614677353561,
        0.9899787369406794,
        0.03501683324224303,
        4.247087279287371
      ],
      [
        0.010067937223139223,
        -0.033957806525726095,
        0.9993725551645053,
        2.4898517398899855
      ],
      [
        0.0,
        0.0,
        0.0,
        1.0
      ]
    ],
    "location": [
      -12.243605293943801,
      4.247087279287371,
      2.4898517398899855
    ],
    "rotation": [
      -0.03396605838651754,
      -0.010068107317555357,
      -0.13724352352428107
    ]
  },
  {
    "label_id": "ISEQHFwDwMdTSWtovFFxdA",
    "size": [
      2.067280165625665,
      4.46258473180494,
      1.4600000000000009
    ],
    "obj_class": "vehicle",
    "point_num_in_lidar": 1344,
    "speed": 6.355287432313019e-13,
    "if_vehicle": true,
    "motion_state": false,
    "pose": [
      [
        0.6804529368106358,
        0.7327724636011702,
        -0.005321407112095609,
        2.8345081533652774
      ],
      [
        -0.732206628670961,
        0.6801817950518747,
        0.03501683324224303,
        -9.84028315114847
      ],
      [
        0.02927889540413678,
        -0.019930937456159366,
        0.9993725551645053,
        0.7408791659648628
      ],
      [
        0.0,
        0.0,
        0.0,
        1.0
      ]
    ],
    "location": [
      2.8345081533652774,
      -9.84028315114847,
      0.7408791659648628
    ],
    "rotation": [
      -0.01994080739132349,
      -0.029283080259019628,
      -0.822017429399117
    ]
  },
  {
    "label_id": "Ko333JMTQxrLsIbw6vT5jw",
    "size": [
      2.002767809712559,
      4.87247641867594,
      1.6600000000000037
    ],
    "obj_class": "vehicle",
    "point_num_in_lidar": 78,
    "speed": 8.987733679556354e-13,
    "if_vehicle": true,
    "motion_state": false,
    "pose": [
      [
        0.6317654797970246,
        -0.7751413168985269,
        -0.005321407112095609,
        -16.49768922657404
      ],
      [
        0.7747946210687199,
        0.6312425180171751,
        0.03501683324224303,
        -22.47861869105145
      ],
      [
        -0.02378389580817464,
        -0.026245424061226572,
        0.9993725551645053,
        0.9954328688332197
      ],
      [
        0.0,
        0.0,
        0.0,
        1.0
      ]
    ],
    "location": [
      -16.49768922657404,
      -22.47861869105145,
      0.9954328688332197
    ],
    "rotation": [
      -0.026255866951357086,
      0.02378613869987971,
      0.8867370184017325
    ]
  },
  {
    "label_id": "Kv6PR2TsyeCAv99_HjOO4w",
    "size": [
      2.05038114928873,
      4.811895084353816,
      1.4500000000000028
    ],
    "obj_class": "vehicle",
    "point_num_in_lidar": 129,
    "speed": 7.105427357601002e-13,
    "if_vehicle": true,
    "motion_state": false,
    "pose": [
      [
        -0.7491944316082375,
        0.6623287599625711,
        -0.005321407112095609,
        -30.42423540184882
      ],
      [
        -0.6620715373402665,
        -0.7486221348808629,
        0.03501683324224303,
        16.413233537079577
      ],
      [
        0.01920893258632374,
        0.029757568665161268,
        0.9993725551645053,
        0.5763380560927729
      ],
      [
        0.0,
        0.0,
        0.0,
        1.0
      ]
    ],
    "location": [
      -30.42423540184882,
      16.413233537079577,
      0.5763380560927729
    ],
    "rotation": [
      0.029767456174320656,
      -0.019210114077732342,
      -2.417850103977483
    ]
  },
  {
    "label_id": "NHPW81G5lMyXru_I2sGKqA",
    "size": [
      2.0742041171234926,
      4.576080974769498,
      1.4400000000000048
    ],
    "obj_class": "vehicle",
    "point_num_in_lidar": 1802,
    "speed": 2.2781733181718378e-12,
    "if_vehicle": true,
    "motion_state": false,
    "pose": [
      [
        0.6994598137629435,
        0.7146521192559746,
        -0.005321407112095609,
        -0.4596637214990551
      ],
      [
        -0.7140935992096921,
        0.6991739075204628,
        0.03501683324224303,
        -10.377844018272299
      ],
      [
        0.02874544309027311,
        -0.02069288490065095,
        0.9993725551645053,
        0.7496015045725315
      ],
      [
        0.0,
        0.0,
        0.0,
        1.0
      ]
    ],
    "location": [
      -0.4596637214990551,
      -10.377844018272299,
      0.7496015045725315
    ],
    "rotation": [
      -0.020702918357193633,
      -0.028749403291984704,
      -0.7957502750046846
    ]
  },
  {
    "label_id": "OXd0i5MfXfgVle65_zBBXw",
    "size": [
      2.038907532143843,
      4.734929776064892,
      1.470000000000006
    ],
    "obj_class": "vehicle",
    "point_num_in_lidar": 679,
    "speed": 5.123796534383003e-13,
    "if_vehicle": true,
    "motion_state": false,
    "pose": [
      [
        -0.6583206010311244,
        0.752718851155175,
        -0.005321407112095609,
        -29.42500382864364
      ],
      [
        -0.752390538011007,
        -0.6577859071926005,
        0.03501683324224303,
        10.160813417951431
      ],
      [
        0.02285748388442255,
        0.0270560790662853,
        0.9993725551645053,
        0.7245554768820242
      ],
      [
        0.0,
        0.0,
        0.0,
        1.0
      ]
    ],
    "location": [
      -29.42500382864364,
      10.160813417951431,
      0.7245554768820242
    ],
    "rotation": [
      0.02706645441964931,
      -0.022859474723435382,
      -2.2896104280473377
    ]
  },
  {
    "label_id": "QfXrH-AG6fWpRUmyN1WzLw",
    "size": [
      0.4456629209226206,
      0.0696207456306018,
      0.15000000000000568
    ],
    "obj_class": "sign",
    "point_num_in_lidar": 34,
    "speed": 0.008782789495380305,
    "if_vehicle": false,
    "motion_state": false,
    "pose": [
      [
        0.9905466747425353,
        0.13707285574778663,
        -0.005321407112095609,
        -12.203911588202573
      ],
      [
        -0.1368061467792043,
        0.989978736939896,
        0.03501683324224303,
        4.241398470378044
      ],
      [
        0.010067937223333667,
        -0.033957806525668446,
        0.9993725551645053,
        2.0092562202359403
      ],
      [
        0.0,
        0.0,
        0.0,
        1.0
      ]
    ],
    "location": [
      -12.203911588202573,
      4.241398470378044,
      2.0092562202359403
    ],
    "rotation": [
      -0.03396605838645992,
      -0.01006810731774981,
      -0.1372435235300041
    ]
  },
  {
    "label_id": "RqRoUISiOVfgjg-WLH6oig",
    "size": [
      1.8839428583990758,
      4.431572760151295,
      1.5400000000000063
    ],
    "obj_class": "vehicle",
    "point_num_in_lidar": 395,
    "speed": 0.006578825684069993,
    "if_vehicle": true,
    "motion_state": false,
    "pose": [
      [
        0.07709575035677825,
        0.9970094923837349,
        -0.005321407112095609,
        -27.188944942404305
      ],
      [
        -0.9963977733632853,
        0.07723534570630346,
        0.03501683324224303,
        -22.50668820462306
      ],
      [
        0.0353231158536813,
        0.002602589163722712,
        0.9993725551645053,
        0.8627176139421238
      ],
      [
        0.0,
        0.0,
        0.0,
        1.0
      ]
    ],
    "location": [
      -27.188944942404305,
      -22.50668820462306,
      0.8627176139421238
    ],
    "rotation": [
      0.0026042172828635306,
      -0.035330465555588025,
      -1.4935757124889513
    ]
  },
  {
    "label_id": "SYZ9P7-R7Vyu8C5_pRukog",
    "size": [
      2.1026481270016433,
      4.699895119369667,
      1.6800000000000068
    ],
    "obj_class": "vehicle",
    "point_num_in_lidar": 47,
    "speed": 9.629038973029797e-28,
    "if_vehicle": true,
    "motion_state": false,
    "pose": [
      [
        0.06786154124897081,
        0.9976805570149504,
        -0.005321407112095609,
        -25.60592454755988
      ],
      [
        -0.9970701566702722,
        0.06800679427236654,
        0.03501683324224303,
        -47.56180423515252
      ],
      [
        0.03529750553273245,
        0.002929519949486661,
        0.9993725551645053,
        1.9866905781032145
      ],
      [
        0.0,
        0.0,
        0.0,
        1.0
      ]
    ],
    "location": [
      -25.60592454755988,
      -47.56180423515252,
      1.9866905781032145
    ],
    "rotation": [
      0.002931350819471001,
      -0.0353048392539881,
      -1.5028401792470618
    ]
  },
  {
    "label_id": "SwUfSWt1LE_xpCIjLv06Pg",
    "size": [
      0.8137902785163564,
      0.1125742801911172,
      0.7600000000000051
    ],
    "obj_class": "sign",
    "point_num_in_lidar": 30,
    "speed": 0.00018039274110471333,
    "if_vehicle": false,
    "motion_state": false,
    "pose": [
      [
        -0.10674218596838173,
        -0.9942724920066122,
        -0.005321407112095609,
        -30.634699561368507
      ],
      [
        0.9936568884062597,
        -0.10686350879732097,
        0.03501683324224303,
        6.662678317148675
      ],
      [
        -0.03538493828568251,
        -0.0015498795069805447,
        0.9993725551645053,
        2.6769950975537
      ],
      [
        0.0,
        0.0,
        0.0,
        1.0
      ]
    ],
    "location": [
      -30.634699561368507,
      6.662678317148675,
      2.6769950975537
    ],
    "rotation": [
      -0.0015508513380840462,
      0.03539232666000798,
      1.677809533726649
    ]
  },
  {
    "label_id": "TgdBnuHVxPOTzl8OMUYiRg",
    "size": [
      0.8323629950249491,
      0.11670498628292902,
      0.7900000000000063
    ],
    "obj_class": "sign",
    "point_num_in_lidar": 110,
    "speed": 0.003749680334465969,
    "if_vehicle": false,
    "motion_state": false,
    "pose": [
      [
        0.11622429839789016,
        0.9932087369170015,
        -0.005321407112095609,
        -15.462464735559479
      ],
      [
        -0.9925920037238557,
        0.11633974184751404,
        0.03501683324224303,
        -18.311132163556977
      ],
      [
        0.0353981158450482,
        0.001212179272329742,
        0.9993725551645053,
        2.8868970459186514
      ],
      [
        0.0,
        0.0,
        0.0,
        1.0
      ]
    ],
    "location": [
      -15.462464735559479,
      -18.311132163556977,
      2.8868970459186514
    ],
    "rotation": [
      0.0012129397306375148,
      -0.03540551247997787,
      -1.4542353814161204
    ]
  },
  {
    "label_id": "XvVgKHrB7eBfiBwcpoWd3g",
    "size": [
      0.7460676117634953,
      0.8228660025952748,
      1.5900000000000034
    ],
    "obj_class": "pedestrian",
    "point_num_in_lidar": 71,
    "speed": 1.4415531978639584,
    "if_vehicle": false,
    "motion_state": true,
    "pose": [
      [
        0.9955008998789902,
        -0.09460254207191271,
        -0.005321407112095609,
        2.066462939612393
      ],
      [
        0.09473136720741303,
        0.9948868224359488,
        0.03501683324224303,
        -15.255013140022129
      ],
      [
        0.0019815163726164104,
        -0.03536339317476154,
        0.9993725551645053,
        0.8540949721972808
      ],
      [
        0.0,
        0.0,
        0.0,
        1.0
      ]
    ],
    "location": [
      2.066462939612393,
      -15.255013140022129,
      0.8540949721972808
    ],
    "rotation": [
      -0.035370837525579096,
      -0.0019815176693253724,
      0.09487381632949832
    ]
  },
  {
    "label_id": "bjU_LRF_XLFwrTt9DcYXOQ",
    "size": [
      0.3017444110824625,
      0.07692972936776284,
      0.6400000000000006
    ],
    "obj_class": "sign",
    "point_num_in_lidar": 94,
    "speed": 0.04209450322116361,
    "if_vehicle": false,
    "motion_state": false,
    "pose": [
      [
        -0.6086169647532489,
        -0.7934463263768318,
        -0.005321407112095609,
        -4.748370094995153
      ],
      [
        0.7928575252495341,
        -0.6084001693333667,
        0.03501683324224303,
        -13.519470717516015
      ],
      [
        -0.031021522685498605,
        0.017092721089423224,
        0.9993725551645053,
        2.731862848774341
      ],
      [
        0.0,
        0.0,
        0.0,
        1.0
      ]
    ],
    "location": [
      -4.748370094995153,
      -13.519470717516015,
      2.731862848774341
    ],
    "rotation": [
      0.017101785108291526,
      0.03102650035688278,
      2.225482108317684
    ]
  },
  {
    "label_id": "cvsSzEWkCO_fUj4Y4e3xgA",
    "size": [
      0.7530615077658231,
      0.8484543407193996,
      1.7100000000000009
    ],
    "obj_class": "pedestrian",
    "point_num_in_lidar": 57,
    "speed": 0.02992152083192826,
    "if_vehicle": false,
    "motion_state": false,
    "pose": [
      [
        0.20301868644890309,
        0.979160403396149,
        -0.005321407112095609,
        -7.026084422082931
      ],
      [
        -0.9785359135614352,
        0.20307950970044336,
        0.03501683324224303,
        -16.827382061243043
      ],
      [
        0.03536776531037119,
        -0.0019018835185736693,
        0.9993725551645053,
        0.9221913366869714
      ],
      [
        0.0,
        0.0,
        0.0,
        1.0
      ]
    ],
    "location": [
      -7.026084422082931,
      -16.827382061243043,
      0.9221913366869714
    ],
    "rotation": [
      -0.0019030752973255973,
      -0.0353751429287283,
      -1.3662266978214122
    ]
  },
  {
    "label_id": "h14DkRFx53Pkx5pEtWdarQ",
    "size": [
      0.8347280264472835,
      0.12141330286285525,
      0.7900000000000063
    ],
    "obj_class": "sign",
    "point_num_in_lidar": 65,
    "speed": 0.0028646920185134922,
    "if_vehicle": false,
    "motion_state": false,
    "pose": [
      [
        -0.9973389147627244,
        0.07271018997539923,
        -0.005321407112095609,
        -33.07748019800874
      ],
      [
        -0.07285247429490824,
        -0.996727815594004,
        0.03501683324224303,
        -15.196889653412654
      ],
      [
        -0.002757913889345087,
        0.03531132813909264,
        0.9993725551645053,
        2.5607211048041876
      ],
      [
        0.0,
        0.0,
        0.0,
        1.0
      ]
    ],
    "location": [
      -33.07748019800874,
      -15.196889653412654,
      2.5607211048041876
    ],
    "rotation": [
      0.035318804857791104,
      0.0027579173855134796,
      -3.068675303211965
    ]
  },
  {
    "label_id": "iMUAR45EX3cmZKOzXxFuBQ",
    "size": [
      2.1973917554267417,
      4.821743567278267,
      1.8300000000000054
    ],
    "obj_class": "vehicle",
    "point_num_in_lidar": 5636,
    "speed": 0.03508917911140317,
    "if_vehicle": true,
    "motion_state": false,
    "pose": [
      [
        0.9984841534019511,
        -0.05478209590309839,
        -0.005321407112095609,
        -6.684135043705282
      ],
      [
        0.05493533514874225,
        0.997875708864476,
        0.03501683324224303,
        -6.792494746510783
      ],
      [
        0.003391807377239507,
        -0.035256086377864204,
        0.9993725551645053,
        0.9743964071522413
      ],
      [
        0.0,
        0.0,
        0.0,
        1.0
      ]
    ],
    "location": [
      -6.684135043705282,
      -6.792494746510783,
      0.9743964071522413
    ],
    "rotation": [
      -0.035263597230171105,
      -0.0033918138807004935,
      0.054963320695769334
    ]
  },
  {
    "label_id": "jMGHvd_g07NfKjTg9VxCWQ",
    "size": [
      0.8940892438969309,
      0.9789737546767773,
      1.7464521148686387
    ],
    "obj_class": "pedestrian",
    "point_num_in_lidar": 36,
    "speed": 1.403840289737197,
    "if_vehicle": false,
    "motion_state": true,
    "pose": [
      [
        -0.9991728207240245,
        0.040315715952265734,
        -0.005321407112095609,
        -44.320106164759636
      ],
      [
        -0.04047775097794489,
        -0.998566659299945,
        0.03501683324224303,
        -17.33745710295989
      ],
      [
        -0.003902051020158153,
        0.03520326663541042,
        0.9993725551645053,
        0.8997049521624163
      ],
      [
        0.0,
        0.0,
        0.0,
        1.0
      ]
    ],
    "location": [
      -44.320106164759636,
      -17.33745710295989,
      0.8997049521624163
    ],
    "rotation": [
      0.03521080992365549,
      0.003902060922332213,
      -3.1011035325901735
    ]
  },
  {
    "label_id": "l4IU7hYAbEicJJhcNV-PYQ",
    "size": [
      1.7797335311146556,
      3.629981180814881,
      1.4200000000000017
    ],
    "obj_class": "vehicle",
    "point_num_in_lidar": 86,
    "speed": 6.355287432313019e-13,
    "if_vehicle": true,
    "motion_state": false,
    "pose": [
      [
        0.7087664692122572,
        0.7054231175307042,
        -0.005321407112095609,
        -7.661596939419724
      ],
      [
        -0.7048683927490272,
        0.7084732671689794,
        0.03501683324224303,
        -10.27648014172155
      ],
      [
        0.028471758354438492,
        -0.021067865581832917,
        0.9993725551645053,
        0.6644367814439462
      ],
      [
        0.0,
        0.0,
        0.0,
        1.0
      ]
    ],
    "location": [
      -7.661596939419724,
      -10.27648014172155,
      0.6644367814439462
    ],
    "rotation": [
      -0.021077970736887507,
      -0.028475606487582007,
      -0.7826406857147715
    ]
  },
  {
    "label_id": "lbLwsu8SH-0HdB69pypZYw",
    "size": [
      2.3173562574813897,
      5.409726554449852,
      1.8200000000000074
    ],
    "obj_class": "vehicle",
    "point_num_in_lidar": 427,
    "speed": 0.00344835305827265,
    "if_vehicle": true,
    "motion_state": false,
    "pose": [
      [
        -0.7345815222547317,
        0.6784995724304242,
        -0.005321407112095609,
        -29.721274414199797
      ],
      [
        -0.6782299381264582,
        -0.734014967435042,
        0.03501683324224303,
        13.39868404734625
      ],
      [
        0.019852913914635905,
        0.029331856284009274,
        0.9993725551645053,
        0.9128349455471962
      ],
      [
        0.0,
        0.0,
        0.0,
        1.0
      ]
    ],
    "location": [
      -29.721274414199797,
      13.39868404734625,
      0.9128349455471962
    ],
    "rotation": [
      0.029341848496187133,
      -0.01985421827792295,
      -2.396059490504967
    ]
  },
  {
    "label_id": "mwo7eouCPfeT1MgWe_mMaw",
    "size": [
      2.0225976853632934,
      4.369351698540099,
      1.6400000000000077
    ],
    "obj_class": "vehicle",
    "point_num_in_lidar": 27,
    "speed": 3.583005879021886e-28,
    "if_vehicle": true,
    "motion_state": false,
    "pose": [
      [
        -0.7491944316078925,
        0.6623287599629615,
        -0.005321407112095609,
        -30.31142255517352
      ],
      [
        -0.6620715373406566,
        -0.7486221348805181,
        0.03501683324224303,
        24.832416113666113
      ],
      [
        0.019208932586339246,
        0.029757568665151266,
        0.9993725551645053,
        0.6413380560928132
      ],
      [
        0.0,
        0.0,
        0.0,
        1.0
      ]
    ],
    "location": [
      -30.31142255517352,
      24.832416113666113,
      0.6413380560928132
    ],
    "rotation": [
      0.029767456174310657,
      -0.01921011407774785,
      -2.417850103976962
    ]
  },
  {
    "label_id": "oGhYcNPyTUhm8059vJgk7Q",
    "size": [
      1.9637128907583032,
      4.522243896407982,
      1.5799999999999983
    ],
    "obj_class": "vehicle",
    "point_num_in_lidar": 787,
    "speed": 0.40273171755377707,
    "if_vehicle": true,
    "motion_state": false,
    "pose": [
      [
        -0.7324807370795989,
        -0.680766958976179,
        -0.005321407112095609,
        -26.707531278995702
      ],
      [
        0.680222587780561,
        -0.732168732235133,
        0.03501683324224303,
        -4.610643021791475
      ],
      [
        -0.027734470978267825,
        0.02202941450704802,
        0.9993725551645053,
        0.9183750035709934
      ],
      [
        0.0,
        0.0,
        0.0,
        1.0
      ]
    ],
    "location": [
      -26.707531278995702,
      -4.610643021791475,
      0.9183750035709934
    ],
    "rotation": [
      0.02203967616279385,
      0.02773802777280488,
      2.393169226238173
    ]
  },
  {
    "label_id": "pMXk7LpwD_NwMqmzuEArMQ",
    "size": [
      1.9068103567102366,
      4.170273321995732,
      2.020000000000003
    ],
    "obj_class": "vehicle",
    "point_num_in_lidar": 306,
    "speed": 7.652779469160725e-13,
    "if_vehicle": true,
    "motion_state": false,
    "pose": [
      [
        0.04994405842940385,
        0.998737840303424,
        -0.005321407112095609,
        -26.580260956009624
      ],
      [
        -0.998130145310605,
        0.05010024363130061,
        0.03501683324224303,
        -29.55640311381285
      ],
      [
        0.03523924019940027,
        0.003562574088589599,
        0.9993725551645053,
        1.3667269632275847
      ],
      [
        0.0,
        0.0,
        0.0,
        1.0
      ]
    ],
    "location": [
      -26.580260956009624,
      -29.55640311381285,
      1.3667269632275847
    ],
    "rotation": [
      0.003564795710446051,
      -0.03524653764990325,
      -1.5208004034519846
    ]
  },
  {
    "label_id": "pgI18KkKJl2QaGwb8uesjQ",
    "size": [
      2.139080650143997,
      4.556199328982984,
      1.730000000000004
    ],
    "obj_class": "vehicle",
    "point_num_in_lidar": 65,
    "speed": 0.9289714347741969,
    "if_vehicle": true,
    "motion_state": false,
    "pose": [
      [
        0.9931885930436053,
        0.11639631125775093,
        -0.005321407112095609,
        -35.473591792407206
      ],
      [
        -0.11614149821969692,
        0.9926152193982163,
        0.03501683324224303,
        -5.813499794972813
      ],
      [
        0.009357939909404889,
        -0.03416028314607016,
        0.9993725551645053,
        0.8983750035707061
      ],
      [
        0.0,
        0.0,
        0.0,
        1.0
      ]
    ],
    "location": [
      -35.473591792407206,
      -5.813499794972813,
      0.8983750035707061
    ],
    "rotation": [
      -0.03416842708254182,
      -0.009358076495541408,
      -0.11640931874738066
    ]
  },
  {
    "label_id": "q-jDxjRpQIk-5SSDJaNgkg",
    "size": [
      2.0565115132562406,
      4.306856006707518,
      1.6100000000000065
    ],
    "obj_class": "vehicle",
    "point_num_in_lidar": 84,
    "speed": 8.705132631577441e-29,
    "if_vehicle": true,
    "motion_state": false,
    "pose": [
      [
        0.6136634540737463,
        -0.7895497753534139,
        -0.005321407112095609,
        -15.53314925813902
      ],
      [
        0.7891910735702748,
        0.6131486530904899,
        0.03501683324224303,
        -25.218476281173935
      ],
      [
        -0.024384719216673362,
        -0.025688157829858466,
        0.9993725551645053,
        1.0033903374970095
      ],
      [
        0.0,
        0.0,
        0.0,
        1.0
      ]
    ],
    "location": [
      -15.53314925813902,
      -25.218476281173935,
      1.0033903374970095
    ],
    "rotation": [
      -0.02569862706548679,
      0.02438713644825492,
      0.9098730372831012
    ]
  },
  {
    "label_id": "qOk43BSYT2QZ29ws6A_thw",
    "size": [
      1.1151197425472592,
      1.3341153754663537,
      1.8800000000000026
    ],
    "obj_class": "pedestrian",
    "point_num_in_lidar": 133,
    "speed": 1.5620932394545954,
    "if_vehicle": false,
    "motion_state": true,
    "pose": [
      [
        0.9817307532530676,
        -0.190200974612414,
        -0.005321407112095609,
        -17.578929292850262
      ],
      [
        0.19026995649411785,
        0.9811071119125636,
        0.03501683324224303,
        -16.10473290504342
      ],
      [
        -0.0014393654474559039,
        -0.03538960597515022,
        0.9993725551645053,
        0.8371233727749186
      ],
      [
        0.0,
        0.0,
        0.0,
        1.0
      ]
    ],
    "location": [
      -17.578929292850262,
      -16.10473290504342,
      0.8371233727749186
    ],
    "rotation": [
      -0.035397033957450016,
      0.0014393659444627532,
      0.19143731985277135
    ]
  },
  {
    "label_id": "scHfJy5WqY6CcgOK_NwZpA",
    "size": [
      1.6805972847365336,
      3.9600297986178874,
      1.5300000000000011
    ],
    "obj_class": "vehicle",
    "point_num_in_lidar": 66,
    "speed": 0.0009024060167404607,
    "if_vehicle": true,
    "motion_state": false,
    "pose": [
      [
        0.6660373604208659,
        0.7458994014945667,
        -0.005321407112095609,
        -41.49307362350828
      ],
      [
        -0.745328387890302,
        0.6657773018018326,
        0.03501683324224303,
        -12.209184470757464
      ],
      [
        0.029661907026504217,
        -0.01935632339879497,
        0.9993725551645053,
        0.7307353033473234
      ],
      [
        0.0,
        0.0,
        0.0,
        1.0
      ]
    ],
    "location": [
      -41.49307362350828,
      -12.209184470757464,
      0.7307353033473234
    ],
    "rotation": [
      -0.019366054644475342,
      -0.029666258315823417,
      -0.8415195230716748
    ]
  },
  {
    "label_id": "t8XzvTv7TV6G03bn5R6WcA",
    "size": [
      0.7511716528410102,
      1.15743233501867,
      1.6400000000000006
    ],
    "obj_class": "pedestrian",
    "point_num_in_lidar": 628,
    "speed": 1.3795190113354954,
    "if_vehicle": false,
    "motion_state": true,
    "pose": [
      [
        -0.9976559421504155,
        -0.06822245758043388,
        -0.005321407112095609,
        -6.514613219795137
      ],
      [
        0.06799567517422912,
        -0.9970709150041865,
        0.03501683324224303,
        6.90230861672535
      ],
      [
        -0.0076947546788370055,
        0.034572919089950076,
        0.9993725551645053,
        0.8364481921674027
      ],
      [
        0.0,
        0.0,
        0.0,
        1.0
      ]
    ],
    "location": [
      -6.514613219795137,
      6.90230861672535,
      0.8364481921674027
    ],
    "rotation": [
      0.03458083439849327,
      0.00769483061430195,
      3.073542456023477
    ]
  },
  {
    "label_id": "tOnXgSmhW4twqeFVr1vJPQ",
    "size": [
      1.9794288893350127,
      4.732368682858808,
      1.6100000000000065
    ],
    "obj_class": "vehicle",
    "point_num_in_lidar": 172,
    "speed": 0.0037422093845108765,
    "if_vehicle": true,
    "motion_state": false,
    "pose": [
      [
        0.049944058429736496,
        0.9987378403034074,
        -0.005321407112095609,
        -26.134980634373278
      ],
      [
        -0.9981301453105883,
        0.05010024363163306,
        0.03501683324224303,
        -35.044316412811895
      ],
      [
        0.03523924019940146,
        0.0035625740885778623,
        0.9993725551645053,
        1.4011387631612138
      ],
      [
        0.0,
        0.0,
        0.0,
        1.0
      ]
    ],
    "location": [
      -26.134980634373278,
      -35.044316412811895,
      1.4011387631612138
    ],
    "rotation": [
      0.003564795710434307,
      -0.035246537649904444,
      -1.5208004034516514
    ]
  },
  {
    "label_id": "ua_F37fRYO7Rv9gWVk0TTw",
    "size": [
      0.3958416085876073,
      0.1334474068171403,
      0.7600000000000051
    ],
    "obj_class": "sign",
    "point_num_in_lidar": 24,
    "speed": 0.0009418991560607149,
    "if_vehicle": false,
    "motion_state": false,
    "pose": [
      [
        -0.027746938731298673,
        -0.9996008153344959,
        -0.005321407112095609,
        -28.531359161749606
      ],
      [
        0.9989967395973377,
        -0.027916584024088476,
        0.03501683324224303,
        -26.974177382628113
      ],
      [
        -0.03515141056814941,
        -0.004344458428516977,
        0.9993725551645053,
        3.2077224508489266
      ],
      [
        0.0,
        0.0,
        0.0,
        1.0
      ]
    ],
    "location": [
      -28.531359161749606,
      -26.974177382628113,
      3.2077224508489266
    ],
    "rotation": [
      -0.004347158663849771,
      0.0351586535702724,
      1.5985639919954722
    ]
  },
  {
    "label_id": "utUGhFL-R1s-OBA6Xo3RDQ",
    "size": [
      2.1325482430775824,
      4.870659034134611,
      1.490000000000002
    ],
    "obj_class": "vehicle",
    "point_num_in_lidar": 3527,
    "speed": 0.09836218172016961,
    "if_vehicle": true,
    "motion_state": false,
    "pose": [
      [
        -0.9963836109969386,
        0.08480201862602621,
        -0.005321407112095609,
        -4.297569989532349
      ],
      [
        -0.08493688017855182,
        -0.9957708309521922,
        0.03501683324224303,
        3.214916030578024
      ],
      [
        -0.0023294038370132025,
        0.0353421824698451,
        0.9993725551645053,
        0.6041865997503919
      ],
      [
        0.0,
        0.0,
        0.0,
        1.0
      ]
    ],
    "location": [
      -4.297569989532349,
      3.214916030578024,
      0.6041865997503919
    ],
    "rotation": [
      0.03534964003008322,
      0.0023294059436233393,
      -3.0565530828440215
    ]
  },
  {
    "label_id": "wAkzx5aXp8ha5mzB6NAV1g",
    "size": [
      2.319244151233406,
      4.606269919017848,
      1.9500000000000028
    ],
    "obj_class": "vehicle",
    "point_num_in_lidar": 2805,
    "speed": 0.017065400356023514,
    "if_vehicle": true,
    "motion_state": false,
    "pose": [
      [
        0.6808936500160442,
        0.7323629701139839,
        -0.005321407112095609,
        -4.101763753941668
      ],
      [
        -0.7317972984052092,
        0.6806221678997255,
        0.03501683324224303,
        -10.444809967004403
      ],
      [
        0.02926689964218672,
        -0.019948548049968175,
        0.9993725551645053,
        0.9311042155223319
      ],
      [
        0.0,
        0.0,
        0.0,
        1.0
      ]
    ],
    "location": [
      -4.101763753941668,
      -10.444809967004403,
      0.9311042155223319
    ],
    "rotation": [
      -0.019958422029485706,
      -0.029271079354164654,
      -0.8214156906195312
    ]
  },
  {
    "label_id": "xxr8AZNz3D1gxKiJKZLYSQ",
    "size": [
      2.0157827467134273,
      4.669815123116134,
      1.490000000000002
    ],
    "obj_class": "vehicle",
    "point_num_in_lidar": 231,
    "speed": 4.0194366942304643e-13,
    "if_vehicle": true,
    "motion_state": false,
    "pose": [
      [
        -0.07193112424610347,
        -0.997395406040673,
        -0.005321407112095609,
        -19.181883372588345
      ],
      [
        0.9967844181998222,
        -0.07207388586531974,
        0.03501683324224303,
        15.53676429483312
      ],
      [
        -0.0353091630987456,
