[
  {
    "label_id": "-37Tr49YQag_EecI_gdFqA",
    "size": [
      2.0614844075240506,
      4.778170597256613,
      1.470000000000006
    ],
    "obj_class": "vehicle",
    "point_num_in_lidar": 215,
    "speed": 3.1776437161565096e-13,
    "if_vehicle": true,
    "motion_state": false,
    "pose": [
      [
        0.6660014775250371,
        0.7458592160147695,
        -0.011664554012071839,
        -38.09545921678273
      ],
      [
        -0.7450188099080906,
        0.6658696522822333,
        0.03955476017712826,
        -12.74363263278974
      ],
      [
        0.03726935493941072,
        -0.017653216572933523,
        0.9991493177333554,
        0.6283750035706674
      ],
      [
        0.0,
        0.0,
        0.0,
        1.0
      ]
    ],
    "location": [
      -38.09545921678273,
      -12.74363263278974,
      0.6283750035706674
    ],
    "rotation": [
      -0.017666408500476617,
      -0.037277988222345584,
      -0.8413398733059577
    ]
  },
  {
    "label_id": "16PzcXDMMYoq8hgoqYjC-Q",
    "size": [
      0.530511201163028,
      0.12094541017995653,
      0.5700000000000003
    ],
    "obj_class": "sign",
    "point_num_in_lidar": 30,
    "speed": 0.0047612481356190325,
    "if_vehicle": false,
    "motion_state": false,
    "pose": [
      [
        -0.027745443861761844,
        -0.999546961640429,
        -0.011664554012071839,
        -28.94530943230893
      ],
      [
        0.9988197645682891,
        -0.02818685606940346,
        0.03955476017712826,
        -25.445730592191467
      ],
      [
        -0.03986562745851645,
        -0.010553322714171722,
        0.9991493177333554,
        3.0786506323274025
      ],
      [
        0.0,
        0.0,
        0.0,
        1.0
      ]
    ],
    "location": [
      -28.94530943230893,
      -25.445730592191467,
      3.0786506323274025
    ],
    "rotation": [
      -0.01056191512318337,
      0.03987619454688304,
      1.598567413974377
    ]
  },
  {
    "label_id": "5TfIhDaGwG7wy8E9HfiYNA",
    "size": [
      2.075345501806664,
      4.400591282594326,
      1.4400000000000048
    ],
    "obj_class": "vehicle",
    "point_num_in_lidar": 303,
    "speed": 0.006058246482680609,
    "if_vehicle": true,
    "motion_state": false,
    "pose": [
      [
        -0.9997877145715964,
        -0.016984227135886775,
        -0.011664554012071839,
        -35.23410646648517
      ],
      [
        0.016510734745237253,
        -0.9990809859993846,
        0.03955476017712826,
        -1.3971259628578991
      ],
      [
        -0.012325641154777684,
        0.039353772920703856,
        0.9991493177333554,
        0.7533384630072391
      ],
      [
        0.0,
        0.0,
        0.0,
        1.0
      ]
    ],
    "location": [
      -35.23410646648517,
      -1.3971259628578991,
      0.7533384630072391
    ],
    "rotation": [
      0.03936692999813253,
      0.012325953264286805,
      3.125079914121653
    ]
  },
  {
    "label_id": "6HLGrqQfQYMsQDDAwvTpnQ",
    "size": [
      2.1261302656461285,
      4.611272155748338,
      1.6300000000000026
    ],
    "obj_class": "vehicle",
    "point_num_in_lidar": 493,
    "speed": 8.987733679556354e-13,
    "if_vehicle": true,
    "motion_state": false,
    "pose": [
      [
        -0.7491540686081043,
        0.6622930768682571,
        -0.011664554012071839,
        -30.089948332832137
      ],
      [
        -0.662165422499428,
        -0.7483130188587419,
        0.03955476017712826,
        20.67335119055315
      ],
      [
        0.017468106196081957,
        0.03735647385518441,
        0.9991493177333554,
        0.6863380560927581
      ],
      [
        0.0,
        0.0,
        0.0,
        1.0
      ]
    ],
    "location": [
      -30.089948332832137,
      20.67335119055315,
      0.6863380560927581
    ],
    "rotation": [
      0.03737087251330177,
      -0.01746899467240777,
      -2.417753009818825
    ]
  },
  {
    "label_id": "9CUNhZDZ4nxh6om0TTTJvA",
    "size": [
      1.790944775673285,
      4.163788843312304,
      1.7600000000000051
    ],
    "obj_class": "vehicle",
    "point_num_in_lidar": 30,
    "speed": 6.355287432313019e-13,
    "if_vehicle": true,
    "motion_state": false,
    "pose": [
      [
        0.9986766781512909,
        -0.050088229120246915,
        -0.011664554012071839,
        -31.525463333779044
      ],
      [
        0.05051327095041874,
        0.9979397929761191,
        0.03955476017712826,
        -39.2057792502801
      ],
      [
        0.00965929472541731,
        -0.040091631276093005,
        0.9991493177333554,
        1.7917183346239867
      ],
      [
        0.0,
        0.0,
        0.0,
        1.0
      ]
    ],
    "location": [
      -31.525463333779044,
      -39.2057792502801,
      1.7917183346239867
    ],
    "rotation": [
      -0.040104251141819036,
      -0.009659444936936,
      0.05053713685550679
    ]
  },
  {
    "label_id": "9s8YOLhpbgSWdr7GIkOUUQ",
    "size": [
      1.9175413712082288,
      4.427614966261043,
      1.4400000000000048
    ],
    "obj_class": "vehicle",
    "point_num_in_lidar": 1500,
    "speed": 1.449228509952941e-12,
    "if_vehicle": true,
    "motion_state": false,
    "pose": [
      [
        -0.04823495345484451,
        -0.9987679046930314,
        -0.011664554012071839,
        -18.652471023930048
      ],
      [
        0.9980318095133283,
        -0.04866136195054025,
        0.03955476017712826,
        9.999034006290458
      ],
      [
        -0.040073638027518815,
        -0.009733673931772692,
        0.9991493177333554,
        0.5761387631604933
      ],
      [
        0.0,
        0.0,
        0.0,
        1.0
      ]
    ],
    "location": [
      -18.652471023930048,
      9.999034006290458,
      0.5761387631604933
    ],
    "rotation": [
      -0.009741653073423949,
      0.04008437147149567,
      1.6190888259581642
    ]
  },
  {
    "label_id": "9yvoP8LddkU2qWg-ZQW66A",
    "size": [
      0.3588027905613078,
      0.07909095543237712,
      0.6700000000000017
    ],
    "obj_class": "sign",
    "point_num_in_lidar": 22,
    "speed": 0.0024326466881589128,
    "if_vehicle": false,
    "motion_state": false,
    "pose": [
      [
        0.9999318301472068,
        -0.0005227218734622432,
        -0.011664554012071839,
        -40.481049298693506
      ],
      [
        0.0009837682402568538,
        0.9992169199665203,
        0.03955476017712826,
        2.6240876527881483
      ],
      [
        0.0116347435943814,
        -0.039563538952723555,
        0.9991493177333554,
        2.7910361253657214
      ],
      [
        0.0,
        0.0,
        0.0,
        1.0
      ]
    ],
    "location": [
      -40.481049298693506,
      2.6240876527881483,
      2.7910361253657214
    ],
    "rotation": [
      -0.0395765476978477,
      -0.011635006104263207,
      0.0009838349907366377
    ]
  },
  {
    "label_id": "DQe9EgHTvbMojU92WrDD-w",
    "size": [
      2.2950943813661286,
      6.332258661657688,
      2.200000000000003
    ],
    "obj_class": "vehicle",
    "point_num_in_lidar": 295,
    "speed": 0.014180144833508566,
    "if_vehicle": true,
    "motion_state": false,
    "pose": [
      [
        -0.9695054332634803,
        0.24479206084407792,
        -0.011664554012071839,
        -43.1633469880062
      ],
      [
        -0.24506448328854252,
        -0.9686995509330276,
        0.03955476017712826,
        0.7076500082348502
      ],
      [
        -0.0016167569733755427,
        0.04120712280491948,
        0.9991493177333554,
        1.138375003570978
      ],
      [
        0.0,
        0.0,
        0.0,
        1.0
      ]
    ],
    "location": [
      -43.1633469880062,
      0.7076500082348502,
      1.138375003570978
    ],
    "rotation": [
      0.04121884742744046,
      0.0016167576777173847,
      -2.8940061198168627
    ]
  },
  {
    "label_id": "Dv2qrMqPdIlySEkg-zfx5g",
    "size": [
      2.0189104259503314,
      4.819514428686471,
      1.4200000000000017
    ],
    "obj_class": "vehicle",
    "point_num_in_lidar": 49,
    "speed": 7.027851893188051e-28,
    "if_vehicle": true,
    "motion_state": false,
    "pose": [
      [
        0.0545277302084305,
        0.9984441220308806,
        -0.011664554012071839,
        -30.9046237017119
      ],
      [
        -0.9977053544535904,
        0.054949491735277786,
        0.03955476017712826,
        42.10468166671308
      ],
      [
        0.04013417911147692,
        0.009480956703759565,
        0.9991493177333554,
        0.0006839179057962497
      ],
      [
        0.0,
        0.0,
        0.0,
        1.0
      ]
    ],
    "location": [
      -30.9046237017119,
      42.10468166671308,
      0.0006839179057962497
    ],
    "rotation": [
      0.00948874406505377,
      -0.040144961299091106,
      -1.5161975053720167
    ]
  },
  {
    "label_id": "FYseW0mhs-5FpUAHNuYuAA",
    "size": [
      1.9505814467950122,
      4.170013394086709,
      1.9500000000000028
    ],
    "obj_class": "vehicle",
    "point_num_in_lidar": 73,
    "speed": 2.517884630146811e-28,
    "if_vehicle": true,
    "motion_state": false,
    "pose": [
      [
        0.0812543010880442,
        0.9966251435391307,
        -0.011664554012071839,
        -24.17604185784785
      ],
      [
        -0.9958753430038008,
        0.08165612129162135,
        0.03955476017712826,
        -70.72635088365132
      ],
      [
        0.04037375077640876,
        0.008402447334860641,
        0.9991493177333554,
        3.2383607694020853
      ],
      [
        0.0,
        0.0,
        0.0,
        1.0
      ]
    ],
    "location": [
      -24.17604185784785,
      -70.72635088365132,
      3.2383607694020853
    ],
    "rotation": [
      0.008409402995673583,
      -0.040384727299574694,
      -1.4893858235691637
    ]
  },
  {
    "label_id": "Go_3rbTk6d2Upk1krZLsKw",
    "size": [
      2.1025838945668665,
      4.719586221317513,
      1.8100000000000023
    ],
    "obj_class": "vehicle",
    "point_num_in_lidar": 387,
    "speed": 0.0010220910269986391,
    "if_vehicle": true,
    "motion_state": false,
    "pose": [
      [
        -0.998087528747026,
        0.06070603873877664,
        -0.011664554012071839,
        -36.638732121441535
      ],
      [
        -0.06112321996873176,
        -0.9973461650440051,
        0.03955476017712826,
        1.2060773167122534
      ],
      [
        -0.009232385407272744,
        0.04019208793608825,
        0.9991493177333554,
        0.9154904741558596
      ],
      [
        0.0,
        0.0,
        0.0,
        1.0
      ]
    ],
    "location": [
      -36.638732121441535,
      1.2060773167122534,
      0.9154904741558596
    ],
    "rotation": [
      0.04020463130616724,
      0.009232516569017704,
      -3.080428699585463
    ]
  },
  {
    "label_id": "HILMjKmKIoQMgeZ6T8zTSg",
    "size": [
      0.7527797330444925,
      0.1029191474772233,
      0.7700000000000031
    ],
    "obj_class": "sign",
    "point_num_in_lidar": 155,
    "speed": 0.01937375196392703,
    "if_vehicle": false,
    "motion_state": false,
    "pose": [
      [
        0.9904933088429537,
        0.13706547091458338,
        -0.011664554012071839,
        -12.206945655617346
      ],
      [
        -0.13651044325125597,
        0.9898486348077041,
        0.03955476017712826,
        4.259627839870518
      ],
      [
        0.016967734695081532,
        -0.03758639184981713,
        0.9991493177333554,
        2.4703071830146826
      ],
      [
        0.0,
        0.0,
        0.0,
        1.0
      ]
    ],
    "location": [
      -12.206945655617346,
      4.259627839870518,
      2.4703071830146826
    ],
    "rotation": [
      -0.037600663060153784,
      -0.016968548980422254,
      -0.13695786056201156
    ]
  },
  {
    "label_id": "Ko333JMTQxrLsIbw6vT5jw",
    "size": [
      2.0027678097125534,
      4.87247641867594,
      1.6600000000000037
    ],
    "obj_class": "vehicle",
    "point_num_in_lidar": 249,
    "speed": 8.987733679556354e-13,
    "if_vehicle": true,
    "motion_state": false,
    "pose": [
      [
        0.6317314433053481,
        -0.7750995560049309,
        -0.011664554012071839,
        -16.49768922657404
      ],
      [
        0.7748370920122027,
        0.6309222628734883,
        0.03955476017712826,
        -22.47861869105145
      ],
      [
        -0.02329945023846725,
        -0.03402611484662717,
        0.9991493177333554,
        0.9720574749817175
      ],
      [
        0.0,
        0.0,
        0.0,
        1.0
      ]
    ],
    "location": [
      -16.49768922657404,
      -22.47861869105145,
      0.9720574749817175
    ],
    "rotation": [
      -0.034041928942092035,
      0.02330155882721968,
      0.88679025087353
    ]
  },
  {
    "label_id": "Kv6PR2TsyeCAv99_HjOO4w",
    "size": [
      2.0503811492887247,
      4.811895084353816,
      1.4500000000000028
    ],
    "obj_class": "vehicle",
    "point_num_in_lidar": 277,
    "speed": 7.105427357601002e-13,
    "if_vehicle": true,
    "motion_state": false,
    "pose": [
      [
        -0.7491540686082787,
        0.6622930768680597,
        -0.011664554012071839,
        -30.42423540184882
      ],
      [
        -0.662165422499231,
        -0.7483130188589162,
        0.03955476017712826,
        16.413233537079577
      ],
      [
        0.01746810619607212,
        0.03735647385518901,
        0.9991493177333554,
        0.5763380560927942
      ],
      [
        0.0,
        0.0,
        0.0,
        1.0
      ]
    ],
    "location": [
      -30.42423540184882,
      16.413233537079577,
      0.5763380560927942
    ],
    "rotation": [
      0.03737087251330637,
      -0.017468994672397934,
      -2.4177530098190885
    ]
  },
  {
    "label_id": "NkwybbFSpKDWgnn8QF5B7w",
    "size": [
      1.8052124283528161,
      3.74252247910149,
      1.6600000000000037
    ],
    "obj_class": "vehicle",
    "point_num_in_lidar": 99,
    "speed": 1.449228509952941e-12,
    "if_vehicle": true,
    "motion_state": false,
    "pose": [
      [
        0.6765976875832052,
        -0.7362604887787738,
        -0.011664554012071839,
        -15.236838825014274
      ],
      [
        0.7360464873467798,
        0.6757743627955981,
        0.03955476017712826,
        -32.92616896157051
      ],
      [
        -0.02124000050673695,
        -0.0353483132758055,
        0.9991493177333554,
        1.3451906878000983
      ],
      [
        0.0,
        0.0,
        0.0,
        1.0
      ]
    ],
    "location": [
      -15.236838825014274,
      -32.92616896157051,
      1.3451906878000983
    ],
    "rotation": [
      -0.03536365988815502,
      0.021241597858257917,
      0.8274566968120189
    ]
  },
  {
    "label_id": "OXd0i5MfXfgVle65_zBBXw",
    "size": [
      2.0389075321438455,
      4.734929776064892,
      1.470000000000006
    ],
    "obj_class": "vehicle",
    "point_num_in_lidar": 998,
    "speed": 5.123796534383003e-13,
    "if_vehicle": true,
    "motion_state": false,
    "pose": [
      [
        -0.6582851338769764,
        0.7526782982764088,
        -0.011664554012071839,
        -29.42500382864364
      ],
      [
        -0.7524441123915445,
        -0.6574673213739453,
        0.03955476017712826,
        10.16081341795325
      ],
      [
        0.022102946497513785,
        0.0348152355887292,
        0.9991493177333554,
        0.7222547533466894
      ],
      [
        0.0,
        0.0,
        0.0,
        1.0
      ]
    ],
    "location": [
      -29.42500382864364,
      10.16081341795325,
      0.7222547533466894
    ],
    "rotation": [
      0.034830785290281385,
      -0.022104746589758445,
      -2.289548442443831
    ]
  },
  {
    "label_id": "QfXrH-AG6fWpRUmyN1WzLw",
    "size": [
      0.44566292092262105,
      0.0696207456306018,
      0.15000000000000568
    ],
    "obj_class": "sign",
    "point_num_in_lidar": 182,
    "speed": 0.008782789496101067,
    "if_vehicle": false,
    "motion_state": false,
    "pose": [
      [
        0.9904933088421651,
        0.13706547092028232,
        -0.011664554012071839,
        -12.195003009939683
      ],
      [
        -0.1365104432569512,
        0.9898486348069186,
        0.03955476017712826,
        4.256536203827636
      ],
      [
        0.01696773469529779,
        -0.03758639184971951,
        0.9991493177333554,
        1.989371405710557
      ],
      [
        0.0,
        0.0,
        0.0,
        1.0
      ]
    ],
    "location": [
      -12.195003009939683,
      4.256536203827636,
      1.989371405710557
    ],
    "rotation": [
      -0.037600663060056216,
      -0.016968548980638543,
      -0.13695786056776196
    ]
  },
  {
    "label_id": "RqRoUISiOVfgjg-WLH6oig",
    "size": [
      1.8839428583990796,
      4.431572760151295,
      1.5400000000000063
    ],
    "obj_class": "vehicle",
    "point_num_in_lidar": 463,
    "speed": 0.025462843218337052,
    "if_vehicle": true,
    "motion_state": false,
    "pose": [
      [
        0.07709159680779593,
        0.9969557782977757,
        -0.011664554012071839,
        -27.18610215121862
      ],
      [
        -0.9962076623377455,
        0.07749654474164897,
        0.03955476017712826,
        -22.525357839242133
      ],
      [
        0.04033830934965868,
        0.008570978461174222,
        0.9991493177333554,
        0.8468800846921809
      ],
      [
        0.0,
        0.0,
        0.0,
        1.0
      ]
    ],
    "location": [
      -27.18610215121862,
      -22.525357839242133,
      0.8468800846921809
    ],
    "rotation": [
      0.008578065441602925,
      -0.04034925697740728,
      -1.4935651791824431
    ]
  },
  {
    "label_id": "SYZ9P7-R7Vyu8C5_pRukog",
    "size": [
      2.10264812700164,
      4.699895119369667,
      1.6800000000000068
    ],
    "obj_class": "vehicle",
    "point_num_in_lidar": 96,
    "speed": 7.105427357601002e-13,
    "if_vehicle": true,
    "motion_state": false,
    "pose": [
      [
        0.06785788519485599,
        0.9976268067752495,
        -0.011664554012071839,
        -25.60592454755988
      ],
      [
        -0.9968824721286528,
        0.06826974227280828,
        0.03955476017712826,
        -47.56180423515252
      ],
      [
        0.040257225184400676,
        0.008944087064822739,
        0.9991493177333554,
        1.9881489436300654
      ],
      [
        0.0,
        0.0,
        0.0,
        1.0
      ]
    ],
    "location": [
      -25.60592454755988,
      -47.56180423515252,
      1.9881489436300654
    ],
    "rotation": [
      0.008951463021739103,
      -0.04026810689513829,
      -1.50283107497813
    ]
  },
  {
    "label_id": "SwUfSWt1LE_xpCIjLv06Pg",
    "size": [
      0.8137902785163549,
      0.1125742801911172,
      0.7600000000000051
    ],
    "obj_class": "sign",
    "point_num_in_lidar": 20,
    "speed": 1.1718571004216928e-12,
    "if_vehicle": false,
    "motion_state": false,
    "pose": [
      [
        -0.1067364352117988,
        -0.9942189253770906,
        -0.011664554012071839,
        -30.634699561368507
      ],
      [
        0.9934590858414141,
        -0.10711893253049079,
        0.03955476017712826,
        6.662678317146856
      ],
      [
        -0.04057558573107039,
        -0.0073663230686163966,
        0.9991493177333554,
        2.677383789775348
      ],
      [
        0.0,
        0.0,
        0.0,
        1.0
      ]
    ],
    "location": [
      -30.634699561368507,
      6.662678317146856,
      2.677383789775348
    ],
    "rotation": [
      -0.007372461229122803,
      0.04058672778087022,
      1.677824955676264
    ]
  },
  {
    "label_id": "TgdBnuHVxPOTzl8OMUYiRg",
    "size": [
      0.8323629950249496,
      0.11670498628292902,
      0.7900000000000063
    ],
    "obj_class": "sign",
    "point_num_in_lidar": 175,
    "speed": 0.003749680335943526,
    "if_vehicle": false,
    "motion_state": false,
    "pose": [
      [
        0.11621803679053798,
        0.9931552275975053,
        -0.011664554012071839,
        -15.45968080480452
      ],
      [
        -0.9923917730069153,
        0.11659326659597842,
        0.03955476017712826,
        -18.318095180877208
      ],
      [
        0.04064402530193324,
        0.0069788308638685,
        0.9991493177333554,
        2.889899761027017
      ],
      [
        0.0,
        0.0,
        0.0,
        1.0
      ]
    ],
    "location": [
      -15.45968080480452,
      -18.318095180877208,
      2.889899761027017
    ],
    "rotation": [
      0.006984659100637142,
      -0.04065522385541855,
      -1.4542183001523505
    ]
  },
  {
    "label_id": "VtnkMTVF6siiRfuCfGB2eg",
    "size": [
      1.843113197678556,
      4.467267803468969,
      1.6800000000000068
    ],
    "obj_class": "vehicle",
    "point_num_in_lidar": 60,
    "speed": 7.105427357601002e-13,
    "if_vehicle": true,
    "motion_state": false,
    "pose": [
      [
        0.0678578851959937,
        0.9976268067751721,
        -0.011664554012071839,
        -24.93471227612281
      ],
      [
        -0.996882472128575,
        0.06826974227394515,
        0.03955476017712826,
        -56.44369622397426
      ],
      [
        0.04025722518441087,
        0.008944087064776828,
        0.9991493177333554,
        2.3211387631610876
      ],
      [
        0.0,
        0.0,
        0.0,
        1.0
      ]
    ],
    "location": [
      -24.93471227612281,
      -56.44369622397426,
      2.3211387631610876
    ],
    "rotation": [
      0.008951463021693156,
      -0.040268106895148495,
      -1.5028310749769889
    ]
  },
  {
    "label_id": "WBKuczfAjn8i-8Q33iEfTg",
    "size": [
      1.9903516921403124,
      3.944358340693,
      1.6600000000000037
    ],
    "obj_class": "vehicle",
    "point_num_in_lidar": 146,
    "speed": 8.644125458514253e-13,
    "if_vehicle": true,
    "motion_state": false,
    "pose": [
      [
        0.6765976875832072,
        -0.7362604887787719,
        -0.011664554012071839,
        -15.211251894695124
      ],
      [
        0.736046487346778,
        0.6757743627956001,
        0.03955476017712826,
        -28.979883525844343
      ],
      [
        -0.021240000506736856,
        -0.03534831327580556,
        0.9991493177333554,
        1.203391451515465
      ],
      [
        0.0,
        0.0,
        0.0,
        1.0
      ]
    ],
    "location": [
      -15.211251894695124,
      -28.979883525844343,
      1.203391451515465
    ],
    "rotation": [
      -0.035363659888155076,
      0.021241597858257823,
      0.8274566968120163
    ]
  },
  {
    "label_id": "Zwj9I-PqljydaE_gb0MbTw",
    "size": [
      1.937913909543631,
      4.488067844332695,
      2.0
    ],
    "obj_class": "vehicle",
    "point_num_in_lidar": 49,
    "speed": 2.8421709430404007e-13,
    "if_vehicle": true,
    "motion_state": false,
    "pose": [
      [
        -0.999041494131983,
        0.04219041576276011,
        -0.011664554012071839,
        -30.91986498437018
      ],
      [
        -0.042621270644720925,
        -0.9983079926735834,
        0.03955476017712826,
        -64.57268496805773
      ],
      [
        -0.009975985723954722,
        0.04001400482088896,
        0.9991493177333554,
        3.2762402040106267
      ],
      [
        0.0,
        0.0,
        0.0,
        1.0
      ]
    ],
    "location": [
      -30.91986498437018,
      -64.57268496805773,
      3.2762402040106267
    ],
    "rotation": [
      0.040026683243576756,
      0.009976151200199523,
      -3.09895634535075
    ]
  },
  {
    "label_id": "bjU_LRF_XLFwrTt9DcYXOQ",
    "size": [
      0.30174441108246136,
      0.07692972936776284,
      0.6400000000000006
    ],
    "obj_class": "sign",
    "point_num_in_lidar": 93,
    "speed": 0.0049955708089056165,
    "if_vehicle": false,
    "motion_state": false,
    "pose": [
      [
        -0.6085841753924692,
        -0.7934035792971743,
        -0.011664554012071839,
        -4.722883790325795
      ],
      [
        0.7925556876886378,
        -0.6085153267253999,
        0.03955476017712826,
        -13.559983380875565
      ],
      [
        -0.03848094819853687,
        0.014827592478625633,
        0.9991493177333554,
        2.7286884239904765
      ],
      [
        0.0,
        0.0,
        0.0,
        1.0
      ]
    ],
    "location": [
      -4.722883790325795,
      -13.559983380875565,
      2.7286884239904765
    ],
    "rotation": [
      0.014839127501436478,
      0.03849045152385089,
      2.2256400073754046
    ]
  },
  {
    "label_id": "cvsSzEWkCO_fUj4Y4e3xgA",
    "size": [
      0.7530615077675703,
      0.8484543407193996,
      1.7100000000000009
    ],
    "obj_class": "pedestrian",
    "point_num_in_lidar": 31,
    "speed": 0.02992152083204819,
    "if_vehicle": false,
    "motion_state": false,
    "pose": [
      [
        0.23742017289782097,
        0.9713370165297255,
        -0.011664554012071839,
        -7.000834302932162
      ],
      [
        -0.9705332269024868,
        0.23769870934772874,
        0.03955476017712826,
        -16.77313074495578
      ],
      [
        0.04119365217378691,
        0.001929739245528793,
        0.9991493177333554,
        0.8964774750177327
      ],
      [
        0.0,
        0.0,
        0.0,
        1.0
      ]
    ],
    "location": [
      -7.000834302932162,
      -16.77313074495578,
      0.8964774750177327
    ],
    "rotation": [
      0.001931379836649553,
      -0.04120531144712113,
      -1.3308794645017707
    ]
  },
  {
    "label_id": "fCp7_tVCmZB4bn3ObKtBIg",
    "size": [
      1.75697968577045,
      4.174253658275681,
      1.9600000000000009
    ],
    "obj_class": "vehicle",
    "point_num_in_lidar": 54,
    "speed": 5.684341886080801e-13,
    "if_vehicle": true,
    "motion_state": false,
    "pose": [
      [
        -0.9982606139044196,
        0.057790006981058135,
        -0.011664554012071839,
        -30.938820934677096
      ],
      [
        -0.0582093522208934,
        -0.997520472101377,
        0.03955476017712826,
        -61.512739822630465
      ],
      [
        -0.009349761558203589,
        0.04016494531025048,
        0.9991493177333554,
        3.01624081436222
      ],
      [
        0.0,
        0.0,
        0.0,
        1.0
      ]
    ],
    "location": [
      -30.938820934677096,
      -61.512739822630465,
      3.01624081436222
    ],
    "rotation": [
      0.040177509428712975,
      0.009349897786536132,
      -3.08334783031383
    ]
  },
  {
    "label_id": "h14DkRFx53Pkx5pEtWdarQ",
    "size": [
      0.8347280264472864,
      0.12141330286285525,
      0.7900000000000063
    ],
    "obj_class": "sign",
    "point_num_in_lidar": 86,
    "speed": 0.0028646920170776924,
    "if_vehicle": false,
    "motion_state": false,
    "pose": [
      [
        -0.9972851829290693,
        0.07270627269935005,
        -0.011664554012071839,
        -33.073219758980485
      ],
      [
        -0.0731145069061648,
        -0.996538855151769,
        0.03955476017712826,
        -15.193059419812926
      ],
      [
        -0.008748302121050364,
        0.04030022435383578,
        0.9991493177333554,
        2.5534318735108172
      ],
      [
        0.0,
        0.0,
        0.0,
        1.0
      ]
    ],
    "location": [
      -33.073219758980485,
      -15.193059419812926,
      2.5534318735108172
    ],
    "rotation": [
      0.040312684474259015,
      0.00874841371355514,
      -3.0684100422321428
    ]
  },
  {
    "label_id": "iMUAR45EX3cmZKOzXxFuBQ",
    "size": [
      2.1973917554267417,
      4.821743567278267,
      1.8300000000000054
    ],
    "obj_class": "vehicle",
    "point_num_in_lidar": 5933,
    "speed": 0.03508917910934883,
    "if_vehicle": true,
    "motion_state": false,
    "pose": [
      [
        0.9984303598683344,
        -0.05477914450671596,
        -0.011664554012071839,
        -6.750028225254027
      ],
      [
        0.055200719992746734,
        0.9976914861116197,
        0.03955476017712826,
        -6.768359321025855
      ],
      [
        0.009470850303461805,
        -0.040136565218016486,
        0.9991493177333554,
        0.9553490172349299
      ],
      [
        0.0,
        0.0,
        0.0,
        1.0
      ]
    ],
    "location": [
      -6.750028225254027,
      -6.768359321025855,
      0.9553490172349299
    ],
    "rotation": [
      -0.04014915096756127,
      -0.009470991893662224,
      0.05523127198478775
    ]
  },
  {
    "label_id": "jMGHvd_g07NfKjTg9VxCWQ",
    "size": [
      0.8940892438953739,
      0.9789737546767773,
      1.7464521148686387
    ],
    "obj_class": "pedestrian",
    "point_num_in_lidar": 30,
    "speed": 1.409628959899686,
    "if_vehicle": false,
    "motion_state": true,
    "pose": [
      [
        -0.9966642389721765,
        0.08077334296481561,
        -0.011664554012071839,
        -47.125605619391536
      ],
      [
        -0.08117552495831579,
        -0.995914632433459,
        0.03955476017712826,
        -17.54384583949104
      ],
      [
        -0.008421929811754542,
        0.040369691244999055,
        0.9991493177333554,
        0.9029354780430552
      ],
      [
        0.0,
        0.0,
        0.0,
        1.0
      ]
    ],
    "location": [
      -47.125605619391536,
      -17.54384583949104,
      0.9029354780430552
    ],
    "rotation": [
      0.040382097389098794,
      0.008422029374637789,
      -3.060324824145503
    ]
  },
  {
    "label_id": "jZwVlg9QhLVKBnWwkAyd5g",
    "size": [
      2.188590830324762,
      4.5476016269488415,
      1.5300000000000011
    ],
    "obj_class": "vehicle",
    "point_num_in_lidar": 366,
    "speed": 1.4210854715202004e-13,
    "if_vehicle": true,
    "motion_state": false,
    "pose": [
      [
        -0.0310317661068478,
        -0.9994503327689622,
        -0.011664554012071839,
        -19.445771525123746
      ],
      [
        0.9987216882811119,
        -0.0314707849323086,
        0.03955476017712826,
        21.40524269843081
      ],
      [
        -0.03990011089227255,
        -0.0104221890097535,
        0.9991493177333554,
        0.3694620076645947
      ],
      [
        0.0,
        0.0,
        0.0,
        1.0
      ]
    ],
    "location": [
      -19.445771525123746,
      21.40524269843081,
      0.3694620076645947
    ],
    "rotation": [
      -0.01043068422993183,
      0.03991070543882297,
      1.601857818544399
    ]
  },
  {
    "label_id": "l4IU7hYAbEicJJhcNV-PYQ",
    "size": [
      1.779733531114658,
      3.629981180814881,
      1.4200000000000017
    ],
    "obj_class": "vehicle",
    "point_num_in_lidar": 119,
    "speed": 6.355287432313019e-13,
    "if_vehicle": true,
    "motion_state": false,
    "pose": [
      [
        0.7087282842768655,
        0.705385112719052,
        -0.011664554012071839,
        -7.661596939419724
      ],
      [
        -0.7045539178243198,
        0.7085472445968098,
        0.03955476017712826,
        -10.27648014172155
      ],
      [
        0.03616622657082286,
        -0.0198152700864404,
        0.9991493177333554,
        0.6614218779789027
      ],
      [
        0.0,
        0.0,
        0.0,
        1.0
      ]
    ],
    "location": [
      -7.661596939419724,
      -10.27648014172155,
      0.6614218779789027
    ],
    "rotation": [
      -0.019829541465464205,
      -0.036174115428018794,
      -0.7824445039604795
    ]
  },
  {
    "label_id": "lbLwsu8SH-0HdB69pypZYw",
    "size": [
      2.317356257481388,
      5.409726554449852,
      1.8200000000000074
    ],
    "obj_class": "vehicle",
    "point_num_in_lidar": 894,
    "speed": 0.0034483530586763085,
    "if_vehicle": true,
    "motion_state": false,
    "pose": [
      [
        -0.7345419465281904,
        0.6784630181301531,
        -0.011664554012071839,
        -29.716418885524035
      ],
      [
        -0.6783170640337048,
        -0.733703878678602,
        0.03955476017712826,
        13.403581278686033
      ],
      [
        0.018278113449475678,
        0.036966896565694685,
        0.9991493177333554,
        0.9073179009172279
      ],
      [
        0.0,
        0.0,
        0.0,
        1.0
      ]
    ],
    "location": [
      -29.716418885524035,
      13.403581278686033,
      0.9073179009172279
    ],
    "rotation": [
      0.03698150217296193,
      -0.01827913135660335,
      -2.3959686148915984
    ]
  },
  {
    "label_id": "mwo7eouCPfeT1MgWe_mMaw",
    "size": [
      2.022597685363295,
      4.369351698540099,
      1.6400000000000077
    ],
    "obj_class": "vehicle",
    "point_num_in_lidar": 380,
    "speed": 1.1718571004216928e-12,
    "if_vehicle": true,
    "motion_state": false,
    "pose": [
      [
        -0.7491540686079338,
        0.6622930768684501,
        -0.011664554012071839,
        -30.31142255517352
      ],
      [
        -0.6621654224996208,
        -0.7483130188585714,
        0.03955476017712826,
        24.832416113664294
      ],
      [
        0.01746810619609158,
        0.037356473855179914,
        0.9991493177333554,
        0.6377237803392575
      ],
      [
        0.0,
        0.0,
        0.0,
        1.0
      ]
    ],
    "location": [
      -30.31142255517352,
      24.832416113664294,
      0.6377237803392575
    ],
    "rotation": [
      0.03737087251329728,
      -0.017468994672417398,
      -2.417753009818568
    ]
  },
  {
    "label_id": "oGhYcNPyTUhm8059vJgk7Q",
    "size": [
      1.9637128907570267,
      4.522243896407982,
      1.5799999999999983
    ],
    "obj_class": "vehicle",
    "point_num_in_lidar": 1123,
    "speed": 0.8958506118122819,
    "if_vehicle": true,
    "motion_state": false,
    "pose": [
      [
        -0.833377305870424,
        -0.5525814005554776,
        -0.011664554012071839,
        -27.466899459253
      ],
      [
        0.5518018977089321,
        -0.833036665838996,
        0.03955476017712826,
        -4.1607768676221895
      ],
      [
        -0.031574225960028776,
        0.02652751643097631,
        0.9991493177333554,
        0.9183750035708798
      ],
      [
        0.0,
        0.0,
        0.0,
        1.0
      ]
    ],
    "location": [
      -27.466899459253,
      -4.1607768676221895,
      0.9183750035708798
    ],
    "rotation": [
      0.026543866310115006,
      0.03157947453968102,
      2.5567392490957337
    ]
  },
  {
    "label_id": "pMXk7LpwD_NwMqmzuEArMQ",
    "size": [
      1.9068103567102368,
      4.170273321995732,
      2.020000000000003
    ],
    "obj_class": "vehicle",
    "point_num_in_lidar": 361,
    "speed": 7.652779469160725e-13,
    "if_vehicle": true,
    "motion_state": false,
    "pose": [
      [
        0.04994136768326045,
        0.9986840331023745,
        -0.011664554012071839,
        -26.580260956009624
      ],
      [
        -0.9979472104399081,
        0.05036651787185222,
        0.03955476017712826,
        -29.556403113816486
      ],
      [
        0.04009021039020785,
        0.00966519031574358,
        0.9991493177333554,
        1.3674622366275955
      ],
      [
        0.0,
        0.0,
        0.0,
        1.0
      ]
    ],
    "location": [
      -26.580260956009624,
      -29.556403113816486,
      1.3674622366275955
    ],
    "rotation": [
      0.009673117608753709,
      -0.04010095716249948,
      -1.5207939434544846
    ]
  },
  {
    "label_id": "pgI18KkKJl2QaGwb8uesjQ",
    "size": [
      2.1390806501452917,
      4.556199328982984,
      1.730000000000004
    ],
    "obj_class": "vehicle",
    "point_num_in_lidar": 218,
    "speed": 2.275367716622434,
    "if_vehicle": true,
    "motion_state": true,
    "pose": [
      [
        0.969107742433299,
        0.24636177003653392,
        -0.011664554012071839,
        -32.02056320076281
      ],
      [
        -0.24573849477457868,
        0.968528787973416,
        0.03955476017712826,
        -6.6192558777438535
      ],
      [
        0.021042237090170307,
        -0.035466394392604024,
        0.9991493177333554,
        0.8983750035708056
      ],
      [
        0.0,
        0.0,
        0.0,
        1.0
      ]
    ],
    "location": [
      -32.02056320076281,
      -6.6192558777438535,
      0.8983750035708056
    ],
    "rotation": [
      -0.035481693311543674,
      -0.021043790231674877,
      -0.24833761882007868
    ]
  },
  {
    "label_id": "q-jDxjRpQIk-5SSDJaNgkg",
    "size": [
      2.0565115132562406,
      4.306856006707518,
      1.6100000000000065
    ],
    "obj_class": "vehicle",
    "point_num_in_lidar": 249,
    "speed": 5.859285502108464e-13,
    "if_vehicle": true,
    "motion_state": false,
    "pose": [
      [
        0.6136303928323298,
        -0.7895072382012339,
        -0.011664554012071839,
        -15.53314925813902
      ],
      [
        0.789226124027649,
        0.6128275010960456,
        0.03955476017712826,
        -25.218476281172116
      ],
      [
        -0.02408040997853885,
        -0.03347797377733843,
        0.9991493177333554,
        1.003390337496917
      ],
      [
        0.0,
        0.0,
        0.0,
        1.0
      ]
    ],
    "location": [
      -15.53314925813902,
      -25.218476281172116,
      1.003390337496917
    ],
    "rotation": [
      -0.03349394652089096,
      0.024082737821766533,
      0.909920666074014
    ]
  },
  {
    "label_id": "qOk43BSYT2QZ29ws6A_thw",
    "size": [
      1.1151197425457795,
      1.3341153754663537,
      1.8800000000000026
    ],
    "obj_class": "pedestrian",
    "point_num_in_lidar": 224,
    "speed": 1.6443577725075569,
    "if_vehicle": false,
    "motion_state": true,
    "pose": [
      [
        0.9839864037042211,
        -0.17786145030594222,
        -0.011664554012071839,
        -14.442927820323348
      ],
      [
        0.178188391506312,
        0.9832010567934328,
        0.03955476017712826,
        -15.533870282479256
      ],
      [
        0.004433334820085347,
        -0.04099983433312496,
        0.9991493177333554,
        0.7912748414617639
      ],
      [
        0.0,
        0.0,
        0.0,
        1.0
      ]
    ],
    "location": [
      -14.442927820323348,
      -15.533870282479256,
      0.7912748414617639
    ],
    "rotation": [
      -0.041011732984735164,
      -0.00443334934267902,
      0.17914685051193646
    ]
  },
  {
    "label_id": "scHfJy5WqY6CcgOK_NwZpA",
    "size": [
      1.68059728473654,
      3.9600297986178874,
      1.5300000000000011
    ],
    "obj_class": "vehicle",
    "point_num_in_lidar": 64,
    "speed": 0.0009024060158209041,
    "if_vehicle": true,
    "motion_state": false,
    "pose": [
      [
        0.6660014775247609,
        0.7458592160150163,
        -0.011664554012071839,
        -41.49463464589007
      ],
      [
        -0.7450188099083372,
        0.6658696522819574,
        0.03955476017712826,
        -12.210090107215365
      ],
      [
        0.037269354939417264,
        -0.017653216572919718,
        0.9991493177333554,
        0.718675689487327
      ],
      [
        0.0,
        0.0,
        0.0,
        1.0
      ]
    ],
    "location": [
      -41.49463464589007,
      -12.210090107215365,
      0.718675689487327
    ],
    "rotation": [
      -0.017666408500462805,
      -0.03727798822235213,
      -0.8413398733063284
    ]
  },
  {
    "label_id": "t8XzvTv7TV6G03bn5R6WcA",
    "size": [
      0.7511716528437626,
      1.15743233501867,
      1.6400000000000006
    ],
    "obj_class": "pedestrian",
    "point_num_in_lidar": 522,
    "speed": 1.420897363704963,
    "if_vehicle": false,
    "motion_state": true,
    "pose": [
      [
        -0.9999157993827114,
        0.00568615199696633,
        -0.011664554012071839,
        -9.30024974589469
      ],
      [
        -0.0061435005714804945,
        -0.9991985179873207,
        0.03955476017712826,
        7.132969314534421
      ],
      [
        -0.011430290703274535,
        0.039623090836143876,
        0.9991493177333554,
