[
  {
    "label_id": "-37Tr49YQag_EecI_gdFqA",
    "size": [
      2.0614844075240453,
      4.778170597256613,
      1.470000000000006
    ],
    "obj_class": "vehicle",
    "point_num_in_lidar": 24,
    "speed": 3.1776437161565096e-13,
    "if_vehicle": true,
    "motion_state": false,
    "pose": [
      [
        0.6660332710471399,
        0.7458948217788202,
        -0.0063715541109919,
        -38.09545921678273
      ],
      [
        -0.7456029574162572,
        0.6659738959904139,
        0.023558432704251477,
        -12.743632632787921
      ],
      [
        0.021815401678136996,
        -0.010940050406263255,
        0.9997021574182633,
        0.6283750035707243
      ],
      [
        0.0,
        0.0,
        0.0,
        1.0
      ]
    ],
    "location": [
      -38.09545921678273,
      -12.743632632787921,
      0.6283750035707243
    ],
    "rotation": [
      -0.010942872978847756,
      -0.021817132416484353,
      -0.8417055706813277
    ]
  },
  {
    "label_id": "5TfIhDaGwG7wy8E9HfiYNA",
    "size": [
      2.0753455018048728,
      4.400591282594326,
      1.4400000000000048
    ],
    "obj_class": "vehicle",
    "point_num_in_lidar": 79,
    "speed": 0.0321128842664954,
    "if_vehicle": true,
    "motion_state": false,
    "pose": [
      [
        -0.9998354423536601,
        -0.01698503787666123,
        -0.0063715541109919,
        -35.28014349634577
      ],
      [
        0.0168305831472816,
        -0.9995807779861725,
        0.023558432704251477,
        -1.3963438934642909
      ],
      [
        -0.006769023887042764,
        0.02344731901277175,
        0.9997021574182633,
        0.7866238976988882
      ],
      [
        0.0,
        0.0,
        0.0,
        1.0
      ]
    ],
    "location": [
      -35.28014349634577,
      -1.3963438934642909,
      0.7866238976988882
    ],
    "rotation": [
      0.02345000535026074,
      0.006769075580531646,
      3.1247608900915695
    ]
  },
  {
    "label_id": "7WhMfgaFj6HkR53LFyZ3dA",
    "size": [
      2.2032936747022087,
      5.843094606045561,
      1.9500000000000028
    ],
    "obj_class": "vehicle",
    "point_num_in_lidar": 4959,
    "speed": 1.034565839472708e-12,
    "if_vehicle": true,
    "motion_state": false,
    "pose": [
      [
        -0.9989629075495751,
        0.045083396481518684,
        -0.0063715541109919,
        7.643763335587209
      ],
      [
        -0.04522175273752516,
        -0.9986991505592991,
        0.023558432704251477,
        3.782125265455761
      ],
      [
        -0.005301171516301275,
        0.023822133276111088,
        0.9997021574182633,
        0.9990817917176429
      ],
      [
        0.0,
        0.0,
        0.0,
        1.0
      ]
    ],
    "location": [
      7.643763335587209,
      3.782125265455761,
      0.9990817917176429
    ],
    "rotation": [
      0.02382472183665124,
      0.005301196345906189,
      -3.096354837433644
    ]
  },
  {
    "label_id": "96oSGvwng3hYVTEmFvPUhg",
    "size": [
      2.1263855266954357,
      4.918689501194873,
      1.730000000000004
    ],
    "obj_class": "vehicle",
    "point_num_in_lidar": 3420,
    "speed": 0.02272706023066049,
    "if_vehicle": true,
    "motion_state": false,
    "pose": [
      [
        0.6463042750219886,
        0.7630532008887142,
        -0.0063715541109919,
        17.05044997101777
      ],
      [
        -0.7627598839426891,
        0.6462525510172126,
        0.023558432704251477,
        -9.201116010606711
      ],
      [
        0.022093970581073177,
        -0.01036594989534081,
        0.9997021574182633,
        0.9559281633828078
      ],
      [
        0.0,
        0.0,
        0.0,
        1.0
      ]
    ],
    "location": [
      17.05044997101777,
      -9.201116010606711,
      0.9559281633828078
    ],
    "rotation": [
      -0.010368666644628252,
      -0.02209576848085686,
      -0.8678582383689672
    ]
  },
  {
    "label_id": "9s8YOLhpbgSWdr7GIkOUUQ",
    "size": [
      1.9175413712082257,
      4.427614966261043,
      1.4400000000000048
    ],
    "obj_class": "vehicle",
    "point_num_in_lidar": 93,
    "speed": 1.449228509952941e-12,
    "if_vehicle": true,
    "motion_state": false,
    "pose": [
      [
        -0.04823725609096593,
        -0.9988155837906341,
        -0.0063715541109919,
        -18.65247102392823
      ],
      [
        0.9985513912747046,
        -0.04837477888188573,
        0.023558432704251477,
        9.999034006290458
      ],
      [
        -0.023838752235942506,
        -0.005225930070656259,
        0.9997021574182633,
        0.5761387631606496
      ],
      [
        0.0,
        0.0,
        0.0,
        1.0
      ]
    ],
    "location": [
      -18.65247102392823,
      9.999034006290458,
      0.5761387631606496
    ],
    "rotation": [
      -0.00522743942315404,
      0.02384101068549595,
      1.6190660372837415
    ]
  },
  {
    "label_id": "DQe9EgHTvbMojU92WrDD-w",
    "size": [
      2.295094381368116,
      6.332258661657688,
      2.200000000000003
    ],
    "obj_class": "vehicle",
    "point_num_in_lidar": 56,
    "speed": 0.04595714305959892,
    "if_vehicle": true,
    "motion_state": false,
    "pose": [
      [
        -0.9763156070227529,
        0.21625734387993498,
        -0.0063715541109919,
        -43.677507383755255
      ],
      [
        -0.21634826497098783,
        -0.9760319812857378,
        0.023558432704251477,
        0.6540103647093929
      ],
      [
        -0.0011241565002250934,
        0.02437894020323781,
        0.9997021574182633,
        1.1383750035708573
      ],
      [
        0.0,
        0.0,
        0.0,
        1.0
      ]
    ],
    "location": [
      -43.677507383755255,
      0.6540103647093929,
      1.1383750035708573
    ],
    "rotation": [
      0.024381371125084532,
      0.0011241567369965383,
      -2.9235199229769187
    ]
  },
  {
    "label_id": "DRWDacxgi2UUnlkU8Pb7_A",
    "size": [
      2.1156286003790425,
      4.90184441837974,
      1.720000000000006
    ],
    "obj_class": "vehicle",
    "point_num_in_lidar": 1025,
    "speed": 0.022859398335730707,
    "if_vehicle": true,
    "motion_state": false,
    "pose": [
      [
        0.7282200862234103,
        0.6853137305781781,
        -0.0063715541109919,
        7.0724809450812245
      ],
      [
        -0.6850281162264035,
        0.7281356193923111,
        0.023558432704251477,
        -10.34867805614158
      ],
      [
        0.020784272902224246,
        -0.012791030185091038,
        0.9997021574182633,
        0.9096153663575137
      ],
      [
        0.0,
        0.0,
        0.0,
        1.0
      ]
    ],
    "location": [
      7.0724809450812245,
      -10.34867805614158,
      0.9096153663575137
    ],
    "rotation": [
      -0.012794142896388241,
      -0.020785769612346103,
      -0.754845476569875
    ]
  },
  {
    "label_id": "Go_3rbTk6d2Upk1krZLsKw",
    "size": [
      2.102583894566866,
      4.719586221317513,
      1.8100000000000023
    ],
    "obj_class": "vehicle",
    "point_num_in_lidar": 96,
    "speed": 0.012656333674225527,
    "if_vehicle": true,
    "motion_state": false,
    "pose": [
      [
        -0.9981351753648994,
        0.060708936718512366,
        -0.0063715541109919,
        -36.72875973165719
      ],
      [
        -0.06084314895466729,
        -0.9978692857653249,
        0.023558432704251477,
        1.1984740233783668
      ],
      [
        -0.004927770749720871,
        0.023902165774428028,
        0.9997021574182633,
        0.9562701289964579
      ],
      [
        0.0,
        0.0,
        0.0,
        1.0
      ]
    ],
    "location": [
      -36.72875973165719,
      1.1984740233783668,
      0.9562701289964579
    ],
    "rotation": [
      0.023904732593663287,
      0.004927790693386364,
      -3.0807111627580204
    ]
  },
  {
    "label_id": "HILMjKmKIoQMgeZ6T8zTSg",
    "size": [
      0.7527797330444925,
      0.1029191474772233,
      0.7700000000000031
    ],
    "obj_class": "sign",
    "point_num_in_lidar": 78,
    "speed": 7.105427357601002e-13,
    "if_vehicle": false,
    "motion_state": false,
    "pose": [
      [
        0.9905405929286016,
        0.13707201413441408,
        -0.0063715541109919,
        -12.307767069974034
      ],
      [
        -0.13688806152012628,
        0.9903063459666315,
        0.023558432704251477,
        4.2251387638043525
      ],
      [
        0.009538992290406858,
        -0.02246339420821354,
        0.9997021574182633,
        2.528831528936415
      ],
      [
        0.0,
        0.0,
        0.0,
        1.0
      ]
    ],
    "location": [
      -12.307767069974034,
      4.2251387638043525,
      2.528831528936415
    ],
    "rotation": [
      -0.022466306150561954,
      -0.009539136958922828,
      -0.13732550381854866
    ]
  },
  {
    "label_id": "HLzwX9g0ze44_rFIbQGHjQ",
    "size": [
      0.7569672513809524,
      0.9552332451112164,
      1.2294117647058869
    ],
    "obj_class": "pedestrian",
    "point_num_in_lidar": 84,
    "speed": 1.7577856506325392e-12,
    "if_vehicle": false,
    "motion_state": false,
    "pose": [
      [
        0.44207191430516396,
        0.8969569810647433,
        -0.0063715541109919,
        19.926931563827566
      ],
      [
        -0.8966598738283826,
        0.4420928306527809,
        0.023558432704251477,
        -15.114876668250872
      ],
      [
        0.023947719069608093,
        -0.004701404538345121,
        0.9997021574182633,
        0.7076803190365197
      ],
      [
        0.0,
        0.0,
        0.0,
        1.0
      ]
    ],
    "location": [
      19.926931563827566,
      -15.114876668250872,
      0.7076803190365197
    ],
    "rotation": [
      -0.004702770564786195,
      -0.023950008636398092,
      -1.1127476983414346
    ]
  },
  {
    "label_id": "ISEQHFwDwMdTSWtovFFxdA",
    "size": [
      2.0672801656256623,
      4.46258473180494,
      1.4600000000000009
    ],
    "obj_class": "vehicle",
    "point_num_in_lidar": 867,
    "speed": 6.355287432313019e-13,
    "if_vehicle": true,
    "motion_state": false,
    "pose": [
      [
        0.680448758927057,
        0.7327679644831907,
        -0.0063715541109919,
        2.834508153366187
      ],
      [
        -0.7324773131799057,
        0.6803837049233805,
        0.023558432704251477,
        -9.84028315114847
      ],
      [
        0.021597966371265046,
        -0.011363287459874777,
        0.9997021574182633,
        0.7771813800055867
      ],
      [
        0.0,
        0.0,
        0.0,
        1.0
      ]
    ],
    "location": [
      2.834508153366187,
      -9.84028315114847,
      0.7771813800055867
    ],
    "rotation": [
      -0.011366183447569176,
      -0.021599645865475463,
      -0.8222048005609294
    ]
  },
  {
    "label_id": "NHPW81G5lMyXru_I2sGKqA",
    "size": [
      2.0742041171234913,
      4.576080974769498,
      1.4400000000000048
    ],
    "obj_class": "vehicle",
    "point_num_in_lidar": 342,
    "speed": 2.2781733181718378e-12,
    "if_vehicle": true,
    "motion_state": false,
    "pose": [
      [
        0.6994555191798628,
        0.7146477313943137,
        -0.0063715541109919,
        -0.4596637214981456
      ],
      [
        -0.7143588885322654,
        0.6993828555401297,
        0.023558432704251477,
        -10.377844018272299
      ],
      [
        0.02129213619567289,
        -0.011926499465264718,
        0.9997021574182633,
        0.7756492451163552
      ],
      [
        0.0,
        0.0,
        0.0,
        1.0
      ]
    ],
    "location": [
      -0.4596637214981456,
      -10.377844018272299,
      0.7756492451163552
    ],
    "rotation": [
      -0.011929486805109473,
      -0.02129374534026956,
      -0.7959390217289357
    ]
  },
  {
    "label_id": "OXd0i5MfXfgVle65_zBBXw",
    "size": [
      2.0389075321438437,
      4.734929776064892,
      1.470000000000006
    ],
    "obj_class": "vehicle",
    "point_num_in_lidar": 106,
    "speed": 5.123796534383003e-13,
    "if_vehicle": true,
    "motion_state": false,
    "pose": [
      [
        -0.6583165590369177,
        0.7527142295692325,
        -0.0063715541109919,
        -29.42500382864364
      ],
      [
        -0.7526194089215303,
        -0.6580342130642796,
        0.023558432704251477,
        10.16081341795325
      ],
      [
        0.013540066927416229,
        0.020304261643091886,
        0.9997021574182633,
        0.7245554768820028
      ],
      [
        0.0,
        0.0,
        0.0,
        1.0
      ]
    ],
    "location": [
      -29.42500382864364,
      10.16081341795325,
      0.7245554768820028
    ],
    "rotation": [
      0.020307518882691014,
      -0.013540480685997886,
      -2.289456662187134
    ]
  },
  {
    "label_id": "OZ4f6oU4TQjwr6mNJyvgGQ",
    "size": [
      2.0144046292384163,
      4.141152403826658,
      1.6300000000000026
    ],
    "obj_class": "vehicle",
    "point_num_in_lidar": 5093,
    "speed": 0.04045077535793925,
    "if_vehicle": true,
    "motion_state": false,
    "pose": [
      [
        -0.9982087566846115,
        0.05948681682837518,
        -0.0063715541109919,
        19.125341489114362
      ],
      [
        -0.05962135450788638,
        -0.9979430316080995,
        0.023558432704251477,
        4.614880476199687
      ],
      [
        -0.004957031854536895,
        0.02389611450556658,
        0.9997021574182633,
        0.8539696545848372
      ],
      [
        0.0,
        0.0,
        0.0,
        1.0
      ]
    ],
    "location": [
      19.125341489114362,
      4.614880476199687,
      0.8539696545848372
    ],
    "rotation": [
      0.02389868297935012,
      0.0049570521555953205,
      -3.081935185897131
    ]
  },
  {
    "label_id": "QW1dNo-qptHTwGloiIyEng",
    "size": [
      0.6554218017577227,
      0.8193279148933641,
      1.7039215686274503
    ],
    "obj_class": "pedestrian",
    "point_num_in_lidar": 109,
    "speed": 0.00683642803570304,
    "if_vehicle": false,
    "motion_state": false,
    "pose": [
      [
        0.9972287886012517,
        -0.07412250996216069,
        -0.0063715541109919,
        20.245858119447803
      ],
      [
        0.07425313541412816,
        0.9969611186649611,
        0.023558432704251477,
        -15.820499413830476
      ],
      [
        0.004605981551315043,
        -0.023966255177206734,
        0.9997021574182633,
        0.9151887310398621
      ],
      [
        0.0,
        0.0,
        0.0,
        1.0
      ]
    ],
    "location": [
      20.245858119447803,
      -15.820499413830476,
      0.9151887310398621
    ],
    "rotation": [
      -0.023968804365501157,
      -0.004605997837504331,
      0.07432232789056109
    ]
  },
  {
    "label_id": "XvVgKHrB7eBfiBwcpoWd3g",
    "size": [
      0.7460676117647654,
      0.8228660025952748,
      1.5900000000000034
    ],
    "obj_class": "pedestrian",
    "point_num_in_lidar": 36,
    "speed": 1.4403285320448918,
    "if_vehicle": false,
    "motion_state": true,
    "pose": [
      [
        0.999842137656432,
        -0.016586231182127285,
        -0.0063715541109919,
        -5.925486867145992
      ],
      [
        0.016732050495278105,
        0.9995824321859318,
        0.023558432704251477,
        -15.643239598657601
      ],
      [
        0.005978147943948252,
        -0.023661322879972507,
        0.9997021574182633,
        0.8540949721973448
      ],
      [
        0.0,
        0.0,
        0.0,
        1.0
      ]
    ],
    "location": [
      -5.925486867145992,
      -15.643239598657601,
      0.8540949721973448
    ],
    "rotation": [
      -0.02366395420424566,
      -0.00597818355261471,
      0.01673313035235232
    ]
  },
  {
    "label_id": "ZviVb5z3QVQup2GQG1c_8A",
    "size": [
      2.069351397857599,
      4.46975232666588,
      1.4400000000000048
    ],
    "obj_class": "vehicle",
    "point_num_in_lidar": 5422,
    "speed": 0.09500805220515605,
    "if_vehicle": true,
    "motion_state": false,
    "pose": [
      [
        -0.997007083900171,
        0.07704724492860332,
        -0.0063715541109919,
        13.156648064806177
      ],
      [
        -0.07717708469392998,
        -0.9967390319670768,
        0.023558432704251477,
        4.104031319986461
      ],
      [
        -0.004535664342017433,
        0.02397966226298016,
        0.9997021574182633,
        0.7553610695378694
      ],
      [
        0.0,
        0.0,
        0.0,
        1.0
      ]
    ],
    "location": [
      13.156648064806177,
      4.104031319986461,
      0.7553610695378694
    ],
    "rotation": [
      0.023982207738119436,
      0.004535679893632303,
      -3.064337951561386
    ]
  },
  {
    "label_id": "cvsSzEWkCO_fUj4Y4e3xgA",
    "size": [
      0.7530615077649446,
      0.8484543407193996,
      1.7100000000000009
    ],
    "obj_class": "pedestrian",
    "point_num_in_lidar": 37,
    "speed": 1.3488615863769302,
    "if_vehicle": false,
    "motion_state": true,
    "pose": [
      [
        -0.2627563368475296,
        0.9648411842084056,
        -0.0063715541109919,
        -7.014641780734564
      ],
      [
        -0.9646324150458129,
        -0.2625439088826899,
        0.023558432704251477,
        -15.334888149251128
      ],
      [
        0.021057333386506633,
        0.01233633510891935,
        0.9997021574182633,
        1.0026917115790184
      ],
      [
        0.0,
        0.0,
        0.0,
        1.0
      ]
    ],
    "location": [
      -7.014641780734564,
      -15.334888149251128,
      1.0026917115790184
    ],
    "rotation": [
      0.012339384184825225,
      -0.021058889873658292,
      -1.8367345353543458
    ]
  },
  {
    "label_id": "h14DkRFx53Pkx5pEtWdarQ",
    "size": [
      0.8347280264472834,
      0.12141330286285525,
      0.7900000000000063
    ],
    "obj_class": "sign",
    "point_num_in_lidar": 35,
    "speed": 0.017148635494216725,
    "if_vehicle": false,
    "motion_state": false,
    "pose": [
      [
        -0.9973327912446245,
        0.07270974354525589,
        -0.0063715541109919,
        -33.14167149325567
      ],
      [
        -0.07284074805214678,
        -0.9970653066232538,
        0.023558432704251477,
        -15.206988938696668
      ],
      [
        -0.004639927953088497,
        0.02395970621397915,
        0.9997021574182633,
        2.6454139257633287
      ],
      [
        0.0,
        0.0,
        0.0,
        1.0
      ]
    ],
    "location": [
      -33.14167149325567,
      -15.206988938696668,
      2.6454139257633287
    ],
    "rotation": [
      0.023962257212907904,
      0.004639944602031568,
      -3.0686865523006217
    ]
  },
  {
    "label_id": "iMUAR45EX3cmZKOzXxFuBQ",
    "size": [
      2.197391755426741,
      4.821743567278267,
      1.8300000000000054
    ],
    "obj_class": "vehicle",
    "point_num_in_lidar": 420,
    "speed": 0.017324888350568925,
    "if_vehicle": true,
    "motion_state": false,
    "pose": [
      [
        0.9984780228522508,
        -0.054781759548875285,
        -0.0063715541109919,
        -6.643529602766648
      ],
      [
        0.05491754805364866,
        0.9982129347810991,
        0.023558432704251477,
        -6.871321519696721
      ],
      [
        0.005069595332497136,
        -0.023872487437105638,
        0.9997021574182633,
        1.0456921652943407
      ],
      [
        0.0,
        0.0,
        0.0,
        1.0
      ]
    ],
    "location": [
      -6.643529602766648,
      -6.871321519696721,
      1.0456921652943407
    ],
    "rotation": [
      -0.02387506235429466,
      -0.005069617048188233,
      0.054945897022859215
    ]
  },
  {
    "label_id": "k2lGwS9hat1VWw7Gs3kL-g",
    "size": [
      2.0645598613166887,
      4.688562644750567,
      1.6000000000000014
    ],
    "obj_class": "vehicle",
    "point_num_in_lidar": 629,
    "speed": 1.0247593068766006e-12,
    "if_vehicle": true,
    "motion_state": false,
    "pose": [
      [
        -0.996128889746456,
        0.08767347552540442,
        -0.0063715541109919,
        1.858323385087715
      ],
      [
        -0.08780044980005633,
        -0.9958594686317078,
        0.023558432704251477,
        3.34446307494909
      ],
      [
        -0.004279722818217488,
        0.024026660730723105,
        0.9997021574182633,
        0.8448929824124747
      ],
      [
        0.0,
        0.0,
        0.0,
        1.0
      ]
    ],
    "location": [
      1.858323385087715,
      3.34446307494909,
      0.8448929824124747
    ],
    "rotation": [
      0.02402919312132506,
      0.004279735882911905,
      -3.0536781956877173
    ]
  },
  {
    "label_id": "kj0_f_xDpwHjzq-hnWZI7Q",
    "size": [
      2.0565997429997216,
      4.515148634566527,
      1.4600000000000009
    ],
    "obj_class": "vehicle",
    "point_num_in_lidar": 1516,
    "speed": 7.105427357601002e-13,
    "if_vehicle": true,
    "motion_state": false,
    "pose": [
      [
        0.6400327122206687,
        0.7683212417899595,
        -0.0063715541109919,
        10.327161204779259
      ],
      [
        -0.7680275110309064,
        0.6399833924002954,
        0.023558432704251477,
        -9.809972486598781
      ],
      [
        0.02217813308477033,
        -0.010184638734106327,
        0.9997021574182633,
        0.7471416271175357
      ],
      [
        0.0,
        0.0,
        0.0,
        1.0
      ]
    ],
    "location": [
      10.327161204779259,
      -9.809972486598781,
      0.7471416271175357
    ],
    "rotation": [
      -0.010187320623844233,
      -0.02217995161217494,
      -0.8760505306573352
    ]
  },
  {
    "label_id": "l4IU7hYAbEicJJhcNV-PYQ",
    "size": [
      1.779733531114659,
      3.629981180814881,
      1.4200000000000017
    ],
    "obj_class": "vehicle",
    "point_num_in_lidar": 128,
    "speed": 6.355287432313019e-13,
    "if_vehicle": true,
    "motion_state": false,
    "pose": [
      [
        0.7087621174876452,
        0.7054187863337922,
        -0.0063715541109919,
        -7.661596939419724
      ],
      [
        -0.7051309206634689,
        0.7086856743104154,
        0.023558432704251477,
        -10.27648014172155
      ],
      [
        0.021133990127712984,
        -0.012204544831814636,
        0.9997021574182633,
        0.6728794248771237
      ],
      [
        0.0,
        0.0,
        0.0,
        1.0
      ]
    ],
    "location": [
      -7.661596939419724,
      -10.27648014172155,
      0.6728794248771237
    ],
    "rotation": [
      -0.012207574501040687,
      -0.021135563677736408,
      -0.7828299430705236
    ]
  },
  {
    "label_id": "oGhYcNPyTUhm8059vJgk7Q",
    "size": [
      1.9637128907576626,
      4.522243896407982,
      1.5799999999999983
    ],
    "obj_class": "vehicle",
    "point_num_in_lidar": 136,
    "speed": 3.2517506278875197,
    "if_vehicle": true,
    "motion_state": true,
    "pose": [
      [
        -0.18169205263433932,
        -0.9833348368219907,
        -0.0063715541109919,
        -21.45277596008691
      ],
      [
        0.9830545939369197,
        -0.18179291952118848,
        0.023558432704251477,
        -13.206979392733047
      ],
      [
        -0.02432413100274142,
        -0.0019832055444448534,
        0.9997021574182633,
        0.9183750035709437
      ],
      [
        0.0,
        0.0,
        0.0,
        1.0
      ]
    ],
    "location": [
      -21.45277596008691,
      -13.206979392733047,
      0.9183750035709437
    ],
    "rotation": [
      -0.0019837938011174772,
      0.024326530257729642,
      1.7535578827876912
    ]
  },
  {
    "label_id": "pgI18KkKJl2QaGwb8uesjQ",
    "size": [
      2.1390806501432844,
      4.556199328982984,
      1.730000000000004
    ],
    "obj_class": "vehicle",
    "point_num_in_lidar": 51,
    "speed": 6.399337959451331,
    "if_vehicle": true,
    "motion_state": true,
    "pose": [
      [
        0.9986881454399649,
        -0.05080739568108419,
        -0.0063715541109919,
        -49.53828756814619
      ],
      [
        0.05094423815758065,
        0.9984235999049017,
        0.023558432704251477,
        -6.402078774768597
      ],
      [
        0.005164567380454309,
        -0.023852121436945404,
        0.9997021574182633,
        0.89837500357077
      ],
      [
        0.0,
        0.0,
        0.0,
        1.0
      ]
    ],
    "location": [
      -49.53828756814619,
      -6.402078774768597,
      0.89837500357077
    ],
    "rotation": [
      -0.02385470188682007,
      -0.005164590339604342,
      0.05096698030273792
    ]
  },
  {
    "label_id": "qOk43BSYT2QZ29ws6A_thw",
    "size": [
      1.1151197425460877,
      1.3341153754663537,
      1.8800000000000026
    ],
    "obj_class": "pedestrian",
    "point_num_in_lidar": 33,
    "speed": 1.7455183539605639,
    "if_vehicle": false,
    "motion_state": true,
    "pose": [
      [
        0.9948601341110401,
        -0.10105798758521774,
        -0.0063715541109919,
        -26.655430661650826
      ],
      [
        0.10118132815669217,
        0.9945890302436314,
        0.023558432704251477,
        -17.805347852592604
      ],
      [
        0.003956310024642824,
        -0.024082027826969925,
        0.9997021574182633,
        1.0681083070380168
      ],
      [
        0.0,
        0.0,
        0.0,
        1.0
      ]
    ],
    "location": [
      -26.655430661650826,
      -17.805347852592604,
      1.0681083070380168
    ],
    "rotation": [
      -0.02408454466702348,
      -0.003956320345666113,
      0.10135556771437655
    ]
  },
  {
    "label_id": "scHfJy5WqY6CcgOK_NwZpA",
    "size": [
      1.6805972847365345,
      3.9600297986178874,
      1.5300000000000011
    ],
    "obj_class": "vehicle",
    "point_num_in_lidar": 36,
    "speed": 0.0009024060096401795,
    "if_vehicle": true,
    "motion_state": false,
    "pose": [
      [
        0.6660332710468622,
        0.7458948217790681,
        -0.0063715541109919,
        -41.48870228773558
      ],
      [
        -0.745602957416505,
        0.6659738959901365,
        0.023558432704251477,
        -12.206648414190568
      ],
      [
        0.021815401678141066,
        -0.010940050406255137,
        0.9997021574182633,
        0.7645058770799551
      ],
      [
        0.0,
        0.0,
        0.0,
        1.0
      ]
    ],
    "location": [
      -41.48870228773558,
      -12.206648414190568,
      0.7645058770799551
    ],
    "rotation": [
      -0.010942872978839635,
      -0.021817132416488423,
      -0.8417055706816999
    ]
  },
  {
    "label_id": "t8XzvTv7TV6G03bn5R6WcA",
    "size": [
      0.7511716528444305,
      1.15743233501867,
      1.6400000000000006
    ],
    "obj_class": "pedestrian",
    "point_num_in_lidar": 39,
    "speed": 1.4976894451949874,
    "if_vehicle": false,
    "motion_state": true,
    "pose": [
      [
        -0.9985757370507325,
        -0.052970752984991556,
        -0.0063715541109919,
        1.3834424781807684
      ],
      [
        0.05280722979710291,
        -0.9983267985633139,
        0.023558432704251477,
        6.867153201599649
      ],
      [
        -0.007608801136989916,
        0.023188415179304173,
        0.9997021574182633,
        0.94949121920056
      ],
      [
        0.0,
        0.0,
        0.0,
        1.0
      ]
    ],
    "location": [
      1.3834424781807684,
      6.867153201599649,
      0.94949121920056
    ],
    "rotation": [
      0.023191165203870646,
      0.007608874556040627,
      3.088759319062546
    ]
  },
  {
    "label_id": "uerLA_2iAXAAaqnatEnvSA",
    "size": [
      2.185544963728009,
      4.681033581852892,
      1.4300000000000068
    ],
    "obj_class": "vehicle",
    "point_num_in_lidar": 2042,
    "speed": 0.005482649799405407,
    "if_vehicle": true,
    "motion_state": false,
    "pose": [
      [
        0.6275552744889624,
        0.7785459400441914,
        -0.0063715541109919,
        20.489394046451707
      ],
      [
        -0.778251451904068,
        0.6275106993970139,
        0.023558432704251477,
        -9.136694060282025
      ],
      [
        0.022339540512133733,
        -0.009825547464481504,
        0.9997021574182633,
        0.8062042540167198
      ],
      [
        0.0,
        0.0,
        0.0,
        1.0
      ]
    ],
    "location": [
      20.489394046451707,
      -9.136694060282025,
      0.8062042540167198
    ],
    "rotation": [
      -0.009828158347792222,
      -0.022341399039702517,
      -0.8921858969599173
    ]
  },
  {
    "label_id": "utUGhFL-R1s-OBA6Xo3RDQ",
    "size": [
      2.132548243077581,
      4.870659034134611,
      1.490000000000002
    ],
    "obj_class": "vehicle",
    "point_num_in_lidar": 194,
    "speed": 8.038873388460929e-13,
    "if_vehicle": true,
    "motion_state": false,
    "pose": [
      [
        -0.9963774933442677,
        0.08480149795377788,
        -0.0063715541109919,
        -4.112056127807591
      ],
      [
        -0.0849292483806885,
        -0.9961084393870031,
        0.023558432704251477,
        3.237235064390916
      ],
      [
        -0.00434896843920619,
        0.024014223426645127,
        0.9997021574182633,
        0.6664844129677263
      ],
      [
        0.0,
        0.0,
        0.0,
        1.0
      ]
    ],
    "location": [
      -4.112056127807591,
      3.237235064390916,
      0.6664844129677263
    ],
    "rotation": [
      0.024016759290152522,
      0.0043489821483778295,
      -3.0565601675142227
    ]
  },
  {
    "label_id": "v44dcr8KRiDCUB5WxhWz-A",
    "size": [
      1.9555931691389545,
      4.405898393964798,
      1.5100000000000051
    ],
    "obj_class": "vehicle",
    "point_num_in_lidar": 2598,
    "speed": 0.00877200894301999,
    "if_vehicle": true,
    "motion_state": false,
    "pose": [
      [
        0.6847068210535903,
        0.728790760438754,
        -0.0063715541109919,
        13.304808100200717
      ],
      [
        -0.7285004931189835,
        0.6846400746187133,
        0.023558432704251477,
        -8.989129102159495
      ],
      [
        0.021531389367263305,
        -0.011488939254141078,
        0.9997021574182633,
        0.7788328047226827
      ],
      [
        0.0,
        0.0,
        0.0,
        1.0
      ]
    ],
    "location": [
      13.304808100200717,
      -8.989129102159495,
      0.7788328047226827
    ],
    "rotation": [
      -0.011491856260148788,
      -0.021533053375730565,
      -0.8163771013162874
    ]
  },
  {
    "label_id": "wAkzx5aXp8ha5mzB6NAV1g",
    "size": [
      2.3192441512334057,
      4.606269919017848,
      1.9500000000000028
    ],
    "obj_class": "vehicle",
    "point_num_in_lidar": 570,
    "speed": 0.0405106294609406,
    "if_vehicle": true,
    "motion_state": false,
    "pose": [
      [
        0.6808894694265508,
        0.7323584735102346,
        -0.0063715541109919,
        -4.106613423182353
      ],
      [
        -0.7320678613960729,
        0.6808242405786531,
        0.023558432704251477,
        -10.532612827384582
      ],
      [
        0.021591126302501054,
        -0.011376278752715692,
        0.9997021574182633,
        1.001828436956714
      ],
      [
        0.0,
        0.0,
        0.0,
        1.0
      ]
    ],
    "location": [
      -4.106613423182353,
      -10.532612827384582,
      1.001828436956714
    ],
    "rotation": [
      -0.011379176930228824,
      -0.021592804201307866,
      -0.8216030985355682
    ]
  }
]