[
  {
    "label_id": "-37Tr49YQag_EecI_gdFqA",
    "size": [
      2.0614844075240515,
      4.778170597256613,
      1.470000000000006
    ],
    "obj_class": "vehicle",
    "point_num_in_lidar": 31,
    "speed": 3.1776437161565096e-13,
    "if_vehicle": true,
    "motion_state": false,
    "pose": [
      [
        0.6660308715308666,
        0.7458921345455584,
        -0.006913883923313637,
        -38.09545921678273
      ],
      [
        -0.7456746043048047,
        0.6660191777174523,
        0.019693638755743627,
        -12.74363263279156
      ],
      [
        0.01929410953393001,
        -0.007961063725375734,
        0.9997821556727512,
        0.6283750035708096
      ],
      [
        0.0,
        0.0,
        0.0,
        1.0
      ]
    ],
    "location": [
      -38.09545921678273,
      -12.74363263279156,
      0.6283750035708096
    ],
    "rotation": [
      -0.007962630085416034,
      -0.019295306813938658,
      -0.8417550999841276
    ]
  },
  {
    "label_id": "5TfIhDaGwG7wy8E9HfiYNA",
    "size": [
      2.0753455018048417,
      4.400591282594326,
      1.4400000000000048
    ],
    "obj_class": "vehicle",
    "point_num_in_lidar": 94,
    "speed": 0.04505361264879723,
    "if_vehicle": true,
    "motion_state": false,
    "pose": [
      [
        -0.9998318402492214,
        -0.01698497668383845,
        -0.006913883923313637,
        -35.28074893695975
      ],
      [
        0.016845945233539217,
        -0.9996641309568663,
        0.019693638755743627,
        -1.3963336083415925
      ],
      [
        -0.0072460577588222205,
        0.01957385616843535,
        0.9997821556727512,
        0.7870616399704673
      ],
      [
        0.0,
        0.0,
        0.0,
        1.0
      ]
    ],
    "location": [
      -35.28074893695975,
      -1.3963336083415925,
      0.7870616399704673
    ],
    "rotation": [
      0.01957562027646305,
      0.007246121169790603,
      3.1247454691496093
    ]
  },
  {
    "label_id": "7WhMfgaFj6HkR53LFyZ3dA",
    "size": [
      2.2032936747022087,
      5.843094606045561,
      1.9500000000000028
    ],
    "obj_class": "vehicle",
    "point_num_in_lidar": 4549,
    "speed": 1.034565839472708e-12,
    "if_vehicle": true,
    "motion_state": false,
    "pose": [
      [
        -0.9989593085886004,
        0.04508323405968912,
        -0.006913883923313637,
        7.643763335587209
      ],
      [
        -0.0452115919602895,
        -0.9987832960882829,
        0.019693638755743627,
        3.782125265452123
      ],
      [
        -0.006017618848186829,
        0.019985731453832978,
        0.9997821556727512,
        0.9999274760086294
      ],
      [
        0.0,
        0.0,
        0.0,
        1.0
      ]
    ],
    "location": [
      7.643763335587209,
      3.782125265452123,
      0.9999274760086294
    ],
    "rotation": [
      0.01998742411583755,
      0.006017655166850105,
      -3.09636482524307
    ]
  },
  {
    "label_id": "8NLlvAKuhnxik6iFB8B7Eg",
    "size": [
      2.055250993941189,
      4.364807949240838,
      1.4768688171186142
    ],
    "obj_class": "vehicle",
    "point_num_in_lidar": 1412,
    "speed": 0.022192803026466347,
    "if_vehicle": true,
    "motion_state": false,
    "pose": [
      [
        0.7013985109551176,
        0.7127358045159782,
        -0.006913883923313637,
        23.94017996787352
      ],
      [
        -0.7125190966597444,
        0.7013762880848909,
        0.019693638755743627,
        -8.905876455468388
      ],
      [
        0.018885595704805504,
        -0.008886814571116813,
        0.9997821556727512,
        0.8253466121517405
      ],
      [
        0.0,
        0.0,
        0.0,
        1.0
      ]
    ],
    "location": [
      23.94017996787352,
      -8.905876455468388,
      0.8253466121517405
    ],
    "rotation": [
      -0.008888516846427462,
      -0.018886718525808217,
      -0.793263088728491
    ]
  },
  {
    "label_id": "96oSGvwng3hYVTEmFvPUhg",
    "size": [
      2.1263855266954375,
      4.918689501194873,
      1.730000000000004
    ],
    "obj_class": "vehicle",
    "point_num_in_lidar": 3455,
    "speed": 0.022727060228946685,
    "if_vehicle": true,
    "motion_state": false,
    "pose": [
      [
        0.6463019465833195,
        0.7630504518390033,
        -0.006913883923313637,
        17.051735456554525
      ],
      [
        -0.7628326902245928,
        0.646295944066856,
        0.019693638755743627,
        -9.202988885943341
      ],
      [
        0.019495655088310925,
        -0.007453900390023904,
        0.9997821556727512,
        0.9560417430363941
      ],
      [
        0.0,
        0.0,
        0.0,
        1.0
      ]
    ],
    "location": [
      17.051735456554525,
      -9.202988885943341,
      0.9560417430363941
    ],
    "rotation": [
      -0.0074553864002958915,
      -0.019496890286193926,
      -0.8679070906272639
    ]
  },
  {
    "label_id": "9s8YOLhpbgSWdr7GIkOUUQ",
    "size": [
      1.917541371208224,
      4.427614966261043,
      1.4400000000000048
    ],
    "obj_class": "vehicle",
    "point_num_in_lidar": 80,
    "speed": 1.449228509952941e-12,
    "if_vehicle": true,
    "motion_state": false,
    "pose": [
      [
        -0.04823708230673152,
        -0.9988119853604224,
        -0.006913883923313637,
        -18.652471023929138
      ],
      [
        0.998635568465487,
        -0.04836488383291918,
        0.019693638755743627,
        9.99903400628682
      ],
      [
        -0.020004631617380603,
        -0.005954486728482863,
        0.9997821556727512,
        0.5761387631606922
      ],
      [
        0.0,
        0.0,
        0.0,
        1.0
      ]
    ],
    "location": [
      -18.652471023929138,
      9.99903400628682,
      0.5761387631606922
    ],
    "rotation": [
      -0.005955713743844361,
      0.020005966117587225,
      1.6190618012232771
    ]
  },
  {
    "label_id": "DQe9EgHTvbMojU92WrDD-w",
    "size": [
      2.295094381367905,
      6.332258661657688,
      2.200000000000003
    ],
    "obj_class": "vehicle",
    "point_num_in_lidar": 56,
    "speed": 0.046893519204577946,
    "if_vehicle": true,
    "motion_state": false,
    "pose": [
      [
        -0.9764397124236533,
        0.21567959154984553,
        -0.006913883923313637,
        -43.68164527545105
      ],
      [
        -0.21577587302213322,
        -0.9762442999649701,
        0.019693638755743627,
        0.6534431964573741
      ],
      [
        -0.002502123807785389,
        0.020721500302760314,
        0.9997821556727512,
        1.1383750035709568
      ],
      [
        0.0,
        0.0,
        0.0,
        1.0
      ]
    ],
    "location": [
      -43.68164527545105,
      0.6534431964573741,
      1.1383750035709568
    ],
    "rotation": [
      0.020723048369971516,
      0.0025021264186019503,
      -2.9241056103950234
    ]
  },
  {
    "label_id": "DRWDacxgi2UUnlkU8Pb7_A",
    "size": [
      2.1156286003790425,
      4.90184441837974,
      1.720000000000006
    ],
    "obj_class": "vehicle",
    "point_num_in_lidar": 983,
    "speed": 0.02285939833548062,
    "if_vehicle": true,
    "motion_state": false,
    "pose": [
      [
        0.7282174626668684,
        0.6853112616002479,
        -0.006913883923313637,
        7.074184915150909
      ],
      [
        -0.685095565475288,
        0.7281869449246214,
        0.019693638755743627,
        -10.350200189603129
      ],
      [
        0.018530872432879413,
        -0.009604580429312467,
        0.9997821556727512,
        0.909866499856328
      ],
      [
        0.0,
        0.0,
        0.0,
        1.0
      ]
    ],
    "location": [
      7.074184915150909,
      -10.350200189603129,
      0.909866499856328
    ],
    "rotation": [
      -0.009606377677504803,
      -0.018531933159498,
      -0.7548964114246955
    ]
  },
  {
    "label_id": "Go_3rbTk6d2Upk1krZLsKw",
    "size": [
      2.1025838945668647,
      4.719586221317513,
      1.8100000000000023
    ],
    "obj_class": "vehicle",
    "point_num_in_lidar": 104,
    "speed": 0.012656333674540924,
    "if_vehicle": true,
    "motion_state": false,
    "pose": [
      [
        -0.9981315793859934,
        0.06070871800258667,
        -0.006913883923313637,
        -36.73002012793404
      ],
      [
        -0.06083430607064168,
        -0.9979535799812843,
        0.019693638755743627,
        1.198366039148823
      ],
      [
        -0.00570415965117864,
        0.020077444085855347,
        0.9997821556727512,
        0.9567961790556367
      ],
      [
        0.0,
        0.0,
        0.0,
        1.0
      ]
    ],
    "location": [
      -36.73002012793404,
      1.198366039148823,
      0.9567961790556367
    ],
    "rotation": [
      0.020079119920917373,
      0.005704190584754425,
      -3.0807197706054885
    ]
  },
  {
    "label_id": "HILMjKmKIoQMgeZ6T8zTSg",
    "size": [
      0.7527797330444923,
      0.1029191474772233,
      0.7700000000000031
    ],
    "obj_class": "sign",
    "point_num_in_lidar": 79,
    "speed": 7.105427357601002e-13,
    "if_vehicle": false,
    "motion_state": false,
    "pose": [
      [
        0.9905370243106766,
        0.1370715203054416,
        -0.006913883923313637,
        -12.307767069974943
      ],
      [
        -0.1369133336968251,
        0.9903872473172198,
        0.019693638755743627,
        4.2251387637988955
      ],
      [
        0.009546859471677318,
        -0.018560675434229953,
        0.9997821556727512,
        2.5290586882435946
      ],
      [
        0.0,
        0.0,
        0.0,
        1.0
      ]
    ],
    "location": [
      -12.307767069974943,
      4.2251387637988955,
      2.5290586882435946
    ],
    "rotation": [
      -0.018562587324470678,
      -0.009547004498439784,
      -0.1373510277610337
    ]
  },
  {
    "label_id": "HLzwX9g0ze44_rFIbQGHjQ",
    "size": [
      0.7569672513809528,
      0.9552332451112164,
      1.2294117647058869
    ],
    "obj_class": "pedestrian",
    "point_num_in_lidar": 104,
    "speed": 1.7577856506325392e-12,
    "if_vehicle": false,
    "motion_state": false,
    "pose": [
      [
        0.4420703216538706,
        0.8969537496002448,
        -0.006913883923313637,
        19.926931563825747
      ],
      [
        -0.8967410270528832,
        0.4421172819430366,
        0.019693638755743627,
        -15.11487666825451
      ],
      [
        0.020721030693082027,
        -0.0025060098489700293,
        0.9997821556727512,
        0.708247613468572
      ],
      [
        0.0,
        0.0,
        0.0,
        1.0
      ]
    ],
    "location": [
      19.926931563825747,
      -15.11487666825451,
      0.708247613468572
    ],
    "rotation": [
      -0.002506550638555764,
      -0.02072251378045101,
      -1.1127850206837917
    ]
  },
  {
    "label_id": "ISEQHFwDwMdTSWtovFFxdA",
    "size": [
      2.067280165625664,
      4.46258473180494,
      1.4600000000000009
    ],
    "obj_class": "vehicle",
    "point_num_in_lidar": 831,
    "speed": 6.355287432313019e-13,
    "if_vehicle": true,
    "motion_state": false,
    "pose": [
      [
        0.6804463074761458,
        0.7327653245420211,
        -0.006913883923313637,
        2.8345081533652774
      ],
      [
        -0.7325480636311915,
        0.6804303748825078,
        0.019693638755743627,
        -9.840283151153926
      ],
      [
        0.019135232224100247,
        -0.008335711491920639,
        0.9997821556727512,
        0.7780142610962386
      ],
      [
        0.0,
        0.0,
        0.0,
        1.0
      ]
    ],
    "location": [
      2.8345081533652774,
      -9.840283151153926,
      0.7780142610962386
    ],
    "rotation": [
      -0.008337334590445234,
      -0.019136400166782183,
      -0.8222547590484102
    ]
  },
  {
    "label_id": "NHPW81G5lMyXru_I2sGKqA",
    "size": [
      2.0742041171234913,
      4.576080974769498,
      1.4400000000000048
    ],
    "obj_class": "vehicle",
    "point_num_in_lidar": 332,
    "speed": 2.2781733181718378e-12,
    "if_vehicle": true,
    "motion_state": false,
    "pose": [
      [
        0.6994529992533505,
        0.7146451567348565,
        -0.006913883923313637,
        -0.4596637214981456
      ],
      [
        -0.7144283891046349,
        0.6994313672076157,
        0.019693638755743627,
        -10.377844018275937
      ],
      [
        0.01890975084047606,
        -0.008835299740127506,
        0.9997821556727512,
        0.7761141322293881
      ],
      [
        0.0,
        0.0,
        0.0,
        1.0
      ]
    ],
    "location": [
      -0.4596637214981456,
      -10.377844018275937,
      0.7761141322293881
    ],
    "rotation": [
      -0.008836994837976005,
      -0.018910877975800794,
      -0.7959894548688149
    ]
  },
  {
    "label_id": "OXd0i5MfXfgVle65_zBBXw",
    "size": [
      2.038907532143845,
      4.734929776064892,
      1.470000000000006
    ],
    "obj_class": "vehicle",
    "point_num_in_lidar": 102,
    "speed": 5.123796534383003e-13,
    "if_vehicle": true,
    "motion_state": false,
    "pose": [
      [
        -0.6583141873216235,
        0.7527115177677072,
        -0.006913883923313637,
        -29.42500382864455
      ],
      [
        -0.7526731587103672,
        -0.6580997468085796,
        0.019693638755743627,
        10.160813417947793
      ],
      [
        0.010273603458808114,
        0.018168496644410295,
        0.9997821556727512,
        0.7245554768821805
      ],
      [
        0.0,
        0.0,
        0.0,
        1.0
      ]
    ],
    "location": [
      -29.42500382864455,
      10.160813417947793,
      0.7245554768821805
    ],
    "rotation": [
      0.018170455394409375,
      -0.010273784191939845,
      -2.2894194874425717
    ]
  },
  {
    "label_id": "OZ4f6oU4TQjwr6mNJyvgGQ",
    "size": [
      2.014404629238417,
      4.141152403826658,
      1.6300000000000026
    ],
    "obj_class": "vehicle",
    "point_num_in_lidar": 4994,
    "speed": 0.04953045511783435,
    "if_vehicle": true,
    "motion_state": false,
    "pose": [
      [
        -0.9982051604406141,
        0.05948660251538062,
        -0.006913883923313637,
        19.125341489112543
      ],
      [
        -0.05961240842422794,
        -0.9980273149340259,
        0.019693638755743627,
        4.614880476197868
      ],
      [
        -0.005728737347005822,
        0.02007044510607084,
        0.9997821556727512,
        0.8552547891406732
      ],
      [
        0.0,
        0.0,
        0.0,
        1.0
      ]
    ],
    "location": [
      19.125341489112543,
      4.614880476197868,
      0.8552547891406732
    ],
    "rotation": [
      0.020072122237150998,
      0.005728768682164378,
      -3.0819439017933443
    ]
  },
  {
    "label_id": "QW1dNo-qptHTwGloiIyEng",
    "size": [
      0.655421801756559,
      0.8193279148933641,
      1.7039215686274503
    ],
    "obj_class": "pedestrian",
    "point_num_in_lidar": 108,
    "speed": 0.006836428035164157,
    "if_vehicle": false,
    "motion_state": false,
    "pose": [
      [
        0.997227430942839,
        -0.07409216682106322,
        -0.006913883923313637,
        20.24645552277252
      ],
      [
        0.07421535591043141,
        0.9970477629179287,
        0.019693638755743627,
        -15.82016772253337
      ],
      [
        0.005434328130809783,
        -0.02015215313839868,
        0.9997821556727512,
        0.9165060985164217
      ],
      [
        0.0,
        0.0,
        0.0,
        1.0
      ]
    ],
    "location": [
      20.24645552277252,
      -15.82016772253337,
      0.9165060985164217
    ],
    "rotation": [
      -0.020153815016725335,
      -0.005434354878857873,
      0.07428475293883259
    ]
  },
  {
    "label_id": "RqRoUISiOVfgjg-WLH6oig",
    "size": [
      1.883942858399077,
      4.431572760151295,
      1.5400000000000063
    ],
    "obj_class": "vehicle",
    "point_num_in_lidar": 27,
    "speed": 0.006578716162808222,
    "if_vehicle": true,
    "motion_state": false,
    "pose": [
      [
        0.07709499924896553,
        0.9969997789868847,
        -0.006913883923313637,
        -27.184784179844428
      ],
      [
        -0.9968197407905364,
        0.07721764670621659,
        0.019693638755743627,
        -22.5439575019318
      ],
      [
        0.02016842733308217,
        0.005373614915209904,
        0.9997821556727512,
        0.9002184468233452
      ],
      [
        0.0,
        0.0,
        0.0,
        1.0
      ]
    ],
    "location": [
      -27.184784179844428,
      -22.5439575019318,
      0.9002184468233452
    ],
    "rotation": [
      0.005374734026518577,
      -0.020169794886694,
      -1.4936090203432086
    ]
  },
  {
    "label_id": "XvVgKHrB7eBfiBwcpoWd3g",
    "size": [
      0.746067611764867,
      0.8228660025952748,
      1.5900000000000034
    ],
    "obj_class": "pedestrian",
    "point_num_in_lidar": 33,
    "speed": 1.4403023997418294,
    "if_vehicle": false,
    "motion_state": true,
    "pose": [
      [
        0.9998272814174674,
        -0.017251247562181403,
        -0.006913883923313637,
        -6.069375532567392
      ],
      [
        0.017384456499020033,
        0.9996549110892178,
        0.019693638755743627,
        -15.647844202092529
      ],
      [
        0.006571758181065763,
        -0.019810431412676945,
        0.9997821556727512,
        0.8540949721974727
      ],
      [
        0.0,
        0.0,
        0.0,
        1.0
      ]
    ],
    "location": [
      -6.069375532567392,
      -15.647844202092529,
      0.8540949721974727
    ],
    "rotation": [
      -0.019812155303753423,
      -0.006571805485506622,
      0.01738570774016001
    ]
  },
  {
    "label_id": "ZviVb5z3QVQup2GQG1c_8A",
    "size": [
      2.069351397857599,
      4.46975232666588,
      1.4400000000000048
    ],
    "obj_class": "vehicle",
    "point_num_in_lidar": 5443,
    "speed": 0.09545959934368474,
    "if_vehicle": true,
    "motion_state": false,
    "pose": [
      [
        -0.9970034919854368,
        0.07704696735070177,
        -0.006913883923313637,
        13.165694841302866
      ],
      [
        -0.0771696234813934,
        -0.996823459698004,
        0.019693638755743627,
        4.10714519198882
      ],
      [
        -0.0053745865501576146,
        0.0201681684285323,
        0.9997821556727512,
        0.75604251215956
      ],
      [
        0.0,
        0.0,
        0.0,
        1.0
      ]
    ],
    "location": [
      13.165694841302866,
      4.10714519198882,
      0.75604251215956
    ],
    "rotation": [
      0.020169827285722725,
      0.005374612425706909,
      -3.064345113406739
    ]
  },
  {
    "label_id": "cvsSzEWkCO_fUj4Y4e3xgA",
    "size": [
      0.7530615077671519,
      0.8484543407193996,
      1.7100000000000009
    ],
    "obj_class": "pedestrian",
    "point_num_in_lidar": 39,
    "speed": 1.38431362013689,
    "if_vehicle": false,
    "motion_state": true,
    "pose": [
      [
        -0.5098582432488024,
        0.860230649303046,
        -0.006913883923313637,
        -6.97581193986025
      ],
      [
        -0.8601537918876591,
        -0.5096544073132694,
        0.019693638755743627,
        -15.1923049860834
      ],
      [
        0.013417380240823817,
        0.015987967532489326,
        0.9997821556727512,
        1.005967919251951
      ],
      [
        0.0,
        0.0,
        0.0,
        1.0
      ]
    ],
    "location": [
      -6.97581193986025,
      -15.1923049860834,
      1.005967919251951
    ],
    "rotation": [
      0.01599008824252621,
      -0.013417782853197115,
      -2.10586968211774
    ]
  },
  {
    "label_id": "h14DkRFx53Pkx5pEtWdarQ",
    "size": [
      0.8347280264472863,
      0.12141330286285525,
      0.7900000000000063
    ],
    "obj_class": "sign",
    "point_num_in_lidar": 28,
    "speed": 0.01714863549364871,
    "if_vehicle": false,
    "motion_state": false,
    "pose": [
      [
        -0.9973291981564665,
        0.07270948159404382,
        -0.006913883923313637,
        -33.143376709319455
      ],
      [
        -0.07283291966719306,
        -0.9971497011007476,
        0.019693638755743627,
        -15.207162477396196
      ],
      [
        -0.005462263022946969,
        0.020144599301423902,
        0.9997821556727512,
        2.647613742182685
      ],
      [
        0.0,
        0.0,
        0.0,
        1.0
      ]
    ],
    "location": [
      -33.143376709319455,
      -15.207162477396196,
      2.647613742182685
    ],
    "rotation": [
      0.02014626260112421,
      0.005462290185613816,
      -3.06869409827621
    ]
  },
  {
    "label_id": "iMUAR45EX3cmZKOzXxFuBQ",
    "size": [
      2.197391755426742,
      4.821743567278267,
      1.8300000000000054
    ],
    "obj_class": "vehicle",
    "point_num_in_lidar": 351,
    "speed": 0.017324888348146536,
    "if_vehicle": true,
    "motion_state": false,
    "pose": [
      [
        0.998474425638169,
        -0.05478156218677702,
        -0.006913883923313637,
        -6.644345815208908
      ],
      [
        0.054908204855637445,
        0.9982971750095708,
        0.019693638755743627,
        -6.872848731482009
      ],
      [
        0.005823262492806402,
        -0.020043223600176106,
        0.9997821556727512,
        1.0471568871961594
      ],
      [
        0.0,
        0.0,
        0.0,
        1.0
      ]
    ],
    "location": [
      -6.644345815208908,
      -6.872848731482009,
      1.0471568871961594
    ],
    "rotation": [
      -0.020044905753241644,
      -0.00582329540482184,
      0.05493676532298314
    ]
  },
  {
    "label_id": "k2lGwS9hat1VWw7Gs3kL-g",
    "size": [
      2.0645598613166887,
      4.688562644750567,
      1.6000000000000014
    ],
    "obj_class": "vehicle",
    "point_num_in_lidar": 557,
    "speed": 1.0247593068766006e-12,
    "if_vehicle": true,
    "motion_state": false,
    "pose": [
      [
        -0.9961253009955895,
        0.08767315966441096,
        -0.006913883923313637,
        1.858323385085896
      ],
      [
        -0.08779388922424183,
        -0.9959439711185764,
        0.019693638755743627,
        3.344463074943633
      ],
      [
        -0.005159237475432324,
        0.02022432859253619,
        0.9997821556727512,
        0.8457034142182209
      ],
      [
        0.0,
        0.0,
        0.0,
        1.0
      ]
    ],
    "location": [
      1.858323385085896,
      3.344463074943633,
      0.8457034142182209
    ],
    "rotation": [
      0.02022597677384113,
      0.005159260363572641,
      -3.0536844159126284
    ]
  },
  {
    "label_id": "kj0_f_xDpwHjzq-hnWZI7Q",
    "size": [
      2.0565997429997234,
      4.515148634566527,
      1.4600000000000009
    ],
    "obj_class": "vehicle",
    "point_num_in_lidar": 1421,
    "speed": 7.105427357601002e-13,
    "if_vehicle": true,
    "motion_state": false,
    "pose": [
      [
        0.6400304063765414,
        0.7683184737610923,
        -0.006913883923313637,
        10.327161204779259
      ],
      [
        -0.7681006702868537,
        0.640026187665352,
        0.019693638755743627,
        -9.8099724866006
      ],
      [
        0.019556053241014434,
        -0.007293968740088693,
        0.9997821556727512,
        0.7479348406871225
      ],
      [
        0.0,
        0.0,
        0.0,
        1.0
      ]
    ],
    "location": [
      10.327161204779259,
      -9.8099724866006,
      0.7479348406871225
    ],
    "rotation": [
      -0.007295428604389261,
      -0.019557299955869016,
      -0.8760991471790875
    ]
  },
  {
    "label_id": "l4IU7hYAbEicJJhcNV-PYQ",
    "size": [
      1.7797335311146572,
      3.629981180814881,
      1.4200000000000017
    ],
    "obj_class": "vehicle",
    "point_num_in_lidar": 125,
    "speed": 6.355287432313019e-13,
    "if_vehicle": true,
    "motion_state": false,
    "pose": [
      [
        0.7087595640322741,
        0.7054162449234322,
        -0.006913883923313637,
        -7.661596939420633
      ],
      [
        -0.7051997794377174,
        0.7087350927346218,
        0.019693638755743627,
        -10.276480141725187
      ],
      [
        0.018792324863501346,
        -0.009082385400951194,
        0.9997821556727512,
        0.6730301049765046
      ],
      [
        0.0,
        0.0,
        0.0,
        1.0
      ]
    ],
    "location": [
      -7.661596939420633,
      -10.276480141725187,
      0.6730301049765046
    ],
    "rotation": [
      -0.009084114492799786,
      -0.01879343112885289,
      -0.7828805683265454
    ]
  },
  {
    "label_id": "oGhYcNPyTUhm8059vJgk7Q",
    "size": [
      1.9637128907566297,
      4.522243896407982,
      1.5799999999999983
    ],
    "obj_class": "vehicle",
    "point_num_in_lidar": 151,
    "speed": 3.217370594219413,
    "if_vehicle": true,
    "motion_state": true,
    "pose": [
      [
        -0.16680091335069203,
        -0.985966355163537,
        -0.006913883923313637,
        -21.371378048086626
      ],
      [
        0.9857759783090375,
        -0.1669068038799446,
        0.019693638755743627,
        -13.510466083045685
      ],
      [
        -0.020571239491945132,
        -0.0035306237567630044,
        0.9997821556727512,
        0.9183750035709934
      ],
      [
        0.0,
        0.0,
        0.0,
        1.0
      ]
    ],
    "location": [
      -21.371378048086626,
      -13.510466083045685,
      0.9183750035709934
    ],
    "rotation": [
      -0.003531378371125042,
      0.020572690643748313,
      1.7384163645648971
    ]
  },
  {
    "label_id": "pgI18KkKJl2QaGwb8uesjQ",
    "size": [
      2.139080650142704,
      4.556199328982984,
      1.730000000000004
    ],
    "obj_class": "vehicle",
    "point_num_in_lidar": 49,
    "speed": 6.537299611100574,
    "if_vehicle": true,
    "motion_state": true,
    "pose": [
      [
        0.9985843911878355,
        -0.05273909257007473,
        -0.006913883923313637,
        -50.20342253650688
      ],
      [
        0.05286609753582544,
        0.9984073999745248,
        0.019693638755743627,
        -6.435916941045434
      ],
      [
        0.005864248234220461,
        -0.020031270329018688,
        0.9997821556727512,
        0.8983750035708624
      ],
      [
        0.0,
        0.0,
        0.0,
        1.0
      ]
    ],
    "location": [
      -50.20342253650688,
      -6.435916941045434,
      0.8983750035708624
    ],
    "rotation": [
      -0.020032954677908266,
      -0.005864281846077505,
      0.052891664113282895
    ]
  },
  {
    "label_id": "qOk43BSYT2QZ29ws6A_thw",
    "size": [
      1.1151197425465313,
      1.3341153754663537,
      1.8800000000000026
    ],
    "obj_class": "pedestrian",
    "point_num_in_lidar": 20,
    "speed": 1.728561193463519,
    "if_vehicle": false,
    "motion_state": true,
    "pose": [
      [
        0.9955417316118262,
        -0.0940683731570901,
        -0.006913883923313637,
        -26.837403939781325
      ],
      [
        0.09418793574428042,
        0.9953596301602701,
        0.019693638755743627,
        -17.828080851648338
      ],
      [
        0.005029252385584276,
        -0.020257043683343263,
        0.9997821556727512,
        1.0681083070381092
      ],
      [
        0.0,
        0.0,
        0.0,
        1.0
      ]
    ],
    "location": [
      -26.837403939781325,
      -17.828080851648338,
      1.0681083070381092
    ],
    "rotation": [
      -0.0202586855868325,
      -0.005029273586957171,
      0.09432895378567652
    ]
  },
  {
    "label_id": "scHfJy5WqY6CcgOK_NwZpA",
    "size": [
      1.6805972847365311,
      3.9600297986178874,
      1.5300000000000011
    ],
    "obj_class": "vehicle",
    "point_num_in_lidar": 31,
    "speed": 0.0009024060084109795,
    "if_vehicle": true,
    "motion_state": false,
    "pose": [
      [
        0.666030871530593,
        0.7458921345458026,
        -0.006913883923313637,
        -41.48862427031054
      ],
      [
        -0.745674604305049,
        0.6660191777171788,
        0.019693638755743627,
        -12.206603151920717
      ],
      [
        0.01929410953393293,
        -0.007961063725368657,
        0.9997821556727512,
        0.7651085974771021
      ],
      [
        0.0,
        0.0,
        0.0,
        1.0
      ]
    ],
    "location": [
      -41.48862427031054,
      -12.206603151920717,
      0.7651085974771021
    ],
    "rotation": [
      -0.007962630085408954,
      -0.019295306813941576,
      -0.8417550999844943
    ]
  },
  {
    "label_id": "t8XzvTv7TV6G03bn5R6WcA",
    "size": [
      0.7511716528430291,
      1.15743233501867,
      1.6400000000000006
    ],
    "obj_class": "pedestrian",
    "point_num_in_lidar": 30,
    "speed": 1.4977577359011613,
    "if_vehicle": false,
    "motion_state": true,
    "pose": [
      [
        -0.9987306269036581,
        -0.049893216910929045,
        -0.006913883923313637,
        1.5330006483964098
      ],
      [
        0.04974873934035487,
        -0.998567585858165,
        0.019693638755743627,
        6.859963153725403
      ],
      [
        -0.007886559368412673,
        0.019324683171407613,
        0.9997821556727512,
        0.9507950302048727
      ],
      [
        0.0,
        0.0,
        0.0,
        1.0
      ]
    ],
    "location": [
      1.5330006483964098,
      6.859963153725403,
      0.9507950302048727
    ],
    "rotation": [
      0.019326487269606243,
      0.007886641125165909,
      3.091821821406107
    ]
  },
  {
    "label_id": "uerLA_2iAXAAaqnatEnvSA",
    "size": [
      2.1855449637280078,
      4.681033581852892,
      1.4300000000000068
    ],
    "obj_class": "vehicle",
    "point_num_in_lidar": 2129,
    "speed": 0.005482649800074628,
    "if_vehicle": true,
    "motion_state": false,
    "pose": [
      [
        0.6275530135972671,
        0.7785431351788309,
        -0.006913883923313637,
        20.489769692704613
      ],
      [
        -0.7783252919912993,
        0.6275523089266877,
        0.019693638755743627,
        -9.137093046563677
      ],
      [
        0.019671171079702555,
        -0.006977551626455809,
        0.9997821556727512,
        0.8062608698963984
      ],
      [
        0.0,
        0.0,
        0.0,
        1.0
      ]
    ],
    "location": [
      20.489769692704613,
      -9.137093046563677,
      0.8062608698963984
    ],
    "rotation": [
      -0.006978958670083888,
      -0.019672439943569806,
      -0.8922340165556892
    ]
  },
  {
    "label_id": "utUGhFL-R1s-OBA6Xo3RDQ",
    "size": [
      2.132548243077583,
      4.870659034134611,
      1.490000000000002
    ],
    "obj_class": "vehicle",
    "point_num_in_lidar": 184,
    "speed": 8.038873388460929e-13,
    "if_vehicle": true,
    "motion_state": false,
    "pose": [
      [
        -0.9963739036977577,
        0.08480119243964897,
        -0.006913883923313637,
        -4.112056127808501
      ],
      [
        -0.0849224442306623,
        -0.9961929226100977,
        0.019693638755743627,
        3.237235064385459
      ],
      [
        -0.005217518182190037,
        0.020209371646968607,
        0.9997821556727512,
        0.6681228634502787
      ],
      [
        0.0,
        0.0,
        0.0,
        1.0
      ]
    ],
    "location": [
      -4.112056127808501,
      3.237235064385459,
      0.6681228634502787
    ],
    "rotation": [
      0.020211022683992934,
      0.005217541854791322,
      -3.0565666422995506
    ]
  },
  {
    "label_id": "v44dcr8KRiDCUB5WxhWz-A",
    "size": [
      1.9555931691389545,
      4.405898393964798,
      1.5100000000000051
    ],
    "obj_class": "vehicle",
    "point_num_in_lidar": 2606,
    "speed": 0.007163953450564739,
    "if_vehicle": true,
    "motion_state": false,
    "pose": [
      [
        0.6847043542621722,
        0.7287881348262448,
        -0.006913883923313637,
        13.304808100201626
      ],
      [
        -0.7285709704377967,
        0.684687156026667,
        0.019693638755743627,
        -8.989129102161314
      ],
      [
        0.019086337777292354,
        -0.008447065087821032,
        0.9997821556727512,
        0.7797698121173724
      ],
      [
        0.0,
        0.0,
        0.0,
        1.0
      ]
    ],
    "location": [
      13.304808100201626,
      -8.989129102161314,
      0.7797698121173724
    ],
    "rotation": [
      -0.008448704603683677,
      -0.019087496788856604,
      -0.8164271754039492
    ]
  },
  {
    "label_id": "wAkzx5aXp8ha5mzB6NAV1g",
    "size": [
      2.319244151233406,
      4.606269919017848,
      1.9500000000000028
    ],
    "obj_class": "vehicle",
    "point_num_in_lidar": 563,
    "speed": 0.04051062946142286,
    "if_vehicle": true,
    "motion_state": false,
    "pose": [
      [
        0.6808870163878925,
        0.7323558350443375,
        -0.006913883923313637,
        -4.107799425783924
      ],
      [
        -0.7321385837578814,
        0.680870953092847,
        0.019693638755743627,
        -10.536484318003204
      ],
      [
        0.01913021399246402,
        -0.008347221750338014,
        0.9997821556727512,
        1.0037024157777594
      ],
      [
        0.0,
        0.0,
        0.0,
        1.0
      ]
    ],
    "location": [
      -4.107799425783924,
      -10.536484318003204,
      1.0037024157777594
    ],
    "rotation": [
      -0.00834884655550095,
      -0.019131381016404027,
      -0.8216530692291767
    ]
  }
]