[
  {
    "label_id": "-37Tr49YQag_EecI_gdFqA",
    "size": [
      2.06148440752405,
      4.778170597256613,
      1.470000000000006
    ],
    "obj_class": "vehicle",
    "point_num_in_lidar": 106,
    "speed": 3.1776437161565096e-13,
    "if_vehicle": true,
    "motion_state": false,
    "pose": [
      [
        0.6660257626549078,
        0.7458864130834482,
        -0.007946210257500317,
        -38.09545921678182
      ],
      [
        -0.7453078004715108,
        0.6658681511314162,
        0.03370293555683591,
        -12.74363263278974
      ],
      [
        0.030429690045534166,
        -0.016524650868849123,
        0.9994003051217242,
        0.6283750035707669
      ],
      [
        0.0,
        0.0,
        0.0,
        1.0
      ]
    ],
    "location": [
      -38.09545921678182,
      -12.74363263278974,
      0.6283750035707669
    ],
    "rotation": [
      -0.01653306000537696,
      -0.03043438814667055,
      -0.8415144506459286
    ]
  },
  {
    "label_id": "5TfIhDaGwG7wy8E9HfiYNA",
    "size": [
      2.0753455018060154,
      4.400591282594326,
      1.4400000000000048
    ],
    "obj_class": "vehicle",
    "point_num_in_lidar": 189,
    "speed": 0.006058246482215724,
    "if_vehicle": true,
    "motion_state": false,
    "pose": [
      [
        -0.9998241709091836,
        -0.016984846431668938,
        -0.007946210257500317,
        -35.25106525632236
      ],
      [
        0.016707952160739323,
        -0.9992922277639541,
        0.03370293555683591,
        -1.3968378697609296
      ],
      [
        -0.008513025335227567,
        0.03356424469947761,
        0.9994003051217242,
        0.7655999119598107
      ],
      [
        0.0,
        0.0,
        0.0,
        1.0
      ]
    ],
    "location": [
      -35.25106525632236,
      -1.3968378697609296,
      0.7655999119598107
    ],
    "rotation": [
      0.033571766889845985,
      0.008513128164009398,
      3.124883318434682
    ]
  },
  {
    "label_id": "6HLGrqQfQYMsQDDAwvTpnQ",
    "size": [
      2.1261302656461325,
      4.611272155748338,
      1.6300000000000026
    ],
    "obj_class": "vehicle",
    "point_num_in_lidar": 245,
    "speed": 8.987733679556354e-13,
    "if_vehicle": true,
    "motion_state": false,
    "pose": [
      [
        -0.7491813858205466,
        0.6623172267747148,
        -0.007946210257500317,
        -30.089948332832137
      ],
      [
        -0.6621624876859072,
        -0.7486019984186941,
        0.03370293555683591,
        20.67335119055315
      ],
      [
        0.016373485933550622,
        0.03051129431847258,
        0.9994003051217242,
        0.6863380560928363
      ],
      [
        0.0,
        0.0,
        0.0,
        1.0
      ]
    ],
    "location": [
      -30.089948332832137,
      20.67335119055315,
      0.6863380560928363
    ],
    "rotation": [
      0.030520122959376242,
      -0.016374217619308472,
      -2.4177733027760615
    ]
  },
  {
    "label_id": "9CUNhZDZ4nxh6om0TTTJvA",
    "size": [
      1.7909447756732866,
      4.163788843312304,
      1.7600000000000051
    ],
    "obj_class": "vehicle",
    "point_num_in_lidar": 39,
    "speed": 6.355287432313019e-13,
    "if_vehicle": true,
    "motion_state": false,
    "pose": [
      [
        0.9987130939756466,
        -0.05009005554134599,
        -0.007946210257500317,
        -31.525463333778134
      ],
      [
        0.05033066074826355,
        0.9981637825144203,
        0.03370293555683591,
        -39.2057792502801
      ],
      [
        0.006243437373333086,
        -0.03405950105873403,
        0.9994003051217242,
        1.7980783001918894
      ],
      [
        0.0,
        0.0,
        0.0,
        1.0
      ]
    ],
    "location": [
      -31.525463333778134,
      -39.2057792502801,
      1.7980783001918894
    ],
    "rotation": [
      -0.0340667538503523,
      -0.006243477936107016,
      0.05035291663735537
    ]
  },
  {
    "label_id": "9s8YOLhpbgSWdr7GIkOUUQ",
    "size": [
      1.917541371208228,
      4.427614966261043,
      1.4400000000000048
    ],
    "obj_class": "vehicle",
    "point_num_in_lidar": 827,
    "speed": 1.449228509952941e-12,
    "if_vehicle": true,
    "motion_state": false,
    "pose": [
      [
        -0.0482367122979535,
        -0.998804323843879,
        -0.007946210257500317,
        -18.65247102392823
      ],
      [
        0.9982554598062678,
        -0.0484783364177089,
        0.03370293555683591,
        9.999034006290458
      ],
      [
        -0.03404785681450826,
        -0.006306628968266699,
        0.9994003051217242,
        0.5761387631607704
      ],
      [
        0.0,
        0.0,
        0.0,
        1.0
      ]
    ],
    "location": [
      -18.65247102392823,
      9.999034006290458,
      0.5761387631607704
    ],
    "rotation": [
      -0.0063103295298112295,
      0.03405443861544322,
      1.6190797810725925
    ]
  },
  {
    "label_id": "DQe9EgHTvbMojU92WrDD-w",
    "size": [
      2.295094381366872,
      6.332258661657688,
      2.200000000000003
    ],
    "obj_class": "vehicle",
    "point_num_in_lidar": 165,
    "speed": 0.03987660586035356,
    "if_vehicle": true,
    "motion_state": false,
    "pose": [
      [
        -0.9698947075490685,
        0.24339497531964502,
        -0.007946210257500317,
        -43.26335776837641
      ],
      [
        -0.24352413735875264,
        -0.9693090872670734,
        0.03370293555683591,
        0.6999995713958924
      ],
      [
        0.0005007913561257719,
        0.034623392823671495,
        0.9994003051217242,
        1.1383750035709639
      ],
      [
        0.0,
        0.0,
        0.0,
        1.0
      ]
    ],
    "location": [
      -43.26335776837641,
      0.6999995713958924,
      1.1383750035709639
    ],
    "rotation": [
      0.034630318536911626,
      -0.0005007913770581837,
      -2.895594893810629
    ]
  },
  {
    "label_id": "Go_3rbTk6d2Upk1krZLsKw",
    "size": [
      2.102583894566865,
      4.719586221317513,
      1.8100000000000023
    ],
    "obj_class": "vehicle",
    "point_num_in_lidar": 234,
    "speed": 0.012656333781343823,
    "if_vehicle": true,
    "motion_state": false,
    "pose": [
      [
        -0.9981239230885919,
        0.0607082523285141,
        -0.007946210257500317,
        -36.66822513162788
      ],
      [
        -0.060943002158179424,
        -0.9975720839231619,
        0.03370293555683591,
        1.2036603144661058
      ],
      [
        -0.005880871209870151,
        0.034123972166463235,
        0.9994003051217242,
        0.9310048766691992
      ],
      [
        0.0,
        0.0,
        0.0,
        1.0
      ]
    ],
    "location": [
      -36.66822513162788,
      1.2036603144661058,
      0.9310048766691992
    ],
    "rotation": [
      0.03413118866521176,
      0.00588090510837273,
      -3.080610808185314
    ]
  },
  {
    "label_id": "HILMjKmKIoQMgeZ6T8zTSg",
    "size": [
      0.7527797330444932,
      0.1029191474772233,
      0.7700000000000031
    ],
    "obj_class": "sign",
    "point_num_in_lidar": 235,
    "speed": 0.019373751961853564,
    "if_vehicle": false,
    "motion_state": false,
    "pose": [
      [
        0.9905294262682923,
        0.13707046888061425,
        -0.007946210257500317,
        -12.258266520901998
      ],
      [
        -0.13673162767402033,
        0.9900346327924416,
        0.03370293555683591,
        4.24207195416966
      ],
      [
        0.012486700533804481,
        -0.03229725115832188,
        0.9994003051217242,
        2.4976681613614033
      ],
      [
        0.0,
        0.0,
        0.0,
        1.0
      ]
    ],
    "location": [
      -12.258266520901998,
      4.24207195416966,
      2.4976681613614033
    ],
    "rotation": [
      -0.03230538820501419,
      -0.012487025039490895,
      -0.13717205938218544
    ]
  },
  {
    "label_id": "ISEQHFwDwMdTSWtovFFxdA",
    "size": [
      2.067280165625663,
      4.46258473180494,
      1.4600000000000009
    ],
    "obj_class": "vehicle",
    "point_num_in_lidar": 1964,
    "speed": 6.355287432313019e-13,
    "if_vehicle": true,
    "motion_state": false,
    "pose": [
      [
        0.6804410880247206,
        0.7327597037708052,
        -0.007946210257500317,
        2.834508153366187
      ],
      [
        -0.7321842739530083,
        0.6802722257381657,
        0.03370293555683591,
        -9.840283151152107
      ],
      [
        0.030101739212886797,
        -0.017114771951854648,
        0.9994003051217242,
        0.7431808340522679
      ],
      [
        0.0,
        0.0,
        0.0,
        1.0
      ]
    ],
    "location": [
      2.834508153366187,
      -9.840283151152107,
      0.7431808340522679
    ],
    "rotation": [
      -0.01712336797600441,
      -0.030106287005585094,
      -0.8220108880578241
    ]
  },
  {
    "label_id": "Ko333JMTQxrLsIbw6vT5jw",
    "size": [
      2.0027678097125556,
      4.87247641867594,
      1.6600000000000037
    ],
    "obj_class": "vehicle",
    "point_num_in_lidar": 164,
    "speed": 8.987733679556354e-13,
    "if_vehicle": true,
    "motion_state": false,
    "pose": [
      [
        0.6317544788100137,
        -0.7751278192956513,
        -0.007946210257500317,
        -16.49768922657313
      ],
      [
        0.77488109740791,
        0.6312078873198312,
        0.03370293555683591,
        -22.47861869105327
      ],
      [
        -0.021108372353196132,
        -0.027449348611642176,
        0.9994003051217242,
        1.00478135043695
      ],
      [
        0.0,
        0.0,
        0.0,
        1.0
      ]
    ],
    "location": [
      -16.49768922657313,
      -22.47861869105327,
      1.00478135043695
    ],
    "rotation": [
      -0.027458916372455077,
      0.021109940187206685,
      0.8868002066225066
    ]
  },
  {
    "label_id": "Kv6PR2TsyeCAv99_HjOO4w",
    "size": [
      2.050381149288725,
      4.811895084353816,
      1.4500000000000028
    ],
    "obj_class": "vehicle",
    "point_num_in_lidar": 111,
    "speed": 7.105427357601002e-13,
    "if_vehicle": true,
    "motion_state": false,
    "pose": [
      [
        -0.7491813858207196,
        0.6623172267745193,
        -0.007946210257500317,
        -30.42423540184791
      ],
      [
        -0.6621624876857117,
        -0.7486019984188671,
        0.03370293555683591,
        16.41323353707776
      ],
      [
        0.016373485933542656,
        0.030511294318476854,
        0.9994003051217242,
        0.5763380560928653
      ],
      [
        0.0,
        0.0,
        0.0,
        1.0
      ]
    ],
    "location": [
      -30.42423540184791,
      16.41323353707776,
      0.5763380560928653
    ],
    "rotation": [
      0.030520122959380516,
      -0.016374217619300507,
      -2.417773302776322
    ]
  },
  {
    "label_id": "NHPW81G5lMyXru_I2sGKqA",
    "size": [
      2.074204117123493,
      4.576080974769498,
      1.4400000000000048
    ],
    "obj_class": "vehicle",
    "point_num_in_lidar": 2070,
    "speed": 2.2781733181718378e-12,
    "if_vehicle": true,
    "motion_state": false,
    "pose": [
      [
        0.6994476340086347,
        0.7146396749567344,
        -0.007946210257500317,
        -0.4596637214972361
      ],
      [
        -0.7140688776256763,
        0.6992637200236108,
        0.03370293555683591,
        -10.377844018274118
      ],
      [
        0.02964195145617442,
        -0.01789929709442347,
        0.9994003051217242,
        0.7533215407319247
      ],
      [
        0.0,
        0.0,
        0.0,
        1.0
      ]
    ],
    "location": [
      -0.4596637214972361,
      -10.377844018274118,
      0.7533215407319247
    ],
    "rotation": [
      -0.017908123023117808,
      -0.029646293966867018,
      -0.7957416734020888
    ]
  },
  {
    "label_id": "OXd0i5MfXfgVle65_zBBXw",
    "size": [
      2.0389075321438415,
      4.734929776064892,
      1.470000000000006
    ],
    "obj_class": "vehicle",
    "point_num_in_lidar": 558,
    "speed": 5.123796534383003e-13,
    "if_vehicle": true,
    "motion_state": false,
    "pose": [
      [
        -0.6583091376374881,
        0.7527057439966368,
        -0.007946210257500317,
        -29.42500382864455
      ],
      [
        -0.7524781655603603,
        -0.6577543025247092,
        0.03370293555683591,
        10.160813417949612
      ],
      [
        0.02014173919754206,
        0.028166300159993232,
        0.9994003051217242,
        0.7245554768821378
      ],
      [
        0.0,
        0.0,
        0.0,
        1.0
      ]
    ],
    "location": [
      -29.42500382864455,
      10.160813417949612,
      0.7245554768821378
    ],
    "rotation": [
      0.02817574313061911,
      -0.0201431013287753,
      -2.2895440852891578
    ]
  },
  {
    "label_id": "QfXrH-AG6fWpRUmyN1WzLw",
    "size": [
      0.445662920922621,
      0.0696207456306018,
      0.15000000000000568
    ],
    "obj_class": "sign",
    "point_num_in_lidar": 26,
    "speed": 0.008782789495913558,
    "if_vehicle": false,
    "motion_state": false,
    "pose": [
      [
        0.9905294262675034,
        0.13707046888631513,
        -0.007946210257500317,
        -12.2074743807907
      ],
      [
        -0.1367316276797184,
        0.9900346327916547,
        0.03370293555683591,
        4.235344462318608
      ],
      [
        0.012486700533990366,
        -0.03229725115825001,
        0.9994003051217242,
        2.017208720372075
      ],
      [
        0.0,
        0.0,
        0.0,
        1.0
      ]
    ],
    "location": [
      -12.2074743807907,
      4.235344462318608,
      2.017208720372075
    ],
    "rotation": [
      -0.03230538820494235,
      -0.012487025039676794,
      -0.13717205938793828
    ]
  },
  {
    "label_id": "RqRoUISiOVfgjg-WLH6oig",
    "size": [
      1.8839428583990732,
      4.431572760151295,
      1.5400000000000063
    ],
    "obj_class": "vehicle",
    "point_num_in_lidar": 172,
    "speed": 0.006578825686660801,
    "if_vehicle": true,
    "motion_state": false,
    "pose": [
      [
        0.07709440788180287,
        0.9969921313711047,
        -0.007946210257500317,
        -27.188361138060827
      ],
      [
        -0.9964365108463724,
        0.07732006199660417,
        0.03370293555683591,
        -22.511917529136554
      ],
      [
        0.03421596302402079,
        0.005319586162802446,
        0.9994003051217242,
        0.8679794256390494
      ],
      [
        0.0,
        0.0,
        0.0,
        1.0
      ]
    ],
    "location": [
      -27.188361138060827,
      -22.511917529136554,
      0.8679794256390494
    ],
    "rotation": [
      0.005322727938224773,
      -0.034222642831592674,
      -1.4935800418585483
    ]
  },
  {
    "label_id": "SwUfSWt1LE_xpCIjLv06Pg",
    "size": [
      0.8137902785163541,
      0.1125742801911172,
      0.7600000000000051
    ],
    "obj_class": "sign",
    "point_num_in_lidar": 26,
    "speed": 0.005670068565889178,
    "if_vehicle": false,
    "motion_state": false,
    "pose": [
      [
        -0.10674032725745262,
        -0.9942551786536068,
        -0.007946210257500317,
        -30.634699561368507
      ],
      [
        0.9936930867475926,
        -0.10694934074080635,
        0.03370293555683591,
        6.662678317145037
      ],
      [
        -0.03435916016164037,
        -0.004298631827847371,
        0.9994003051217242,
        2.6768396485331465
      ],
      [
        0.0,
        0.0,
        0.0,
        1.0
      ]
    ],
    "location": [
      -30.634699561368507,
      6.662678317145037,
      2.6768396485331465
    ],
    "rotation": [
      -0.004301184717758618,
      0.03436592421754455,
      1.6778038159609956
    ]
  },
  {
    "label_id": "TgdBnuHVxPOTzl8OMUYiRg",
    "size": [
      0.8323629950249501,
      0.11670498628292902,
      0.7900000000000063
    ],
    "obj_class": "sign",
    "point_num_in_lidar": 88,
    "speed": 0.003749680336735122,
    "if_vehicle": false,
    "motion_state": false,
    "pose": [
      [
        0.11622227457412633,
        0.9931914420872545,
        -0.007946210257500317,
        -15.463578108261572
      ],
      [
        -0.9926273814414561,
        0.11642591527460609,
        0.03370293555683591,
        -18.308347455855255
      ],
      [
        0.03439861197046159,
        0.0039705940500451104,
        0.9994003051217242,
        2.8847995874559373
      ],
      [
        0.0,
        0.0,
        0.0,
        1.0
      ]
    ],
    "location": [
      -15.463578108261572,
      -18.308347455855255,
      2.8847995874559373
    ],
    "rotation": [
      0.003972955720102085,
      -0.03440539936125558,
      -1.4542415094626688
    ]
  },
  {
    "label_id": "XvVgKHrB7eBfiBwcpoWd3g",
    "size": [
      0.7460676117619827,
      0.8228660025952748,
      1.5900000000000034
    ],
    "obj_class": "pedestrian",
    "point_num_in_lidar": 67,
    "speed": 1.4058565044945261,
    "if_vehicle": false,
    "motion_state": true,
    "pose": [
      [
        0.9963469196004536,
        -0.08502748699821248,
        -0.007946210257500317,
        0.9222923143688604
      ],
      [
        0.08524871152436915,
        0.9957895205907153,
        0.03370293555683591,
        -15.378426445073273
      ],
      [
        0.005047076987968807,
        -0.03425722020949967,
        0.9994003051217242,
        0.8540949721973945
      ],
      [
        0.0,
        0.0,
        0.0,
        1.0
      ]
    ],
    "location": [
      0.9222923143688604,
      -15.378426445073273,
      0.8540949721973945
    ],
    "rotation": [
      -0.034264360799475785,
      -0.0050470984155681076,
      0.08535339569450845
    ]
  },
  {
    "label_id": "bjU_LRF_XLFwrTt9DcYXOQ",
    "size": [
      0.30174441108246164,
      0.07692972936776284,
      0.6400000000000006
    ],
    "obj_class": "sign",
    "point_num_in_lidar": 83,
    "speed": 0.028895980037831538,
    "if_vehicle": false,
    "motion_state": false,
    "pose": [
      [
        -0.6086063668533497,
        -0.7934325100272296,
        -0.007946210257500317,
        -4.761992496389212
      ],
      [
        0.7928437633160208,
        -0.608492299955999,
        0.03370293555683591,
        -13.49045651492088
      ],
      [
        -0.03157621250966659,
        0.014211717916881557,
        0.9994003051217242,
        2.7331323910924965
      ],
      [
        0.0,
        0.0,
        0.0,
        1.0
      ]
    ],
    "location": [
      -4.761992496389212,
      -13.49045651492088,
      2.7331323910924965
    ],
    "rotation": [
      0.014219287324185708,
      0.03158146208034944,
      2.2254820814128426
    ]
  },
  {
    "label_id": "cvsSzEWkCO_fUj4Y4e3xgA",
    "size": [
      0.7530615077659719,
      0.8484543407193996,
      1.7100000000000009
    ],
    "obj_class": "pedestrian",
    "point_num_in_lidar": 30,
    "speed": 0.029921520831557174,
    "if_vehicle": false,
    "motion_state": false,
    "pose": [
      [
        0.18917899575071956,
        0.9819104670535359,
        -0.007946210257500317,
        -7.036182659396218
      ],
      [
        -0.9813329198087184,
        0.18934046750377276,
        0.03370293555683591,
        -16.849078698123776
      ],
      [
        0.03459780435872634,
        0.001421990210913339,
        0.9994003051217242,
        0.932475037757456
      ],
      [
        0.0,
        0.0,
        0.0,
        1.0
      ]
    ],
    "location": [
      -7.036182659396218,
      -16.849078698123776,
      0.932475037757456
    ],
    "rotation": [
      0.001422842522689345,
      -0.034604710387814194,
      -1.380354938345403
    ]
  },
  {
    "label_id": "h14DkRFx53Pkx5pEtWdarQ",
    "size": [
      0.8347280264472863,
      0.12141330286285525,
      0.7900000000000063
    ],
    "obj_class": "sign",
    "point_num_in_lidar": 59,
    "speed": 0.002864692017435352,
    "if_vehicle": false,
    "motion_state": false,
    "pose": [
      [
        -0.9973215480138344,
        0.07270892386655768,
        -0.007946210257500317,
        -33.07918406816043
      ],
      [
        -0.07293701939973037,
        -0.9967669252819011,
        0.03370293555683591,
        -15.198421472239716
      ],
      [
        -0.005470015390530613,
        0.03419223675385972,
        0.9994003051217242,
        2.563636274708216
      ],
      [
        0.0,
        0.0,
        0.0,
        1.0
      ]
    ],
    "location": [
      -33.07918406816043,
      -15.198421472239716,
      2.563636274708216
    ],
    "rotation": [
      0.034199414515216534,
      0.005470042669015322,
      -3.068589716272219
    ]
  },
  {
    "label_id": "iMUAR45EX3cmZKOzXxFuBQ",
    "size": [
      2.1973917554267413,
      4.821743567278267,
      1.8300000000000054
    ],
    "obj_class": "vehicle",
    "point_num_in_lidar": 4169,
    "speed": 0.0350891791102829,
    "if_vehicle": true,
    "motion_state": false,
    "pose": [
      [
        0.998466766710921,
        -0.05478114197771812,
        -0.007946210257500317,
        -6.657782495403808
      ],
      [
        0.05501916403775245,
        0.9979163310235175,
        0.03370293555683591,
        -6.802147186275761
      ],
      [
        0.006083367687901244,
        -0.034088454939736355,
        0.9994003051217242,
        0.982013997485538
      ],
      [
        0.0,
        0.0,
        0.0,
        1.0
      ]
    ],
    "location": [
      -6.657782495403808,
      -6.802147186275761,
      0.982013997485538
    ],
    "rotation": [
      -0.03409569146731851,
      -0.006083405210091582,
      0.05504797971032737
    ]
  },
  {
    "label_id": "jMGHvd_g07NfKjTg9VxCWQ",
    "size": [
      0.8940892438928696,
      0.9789737546767773,
      1.7464521148686387
    ],
    "obj_class": "pedestrian",
    "point_num_in_lidar": 30,
    "speed": 1.3868165016968852,
    "if_vehicle": false,
    "motion_state": true,
    "pose": [
      [
        -0.9998725553272443,
        0.01384669079277839,
        -0.007946210257500317,
        -43.199372856281116
      ],
      [
        -0.014107054235673162,
        -0.9993323286853296,
        0.03370293555683591,
        -17.26926922743951
      ],
      [
        -0.007474230673386601,
        0.03381073791631357,
        0.9994003051217242,
        0.8992389480253848
      ],
      [
        0.0,
        0.0,
        0.0,
        1.0
      ]
    ],
    "location": [
      -43.199372856281116,
      -17.26926922743951,
      0.8992389480253848
    ],
    "rotation": [
      0.03381812809693471,
      0.007474300265361132,
      -3.127484737312293
    ]
  },
  {
    "label_id": "k2lGwS9hat1VWw7Gs3kL-g",
    "size": [
      2.0645598613166882,
      4.688562644750567,
      1.6000000000000014
    ],
    "obj_class": "vehicle",
    "point_num_in_lidar": 5167,
    "speed": 0.07420428085462594,
    "if_vehicle": true,
    "motion_state": false,
    "pose": [
      [
        -0.9961176600876063,
        0.08767248715609777,
        -0.007946210257500317,
        1.6849738497085127
      ],
      [
        -0.0878922310088641,
        -0.9955596756915862,
        0.03370293555683591,
        3.3530347083615197
      ],
      [
        -0.004956106322204684,
        0.03427049945255598,
        0.9994003051217242,
        0.7942539671798841
      ],
      [
        0.0,
        0.0,
        0.0,
        1.0
      ]
    ],
    "location": [
      1.6849738497085127,
      3.3530347083615197,
      0.7942539671798841
    ],
    "rotation": [
      0.03427763241106746,
      0.004956126611893857,
      -3.0535857818235503
    ]
  },
  {
    "label_id": "l4IU7hYAbEicJJhcNV-PYQ",
    "size": [
      1.779733531114657,
      3.629981180814881,
      1.4200000000000017
    ],
    "obj_class": "vehicle",
    "point_num_in_lidar": 247,
    "speed": 6.355287432313019e-13,
    "if_vehicle": true,
    "motion_state": false,
    "pose": [
      [
        0.7087541274003517,
        0.7054108339368695,
        -0.007946210257500317,
        -7.661596939419724
      ],
      [
        -0.7048424961422555,
        0.7085627479389572,
        0.03370293555683591,
        -10.276480141727006
      ],
      [
        0.029404804453023337,
        -0.0182862680086478,
        0.9994003051217242,
        0.6656425266716113
      ],
      [
        0.0,
        0.0,
        0.0,
        1.0
      ]
    ],
    "location": [
      -7.661596939419724,
      -10.276480141727006,
      0.6656425266716113
    ],
    "rotation": [
      -0.01829519927518981,
      -0.029409043543342384,
      -0.7826310223268856
    ]
  },
  {
    "label_id": "lbLwsu8SH-0HdB69pypZYw",
    "size": [
      2.317356257481393,
      5.409726554449852,
      1.8200000000000074
    ],
    "obj_class": "vehicle",
    "point_num_in_lidar": 362,
    "speed": 0.0034483530893186475,
    "if_vehicle": true,
    "motion_state": false,
    "pose": [
      [
        -0.7345687309230708,
        0.6784877576586132,
        -0.007946210257500317,
        -29.723216277544452
      ],
      [
        -0.6783204280100289,
        -0.7339928535613566,
        0.03370293555683591,
        13.396725505923314
      ],
      [
        0.017034567630569153,
        0.030147199343292283,
        0.9994003051217242,
        0.9150413678456317
      ],
      [
        0.0,
        0.0,
        0.0,
        1.0
      ]
    ],
    "location": [
      -29.723216277544452,
      13.396725505923314,
      0.9150413678456317
    ],
    "rotation": [
      0.030156144723414696,
      -0.01703539157668376,
      -2.395984317123167
    ]
  },
  {
    "label_id": "oGhYcNPyTUhm8059vJgk7Q",
    "size": [
      1.963712890756818,
      4.522243896407982,
      1.5799999999999983
    ],
    "obj_class": "vehicle",
    "point_num_in_lidar": 698,
    "speed": 0.5884662506546279,
    "if_vehicle": true,
    "motion_state": false,
    "pose": [
      [
        -0.7211418684394639,
        -0.6927418446479054,
        -0.007946210257500317,
        -26.41288576410443
      ],
      [
        0.6921769870839353,
        -0.7209404487794103,
        0.03370293555683591,
        -4.8549825157169835
      ],
      [
        -0.029076178136829813,
        0.018804414044579457,
        0.9994003051217242,
        0.9183750035709295
      ],
      [
        0.0,
        0.0,
        0.0,
        1.0
      ]
    ],
    "location": [
      -26.41288576410443,
      -4.8549825157169835,
      0.9183750035709295
    ],
    "rotation": [
      0.01881347775017464,
      0.0290802766467206,
      2.3766858513955884
    ]
  },
  {
    "label_id": "pMXk7LpwD_NwMqmzuEArMQ",
    "size": [
      1.9068103567102395,
      4.170273321995732,
      2.020000000000003
    ],
    "obj_class": "vehicle",
    "point_num_in_lidar": 198,
    "speed": 0.0003258718506051928,
    "if_vehicle": true,
    "motion_state": false,
    "pose": [
      [
        0.049943188749189515,
        0.998720449194922,
        -0.007946210257500317,
        -26.580260956008715
      ],
      [
        -0.9981711731219535,
        0.05018387473277552,
        0.03370293555683591,
        -29.556403113818305
      ],
      [
        0.03405858255867335,
        0.006248445942685964,
        0.9994003051217242,
        1.3664329065845209
      ],
      [
        0.0,
        0.0,
        0.0,
        1.0
      ]
    ],
    "location": [
      -26.580260956008715,
      -29.556403113818305,
      1.3664329065845209
    ],
    "rotation": [
      0.00625211388813291,
      -0.03406517058392549,
      -1.5208033241088368
    ]
  },
  {
    "label_id": "pgI18KkKJl2QaGwb8uesjQ",
    "size": [
      2.139080650145674,
      4.556199328982984,
      1.730000000000004
    ],
    "obj_class": "vehicle",
    "point_num_in_lidar": 53,
    "speed": 0.8111816928500578,
    "if_vehicle": true,
    "motion_state": false,
    "pose": [
      [
        0.9973861808156064,
        0.07181687866095417,
        -0.007946210257500317,
        -36.120205523079676
      ],
      [
        -0.07151121522249645,
        0.9968702313903518,
        0.03370293555683591,
        -5.760387563263066
      ],
      [
        0.010341780091473969,
        -0.03304659902537975,
        0.9994003051217242,
        0.89837500357077
      ],
      [
        0.0,
        0.0,
        0.0,
        1.0
      ]
    ],
    "location": [
      -36.120205523079676,
      -5.760387563263066,
      0.89837500357077
    ],
    "rotation": [
      -0.03305438520670071,
      -0.010341964446740355,
      -0.07157613983395689
    ]
  },
  {
    "label_id": "qOk43BSYT2QZ29ws6A_thw",
    "size": [
      1.1151197425470556,
      1.3341153754663537,
      1.8800000000000026
    ],
    "obj_class": "pedestrian",
    "point_num_in_lidar": 40,
    "speed": 1.5592992429465589,
    "if_vehicle": false,
    "motion_state": true,
    "pose": [
      [
        0.9812712678565232,
        -0.19246702736259874,
        -0.007946210257500317,
        -18.800071871102773
      ],
      [
        0.1926265636071326,
        0.9806931829720033,
        0.03370293555683591,
        -16.352360770077212
      ],
      [
        0.0013060904099753295,
        -0.034602373479945096,
        0.9994003051217242,
        0.9392498812082763
      ],
      [
        0.0,
        0.0,
        0.0,
        1.0
      ]
    ],
    "location": [
      -18.800071871102773,
      -16.352360770077212,
      0.9392498812082763
    ],
    "rotation": [
      -0.034609311777824864,
      -0.0013060907813128258,
      0.19383830663723908
    ]
  },
  {
    "label_id": "scHfJy5WqY6CcgOK_NwZpA",
    "size": [
      1.6805972847365387,
      3.9600297986178874,
      1.5300000000000011
    ],
    "obj_class": "vehicle",
    "point_num_in_lidar": 58,
    "speed": 0.0009024060153883407,
    "if_vehicle": true,
    "motion_state": false,
    "pose": [
      [
        0.6660257626546309,
        0.7458864130836955,
        -0.007946210257500317,
        -41.49244932647434
      ],
      [
        -0.745307800471758,
        0.6658681511311394,
        0.03370293555683591,
        -12.208822281103494
      ],
      [
        0.030429690045540303,
        -0.016524650868837823,
        0.9994003051217242,
        0.7355582842576425
      ],
      [
        0.0,
        0.0,
        0.0,
        1.0
      ]
    ],
    "location": [
      -41.49244932647434,
      -12.208822281103494,
      0.7355582842576425
    ],
    "rotation": [
      -0.016533060005365658,
      -0.030434388146676688,
      -0.8415144506463
    ]
  },
  {
    "label_id": "t8XzvTv7TV6G03bn5R6WcA",
    "size": [
      0.7511716528421876,
      1.15743233501867,
      1.6400000000000077
    ],
    "obj_class": "pedestrian",
    "point_num_in_lidar": 408,
    "speed": 1.3719657305393052,
    "if_vehicle": false,
    "motion_state": true,
    "pose": [
      [
        -0.9999659763546067,
        0.002214469625398695,
        -0.007946210257500317,
        -5.4127705506807615
      ],
      [
        -0.002481099781883752,
        -0.9994288150132175,
        0.03370293555683591,
        6.8650716456832015
      ],
      [
        -0.007867037374422032,
        0.033721504200644487,
        0.9994003051217242,
        0.8456780952475498
      ],
      [
        0.0,
        0.0,
        0.0,
        1.0
      ]
    ],
    "location": [
      -5.4127705506807615,
      6.8650716456832015,
      0.8456780952475498
    ],
    "rotation": [
      0.033728942643159406,
      0.007867118525535939,
      -3.139111474480577
    ]
  },
  {
    "label_id": "tOnXgSmhW4twqeFVr1vJPQ",
    "size": [
      1.979428889335018,
      4.732368682858808,
      1.6100000000000065
    ],
    "obj_class": "vehicle",
    "point_num_in_lidar": 184,
    "speed": 0.0037422093858337016,
    "if_vehicle": true,
    "motion_state": false,
    "pose": [
      [
        0.04994318874951684,
        0.9987204491949057,
        -0.007946210257500317,
        -26.13508853366875
      ],
      [
        -0.998171173121937,
        0.05018387473310265,
        0.03370293555683591,
        -35.041325301195684
      ],
      [
        0.034058582558675395,
        0.006248445942674802,
        0.9994003051217242,
        1.4011387631613132
      ],
      [
        0.0,
        0.0,
        0.0,
        1.0
      ]
    ],
    "location": [
      -26.13508853366875,
      -35.041325301195684,
      1.4011387631613132
    ],
    "rotation": [
      0.006252113888121742,
      -0.03406517058392754,
      -1.5208033241085088
    ]
  },
  {
    "label_id": "ua_F37fRYO7Rv9gWVk0TTw",
    "size": [
      0.39584160858760514,
      0.1334474068171403,
      0.7600000000000051
    ],
    "obj_class": "sign",
    "point_num_in_lidar": 22,
    "speed": 0.0009418991296447431,
    "if_vehicle": false,
    "motion_state": false,
    "pose": [
      [
        -0.02774645557145964,
        -0.9995834091989346,
        -0.007946210257500317,
        -28.532085646003907
      ],
      [
        0.9990396149693521,
        -0.027999283146900304,
        0.03370293555683591,
        -26.974376737973216
      ],
      [
        -0.033911383414858574,
        -0.007003441832063117,
        0.9994003051217242,
        3.209678525912622
      ],
      [
        0.0,
        0.0,
        0.0,
        1.0
      ]
    ],
    "location": [
      -28.532085646003907,
      -26.974376737973216,
      3.209678525912622
    ],
    "rotation": [
      -0.007007529575514287,
      0.03391788636030609,
      1.5985623176628994
    ]
  },
  {
    "label_id": "utUGhFL-R1s-OBA6Xo3RDQ",
    "size": [
      2.1325482430775824,
      4.870659034134611,
      1.490000000000002
    ],
    "obj_class": "vehicle",
    "point_num_in_lidar": 5773,
    "speed": 0.10381203355795877,
    "if_vehicle": true,
    "motion_state": false,
    "pose": [
      [
        -0.9963662608828351,
        0.08480054196113278,
        -0.007946210257500317,
        -4.215134524335554
      ],
      [
        -0.08502189344306083,
        -0.9958089122769531,
        0.03370293555683591,
        3.224833779673645
      ],
      [
        -0.005054879792344541,
        0.03425606972332909,
        0.9994003051217242,
        0.6041865997505269
      ],
      [
        0.0,
        0.0,
        0.0,
        1.0
      ]
    ],
    "location": [
      -4.215134524335554,
      3.224833779673645,
      0.6041865997505269
    ],
    "rotation": [
      0.03426321097391106,
      0.005054901319479832,
      -3.056466902021022
    ]
  },
  {
    "label_id": "wAkzx5aXp8ha5mzB6NAV1g",
    "size": [
      2.3192441512334057,
      4.606269919017848,
      1.9500000000000028
    ],
    "obj_class": "vehicle",
    "point_num_in_lidar": 2967,
    "speed": 0.02292438830705947,
    "if_vehicle": true,
    "motion_state": false,
    "pose": [
      [
        0.6808817935559525,
        0.732350217414164,
        -0.007946210257500317,
        -4.089831739280271
      ],
      [
        -0.7317748892881477,
        0.6807125851210414,
        0.03370293555683591,
        -10.43088857773364
      ],
      [
        0.030091437508842703,
        -0.017132878078596477,
        0.9994003051217242,
        0.9341804853301738
      ],
      [
        0.0,
        0.0,
        0.0,
        1.0
      ]
    ],
    "location": [
      -4.089831739280271,
      -10.43088857773364,
      0.9341804853301738
    ],
    "rotation": [
      -0.017141479650234628,
      -0.030095980632703308,
      -0.8214091031157409
    ]
  },
  {
    "label_id": "xxr8AZNz3D1gxKiJKZLYSQ",
    "size": [
      2.015782746713426,
      4.669815123116134,
      1.490000000000002
    ],
    "obj_class": "vehicle",
    "point_num_in_lidar": 124,
    "speed": 2.2520611211964745e-28,
    "if_vehicle": true,
    "motion_state": false,
    "pose": [
      [
        -0.07192987170320782,
        -0.9973780383080951,
        -0.007946210257500317,
        -19.181883372588345
      ],
      [
        0.9968235939158441,
        -0.07215840039491138,
        0.03370293555683591,
        15.536764294829482
      ],
      [
        -0.034187953572284,
        -0.005496722036267722,
        0.9994003051217242,
        0.5333750035708249
      ],
      [
        0.0,
        0.0,
        0.0,
        1.0
      ]
    ],
    "location": [
      -19.181883372588345,
      15.536764294829482,
      0.5333750035708249
    ],
    "rotation": [
      -0.005499964912371241,
      0.03419461698310468,
      1.6428305523764137
    ]
  }
]