[
  {
    "label_id": "5TfIhDaGwG7wy8E9HfiYNA",
    "size": [
      2.0753455018050584,
      4.400591282594326,
      1.4400000000000048
    ],
    "obj_class": "vehicle",
    "point_num_in_lidar": 90,
    "speed": 0.00605824643161307,
    "if_vehicle": true,
    "motion_state": false,
    "pose": [
      [
        -0.9998389051972758,
        -0.016985096708131434,
        -0.005802598015405648,
        -35.274692442519154
      ],
      [
        0.016832053372953126,
        -0.9995336859790606,
        0.025477295232470852,
        -1.3964364950588788
      ],
      [
        -0.006232626505978323,
        0.025375521333124332,
        0.9996585603514377,
        0.782682707386023
      ],
      [
        0.0,
        0.0,
        0.0,
        1.0
      ]
    ],
    "location": [
      -35.274692442519154,
      -1.3964364950588788,
      0.782682707386023
    ],
    "rotation": [
      0.02537873844836916,
      0.006232666858404191,
      3.1247594783297488
    ]
  },
  {
    "label_id": "7WhMfgaFj6HkR53LFyZ3dA",
    "size": [
      2.203293674702208,
      5.843094606045561,
      1.9500000000000028
    ],
    "obj_class": "vehicle",
    "point_num_in_lidar": 9428,
    "speed": 1.034565839472708e-12,
    "if_vehicle": true,
    "motion_state": false,
    "pose": [
      [
        -0.9989663673713312,
        0.04508355262396981,
        -0.005802598015405648,
        7.643763335588119
      ],
      [
        -0.04521736348292159,
        -0.9986522405058182,
        0.025477295232470852,
        3.782125265452123
      ],
      [
        -0.004646170528509951,
        0.02571333925243622,
        0.9996585603514377,
        0.9914677161464596
      ],
      [
        0.0,
        0.0,
        0.0,
        1.0
      ]
    ],
    "location": [
      7.643763335588119,
      3.782125265452123,
      0.9914677161464596
    ],
    "rotation": [
      0.025716451234100792,
      0.004646187244742548,
      -3.0963593787082155
    ]
  },
  {
    "label_id": "96oSGvwng3hYVTEmFvPUhg",
    "size": [
      2.126385526695437,
      4.918689501194873,
      1.730000000000004
    ],
    "obj_class": "vehicle",
    "point_num_in_lidar": 2713,
    "speed": 0.022727060228932835,
    "if_vehicle": true,
    "motion_state": false,
    "pose": [
      [
        0.646306513441028,
        0.7630558436575753,
        -0.005802598015405648,
        17.038876167254784
      ],
      [
        -0.7627254408116597,
        0.6462204030872877,
        0.025477295232470852,
        -9.184253672650811
      ],
      [
        0.023190356236195104,
        -0.012040352724452825,
        0.9996585603514377,
        0.9549055547395682
      ],
      [
        0.0,
        0.0,
        0.0,
        1.0
      ]
    ],
    "location": [
      17.038876167254784,
      -9.184253672650811,
      0.9549055547395682
    ],
    "rotation": [
      -0.012043882806360462,
      -0.023192435339807003,
      -0.8678342579486914
    ]
  },
  {
    "label_id": "9s8YOLhpbgSWdr7GIkOUUQ",
    "size": [
      1.9175413712082285,
      4.427614966261043,
      1.4400000000000048
    ],
    "obj_class": "vehicle",
    "point_num_in_lidar": 165,
    "speed": 1.449228509952941e-12,
    "if_vehicle": true,
    "motion_state": false,
    "pose": [
      [
        -0.04823742315653877,
        -0.9988190431021471,
        -0.005802598015405648,
        -18.652471023929138
      ],
      [
        0.998504495313497,
        -0.04837024153729146,
        0.025477295232470852,
        9.999034006290458
      ],
      [
        -0.025727880712476413,
        -0.004564961131866953,
        0.9996585603514377,
        0.5761387631606638
      ],
      [
        0.0,
        0.0,
        0.0,
        1.0
      ]
    ],
    "location": [
      -18.652471023929138,
      9.999034006290458,
      0.5761387631606638
    ],
    "rotation": [
      -0.004566488581311377,
      0.025730719874538403,
      1.6190684677347773
    ]
  },
  {
    "label_id": "DQe9EgHTvbMojU92WrDD-w",
    "size": [
      2.2950943813667615,
      6.332258661657688,
      2.200000000000003
    ],
    "obj_class": "vehicle",
    "point_num_in_lidar": 77,
    "speed": 0.04178627127035237,
    "if_vehicle": true,
    "motion_state": false,
    "pose": [
      [
        -0.9751545873929147,
        0.22144945369728447,
        -0.005802598015405648,
        -43.640252085985594
      ],
      [
        -0.2215254623613323,
        -0.9748217154706984,
        0.025477295232470852,
        0.6591168352133536
      ],
      [
        -1.4565440649504812e-05,
        0.026129724528567277,
        0.9996585603514377,
        1.1383750035708857
      ],
      [
        0.0,
        0.0,
        0.0,
        1.0
      ]
    ],
    "location": [
      -43.640252085985594,
      0.6591168352133536,
      1.1383750035708857
    ],
    "rotation": [
      0.02613269884462565,
      1.4565440650019827e-05,
      -2.918214131534261
    ]
  },
  {
    "label_id": "DRWDacxgi2UUnlkU8Pb7_A",
    "size": [
      2.1156286003790434,
      4.90184441837974,
      1.720000000000006
    ],
    "obj_class": "vehicle",
    "point_num_in_lidar": 1402,
    "speed": 0.022859398335412763,
    "if_vehicle": true,
    "motion_state": false,
    "pose": [
      [
        0.7282226083507871,
        0.6853161041030976,
        -0.005802598015405648,
        7.057139337081935
      ],
      [
        -0.6849975175510284,
        0.7280997928694705,
        0.025477295232470852,
        -10.334973604836705
      ],
      [
        0.021684871124923004,
        -0.014578377152013605,
        0.9996585603514377,
        0.9073542986530541
      ],
      [
        0.0,
        0.0,
        0.0,
        1.0
      ]
    ],
    "location": [
      7.057139337081935,
      -10.334973604836705,
      0.9073542986530541
    ],
    "rotation": [
      -0.014582322785051368,
      -0.02168657097727654,
      -0.754821455435513
    ]
  },
  {
    "label_id": "Go_3rbTk6d2Upk1krZLsKw",
    "size": [
      2.102583894566865,
      4.719586221317513,
      1.8100000000000023
    ],
    "obj_class": "vehicle",
    "point_num_in_lidar": 117,
    "speed": 0.012656333674399334,
    "if_vehicle": true,
    "motion_state": false,
    "pose": [
      [
        -0.9981386323198768,
        0.06070914697866686,
        -0.005802598015405648,
        -36.71741181779271
      ],
      [
        -0.06083802622233341,
        -0.9978224501347962,
        0.025477295232470852,
        1.1994462538787047
      ],
      [
        -0.00424325770799241,
        0.025782891228767087,
        0.9996585603514377,
        0.9515338640006945
      ],
      [
        0.0,
        0.0,
        0.0,
        1.0
      ]
    ],
    "location": [
      -36.71741181779271,
      1.1994462538787047,
      0.9515338640006945
    ],
    "rotation": [
      0.025785980839098246,
      0.004243270441571639,
      -3.080716486381947
    ]
  },
  {
    "label_id": "HILMjKmKIoQMgeZ6T8zTSg",
    "size": [
      0.7527797330444925,
      0.1029191474772233,
      0.7700000000000031
    ],
    "obj_class": "sign",
    "point_num_in_lidar": 99,
    "speed": 7.105427357601002e-13,
    "if_vehicle": false,
    "motion_state": false,
    "pose": [
      [
        0.9905440235803991,
        0.1370724888714925,
        -0.005802598015405648,
        -12.307767069974034
      ],
      [
        -0.13688385920509638,
        0.9902594187972951,
        0.025477295232470852,
        4.2251387638007145
      ],
      [
        0.009238313605478526,
        -0.02444210051975284,
        0.9996585603514377,
        2.5267863116497864
      ],
      [
        0.0,
        0.0,
        0.0,
        1.0
      ]
    ],
    "location": [
      -12.307767069974034,
      4.2251387638007145,
      2.5267863116497864
    ],
    "rotation": [
      -0.024445578260649203,
      -0.009238445020052664,
      -0.13732087123120046
    ]
  },
  {
    "label_id": "ISEQHFwDwMdTSWtovFFxdA",
    "size": [
      2.067280165625664,
      4.46258473180494,
      1.4600000000000009
    ],
    "obj_class": "vehicle",
    "point_num_in_lidar": 1238,
    "speed": 6.355287432313019e-13,
    "if_vehicle": true,
    "motion_state": false,
    "pose": [
      [
        0.6804511156025681,
        0.7327705023617505,
        -0.005802598015405648,
        2.8345081533670964
      ],
      [
        -0.7324443728139294,
        0.6803500188585628,
        0.025477295232470852,
        -9.84028315114847
      ],
      [
        0.02261680809552619,
        -0.01308597369938564,
        0.9996585603514377,
        0.7696825773994362
      ],
      [
        0.0,
        0.0,
        0.0,
        1.0
      ]
    ],
    "location": [
      2.8345081533670964,
      -9.84028315114847,
      0.7696825773994362
    ],
    "rotation": [
      -0.01308969564777581,
      -0.022618736697803853,
      -0.8221806483080704
    ]
  },
  {
    "label_id": "NHPW81G5lMyXru_I2sGKqA",
    "size": [
      2.074204117123491,
      4.576080974769498,
      1.4400000000000048
    ],
    "obj_class": "vehicle",
    "point_num_in_lidar": 533,
    "speed": 2.2781733181718378e-12,
    "if_vehicle": true,
    "motion_state": false,
    "pose": [
      [
        0.6994579416836462,
        0.7146502065150117,
        -0.005802598015405648,
        -0.4596637214972361
      ],
      [
        -0.7143268440701569,
        0.6993483161260967,
        0.025477295232470852,
        -10.377844018274118
      ],
      [
        0.02226539145055979,
        -0.01367534495521816,
        0.9996585603514377,
        0.7714636576010605
      ],
      [
        0.0,
        0.0,
        0.0,
        1.0
      ]
    ],
    "location": [
      -0.4596637214972361,
      -10.377844018274118,
      0.7714636576010605
    ],
    "rotation": [
      -0.013679162578521576,
      -0.022267231530358127,
      -0.7959148660528279
    ]
  },
  {
    "label_id": "OXd0i5MfXfgVle65_zBBXw",
    "size": [
      2.038907532143845,
      4.734929776064892,
      1.470000000000006
    ],
    "obj_class": "vehicle",
    "point_num_in_lidar": 180,
    "speed": 5.123796534383003e-13,
    "if_vehicle": true,
    "motion_state": false,
    "pose": [
      [
        -0.6583188390594631,
        0.7527168365299612,
        -0.005802598015405648,
        -29.42500382864364
      ],
      [
        -0.7525824909566933,
        -0.6580049405080907,
        0.025477295232470852,
        10.160813417951431
      ],
      [
        0.015359050908805967,
        0.021139117088269755,
        0.9996585603514377,
        0.7245554768820099
      ],
      [
        0.0,
        0.0,
        0.0,
        1.0
      ]
    ],
    "location": [
      -29.42500382864364,
      10.160813417951431,
      0.7245554768820099
    ],
    "rotation": [
      0.02114318614615612,
      -0.015359654840742245,
      -2.2894826873392566
    ]
  },
  {
    "label_id": "QW1dNo-qptHTwGloiIyEng",
    "size": [
      0.6554218017571931,
      0.8193279148933641,
      1.7039215686274503
    ],
    "obj_class": "pedestrian",
    "point_num_in_lidar": 34,
    "speed": 0.006836428036351697,
    "if_vehicle": false,
    "motion_state": false,
    "pose": [
      [
        0.9972120782236791,
        -0.07439355416353212,
        -0.005802598015405648,
        20.24047942893594
      ],
      [
        0.07451808464088777,
        0.9968941581176463,
        0.025477295232470852,
        -15.82348577959965
      ],
      [
        0.003889229520645821,
        -0.025838665016339538,
        0.9996585603514377,
        0.9033278798588995
      ],
      [
        0.0,
        0.0,
        0.0,
        1.0
      ]
    ],
    "location": [
      20.24047942893594,
      -15.82348577959965,
      0.9033278798588995
    ],
    "rotation": [
      -0.02584173650694727,
      -0.003889239325529063,
      0.0745877885116262
    ]
  },
  {
    "label_id": "RqRoUISiOVfgjg-WLH6oig",
    "size": [
      1.8839428583990712,
      4.431572760151295,
      1.5400000000000063
    ],
    "obj_class": "vehicle",
    "point_num_in_lidar": 21,
    "speed": 0.006578825628139768,
    "if_vehicle": true,
    "motion_state": false,
    "pose": [
      [
        0.07709554401274583,
        0.9970068239233121,
        -0.005802598015405648,
        -27.185514002665514
      ],
      [
        -0.996688567529645,
        0.07721921252733367,
        0.025477295232470852,
        -22.53742024263738
      ],
      [
        0.025849109251244604,
        0.0038191971680043416,
        0.9996585603514377,
        0.8936405747952278
      ],
      [
        0.0,
        0.0,
        0.0,
        1.0
      ]
    ],
    "location": [
      -27.185514002665514,
      -22.53742024263738,
      0.8936405747952278
    ],
    "rotation": [
      0.003820483050593587,
      -0.025851988744804964,
      -1.493598358779096
    ]
  },
  {
    "label_id": "TgdBnuHVxPOTzl8OMUYiRg",
    "size": [
      0.8323629950249485,
      0.11670498628292902,
      0.7900000000000063
    ],
    "obj_class": "sign",
    "point_num_in_lidar": 28,
    "speed": 0.0037496803045406917,
    "if_vehicle": false,
    "motion_state": false,
    "pose": [
      [
        0.11622398732769591,
        0.993206078629165,
        -0.005802598015405648,
        -15.4690078774438
      ],
      [
        -0.9928832072996485,
        0.11633505099496212,
        0.025477295232470852,
        -18.294766810280635
      ],
      [
        0.02597925002794538,
        0.0028002292899638763,
        0.9996585603514377,
        2.874570564152478
      ],
      [
        0.0,
        0.0,
        0.0,
        1.0
      ]
    ],
    "location": [
      -15.4690078774438,
      -18.294766810280635,
      2.874570564152478
    ],
    "rotation": [
      0.002801178399234795,
      -0.02598217324129373,
      -1.4542695680696773
    ]
  },
  {
    "label_id": "XvVgKHrB7eBfiBwcpoWd3g",
    "size": [
      0.746067611763071,
      0.8228660025952748,
      1.5900000000000034
    ],
    "obj_class": "pedestrian",
    "point_num_in_lidar": 38,
    "speed": 1.4396107913852465,
    "if_vehicle": false,
    "motion_state": true,
    "pose": [
      [
        0.9999270037592959,
        -0.010597971939418986,
        -0.005802598015405648,
        -4.629992574429707
      ],
      [
        0.010742538785820346,
        0.9996176795595766,
        0.025477295232470852,
        -15.601782285471927
      ],
      [
        0.005530371903610781,
        -0.025537770119934595,
        0.9996585603514377,
        0.8540949721973661
      ],
      [
        0.0,
        0.0,
        0.0,
        1.0
      ]
    ],
    "location": [
      -4.629992574429707,
      -15.601782285471927,
      0.8540949721973661
    ],
    "rotation": [
      -0.025540937468514657,
      -0.0055304000950819115,
      0.010742909708806163
    ]
  },
  {
    "label_id": "ZviVb5z3QVQup2GQG1c_8A",
    "size": [
      2.0693513978575986,
      4.46975232666588,
      1.4400000000000048
    ],
    "obj_class": "vehicle",
    "point_num_in_lidar": 4363,
    "speed": 0.09436665309730491,
    "if_vehicle": true,
    "motion_state": false,
    "pose": [
      [
        -0.9970105369481007,
        0.07704751177508215,
        -0.005802598015405648,
        13.073240036573225
      ],
      [
        -0.07717119562195741,
        -0.9966922865127004,
        0.025477295232470852,
        4.092252464794001
      ],
      [
        -0.003820442479267672,
        0.025848925226273505,
        0.9996585603514377,
        0.7492257354965375
      ],
      [
        0.0,
        0.0,
        0.0,
        1.0
      ]
    ],
    "location": [
      13.073240036573225,
      4.092252464794001,
      0.7492257354965375
    ],
    "rotation": [
      0.025851993366065546,
      0.0038204517730521725,
      -3.0643440896119647
    ]
  },
  {
    "label_id": "cvsSzEWkCO_fUj4Y4e3xgA",
    "size": [
      0.7530615077653287,
      0.8484543407193996,
      1.7100000000000009
    ],
    "obj_class": "pedestrian",
    "point_num_in_lidar": 33,
    "speed": 0.9266045942571606,
    "if_vehicle": false,
    "motion_state": false,
    "pose": [
      [
        -0.004790286936034785,
        0.9999716911029741,
        -0.005802598015405648,
        -7.12514816899693
      ],
      [
        -0.9996646281415886,
        -0.004640977286796988,
        0.025477295232470852,
        -16.443594470958487
      ],
      [
        0.025449644272749712,
        0.005922695541843215,
        0.9996585603514377,
        0.992672619923475
      ],
      [
        0.0,
        0.0,
        0.0,
        1.0
      ]
    ],
    "location": [
      -7.12514816899693,
      -16.443594470958487,
      0.992672619923475
    ],
    "rotation": [
      0.0059246491533706275,
      -0.025452392296661634,
      -1.5755881841202806
    ]
  },
  {
    "label_id": "h14DkRFx53Pkx5pEtWdarQ",
    "size": [
      0.8347280264472854,
      0.12141330286285525,
      0.7900000000000063
    ],
    "obj_class": "sign",
    "point_num_in_lidar": 30,
    "speed": 0.017148635493960243,
    "if_vehicle": false,
    "motion_state": false,
    "pose": [
      [
        -0.9973362454206147,
        0.07270999536915822,
        -0.005802598015405648,
        -33.12631866702122
      ],
      [
        -0.07283506236883097,
        -0.997018535994876,
        0.025477295232470852,
        -15.205426491838807
      ],
      [
        -0.003932843759914881,
        0.025832062558978335,
        0.9996585603514377,
        2.6256079903352685
      ],
      [
        0.0,
        0.0,
        0.0,
        1.0
      ]
    ],
    "location": [
      -33.12631866702122,
      -15.205426491838807,
      2.6256079903352685
    ],
    "rotation": [
      0.02583513620296398,
      0.003932853898371637,
      -3.0686924745333464
    ]
  },
  {
    "label_id": "iMUAR45EX3cmZKOzXxFuBQ",
    "size": [
      2.1973917554267413,
      4.821743567278267,
      1.8300000000000054
    ],
    "obj_class": "vehicle",
    "point_num_in_lidar": 534,
    "speed": 0.017324888347111437,
    "if_vehicle": true,
    "motion_state": false,
    "pose": [
      [
        0.9984814809946507,
        -0.054781949280767295,
        -0.005802598015405648,
        -6.636180875490936
      ],
      [
        0.054912703483127864,
        0.998166069561479,
        0.025477295232470852,
        -6.8575713459704275
      ],
      [
        0.004396260559046343,
        -0.02575724381970721,
        0.9996585603514377,
        1.0325046160280706
      ],
      [
        0.0,
        0.0,
        0.0,
        1.0
      ]
    ],
    "location": [
      -6.636180875490936,
      -6.8575713459704275,
      1.0325046160280706
    ],
    "rotation": [
      -0.02576034170849348,
      -0.004396274720335807,
      0.05494086979977992
    ]
  },
  {
    "label_id": "k2lGwS9hat1VWw7Gs3kL-g",
    "size": [
      2.0645598613166882,
      4.688562644750567,
      1.6000000000000014
    ],
    "obj_class": "vehicle",
    "point_num_in_lidar": 1396,
    "speed": 0.0029994247685171953,
    "if_vehicle": true,
    "motion_state": false,
    "pose": [
      [
        -0.996132339752836,
        0.08767377917491606,
        -0.005802598015405648,
        1.858323385087715
      ],
      [
        -0.08779406263839837,
        -0.9958127886270001,
        0.025477295232470852,
        3.344463074947271
      ],
      [
        -0.003544610554816804,
        0.025888191364124936,
        0.9996585603514377,
        0.8375963008025451
      ],
      [
        0.0,
        0.0,
        0.0,
        1.0
      ]
    ],
    "location": [
      1.858323385087715,
      3.344463074947271,
      0.8375963008025451
    ],
    "rotation": [
      0.02589124662997097,
      0.003544617977429227,
      -3.053684861138996
    ]
  },
  {
    "label_id": "kj0_f_xDpwHjzq-hnWZI7Q",
    "size": [
      2.0565997429997207,
      4.515148634566527,
      1.4600000000000009
    ],
    "obj_class": "vehicle",
    "point_num_in_lidar": 2054,
    "speed": 7.105427357601002e-13,
    "if_vehicle": true,
    "motion_state": false,
    "pose": [
      [
        0.6400349289186913,
        0.7683239028042258,
        -0.005802598015405648,
        10.327161204779259
      ],
      [
        -0.7679928057435602,
        0.6399515276595341,
        0.025477295232470852,
        -9.809972486596962
      ],
      [
        0.023288196370260528,
        -0.011850005312701596,
        0.9996585603514377,
        0.7399999690223851
      ],
      [
        0.0,
        0.0,
        0.0,
        1.0
      ]
    ],
    "location": [
      10.327161204779259,
      -9.809972486596962,
      0.7399999690223851
    ],
    "rotation": [
      -0.011853497564948984,
      -0.023290301904582995,
      -0.8760266032801092
    ]
  },
  {
    "label_id": "l4IU7hYAbEicJJhcNV-PYQ",
    "size": [
      1.7797335311146572,
      3.629981180814881,
      1.4200000000000017
    ],
    "obj_class": "vehicle",
    "point_num_in_lidar": 157,
    "speed": 6.355287432313019e-13,
    "if_vehicle": true,
    "motion_state": false,
    "pose": [
      [
        0.7087645722240278,
        0.705421229490836,
        -0.005802598015405648,
        -7.661596939419724
      ],
      [
        -0.7050993316518853,
        0.7086507178657917,
        0.025477295232470852,
        -10.276480141723368
      ],
      [
        0.022084240176094432,
        -0.013965996274360388,
        0.9996585603514377,
        0.6715227842544138
      ],
      [
        0.0,
        0.0,
        0.0,
        1.0
      ]
    ],
    "location": [
      -7.661596939419724,
      -10.276480141723368,
      0.6715227842544138
    ],
    "rotation": [
      -0.013969857605531582,
      -0.022086035701137693,
      -0.78280581179161
    ]
  },
  {
    "label_id": "lbLwsu8SH-0HdB69pypZYw",
    "size": [
      2.3173562574813906,
      5.409726554449852,
      1.8200000000000074
    ],
    "obj_class": "vehicle",
    "point_num_in_lidar": 33,
    "speed": 2.8421709430404007e-13,
    "if_vehicle": true,
    "motion_state": false,
    "pose": [
      [
        -0.7345795561734312,
        0.6784977564504664,
        -0.005802598015405648,
        -29.727344026919127
      ],
      [
        -0.6783975283606586,
        -0.7342531586188694,
        0.025477295232470852,
        13.39256230455976
      ],
      [
        0.013025711734650459,
        0.02265156837608957,
        0.9996585603514377,
        0.9197314807148871
      ],
      [
        0.0,
        0.0,
        0.0,
        1.0
      ]
    ],
    "location": [
      -29.727344026919127,
      13.39256230455976,
      0.9197314807148871
    ],
    "rotation": [
      0.022655428259960184,
      -0.013026080106384933,
      -2.395935013268718
    ]
  },
  {
    "label_id": "oGhYcNPyTUhm8059vJgk7Q",
    "size": [
      1.9637128907557984,
      4.522243896407982,
      1.5799999999999983
    ],
    "obj_class": "vehicle",
    "point_num_in_lidar": 172,
    "speed": 3.169171657863049,
    "if_vehicle": true,
    "motion_state": true,
    "pose": [
      [
        -0.2892227814174267,
        -0.9572442282748113,
        -0.005802598015405648,
        -22.340549636795913
      ],
      [
        0.956906849226993,
        -0.28927528295743854,
        0.025477295232470852,
        -10.381162431804114
      ],
      [
        -0.026066541996130833,
        0.0018160684058755423,
        0.9996585603514377,
        0.9183750035708655
      ],
      [
        0.0,
        0.0,
        0.0,
        1.0
      ]
    ],
    "location": [
      -22.340549636795913,
      -10.381162431804114,
      0.9183750035708655
    ],
    "rotation": [
      0.0018166866968549677,
      0.026069494781199805,
      1.8643138454613701
    ]
  },
  {
    "label_id": "pgI18KkKJl2QaGwb8uesjQ",
    "size": [
      2.139080650143192,
      4.556199328982984,
      1.730000000000004
    ],
    "obj_class": "vehicle",
    "point_num_in_lidar": 69,
    "speed": 4.96918007246382,
    "if_vehicle": true,
    "motion_state": true,
    "pose": [
      [
        0.9986916043101495,
        -0.050807571647258,
        -0.005802598015405648,
        -44.35150058052386
      ],
      [
        0.05093958014756311,
        0.9983767157751764,
        0.025477295232470852,
        -6.13820547258365
      ],
      [
        0.004498739246682142,
        -0.02573954275586949,
        0.9996585603514377,
        0.8983750035708056
      ],
      [
        0.0,
        0.0,
        0.0,
        1.0
      ]
    ],
    "location": [
      -44.35150058052386,
      -6.13820547258365,
      0.8983750035708056
    ],
    "rotation": [
      -0.025742646338434455,
      -0.004498754421558795,
      0.05096215208059622
    ]
  },
  {
    "label_id": "qOk43BSYT2QZ29ws6A_thw",
    "size": [
      1.1151197425473602,
      1.3341153754663537,
      1.8800000000000026
    ],
    "obj_class": "pedestrian",
    "point_num_in_lidar": 47,
    "speed": 1.7503132627774822,
    "if_vehicle": false,
    "motion_state": true,
    "pose": [
      [
        0.9870316458207361,
        -0.16042088394183796,
        -0.005802598015405648,
        -25.033187846971487
      ],
      [
        0.16051743186916695,
        0.9867041408110968,
        0.025477295232470852,
        -17.590917768924555
      ],
      [
        0.0016383572676228581,
        -0.02607831477596854,
        0.9996585603514377,
        1.0736070902697747
      ],
      [
        0.0,
        0.0,
        0.0,
        1.0
      ]
    ],
    "location": [
      -25.033187846971487,
      -17.590917768924555,
      1.0736070902697747
    ],
    "rotation": [
      -0.026081306576352718,
      -0.0016383580005741424,
      0.16121507844472244
    ]
  },
  {
    "label_id": "scHfJy5WqY6CcgOK_NwZpA",
    "size": [
      1.680597284736541,
      3.9600297986178874,
      1.5300000000000011
    ],
    "obj_class": "vehicle",
    "point_num_in_lidar": 40,
    "speed": 0.000902406010451835,
    "if_vehicle": true,
    "motion_state": false,
    "pose": [
      [
        0.6660355777955749,
        0.7458974051213655,
        -0.005802598015405648,
        -41.48940471366768
      ],
      [
        -0.7455693665627692,
        0.6659408585383754,
        0.025477295232470852,
        -12.207055930794013
      ],
      [
        0.022867635507543258,
        -0.012642545724062797,
        0.9996585603514377,
        0.7590793145892505
      ],
      [
        0.0,
        0.0,
        0.0,
        1.0
      ]
    ],
    "location": [
      -41.48940471366768,
      -12.207055930794013,
      0.7590793145892505
    ],
    "rotation": [
      -0.012646189669700892,
      -0.02286962900070629,
      -0.8416814660985208
    ]
  },
  {
    "label_id": "t8XzvTv7TV6G03bn5R6WcA",
    "size": [
      0.7511716528426567,
      1.15743233501867,
      1.6400000000000006
    ],
    "obj_class": "pedestrian",
    "point_num_in_lidar": 150,
    "speed": 1.4787419428054402,
    "if_vehicle": false,
    "motion_state": true,
    "pose": [
      [
        -0.9972406937275863,
        -0.07400897668522491,
        -0.005802598015405648,
        0.038829893020192685
      ],
      [
        0.07383876666603831,
        -0.9969447045673474,
        0.025477295232470852,
        6.955141451842792
      ],
      [
        -0.007670417913054189,
        0.024978538891015405,
        0.9996585603514377,
        0.9377524230285914
      ],
      [
        0.0,
        0.0,
        0.0,
        1.0
      ]
    ],
    "location": [
      0.038829893020192685,
      6.955141451842792,
      0.9377524230285914
    ],
    "rotation": [
      0.02498187215823155,
      0.007670493130282835,
      3.0676844467240634
    ]
  },
  {
    "label_id": "utUGhFL-R1s-OBA6Xo3RDQ",
    "size": [
      2.1325482430775824,
      4.870659034134611,
      1.490000000000002
    ],
    "obj_class": "vehicle",
    "point_num_in_lidar": 413,
    "speed": 8.038873388460929e-13,
    "if_vehicle": true,
    "motion_state": false,
    "pose": [
      [
        -0.9963809442116649,
        0.0848017916564428,
        -0.005802598015405648,
        -4.112056127808501
      ],
      [
        -0.084922995813418,
        -0.9960617411635242,
        0.025477295232470852,
        3.237235064387278
      ],
      [
        -0.003619225600223284,
        0.0258778654866579,
        0.9996585603514377,
        0.6517327072459551
      ],
      [
        0.0,
        0.0,
        0.0,
        1.0
      ]
    ],
    "location": [
      -4.112056127808501,
      3.237235064387278,
      0.6517327072459551
    ],
    "rotation": [
      0.02588092414571447,
      0.003619233501518255,
      -3.0565666906155107
    ]
  },
  {
    "label_id": "v44dcr8KRiDCUB5WxhWz-A",
    "size": [
      1.9555931691389528,
      4.405898393964798,
      1.5100000000000051
    ],
    "obj_class": "vehicle",
    "point_num_in_lidar": 2898,
    "speed": 0.02050262950512219,
    "if_vehicle": true,
    "motion_state": false,
    "pose": [
      [
        0.6847091924765306,
        0.7287932845426122,
        -0.005802598015405648,
        13.291865129881444
      ],
      [
        -0.7284677495904929,
        0.6846061971923715,
        0.025477295232470852,
        -8.97863389003578
      ],
      [
        0.022540176234897135,
        -0.013217532727050469,
        0.9996585603514377,
        0.7703965062256657
      ],
      [
        0.0,
        0.0,
        0.0,
        1.0
      ]
    ],
    "location": [
      13.291865129881444,
      -8.97863389003578,
      0.7703965062256657
    ],
    "rotation": [
      -0.013221276835096246,
      -0.022542085296671253,
      -0.8163529422790063
    ]
  },
  {
    "label_id": "wAkzx5aXp8ha5mzB6NAV1g",
    "size": [
      2.3192441512334034,
      4.606269919017848,
      1.9500000000000028
    ],
    "obj_class": "vehicle",
    "point_num_in_lidar": 803,
    "speed": 0.04051062946127598,
    "if_vehicle": true,
    "motion_state": false,
    "pose": [
      [
        0.6808918276284234,
        0.7323610099705589,
        -0.005802598015405648,
        -4.0959353089847355
      ],
      [
        -0.732034941301615,
        0.6807905347029867,
        0.025477295232470852,
        -10.497756058191953
      ],
      [
        0.02260893147334496,
        -0.013099577616261656,
        0.9996585603514377,
        0.984956163799275
      ],
      [
        0.0,
        0.0,
        0.0,
        1.0
      ]
    ],
    "location": [
      -4.0959353089847355,
      -10.497756058191953,
      0.984956163799275
    ],
    "rotation": [
      -0.013103301877170776,
      -0.022610858061026563,
      -0.8215789454232015
    ]
  }
]