[
  {
    "label_id": "-37Tr49YQag_EecI_gdFqA",
    "size": [
      2.061484407524052,
      4.778170597256613,
      1.470000000000006
    ],
    "obj_class": "vehicle",
    "point_num_in_lidar": 32,
    "speed": 3.1776437161565096e-13,
    "if_vehicle": true,
    "motion_state": false,
    "pose": [
      [
        0.666026503776846,
        0.7458872430705404,
        -0.007804927380799281,
        -38.09545921678364
      ],
      [
        -0.745104354981079,
        0.6657461930817643,
        0.04001882788598698,
        -12.743632632787921
      ],
      [
        0.035045633893840036,
        -0.02083811464040665,
        0.9991684425176829,
        0.6283750035707456
      ],
      [
        0.0,
        0.0,
        0.0,
        1.0
      ]
    ],
    "location": [
      -38.09545921678364,
      -12.743632632787921,
      0.6283750035707456
    ],
    "rotation": [
      -0.02085243424635435,
      -0.035052811682180565,
      -0.8413782516446761
    ]
  },
  {
    "label_id": "16PzcXDMMYoq8hgoqYjC-Q",
    "size": [
      0.530511201163025,
      0.12094541017995653,
      0.5700000000000003
    ],
    "obj_class": "sign",
    "point_num_in_lidar": 35,
    "speed": 0.004761248137052624,
    "if_vehicle": false,
    "motion_state": false,
    "pose": [
      [
        -0.027746486448787785,
        -0.9995845214879668,
        -0.007804927380799281,
        -28.933421780467143
      ],
      [
        0.9988054871755004,
        -0.028037335870993798,
        0.04001882788598698,
        -25.446329720389258
      ],
      [
        -0.04022103029334779,
        -0.00668522242931372,
        0.9991684425176829,
        3.0648319640061104
      ],
      [
        0.0,
        0.0,
        0.0,
        1.0
      ]
    ],
    "location": [
      -28.933421780467143,
      -25.446329720389258,
      3.0648319640061104
    ],
    "rotation": [
      -0.006690686364030261,
      0.040231882665294066,
      1.5985688537722207
    ]
  },
  {
    "label_id": "5TfIhDaGwG7wy8E9HfiYNA",
    "size": [
      2.075345501803645,
      4.400591282594326,
      1.4400000000000048
    ],
    "obj_class": "vehicle",
    "point_num_in_lidar": 290,
    "speed": 0.006058246483773865,
    "if_vehicle": true,
    "motion_state": false,
    "pose": [
      [
        -0.9998252834655795,
        -0.01698486536755596,
        -0.007804927380799281,
        -35.21896351902069
      ],
      [
        0.016659466844760648,
        -0.9990600360234013,
        0.04001882788598698,
        -1.397383208726751
      ],
      [
        -0.008477305434032245,
        0.03988181000614098,
        0.9991684425176829,
        0.7423898942044076
      ],
      [
        0.0,
        0.0,
        0.0,
        1.0
      ]
    ],
    "location": [
      -35.21896351902069,
      -1.397383208726751,
      0.7423898942044076
    ],
    "rotation": [
      0.039893824239977546,
      0.008477406973828445,
      3.124931817314164
    ]
  },
  {
    "label_id": "5rFZom3Q5U-Yz4kJWFjfhw",
    "size": [
      1.4719569154579253,
      3.3250731876028397,
      1.470000000000006
    ],
    "obj_class": "vehicle",
    "point_num_in_lidar": 25,
    "speed": 3.1776437161565096e-13,
    "if_vehicle": true,
    "motion_state": false,
    "pose": [
      [
        0.7870381356221725,
        0.6168549717599391,
        -0.007804927380799281,
        -54.965242347889216
      ],
      [
        -0.6161337276688011,
        0.786624257853506,
        0.04001882788598698,
        -12.831983628664602
      ],
      [
        0.030825358153998103,
        -0.026687464687855645,
        0.9991684425176829,
        0.7583750035707268
      ],
      [
        0.0,
        0.0,
        0.0,
        1.0
      ]
    ],
    "location": [
      -54.965242347889216,
      -12.831983628664602,
      0.7583750035707268
    ],
    "rotation": [
      -0.026703326414668348,
      -0.030830241965679826,
      -0.6641965208842304
    ]
  },
  {
    "label_id": "6HLGrqQfQYMsQDDAwvTpnQ",
    "size": [
      2.126130265646128,
      4.611272155748338,
      1.6300000000000026
    ],
    "obj_class": "vehicle",
    "point_num_in_lidar": 488,
    "speed": 8.987733679556354e-13,
    "if_vehicle": true,
    "motion_state": false,
    "pose": [
      [
        -0.7491822194741261,
        0.6623179637699727,
        -0.007804927380799281,
        -30.089948332832137
      ],
      [
        -0.6620415404294185,
        -0.7483979503983653,
        0.04001882788598698,
        20.67335119055133
      ],
      [
        0.020663996943109633,
        0.03514858044250088,
        0.9991684425176829,
        0.6863380560928647
      ],
      [
        0.0,
        0.0,
        0.0,
        1.0
      ]
    ],
    "location": [
      -30.089948332832137,
      20.67335119055133,
      0.6863380560928647
    ],
    "rotation": [
      0.03516333297643214,
      -0.020665467816189113,
      -2.4178644979183295
    ]
  },
  {
    "label_id": "9CUNhZDZ4nxh6om0TTTJvA",
    "size": [
      1.790944775673282,
      4.163788843312304,
      1.7600000000000051
    ],
    "obj_class": "vehicle",
    "point_num_in_lidar": 34,
    "speed": 6.355287432313019e-13,
    "if_vehicle": true,
    "motion_state": false,
    "pose": [
      [
        0.9987142052962996,
        -0.050090111279184474,
        -0.007804927380799281,
        -31.525463333780863
      ],
      [
        0.050363468893521654,
        0.9979288624023472,
        0.04001882788598698,
        -39.2057792502801
      ],
      [
        0.00578421476018234,
        -0.04036045510640196,
        0.9991684425176829,
        1.786039354849926
      ],
      [
        0.0,
        0.0,
        0.0,
        1.0
      ]
    ],
    "location": [
      -31.525463333780863,
      -39.2057792502801,
      1.786039354849926
    ],
    "rotation": [
      -0.0403720965239053,
      -0.005784247014548836,
      0.05038562781287723
    ]
  },
  {
    "label_id": "9NEH2bOd6vqYumlX4lkguA",
    "size": [
      0.48356860324127154,
      0.08727811829444648,
      0.15000000000000568
    ],
    "obj_class": "sign",
    "point_num_in_lidar": 24,
    "speed": 0.004052259837239259,
    "if_vehicle": false,
    "motion_state": false,
    "pose": [
      [
        0.11622240391034794,
        0.993192547262554,
        -0.007804927380799281,
        -15.424723961317795
      ],
      [
        -0.9923908025554443,
        0.11644306942876753,
        0.04001882788598698,
        -18.26672850002433
      ],
      [
        0.04065523130743404,
        0.0030944537687344863,
        0.9991684425176829,
        2.394962791842026
      ],
      [
        0.0,
        0.0,
        0.0,
        1.0
      ]
    ],
    "location": [
      -15.424723961317795,
      -18.26672850002433,
      2.394962791842026
    ],
    "rotation": [
      0.003097019224723956,
      -0.04066643913076756,
      -1.454213846114797
    ]
  },
  {
    "label_id": "9s8YOLhpbgSWdr7GIkOUUQ",
    "size": [
      1.9175413712082292,
      4.427614966261043,
      1.4400000000000048
    ],
    "obj_class": "vehicle",
    "point_num_in_lidar": 1501,
    "speed": 1.449228509952941e-12,
    "if_vehicle": true,
    "motion_state": false,
    "pose": [
      [
        -0.04823676597348246,
        -0.9988054352660481,
        -0.007804927380799281,
        -18.652471023930957
      ],
      [
        0.9980206009789312,
        -0.04851158043482558,
        0.04001882788598698,
        9.999034006290458
      ],
      [
        -0.04034965216792191,
        -0.005859099479912786,
        0.9991684425176829,
        0.5761387631605785
      ],
      [
        0.0,
        0.0,
        0.0,
        1.0
      ]
    ],
    "location": [
      -18.652471023930957,
      9.999034006290458,
      0.5761387631605785
    ],
    "rotation": [
      -0.005863908500877211,
      0.04036060903794853,
      1.619091179357992
    ]
  },
  {
    "label_id": "9yvoP8LddkU2qWg-ZQW66A",
    "size": [
      0.3588027905613084,
      0.07909095543237712,
      0.6700000000000017
    ],
    "obj_class": "sign",
    "point_num_in_lidar": 34,
    "speed": 0.002432646687827103,
    "if_vehicle": false,
    "motion_state": false,
    "pose": [
      [
        0.9999694044569005,
        -0.0005227415157182217,
        -0.007804927380799281,
        -40.47497753807875
      ],
      [
        0.0008346921621304554,
        0.9991985772125709,
        0.04001882788598698,
        2.623744984264704
      ],
      [
        0.0077777528313956925,
        -0.04002411819992435,
        0.9991684425176829,
        2.791036125365814
      ],
      [
        0.0,
        0.0,
        0.0,
        1.0
      ]
    ],
    "location": [
      -40.47497753807875,
      2.623744984264704,
      2.791036125365814
    ],
    "rotation": [
      -0.040036023507414815,
      -0.0077778312506999936,
      0.0008347175069077275
    ]
  },
  {
    "label_id": "DQe9EgHTvbMojU92WrDD-w",
    "size": [
      2.2950943813679925,
      6.332258661657688,
      2.200000000000003
    ],
    "obj_class": "vehicle",
    "point_num_in_lidar": 279,
    "speed": 0.011487781667116238,
    "if_vehicle": true,
    "motion_state": false,
    "pose": [
      [
        -0.9702621302815404,
        0.24193073729914402,
        -0.007804927380799281,
        -43.13468388274214
      ],
      [
        -0.24204735835596977,
        -0.9694387911196499,
        0.04001882788598698,
        0.705866544485616
      ],
      [
        0.002115385171485665,
        0.04071791525071069,
        0.9991684425176829,
        1.1383750035708715
      ],
      [
        0.0,
        0.0,
        0.0,
        1.0
      ]
    ],
    "location": [
      -43.13468388274214,
      0.705866544485616,
      1.1383750035708715
    ],
    "rotation": [
      0.04072926620126696,
      -0.0021153867491622907,
      -2.897116694436751
    ]
  },
  {
    "label_id": "Dv2qrMqPdIlySEkg-zfx5g",
    "size": [
      2.018910425950328,
      4.819514428686471,
      1.4200000000000017
    ],
    "obj_class": "vehicle",
    "point_num_in_lidar": 67,
    "speed": 1.8198773652309366e-12,
    "if_vehicle": true,
    "motion_state": false,
    "pose": [
      [
        0.054529779189933535,
        0.9984816404371577,
        -0.007804927380799281,
        -30.904623701712808
      ],
      [
        -0.9976950899897294,
        0.054799642562861316,
        0.04001882788598698,
        42.10468166671126
      ],
      [
        0.04038577214666945,
        0.005604719877487017,
        0.9991684425176829,
        -0.0016525071601165564
      ],
      [
        0.0,
        0.0,
        0.0,
        1.0
      ]
    ],
    "location": [
      -30.904623701712808,
      42.10468166671126,
      -0.0016525071601165564
    ],
    "rotation": [
      0.0056093255707142745,
      -0.04039675848241002,
      -1.516194897166692
    ]
  },
  {
    "label_id": "FYseW0mhs-5FpUAHNuYuAA",
    "size": [
      1.9505814467950118,
      4.170013394086709,
      1.9500000000000028
    ],
    "obj_class": "vehicle",
    "point_num_in_lidar": 70,
    "speed": 8.526512829121202e-13,
    "if_vehicle": true,
    "motion_state": false,
    "pose": [
      [
        0.08125735437047042,
        0.9966625935938863,
        -0.007804927380799281,
        -24.17604185784876
      ],
      [
        -0.9958690963556566,
        0.0815060509312014,
        0.04001882788598698,
        -70.72635088365132
      ],
      [
        0.04052141760204889,
        0.004520861898815594,
        0.9991684425176829,
        3.2394722035641905
      ],
      [
        0.0,
        0.0,
        0.0,
        1.0
      ]
    ],
    "location": [
      -24.17604185784876,
      -70.72635088365132,
      3.2394722035641905
    ],
    "rotation": [
      0.004524593508078731,
      -0.040532515065749876,
      -1.4893822694989476
    ]
  },
  {
    "label_id": "FvMY6kGGPcpdSBYIWP1PUg",
    "size": [
      1.4719569154590157,
      3.3250731876028397,
      1.0500000000000043
    ],
    "obj_class": "vehicle",
    "point_num_in_lidar": 21,
    "speed": 6.355287432313019e-13,
    "if_vehicle": true,
    "motion_state": false,
    "pose": [
      [
        0.7140956348236076,
        0.7000046481520315,
        -0.007804927380799281,
        -58.73274780027168
      ],
      [
        -0.699242106185197,
        0.7137639458198497,
        0.04001882788598698,
        -12.747422763892246
      ],
      [
        0.0335842412979437,
        -0.02311973644376796,
        0.9991684425176829,
        0.5483750035706265
      ],
      [
        0.0,
        0.0,
        0.0,
        1.0
      ]
    ],
    "location": [
      -58.73274780027168,
      -12.747422763892246,
      0.5483750035706265
    ],
    "rotation": [
      -0.023134849528968066,
      -0.03359055778913873,
      -0.7748890109251135
    ]
  },
  {
    "label_id": "Go_3rbTk6d2Upk1krZLsKw",
    "size": [
      2.102583894566865,
      4.719586221317513,
      1.8100000000000023
    ],
    "obj_class": "vehicle",
    "point_num_in_lidar": 392,
    "speed": 0.0019688793948259204,
    "if_vehicle": true,
    "motion_state": false,
    "pose": [
      [
        -0.9981250337536434,
        0.06070831988178153,
        -0.007804927380799281,
        -36.643530272141106
      ],
      [
        -0.060973310139630456,
        -0.9973368281905808,
        0.04001882788598698,
        1.204979938116594
      ],
      [
        -0.005354665713627716,
        0.04041968619228877,
        0.9991684425176829,
        0.8974619181494745
      ],
      [
        0.0,
        0.0,
        0.0,
        1.0
      ]
    ],
    "location": [
      -36.643530272141106,
      1.204979938116594,
      0.8974619181494745
    ],
    "rotation": [
      0.04043128019430262,
      0.005354691302517489,
      -3.080580623796537
    ]
  },
  {
    "label_id": "HILMjKmKIoQMgeZ6T8zTSg",
    "size": [
      0.7527797330444931,
      0.1029191474772233,
      0.7700000000000031
    ],
    "obj_class": "sign",
    "point_num_in_lidar": 153,
    "speed": 0.00543598260658387,
    "if_vehicle": false,
    "motion_state": false,
    "pose": [
      [
        0.9905305284825473,
        0.13707062140614248,
        -0.007804927380799281,
        -12.185353206203217
      ],
      [
        -0.13665557762581823,
        0.9898099547480746,
        0.04001882788598698,
        4.258222674681747
      ],
      [
        0.013210800423878644,
        -0.03857328387560809,
        0.9991684425176829,
        2.4580130021256323
      ],
      [
        0.0,
        0.0,
        0.0,
        1.0
      ]
    ],
    "location": [
      -12.185353206203217,
      4.258222674681747,
      2.4580130021256323
    ],
    "rotation": [
      -0.0385862247601479,
      -0.013211184723763947,
      -0.1370965663908851
    ]
  },
  {
    "label_id": "Ko333JMTQxrLsIbw6vT5jw",
    "size": [
      2.002767809712556,
      4.87247641867594,
      1.6600000000000037
    ],
    "obj_class": "vehicle",
    "point_num_in_lidar": 333,
    "speed": 8.987733679556354e-13,
    "if_vehicle": true,
    "motion_state": false,
    "pose": [
      [
        0.6317551817964926,
        -0.7751286818211935,
        -0.007804927380799281,
        -16.49768922657495
      ],
      [
        0.7747286367955711,
        0.6310261743727495,
        0.04001882788598698,
        -22.47861869105327
      ],
      [
        -0.026094627840931417,
        -0.0313288026364093,
        0.9991684425176829,
        0.9428374698013542
      ],
      [
        0.0,
        0.0,
        0.0,
        1.0
      ]
    ],
    "location": [
      -16.49768922657495,
      -22.47861869105327,
      0.9428374698013542
    ],
    "rotation": [
      -0.03134460678694109,
      0.026097590182829405,
      0.8867032896279047
    ]
  },
  {
    "label_id": "Kv6PR2TsyeCAv99_HjOO4w",
    "size": [
      2.050381149288728,
      4.811895084353816,
      1.4500000000000028
    ],
    "obj_class": "vehicle",
    "point_num_in_lidar": 296,
    "speed": 7.105427357601002e-13,
    "if_vehicle": true,
    "motion_state": false,
    "pose": [
      [
        -0.7491822194743017,
        0.662317963769774,
        -0.007804927380799281,
        -30.424235401849728
      ],
      [
        -0.6620415404292201,
        -0.7483979503985408,
        0.04001882788598698,
        16.413233537079577
      ],
      [
        0.020663996943100314,
        0.03514858044250636,
        0.9991684425176829,
        0.5763380560927587
      ],
      [
        0.0,
        0.0,
        0.0,
        1.0
      ]
    ],
    "location": [
      -30.424235401849728,
      16.413233537079577,
      0.5763380560927587
    ],
    "rotation": [
      0.03516333297643761,
      -0.02066546781617979,
      -2.4178644979185946
    ]
  },
  {
    "label_id": "NkwybbFSpKDWgnn8QF5B7w",
    "size": [
      1.8052124283528186,
      3.74252247910149,
      1.6600000000000037
    ],
    "obj_class": "vehicle",
    "point_num_in_lidar": 110,
    "speed": 1.449228509952941e-12,
    "if_vehicle": true,
    "motion_state": false,
    "pose": [
      [
        0.6766231120074365,
        -0.7362881551444057,
        -0.007804927380799281,
        -15.236838825015184
      ],
      [
        0.7359320591132843,
        0.6758716577752858,
        0.04001882788598698,
        -32.92616896157051
      ],
      [
        -0.02419025974753832,
        -0.03282156014168776,
        0.9991684425176829,
        1.3451906878001338
      ],
      [
        0.0,
        0.0,
        0.0,
        1.0
      ]
    ],
    "location": [
      -15.236838825015184,
      -32.92616896157051,
      1.3451906878001338
    ],
    "rotation": [
      -0.032837068335460996,
      0.02419261959934166,
      0.8273605115366262
    ]
  },
  {
    "label_id": "OXd0i5MfXfgVle65_zBBXw",
    "size": [
      2.038907532143842,
      4.734929776064892,
      1.470000000000006
    ],
    "obj_class": "vehicle",
    "point_num_in_lidar": 1002,
    "speed": 5.123796534383003e-13,
    "if_vehicle": true,
    "motion_state": false,
    "pose": [
      [
        -0.6583098701727329,
        0.7527065815719561,
        -0.007804927380799281,
        -29.42500382864546
      ],
      [
        -0.7523321116836716,
        -0.6575674012177146,
        0.04001882788598698,
        10.16081341795325
      ],
      [
        0.024990169322092567,
        0.03221668688802346,
        0.9991684425176829,
        0.7178300107160922
      ],
      [
        0.0,
        0.0,
        0.0,
        1.0
      ]
    ],
    "location": [
      -29.42500382864546,
      10.16081341795325,
      0.7178300107160922
    ],
    "rotation": [
      0.03223233226399491,
      -0.02499277114913507,
      -2.289640834943938
    ]
  },
  {
    "label_id": "Pj9fE-MT-gyTk6PlD0A62w",
    "size": [
      0.48762013515254016,
      0.07714707792519968,
      0.480000000000004
    ],
    "obj_class": "sign",
    "point_num_in_lidar": 37,
    "speed": 0.0021791197229099587,
    "if_vehicle": false,
    "motion_state": false,
    "pose": [
      [
        0.2077188180931124,
        0.978157439126535,
        -0.007804927380799281,
        -17.279883531120504
      ],
      [
        -0.9773387016887433,
        0.20786427205268687,
        0.04001882788598698,
        19.0430815541622
      ],
      [
        0.040767079750236516,
        -0.0006846060368236113,
        0.9991684425176829,
        2.1512057564246305
      ],
      [
        0.0,
        0.0,
        0.0,
        1.0
      ]
    ],
    "location": [
      -17.279883531120504,
      19.0430815541622,
      2.1512057564246305
    ],
    "rotation": [
      -0.0006851756926645207,
      -0.04077838037770773,
      -1.3613773120186279
    ]
  },
  {
    "label_id": "QfXrH-AG6fWpRUmyN1WzLw",
    "size": [
      0.4456629209226203,
      0.0696207456306018,
      0.15000000000000568
    ],
    "obj_class": "sign",
    "point_num_in_lidar": 173,
    "speed": 0.005302663206948139,
    "if_vehicle": false,
    "motion_state": false,
    "pose": [
      [
        0.9905305284817588,
        0.13707062141184073,
        -0.007804927380799281,
        -12.185803644440057
      ],
      [
        -0.13665557763151234,
        0.9898099547472885,
        0.04001882788598698,
        4.256637937694904
      ],
      [
        0.013210800424100546,
        -0.0385732838755321,
        0.9991684425176829,
        1.9775454421089194
      ],
      [
        0.0,
        0.0,
        0.0,
        1.0
      ]
    ],
    "location": [
      -12.185803644440057,
      4.256637937694904,
      1.9775454421089194
    ],
    "rotation": [
      -0.03858622476007195,
      -0.013211184723985869,
      -0.13709656639663406
    ]
  },
  {
    "label_id": "RqRoUISiOVfgjg-WLH6oig",
    "size": [
      1.8839428583990778,
      4.431572760151295,
      1.5400000000000063
    ],
    "obj_class": "vehicle",
    "point_num_in_lidar": 457,
    "speed": 0.0004027397787782334,
    "if_vehicle": true,
    "motion_state": false,
    "pose": [
      [
        0.07709449366880673,
        0.996993240776752,
        -0.007804927380799281,
        -27.180027917687767
      ],
      [
        -0.9962007890368229,
        0.07734650177637653,
        0.04001882788598698,
        -22.568215481927837
      ],
      [
        0.0405021847356607,
        0.004690043542038059,
        0.9991684425176829,
        0.8311387631611922
      ],
      [
        0.0,
        0.0,
        0.0,
        1.0
      ]
    ],
    "location": [
      -27.180027917687767,
      -22.568215481927837,
      0.8311387631611922
    ],
    "rotation": [
      0.0046939123549765045,
      -0.0405132663973598,
      -1.4935617578437703
    ]
  },
  {
    "label_id": "SYZ9P7-R7Vyu8C5_pRukog",
    "size": [
      2.1026481270016446,
      4.699895119369667,
      1.6800000000000068
    ],
    "obj_class": "vehicle",
    "point_num_in_lidar": 72,
    "speed": 7.105427357601002e-13,
    "if_vehicle": true,
    "motion_state": false,
    "pose": [
      [
        0.06786043508187296,
        0.9976642944693769,
        -0.007804927380799281,
        -25.60592454756079
      ],
      [
        -0.9968742099356518,
        0.0681197693757222,
        0.04001882788598698,
        -47.56180423515252
      ],
      [
        0.04045702554153893,
        0.005064835744529753,
        0.9991684425176829,
        1.9899719481329967
      ],
      [
        0.0,
        0.0,
        0.0,
        1.0
      ]
    ],
    "location": [
      -25.60592454756079,
      -47.56180423515252,
      1.9899719481329967
    ],
    "rotation": [
      0.005069007535555926,
      -0.04046807015880989,
      -1.502827967324053
    ]
  },
  {
    "label_id": "SwUfSWt1LE_xpCIjLv06Pg",
    "size": [
      0.8137902785163584,
      0.1125742801911172,
      0.7600000000000051
    ],
    "obj_class": "sign",
    "point_num_in_lidar": 26,
    "speed": 1.1718571004216928e-12,
    "if_vehicle": false,
    "motion_state": false,
    "pose": [
      [
        -0.10674044603308139,
        -0.9942562850136977,
        -0.007804927380799281,
        -30.634699561369416
      ],
      [
        0.993456682310666,
        -0.10696875145067385,
        0.04001882788598698,
        6.662678317146856
      ],
      [
        -0.04062385448161126,
        -0.0034822297231331643,
        0.9991684425176829,
        2.677869667737511
      ],
      [
        0.0,
        0.0,
        0.0,
        1.0
      ]
    ],
    "location": [
      -30.634699561369416,
      6.662678317146856,
      2.677869667737511
    ],
    "rotation": [
      -0.0034851136970855882,
      0.040635036362253886,
      1.6778292038097722
    ]
  },
  {
    "label_id": "TgdBnuHVxPOTzl8OMUYiRg",
    "size": [
      0.8323629950249508,
      0.11670498628292902,
      0.7900000000000063
    ],
    "obj_class": "sign",
    "point_num_in_lidar": 180,
    "speed": 0.0009946795242800368,
    "if_vehicle": false,
    "motion_state": false,
    "pose": [
      [
        0.11622240390074592,
        0.9931925472636774,
        -0.007804927380799281,
        -15.456468003946611
      ],
      [
        -0.99239080255657,
        0.11644306941917326,
        0.04001882788598698,
        -18.324572929461283
      ],
      [
        0.040655231307404116,
        0.003094453769127534,
        0.9991684425176829,
        2.879322897418369
      ],
      [
        0.0,
        0.0,
        0.0,
        1.0
      ]
    ],
    "location": [
      -15.456468003946611,
      -18.324572929461283,
      2.879322897418369
    ],
    "rotation": [
      0.0030970192251173266,
      -0.040666439130737614,
      -1.454213846124473
    ]
  },
  {
    "label_id": "VFli2h3FNYZuybkEBpincg",
    "size": [
      1.9376880129058203,
      4.437301692662093,
      1.4500000000000028
    ],
    "obj_class": "vehicle",
    "point_num_in_lidar": 40,
    "speed": 0.0,
    "if_vehicle": true,
    "motion_state": false,
    "pose": [
      [
        0.07927247595630262,
        0.9968224303577533,
        -0.007804927380799281,
        -30.3295769692495
      ],
      [
        -0.9960294299380437,
        0.07952275216519625,
        0.04001882788598698,
        31.128344960074173
      ],
      [
        0.04051233457914883,
        0.004601545798414021,
        0.9991684425176829,
        0.2463380560929238
      ],
      [
        0.0,
        0.0,
        0.0,
        1.0
      ]
    ],
    "location": [
      -30.3295769692495,
      31.128344960074173,
      0.2463380560929238
    ],
    "rotation": [
      0.004605342874017928,
      -0.04052342457823447,
      -1.4913752498825537
    ]
  },
  {
    "label_id": "VtnkMTVF6siiRfuCfGB2eg",
    "size": [
      1.8431131976785564,
      4.467267803468969,
      1.6800000000000068
    ],
    "obj_class": "vehicle",
    "point_num_in_lidar": 59,
    "speed": 7.105427357601002e-13,
    "if_vehicle": true,
    "motion_state": false,
    "pose": [
      [
        0.06786043508301516,
        0.9976642944692992,
        -0.007804927380799281,
        -24.93471227612281
      ],
      [
        -0.9968742099355739,
        0.06811976937686348,
        0.04001882788598698,
        -56.44369622397426
      ],
      [
        0.040457025541544726,
        0.005064835744483436,
        0.9991684425176829,
        2.3211387631611586
      ],
      [
        0.0,
        0.0,
        0.0,
        1.0
      ]
    ],
    "location": [
      -24.93471227612281,
      -56.44369622397426,
      2.3211387631611586
    ],
    "rotation": [
      0.005069007535509572,
      -0.040468070158815685,
      -1.5028279673229072
    ]
  },
  {
    "label_id": "WBKuczfAjn8i-8Q33iEfTg",
    "size": [
      1.9903516921403068,
      3.944358340693,
      1.6600000000000037
    ],
    "obj_class": "vehicle",
    "point_num_in_lidar": 146,
    "speed": 8.644125458514253e-13,
    "if_vehicle": true,
    "motion_state": false,
    "pose": [
      [
        0.6766231120074362,
        -0.736288155144406,
        -0.007804927380799281,
        -15.211251894696034
      ],
      [
        0.7359320591132846,
        0.6758716577752855,
        0.04001882788598698,
        -28.979883525846162
      ],
      [
        -0.02419025974753834,
        -0.03282156014168775,
        0.9991684425176829,
        1.1635903627503055
      ],
      [
        0.0,
        0.0,
        0.0,
        1.0
      ]
    ],
    "location": [
      -15.211251894696034,
      -28.979883525846162,
      1.1635903627503055
    ],
    "rotation": [
      -0.03283706833546099,
      0.02419261959934168,
      0.8273605115366266
    ]
  },
  {
    "label_id": "Zwj9I-PqljydaE_gb0MbTw",
    "size": [
      1.9379139095436324,
      4.488067844332695,
      2.0
    ],
    "obj_class": "vehicle",
    "point_num_in_lidar": 56,
    "speed": 2.8421709430404007e-13,
    "if_vehicle": true,
    "motion_state": false,
    "pose": [
      [
        -0.9990790349856347,
        0.042192001146585986,
        -0.007804927380799281,
        -30.91986498436927
      ],
      [
        -0.042471559695305465,
        -0.9982958779999442,
        0.04001882788598698,
        -64.57268496805773
      ],
      [
        -0.006103152400290234,
        0.040313459384759213,
        0.9991684425176829,
        3.276240204010705
      ],
      [
        0.0,
        0.0,
        0.0,
        1.0
      ]
    ],
    "location": [
      -30.91986498436927,
      -64.57268496805773,
      3.276240204010705
    ],
    "rotation": [
      0.040325138221781485,
      0.006103190289772723,
      -3.099107523179077
    ]
  },
  {
    "label_id": "bjU_LRF_XLFwrTt9DcYXOQ",
    "size": [
      0.30174441108246136,
      0.07692972936776284,
      0.6400000000000006
    ],
    "obj_class": "sign",
    "point_num_in_lidar": 104,
    "speed": 0.004995738799042644,
    "if_vehicle": false,
    "motion_state": false,
    "pose": [
      [
        -0.6086070440816886,
        -0.7934333929213782,
        -0.007804927380799281,
        -4.71166438813998
      ],
      [
        0.79263179732563,
        -0.608385837510188,
        0.04001882788598698,
        -13.554497140232343
      ],
      [
        -0.03650068167158908,
        0.01816930692946543,
        0.9991684425176829,
        2.7247202894121827
      ],
      [
        0.0,
        0.0,
        0.0,
        1.0
      ]
    ],
    "location": [
      -4.71166438813998,
      -13.554497140232343,
      2.7247202894121827
    ],
    "rotation": [
      0.0181824243553659,
      0.03650879150958169,
      2.225611773251897
    ]
  },
  {
    "label_id": "fCp7_tVCmZB4bn3ObKtBIg",
    "size": [
      1.756979685770451,
      4.174253658275681,
      1.9600000000000009
    ],
    "obj_class": "vehicle",
    "point_num_in_lidar": 23,
    "speed": 5.684341886080801e-13,
    "if_vehicle": true,
    "motion_state": false,
    "pose": [
      [
        -0.9982981254150355,
        0.05779217854871206,
        -0.007804927380799281,
        -30.938820934678006
      ],
      [
        -0.0580594703077911,
        -0.9975106973472566,
        0.04001882788598698,
        -61.5127398226341
      ],
      [
        -0.005472723307868652,
        0.04040387080940774,
        0.9991684425176829,
        3.016240814362426
      ],
      [
        0.0,
        0.0,
        0.0,
        1.0
      ]
    ],
    "location": [
      -30.938820934678006,
      -61.5127398226341,
      3.016240814362426
    ],
    "rotation": [
      0.04041547749961906,
      0.005472750626886219,
      -3.0834996439548843
    ]
  },
  {
    "label_id": "gu9u5G065yI_z557Du54jw",
    "size": [
      1.6400946167438006,
      3.792063663359228,
      1.470000000000006
    ],
    "obj_class": "vehicle",
    "point_num_in_lidar": 54,
    "speed": 7.105427357601002e-13,
    "if_vehicle": true,
    "motion_state": false,
    "pose": [
      [
        0.6660265037761292,
        0.7458872430711804,
        -0.007804927380799281,
        -45.09880705566957
      ],
      [
        -0.7451043549817188,
        0.6657461930810482,
        0.04001882788598698,
        -12.748151910853267
      ],
      [
        0.03504563389386006,
        -0.020838114640372968,
        0.9991684425176829,
        0.6283750035706959
      ],
      [
        0.0,
        0.0,
        0.0,
        1.0
      ]
    ],
    "location": [
      -45.09880705566957,
      -12.748151910853267,
      0.6283750035706959
    ],
    "rotation": [
      -0.020852434246320654,
      -0.035052811682200605,
      -0.8413782516456375
    ]
  },
  {
    "label_id": "h14DkRFx53Pkx5pEtWdarQ",
    "size": [
      0.8347280264472858,
      0.12141330286285525,
      0.7900000000000063
    ],
    "obj_class": "sign",
    "point_num_in_lidar": 89,
    "speed": 0.002864692019758242,
    "if_vehicle": false,
    "motion_state": false,
    "pose": [
      [
        -0.9973226577860407,
        0.07270900477360608,
        -0.007804927380799281,
        -33.067894071152296
      ],
      [
        -0.07296449562052845,
        -0.9965313220333184,
        0.04001882788598698,
        -15.188271502811403
      ],
      [
        -0.0048681254533656055,
        0.04048116637842953,
        0.9991684425176829,
        2.544320096506844
      ],
      [
        0.0,
        0.0,
        0.0,
        1.0
      ]
    ],
    "location": [
      -33.067894071152296,
      -15.188271502811403,
      2.544320096506844
    ],
    "rotation": [
      0.040492710864769,
      0.004868144681567168,
      -3.0685623938561224
    ]
  },
  {
    "label_id": "iMUAR45EX3cmZKOzXxFuBQ",
    "size": [
      2.197391755426741,
      4.821743567278267,
      1.8300000000000054
    ],
    "obj_class": "vehicle",
    "point_num_in_lidar": 5936,
    "speed": 0.005656792452991043,
    "if_vehicle": true,
    "motion_state": false,
    "pose": [
      [
        0.9984678777574726,
        -0.05478120293557951,
        -0.007804927380799281,
        -6.820709381575398
      ],
      [
        0.055050868240406635,
        0.9976812593812759,
        0.04001882788598698,
        -6.744549444287259
      ],
      [
        0.0055945502469889495,
        -0.04038718217852931,
        0.9991684425176829,
        0.9343967046216122
      ],
      [
        0.0,
        0.0,
        0.0,
        1.0
      ]
    ],
    "location": [
      -6.820709381575398,
      -6.744549444287259,
      0.9343967046216122
    ],
    "rotation": [
      -0.040398802235618335,
      -0.005594579431364339,
      0.05507957525328374
    ]
  },
  {
    "label_id": "jZwVlg9QhLVKBnWwkAyd5g",
    "size": [
      2.1885908303247614,
      4.5476016269488415,
      1.5300000000000011
    ],
    "obj_class": "vehicle",
    "point_num_in_lidar": 354,
    "speed": 1.4210854715202004e-13,
    "if_vehicle": true,
    "motion_state": false,
    "pose": [
      [
        -0.031032932183528532,
        -0.9994878889854909,
        -0.007804927380799281,
        -19.445771525124655
      ],
      [
        0.9987079025821987,
        -0.03132121859853439,
        0.04001882788598698,
        21.40524269843263
      ],
      [
        -0.040242793640078524,
        -0.00655294108243429,
        0.9991684425176829,
        0.36946200766450943
      ],
      [
        0.0,
        0.0,
        0.0,
        1.0
      ]
    ],
    "location": [
      -19.445771525124655,
      21.40524269843263,
      0.36946200766450943
    ],
    "rotation": [
      -0.0065583007360229635,
      0.040253663646585544,
      1.6018594134861335
    ]
  },
  {
    "label_id": "l4IU7hYAbEicJJhcNV-PYQ",
    "size": [
      1.779733531114656,
      3.629981180814881,
      1.4200000000000017
    ],
    "obj_class": "vehicle",
    "point_num_in_lidar": 204,
    "speed": 6.355287432313019e-13,
    "if_vehicle": true,
    "motion_state": false,
    "pose": [
      [
        0.7087549160683922,
        0.7054116188846529,
        -0.007804927380799281,
        -7.661596939419724
      ],
      [
        -0.7046465780761784,
        0.7084290320280247,
        0.04001882788598698,
        -10.276480141723368
      ],
      [
        0.033758983314349025,
        -0.022863825628474856,
        0.9991684425176829,
        0.6576531502550225
      ],
      [
        0.0,
        0.0,
        0.0,
        1.0
      ]
    ],
    "location": [
      -7.661596939419724,
      -10.276480141723368,
      0.6576531502550225
    ],
    "rotation": [
      -0.02287886127976612,
      -0.033765398949361654,
      -0.7824914688460758
    ]
  },
  {
    "label_id": "lbLwsu8SH-0HdB69pypZYw",
    "size": [
      2.317356257481393,
      5.409726554449852,
      1.8200000000000074
    ],
    "obj_class": "vehicle",
    "point_num_in_lidar": 857,
    "speed": 0.0034483530580759767,
    "if_vehicle": true,
    "motion_state": false,
    "pose": [
      [
        -0.7345695483163809,
        0.6784885126476708,
        -0.007804927380799281,
        -29.710349316220345
      ],
      [
        -0.6781950624077235,
        -0.733791489961839,
        0.04001882788598698,
        13.40970297768581
      ],
      [
        0.021425125718465783,
        0.034689875536469364,
        0.9991684425176829,
        0.9004214150786467
      ],
      [
        0.0,
        0.0,
        0.0,
        1.0
      ]
    ],
    "location": [
      -29.710349316220345,
      13.40970297768581,
      0.9004214150786467
    ],
    "rotation": [
      0.03470480635805376,
      -0.021426765207862724,
      -2.396076995947664
    ]
  },
  {
    "label_id": "mwo7eouCPfeT1MgWe_mMaw",
    "size": [
      2.022597685363293,
      4.369351698540099,
      1.6400000000000006
    ],
    "obj_class": "vehicle",
    "point_num_in_lidar": 404,
    "speed": 1.1718571004216928e-12,
    "if_vehicle": true,
    "motion_state": false,
    "pose": [
      [
        -0.749182219473956,
        0.6623179637701649,
        -0.007804927380799281,
        -30.31142255517352
      ],
      [
        -0.6620415404296106,
        -0.7483979503981953,
        0.04001882788598698,
        24.832416113660656
      ],
      [
        0.020663996943118653,
        0.035148580442495574,
        0.9991684425176829,
        0.6226638551823456
      ],
      [
        0.0,
        0.0,
        0.0,
        1.0
      ]
    ],
    "location": [
      -30.31142255517352,
      24.832416113660656,
      0.6226638551823456
    ],
    "rotation": [
      0.035163332976426834,
      -0.020665467816198133,
      -2.417864497918073
    ]
  },
  {
    "label_id": "nYdzmhTworH_S2TfHST-Dg",
    "size": [
      1.9920168101364308,
      4.1598452828099,
      1.3999999999999986
    ],
    "obj_class": "vehicle",
    "point_num_in_lidar": 21,
    "speed": 6.762556350247804,
    "if_vehicle": true,
    "motion_state": true,
    "pose": [
      [
        0.9991134122384278,
        -0.0413699479558046,
        -0.007804927380799281,
        -68.23773952433658
      ],
      [
        0.041650150788858774,
        0.9983304855376784,
        0.04001882788598698,
        -8.336235483358905
      ],
      [
        0.006136320114764084,
        -0.04030842408525718,
        0.9991684425176829,
        0.6683750035710148
      ],
      [
        0.0,
        0.0,
        0.0,
        1.0
      ]
    ],
    "location": [
      -68.23773952433658,
      -8.336235483358905,
      0.6683750035710148
    ],
    "rotation": [
      -0.04032010692099092,
      -0.0061363586253504274,
      0.04166298705451876
    ]
  },
  {
    "label_id": "nzEXTn_WF_YJ99oOAwWwpQ",
    "size": [
      1.604304081123764,
      3.624440980069253,
      1.470000000000006
    ],
    "obj_class": "vehicle",
    "point_num_in_lidar": 41,
    "speed": 4.263256414560601e-13,
    "if_vehicle": true,
    "motion_state": false,
    "pose": [
      [
        0.5769543112993223,
        0.8167391295766998,
        -0.007804927380799281,
        -51.86256792528093
      ],
      [
        -0.8159294596850323,
        0.5767647789460821,
        0.04001882788598698,
        -13.221069177510799
      ],
      [
        0.03718654986975769,
        -0.016720765101269262,
        0.9991684425176829,
        0.6283750035706817
      ],
      [
        0.0,
        0.0,
        0.0,
        1.0
      ]
    ],
    "location": [
      -51.86256792528093,
      -13.221069177510799,
      0.6283750035706817
    ],
    "rotation": [
      -0.01673311903293089,
      -0.037195125712336755,
      -0.9553124859279303
    ]
  },
  {
    "label_id": "oGhYcNPyTUhm8059vJgk7Q",
    "size": [
      1.9637128907570691,
      4.522243896407982,
      1.5799999999999983
    ],
    "obj_class": "vehicle",
    "point_num_in_lidar": 557,
    "speed": 2.779732483385032,
    "if_vehicle": true,
    "motion_state": true,
    "pose": [
      [
        -0.9997805995139407,
        0.019438002575512123,
        -0.007804927380799281,
        -31.26830976774727
      ],
      [
        -0.01973531649024036,
        -0.9990040093501434,
        0.04001882788598698,
        -4.170648170982531
      ],
      [
        -0.007019267666588404,
        0.04016408044774069,
        0.9991684425176829,
