[
  {
    "label_id": "-37Tr49YQag_EecI_gdFqA",
    "size": [
      2.061484407524053,
      4.778170597256613,
      1.470000000000006
    ],
    "obj_class": "vehicle",
    "point_num_in_lidar": 221,
    "speed": 3.1776437161565096e-13,
    "if_vehicle": true,
    "motion_state": false,
    "pose": [
      [
        0.666031029250112,
        0.7458923111763284,
        -0.0068795496997805725,
        -38.09545921678273
      ],
      [
        -0.7450569979632847,
        0.6656731171385951,
        0.04206389074876716,
        -12.74363263278974
      ],
      [
        0.03595466398082933,
        -0.022890199803007924,
        0.9990912375208804,
        0.6283750035708806
      ],
      [
        0.0,
        0.0,
        0.0,
        1.0
      ]
    ],
    "location": [
      -38.09545921678273,
      -12.74363263278974,
      0.6283750035708806
    ],
    "rotation": [
      -0.022907012962500306,
      -0.03596241515002036,
      -0.8413432946036188
    ]
  },
  {
    "label_id": "16PzcXDMMYoq8hgoqYjC-Q",
    "size": [
      0.5305112011630266,
      0.12094541017995653,
      0.5700000000000003
    ],
    "obj_class": "sign",
    "point_num_in_lidar": 38,
    "speed": 0.004761248137663255,
    "if_vehicle": false,
    "motion_state": false,
    "pose": [
      [
        -0.027746674978770435,
        -0.9995913133994067,
        -0.0068795496997805725,
        -28.913449953968666
      ],
      [
        0.9987221606953659,
        -0.0280120479625394,
        0.04206389074876716,
        -25.44733628456197
      ],
      [
        -0.04223941007640024,
        -0.005703625635827459,
        0.9990912375208804,
        3.0416159370087072
      ],
      [
        0.0,
        0.0,
        0.0,
        1.0
      ]
    ],
    "location": [
      -28.913449953968666,
      -25.44733628456197,
      3.0416159370087072
    ],
    "rotation": [
      -0.005708751574835732,
      0.04225198053716802,
      1.59857135835423
    ]
  },
  {
    "label_id": "5TfIhDaGwG7wy8E9HfiYNA",
    "size": [
      2.0753455018052995,
      4.400591282594326,
      1.4400000000000048
    ],
    "obj_class": "vehicle",
    "point_num_in_lidar": 324,
    "speed": 0.4017373101740681,
    "if_vehicle": true,
    "motion_state": false,
    "pose": [
      [
        -0.9998248047991377,
        -0.01740780009922091,
        -0.0068795496997805725,
        -35.555210685781276
      ],
      [
        0.01710346009082102,
        -0.99896851839685,
        0.04206389074876716,
        -1.3914160798231023
      ],
      [
        -0.007604693372377298,
        0.04193885725324536,
        0.9990912375208804,
        0.7183750035710403
      ],
      [
        0.0,
        0.0,
        0.0,
        1.0
      ]
    ],
    "location": [
      -35.555210685781276,
      -1.3914160798231023,
      0.7183750035710403
    ],
    "rotation": [
      0.041952374955886156,
      0.00760476667257987,
      3.1244878648627
    ]
  },
  {
    "label_id": "5rFZom3Q5U-Yz4kJWFjfhw",
    "size": [
      1.4719569154579268,
      3.3250731876028397,
      1.470000000000006
    ],
    "obj_class": "vehicle",
    "point_num_in_lidar": 24,
    "speed": 3.1776437161565096e-13,
    "if_vehicle": true,
    "motion_state": false,
    "pose": [
      [
        0.7870434833373497,
        0.6168591631257003,
        -0.0068795496997805725,
        -54.96524234788831
      ],
      [
        -0.616099988432669,
        0.7865439805556591,
        0.04206389074876716,
        -12.831983628664602
      ],
      [
        0.0313585648503913,
        -0.02886762060717464,
        0.9990912375208804,
        0.7583750035706771
      ],
      [
        0.0,
        0.0,
        0.0,
        1.0
      ]
    ],
    "location": [
      -54.96524234788831,
      -12.831983628664602,
      0.7583750035706771
    ],
    "rotation": [
      -0.028885841560456163,
      -0.0313637065835704,
      -0.6641666430256821
    ]
  },
  {
    "label_id": "6HLGrqQfQYMsQDDAwvTpnQ",
    "size": [
      2.126130265646131,
      4.611272155748338,
      1.6300000000000026
    ],
    "obj_class": "vehicle",
    "point_num_in_lidar": 513,
    "speed": 8.987733679556354e-13,
    "if_vehicle": true,
    "motion_state": false,
    "pose": [
      [
        -0.7491873099684044,
        0.6623224640446932,
        -0.0068795496997805725,
        -30.089948332830318
      ],
      [
        -0.6619687003235077,
        -0.7483502314338399,
        0.04206389074876716,
        20.67335119054951
      ],
      [
        0.022711547158038848,
        0.036067779730448446,
        0.9990912375208804,
        0.6863380560930281
      ],
      [
        0.0,
        0.0,
        0.0,
        1.0
      ]
    ],
    "location": [
      -30.089948332830318,
      20.67335119054951,
      0.6863380560930281
    ],
    "rotation": [
      0.03608491611594499,
      -0.02271350010179772,
      -2.4179224658758396
    ]
  },
  {
    "label_id": "9CUNhZDZ4nxh6om0TTTJvA",
    "size": [
      1.7909447756732761,
      4.163788843312304,
      1.7600000000000051
    ],
    "obj_class": "vehicle",
    "point_num_in_lidar": 29,
    "speed": 6.355287432313019e-13,
    "if_vehicle": true,
    "motion_state": false,
    "pose": [
      [
        0.998720991294171,
        -0.050090451628195004,
        -0.0068795496997805725,
        -31.525463333779953
      ],
      [
        0.050336324139645325,
        0.9978461221887794,
        0.04206389074876716,
        -39.2057792502801
      ],
      [
        0.004757732705486226,
        -0.0423563819099214,
        0.9990912375208804,
        1.779547462109079
      ],
      [
        0.0,
        0.0,
        0.0,
        1.0
      ]
    ],
    "location": [
      -31.525463333779953,
      -39.2057792502801,
      1.779547462109079
    ],
    "rotation": [
      -0.04236953697795144,
      -0.004757750655024904,
      0.050358175425239515
    ]
  },
  {
    "label_id": "9NEH2bOd6vqYumlX4lkguA",
    "size": [
      0.48356860324127104,
      0.08727811829444648,
      0.15000000000000568
    ],
    "obj_class": "sign",
    "point_num_in_lidar": 24,
    "speed": 0.004052259801358057,
    "if_vehicle": false,
    "motion_state": false,
    "pose": [
      [
        0.11622319361073331,
        0.9931992957422242,
        -0.0068795496997805725,
        -15.411401436694177
      ],
      [
        -0.992310044999642,
        0.11641049646781965,
        0.04206389074876716,
        -18.25613739581604
      ],
      [
        0.0425786784638799,
        0.0019378465536518345,
        0.9990912375208804,
        2.3900438930132566
      ],
      [
        0.0,
        0.0,
        0.0,
        1.0
      ]
    ],
    "location": [
      -15.411401436694177,
      -18.25613739581604,
      2.3900438930132566
    ],
    "rotation": [
      0.001939606765396224,
      -0.04259155443012618,
      -1.4542036589327705
    ]
  },
  {
    "label_id": "9s8YOLhpbgSWdr7GIkOUUQ",
    "size": [
      1.9175413712082288,
      4.427614966261043,
      1.4400000000000048
    ],
    "obj_class": "vehicle",
    "point_num_in_lidar": 1548,
    "speed": 1.449228509952941e-12,
    "if_vehicle": true,
    "motion_state": false,
    "pose": [
      [
        -0.04823709372950172,
        -0.9988122218838031,
        -0.0068795496997805725,
        -18.652471023929138
      ],
      [
        0.9979378105367902,
        -0.0484845892641499,
        0.04206389074876716,
        9.999034006290458
      ],
      [
        -0.04234748032136985,
        -0.004836322924202255,
        0.9990912375208804,
        0.5761387631606709
      ],
      [
        0.0,
        0.0,
        0.0,
        1.0
      ]
    ],
    "location": [
      -18.652471023929138,
      9.999034006290458,
      0.5761387631606709
    ],
    "rotation": [
      -0.004840684181033934,
      0.04236014756659349,
      1.6190955074124591
    ]
  },
  {
    "label_id": "9yvoP8LddkU2qWg-ZQW66A",
    "size": [
      0.35880279056130876,
      0.07909095543237712,
      0.6700000000000017
    ],
    "obj_class": "sign",
    "point_num_in_lidar": 37,
    "speed": 0.0024326466894038284,
    "if_vehicle": false,
    "motion_state": false,
    "pose": [
      [
        0.9999761989835171,
        -0.0005227450676108908,
        -0.0068795496997805725,
        -40.46477668839361
      ],
      [
        0.0008116821713859573,
        0.9991145931609289,
        0.04206389074876716,
        2.623169284677715
      ],
      [
        0.006851469808013215,
        -0.042068473593248584,
        0.9990912375208804,
        2.7939713429433226
      ],
      [
        0.0,
        0.0,
        0.0,
        1.0
      ]
    ],
    "location": [
      -40.46477668839361,
      2.623169284677715,
      2.7939713429433226
    ],
    "rotation": [
      -0.04208188029018275,
      -0.006851523413490695,
      0.0008117013124408926
    ]
  },
  {
    "label_id": "AX8xcvGQB_6OsD5PdVVw1Q",
    "size": [
      1.870011428240328,
      4.041520559338225,
      1.4000000000000057
    ],
    "obj_class": "vehicle",
    "point_num_in_lidar": 21,
    "speed": 1.3101760682293513e-12,
    "if_vehicle": true,
    "motion_state": false,
    "pose": [
      [
        0.07715340753786057,
        0.9969954982351852,
        -0.0068795496997805725,
        -32.266135922714966
      ],
      [
        -0.9961142837331908,
        0.07737546664019707,
        0.04206389074876716,
        66.99386884744854
      ],
      [
        0.04246981808307246,
        0.0036074452160361377,
        0.9990912375208804,
        -0.6016249964287326
      ],
      [
        0.0,
        0.0,
        0.0,
        1.0
      ]
    ],
    "location": [
      -32.266135922714966,
      66.99386884744854,
      -0.6016249964287326
    ],
    "rotation": [
      0.003610710817502276,
      -0.04248259548882372,
      -1.4934962859718417
    ]
  },
  {
    "label_id": "DQe9EgHTvbMojU92WrDD-w",
    "size": [
      2.295094381366201,
      6.332258661657688,
      2.200000000000003
    ],
    "obj_class": "vehicle",
    "point_num_in_lidar": 337,
    "speed": 0.2553139349551774,
    "if_vehicle": true,
    "motion_state": false,
    "pose": [
      [
        -0.955130682758401,
        0.29610479673487095,
        -0.0068795496997805725,
        -43.563813450678026
      ],
      [
        -0.29612611923893034,
        -0.9542221704611389,
        0.04206389074876716,
        0.4662526952124608
      ],
      [
        0.005890700973721624,
        0.04221372704505213,
        0.9990912375208804,
        1.1383750035710705
      ],
      [
        0.0,
        0.0,
        0.0,
        1.0
      ]
    ],
    "location": [
      -43.563813450678026,
      0.4662526952124608,
      1.1383750035710705
    ],
    "rotation": [
      0.042227007665928386,
      -0.0058907350424923545,
      -2.840952972112723
    ]
  },
  {
    "label_id": "FYseW0mhs-5FpUAHNuYuAA",
    "size": [
      1.950581446795012,
      4.170013394086709,
      1.9500000000000028
    ],
    "obj_class": "vehicle",
    "point_num_in_lidar": 75,
    "speed": 8.526512829121202e-13,
    "if_vehicle": true,
    "motion_state": false,
    "pose": [
      [
        0.08125790649261572,
        0.9966693656516015,
        -0.0068795496997805725,
        -24.17604185784876
      ],
      [
        -0.9957872442859916,
        0.0814763352906034,
        0.04206389074876716,
        -70.72635088365314
      ],
      [
        0.04248431180739972,
        0.003432544136294092,
        0.9990912375208804,
        3.2348054509768644
      ],
      [
        0.0,
        0.0,
        0.0,
        1.0
      ]
    ],
    "location": [
      -24.17604185784876,
      -70.72635088365314,
      3.2348054509768644
    ],
    "rotation": [
      0.0034356528230748066,
      -0.04249710230639288,
      -1.4893750561430454
    ]
  },
  {
    "label_id": "Go_3rbTk6d2Upk1krZLsKw",
    "size": [
      2.1025838945668656,
      4.719586221317513,
      1.8100000000000023
    ],
    "obj_class": "vehicle",
    "point_num_in_lidar": 411,
    "speed": 0.0019688793957956417,
    "if_vehicle": true,
    "motion_state": false,
    "pose": [
      [
        -0.9981318157482506,
        0.06070873237869846,
        -0.0068795496997805725,
        -36.6515913959438
      ],
      [
        -0.06094528700218044,
        -0.9972543813327157,
        0.04206389074876716,
        1.2031362893321784
      ],
      [
        -0.00430701559342863,
        0.0424045837814019,
        0.9990912375208804,
        0.8671730774850346
      ],
      [
        0.0,
        0.0,
        0.0,
        1.0
      ]
    ],
    "location": [
      -36.6515913959438,
      1.2031362893321784,
      0.8671730774850346
    ],
    "rotation": [
      0.04241769603714766,
      0.004307028909671495,
      -3.0806090085824196
    ]
  },
  {
    "label_id": "HILMjKmKIoQMgeZ6T8zTSg",
    "size": [
      0.7527797330444924,
      0.1029191474772233,
      0.7700000000000031
    ],
    "obj_class": "sign",
    "point_num_in_lidar": 124,
    "speed": 0.00543598260723042,
    "if_vehicle": false,
    "motion_state": false,
    "pose": [
      [
        0.9905372588745087,
        0.1370715527646153,
        -0.0068795496997805725,
        -12.171980171521682
      ],
      [
        -0.13666681318231977,
        0.9897236034720324,
        0.04206389074876716,
        4.239718112501578
      ],
      [
        0.012574615539386418,
        -0.040725644906282235,
        0.9990912375208804,
        2.4488292266104636
      ],
      [
        0.0,
        0.0,
        0.0,
        1.0
      ]
    ],
    "location": [
      -12.171980171521682,
      4.239718112501578,
      2.4488292266104636
    ],
    "rotation": [
      -0.04074013393925894,
      -0.012574946948006477,
      -0.137106777505348
    ]
  },
  {
    "label_id": "Ko333JMTQxrLsIbw6vT5jw",
    "size": [
      2.0027678097125534,
      4.87247641867594,
      1.6600000000000037
    ],
    "obj_class": "vehicle",
    "point_num_in_lidar": 350,
    "speed": 8.987733679556354e-13,
    "if_vehicle": true,
    "motion_state": false,
    "pose": [
      [
        0.6317594744052243,
        -0.7751339486147946,
        -0.0068795496997805725,
        -16.49768922657404
      ],
      [
        0.7746490176655927,
        0.6309909100175756,
        0.04206389074876716,
        -22.47861869105327
      ],
      [
        -0.028264216404617536,
        -0.03190349792779656,
        0.9990912375208804,
        0.8937464565881399
      ],
      [
        0.0,
        0.0,
        0.0,
        1.0
      ]
    ],
    "location": [
      -16.49768922657404,
      -22.47861869105327,
      0.8937464565881399
    ],
    "rotation": [
      -0.03192166992700155,
      0.028267980978015625,
      0.8866496245162444
    ]
  },
  {
    "label_id": "Kv6PR2TsyeCAv99_HjOO4w",
    "size": [
      2.0503811492887265,
      4.811895084353816,
      1.4500000000000028
    ],
    "obj_class": "vehicle",
    "point_num_in_lidar": 306,
    "speed": 7.105427357601002e-13,
    "if_vehicle": true,
    "motion_state": false,
    "pose": [
      [
        -0.7491873099685801,
        0.6623224640444947,
        -0.0068795496997805725,
        -30.42423540184882
      ],
      [
        -0.6619687003233093,
        -0.7483502314340155,
        0.04206389074876716,
        16.413233537079577
      ],
      [
        0.022711547158029283,
        0.03606777973045447,
        0.9990912375208804,
        0.5763380560928653
      ],
      [
        0.0,
        0.0,
        0.0,
        1.0
      ]
    ],
    "location": [
      -30.42423540184882,
      16.413233537079577,
      0.5763380560928653
    ],
    "rotation": [
      0.036084916115951014,
      -0.022713500101788152,
      -2.4179224658761047
    ]
  },
  {
    "label_id": "NkwybbFSpKDWgnn8QF5B7w",
    "size": [
      1.8052124283528128,
      3.74252247910149,
      1.6600000000000037
    ],
    "obj_class": "vehicle",
    "point_num_in_lidar": 102,
    "speed": 1.449228509952941e-12,
    "if_vehicle": true,
    "motion_state": false,
    "pose": [
      [
        0.6766277094818416,
        -0.7362931580269403,
        -0.0068795496997805725,
        -15.236838825014274
      ],
      [
        0.7358546720621761,
        0.675831732533582,
        0.04206389074876716,
        -32.92616896156869
      ],
      [
        -0.026321936965656382,
        -0.03352394283750022,
        0.9990912375208804,
        1.345190687800148
      ],
      [
        0.0,
        0.0,
        0.0,
        1.0
      ]
    ],
    "location": [
      -15.236838825014274,
      -32.92616896156869,
      1.345190687800148
    ],
    "rotation": [
      -0.03354185136841494,
      0.026324977414656045,
      0.8273047305959763
    ]
  },
  {
    "label_id": "OXd0i5MfXfgVle65_zBBXw",
    "size": [
      2.038907532143842,
      4.734929776064892,
      1.470000000000006
    ],
    "obj_class": "vehicle",
    "point_num_in_lidar": 1040,
    "speed": 5.123796534383003e-13,
    "if_vehicle": true,
    "motion_state": false,
    "pose": [
      [
        -0.6583143432135234,
        0.752711696013338,
        -0.0068795496997805725,
        -29.42500382864455
      ],
      [
        -0.7522537661035463,
        -0.6575293913416396,
        0.04206389074876716,
        10.16081341795325
      ],
      [
        0.027138476419623005,
        0.032866429782036514,
        0.9990912375208804,
        0.7103962304141689
      ],
      [
        0.0,
        0.0,
        0.0,
        1.0
      ]
    ],
    "location": [
      -29.42500382864455,
      10.16081341795325,
      0.7103962304141689
    ],
    "rotation": [
      0.03288446597463777,
      -0.027141808758126548,
      -2.2896958132378353
    ]
  },
  {
    "label_id": "Pj9fE-MT-gyTk6PlD0A62w",
    "size": [
      0.487620135152541,
      0.07714707792519968,
      0.480000000000004
    ],
    "obj_class": "sign",
    "point_num_in_lidar": 25,
    "speed": 0.0023613209584566336,
    "if_vehicle": false,
    "motion_state": false,
    "pose": [
      [
        0.20772022948733762,
        0.9781640854466372,
        -0.0068795496997805725,
        -17.288594532669777
      ],
      [
        -0.9772613084397542,
        0.20782435882661934,
        0.04206389074876716,
        19.038340715187587
      ],
      [
        0.04257512522996785,
        -0.002014403298380331,
        0.9990912375208804,
        2.127846181768817
      ],
      [
        0.0,
        0.0,
        0.0,
        1.0
      ]
    ],
    "location": [
      -17.288594532669777,
      19.038340715187587,
      2.127846181768817
    ],
    "rotation": [
      -0.0020162328454914127,
      -0.04258799797119072,
      -1.361359826196084
    ]
  },
  {
    "label_id": "QfXrH-AG6fWpRUmyN1WzLw",
    "size": [
      0.4456629209226201,
      0.0696207456306018,
      0.15000000000000568
    ],
    "obj_class": "sign",
    "point_num_in_lidar": 202,
    "speed": 0.0053026632062077705,
    "if_vehicle": false,
    "motion_state": false,
    "pose": [
      [
        0.9905372588737209,
        0.13707155277030833,
        -0.0068795496997805725,
        -12.172178628762595
      ],
      [
        -0.1366668131880081,
        0.9897236034712469,
        0.04206389074876716,
        4.239020862489269
      ],
      [
        0.012574615539620485,
        -0.04072564490620996,
        0.9990912375208804,
        1.969992804576755
      ],
      [
        0.0,
        0.0,
        0.0,
        1.0
      ]
    ],
    "location": [
      -12.172178628762595,
      4.239020862489269,
      1.969992804576755
    ],
    "rotation": [
      -0.04074013393918671,
      -0.012574946948240562,
      -0.13710677751109107
    ]
  },
  {
    "label_id": "RqRoUISiOVfgjg-WLH6oig",
    "size": [
      1.8839428583990783,
      4.431572760151295,
      1.5400000000000063
    ],
    "obj_class": "vehicle",
    "point_num_in_lidar": 449,
    "speed": 8.526512829121202e-13,
    "if_vehicle": true,
    "motion_state": false,
    "pose": [
      [
        0.0770950175054241,
        0.9970000150811265,
        -0.0068795496997805725,
        -27.180027917686857
      ],
      [
        -0.996118813585726,
        0.07731712821646611,
        0.04206389074876716,
        -22.568215481929656
      ],
      [
        0.0424696067371012,
        0.003609932491327011,
        0.9990912375208804,
        0.8311387631613627
      ],
      [
        0.0,
        0.0,
        0.0,
        1.0
      ]
    ],
    "location": [
      -27.180027917686857,
      -22.568215481929656,
      0.8311387631613627
    ],
    "rotation": [
      0.0036132003227126674,
      -0.042482383951994364,
      -1.493554904339342
    ]
  },
  {
    "label_id": "SYZ9P7-R7Vyu8C5_pRukog",
    "size": [
      2.1026481270016455,
      4.699895119369667,
      1.6800000000000068
    ],
    "obj_class": "vehicle",
    "point_num_in_lidar": 48,
    "speed": 7.105427357601002e-13,
    "if_vehicle": true,
    "motion_state": false,
    "pose": [
      [
        0.06786089617551383,
        0.997671073333383,
        -0.0068795496997805725,
        -25.60592454755988
      ],
      [
        -0.9967919660403382,
        0.06809115605211252,
        0.04206389074876716,
        -47.5618042351507
      ],
      [
        0.04243436352407671,
        0.0040029865478762505,
        0.9990912375208804,
        1.9602916221636946
      ],
      [
        0.0,
        0.0,
        0.0,
        1.0
      ]
    ],
    "location": [
      -25.60592454755988,
      -47.5618042351507,
      1.9602916221636946
    ],
    "rotation": [
      0.004006606181381207,
      -0.04244710893883064,
      -1.5028219161648881
    ]
  },
  {
    "label_id": "SwUfSWt1LE_xpCIjLv06Pg",
    "size": [
      0.8137902785163583,
      0.1125742801911172,
      0.7600000000000051
    ],
    "obj_class": "sign",
    "point_num_in_lidar": 25,
    "speed": 0.000126216342756426,
    "if_vehicle": false,
    "motion_state": false,
    "pose": [
      [
        -0.10674117130608107,
        -0.9942630407211837,
        -0.0068795496997805725,
        -30.634498313493168
      ],
      [
        0.9933756176322758,
        -0.1069369505305376,
        0.04206389074876716,
        6.662695023154811
      ],
      [
        -0.042558249986350716,
        -0.002344027963837029,
        0.9990912375208804,
        2.678375003570423
      ],
      [
        0.0,
        0.0,
        0.0,
        1.0
      ]
    ],
    "location": [
      -30.634498313493168,
      6.662695023154811,
      2.678375003570423
    ],
    "rotation": [
      -0.002346155761302374,
      0.04257110741844589,
      1.6778385934682014
    ]
  },
  {
    "label_id": "TgdBnuHVxPOTzl8OMUYiRg",
    "size": [
      0.8323629950249501,
      0.11670498628292902,
      0.7900000000000063
    ],
    "obj_class": "sign",
    "point_num_in_lidar": 175,
    "speed": 0.0012953437545211856,
    "if_vehicle": false,
    "motion_state": false,
    "pose": [
      [
        0.11622319360113124,
        0.9931992957433479,
        -0.0068795496997805725,
        -15.452865912639027
      ],
      [
        -0.9923100450007675,
        0.11641049645822617,
        0.04206389074876716,
        -18.320495777386895
      ],
      [
        0.042578678463861167,
        0.001937846554063478,
        0.9990912375208804,
        2.8719623258834304
      ],
      [
        0.0,
        0.0,
        0.0,
        1.0
      ]
    ],
    "location": [
      -15.452865912639027,
      -18.320495777386895,
      2.8719623258834304
    ],
    "rotation": [
      0.0019396067658082404,
      -0.042591554430107426,
      -1.454203658942447
    ]
  },
  {
    "label_id": "VFli2h3FNYZuybkEBpincg",
    "size": [
      1.937688012905816,
      4.437301692662093,
      1.4500000000000028
    ],
    "obj_class": "vehicle",
    "point_num_in_lidar": 148,
    "speed": 0.0,
    "if_vehicle": true,
    "motion_state": false,
    "pose": [
      [
        0.07927301459173315,
        0.9968292035015163,
        -0.0068795496997805725,
        -30.329576969248592
      ],
      [
        -0.9959475188560359,
        0.0794931995807311,
        0.04206389074876716,
        31.128344960074173
      ],
      [
        0.042477392128578574,
        0.003517139029231159,
        0.9990912375208804,
        0.24633805609293802
      ],
      [
        0.0,
        0.0,
        0.0,
        1.0
      ]
    ],
    "location": [
      -30.329576969248592,
      31.128344960074173,
      0.24633805609293802
    ],
    "rotation": [
      0.0035203236383315978,
      -0.04249017637540331,
      -1.491368207959763
    ]
  },
  {
    "label_id": "VtnkMTVF6siiRfuCfGB2eg",
    "size": [
      1.843113197678557,
      4.467267803468969,
      1.6800000000000068
    ],
    "obj_class": "vehicle",
    "point_num_in_lidar": 65,
    "speed": 7.105427357601002e-13,
    "if_vehicle": true,
    "motion_state": false,
    "pose": [
      [
        0.06786089617665603,
        0.9976710733333053,
        -0.0068795496997805725,
        -24.9347122761219
      ],
      [
        -0.9967919660402602,
        0.0680911560532537,
        0.04206389074876716,
        -56.44369622397426
      ],
      [
        0.042434363524081295,
        0.004002986547827669,
        0.9990912375208804,
        2.3211387631611444
      ],
      [
        0.0,
        0.0,
        0.0,
        1.0
      ]
    ],
    "location": [
      -24.9347122761219,
      -56.44369622397426,
      2.3211387631611444
    ],
    "rotation": [
      0.004006606181332582,
      -0.042447108938835236,
      -1.5028219161637422
    ]
  },
  {
    "label_id": "WBKuczfAjn8i-8Q33iEfTg",
    "size": [
      1.9903516921403108,
      3.944358340693,
      1.6600000000000037
    ],
    "obj_class": "vehicle",
    "point_num_in_lidar": 124,
    "speed": 8.644125458514253e-13,
    "if_vehicle": true,
    "motion_state": false,
    "pose": [
      [
        0.6766277094818443,
        -0.7362931580269378,
        -0.0068795496997805725,
        -15.211251894696034
      ],
      [
        0.7358546720621737,
        0.6758317325335848,
        0.04206389074876716,
        -28.979883525844343
      ],
      [
        -0.026321936965656264,
        -0.03352394283750032,
        0.9990912375208804,
        1.1683903374970512
      ],
      [
        0.0,
        0.0,
        0.0,
        1.0
      ]
    ],
    "location": [
      -15.211251894696034,
      -28.979883525844343,
      1.1683903374970512
    ],
    "rotation": [
      -0.03354185136841504,
      0.026324977414655927,
      0.8273047305959726
    ]
  },
  {
    "label_id": "Zwj9I-PqljydaE_gb0MbTw",
    "size": [
      1.9379139095436346,
      4.488067844332695,
      2.0
    ],
    "obj_class": "vehicle",
    "point_num_in_lidar": 24,
    "speed": 2.8421709430404007e-13,
    "if_vehicle": true,
    "motion_state": false,
    "pose": [
      [
        -0.999085823462427,
        0.04219228783003177,
        -0.0068795496997805725,
        -30.91986498436836
      ],
      [
        -0.04244506999287075,
        -0.9982129257469953,
        0.04206389074876716,
        -64.57268496806137
      ],
      [
        -0.005092483647916833,
        0.04231743989529223,
        0.9990912375208804,
        3.276240204010925
      ],
      [
        0.0,
        0.0,
        0.0,
        1.0
      ]
    ],
    "location": [
      -30.91986498436836,
      -64.57268496806137,
      3.276240204010925
    ],
    "rotation": [
      0.042330629407495275,
      0.005092505659067538,
      -3.099134277647822
    ]
  },
  {
    "label_id": "bjU_LRF_XLFwrTt9DcYXOQ",
    "size": [
      0.301744411082463,
      0.07692972936776284,
      0.6400000000000006
    ],
    "obj_class": "sign",
    "point_num_in_lidar": 93,
    "speed": 0.004995738800047088,
    "if_vehicle": false,
    "motion_state": false,
    "pose": [
      [
        -0.6086111794049882,
        -0.7934387840906175,
        -0.0068795496997805725,
        -4.692815253182744
      ],
      [
        0.7925791277561804,
        -0.6083164927406851,
        0.04206389074876716,
        -13.545279992244105
      ],
      [
        -0.03756006587482814,
        0.020147966658562375,
        0.9990912375208804,
        2.7180536325850326
      ],
      [
        0.0,
        0.0,
        0.0,
        1.0
      ]
    ],
    "location": [
      -4.692815253182744,
      -13.545279992244105,
      2.7180536325850326
    ],
    "rotation": [
      0.02016355995739084,
      0.03756890285005834,
      2.2256471546382497
    ]
  },
  {
    "label_id": "cvsSzEWkCO_fUj4Y4e3xgA",
    "size": [
      0.7530615077675498,
      0.8484543407193996,
      1.7100000000000009
    ],
    "obj_class": "pedestrian",
    "point_num_in_lidar": 61,
    "speed": 0.18090321106038976,
    "if_vehicle": false,
    "motion_state": false,
    "pose": [
      [
        0.9914110774439496,
        0.13060148282984846,
        -0.0068795496997805725,
        -7.069909226657728
      ],
      [
        -0.13020206417322105,
        0.9905947968670683,
        0.04206389074876716,
        -16.776257953782988
      ],
      [
        0.012308452642772772,
        -0.040806875677226136,
        0.9990912375208804,
        0.8671735447256808
      ],
      [
        0.0,
        0.0,
        0.0,
        1.0
      ]
    ],
    "location": [
      -7.069909226657728,
      -16.776257953782988,
      0.8671735447256808
    ],
    "rotation": [
      -0.04082130345662649,
      -0.012308763448301788,
      -0.1305827244845065
    ]
  },
  {
    "label_id": "d7PjA3YiGitjAwIkY7FdsQ",
    "size": [
      1.895493025869959,
      4.444050083225241,
      1.4400000000000048
    ],
    "obj_class": "vehicle",
    "point_num_in_lidar": 25,
    "speed": 4.42587140431157,
    "if_vehicle": true,
    "motion_state": true,
    "pose": [
      [
        -0.9962244239492665,
        0.08654229557205328,
        -0.0068795496997805725,
        -74.29701732163448
      ],
      [
        -0.08675604323710683,
        -0.9953411566176279,
        0.04206389074876716,
        -4.246594556907439
      ],
      [
        -0.0032071932890976843,
        0.04250191784146143,
        0.9990912375208804,
        0.5183750035707675
      ],
      [
        0.0,
        0.0,
        0.0,
        1.0
      ]
    ],
    "location": [
      -74.29701732163448,
      -4.246594556907439,
      0.5183750035707675
    ],
    "rotation": [
      0.042514943045949896,
      0.003207198787368959,
      -3.0547269623744278
    ]
  },
  {
    "label_id": "fCp7_tVCmZB4bn3ObKtBIg",
    "size": [
      1.756979685770454,
      4.174253658275681,
      1.9600000000000009
    ],
    "obj_class": "vehicle",
    "point_num_in_lidar": 47,
    "speed": 5.684341886080801e-13,
    "if_vehicle": true,
    "motion_state": false,
    "pose": [
      [
        -0.9983049085857549,
        0.057792571231221966,
        -0.0068795496997805725,
        -30.938820934677096
      ],
      [
        -0.05803168814685047,
        -0.9974281689755421,
        0.04206389074876716,
        -61.512739822630465
      ],
      [
        -0.004430876258067913,
        0.042391820491477605,
        0.9990912375208804,
        3.0162408143623054
      ],
      [
        0.0,
        0.0,
        0.0,
        1.0
      ]
    ],
    "location": [
      -30.938820934677096,
      -61.512739822630465,
      3.0162408143623054
    ],
    "rotation": [
      0.04240494410256815,
      0.004430890756513775,
      -3.0835277733587496
    ]
  },
  {
    "label_id": "gu9u5G065yI_z557Du54jw",
    "size": [
      1.6400946167437989,
      3.792063663359228,
      1.470000000000006
    ],
    "obj_class": "vehicle",
    "point_num_in_lidar": 54,
    "speed": 7.105427357601002e-13,
    "if_vehicle": true,
    "motion_state": false,
    "pose": [
      [
        0.6660310292493966,
        0.7458923111769672,
        -0.0068795496997805725,
        -45.09880705567048
      ],
      [
        -0.7450569979639232,
        0.6656731171378805,
        0.04206389074876716,
        -12.748151910853267
      ],
      [
        0.03595466398085129,
        -0.022890199802973438,
        0.9990912375208804,
        0.6283750035707243
      ],
      [
        0.0,
        0.0,
        0.0,
        1.0
      ]
    ],
    "location": [
      -45.09880705567048,
      -12.748151910853267,
      0.6283750035707243
    ],
    "rotation": [
      -0.022907012962465806,
      -0.03596241515004233,
      -0.8413432946045784
    ]
  },
  {
    "label_id": "h14DkRFx53Pkx5pEtWdarQ",
    "size": [
      0.8347280264472833,
      0.12141330286285525,
      0.7900000000000063
    ],
    "obj_class": "sign",
    "point_num_in_lidar": 97,
    "speed": 0.0028646920186384496,
    "if_vehicle": false,
    "motion_state": false,
    "pose": [
      [
        -0.997329434328717,
        0.07270949881198098,
        -0.0068795496997805725,
        -33.058946659613866
      ],
      [
        -0.07293548287000635,
        -0.9964492181910701,
        0.04206389074876716,
        -15.18022757210747
      ],
      [
        -0.0037966775054281794,
        0.04245331964541461,
        0.9990912375208804,
        2.529011873166887
      ],
      [
        0.0,
        0.0,
        0.0,
        1.0
      ]
    ],
    "location": [
      -33.058946659613866,
      -15.18022757210747,
      2.529011873166887
    ],
    "rotation": [
      0.042466388414430706,
      0.0037966866268532374,
      -3.0685918239374463
    ]
  },
  {
    "label_id": "iMUAR45EX3cmZKOzXxFuBQ",
    "size": [
      2.1973917554267417,
      4.821743567278267,
      1.8300000000000054
    ],
    "obj_class": "vehicle",
    "point_num_in_lidar": 4471,
    "speed": 0.010928544384473323,
    "if_vehicle": true,
    "motion_state": false,
    "pose": [
      [
        0.998474662081614,
        -0.05478157515930908,
        -0.0068795496997805725,
        -6.795484162898902
      ],
      [
        0.05502333509861859,
        0.9975986475981716,
        0.04206389074876716,
        -6.7828962023195345
      ],
      [
        0.004558703284038953,
        -0.04237826486967185,
        0.9990912375208804,
        0.9343967046216903
      ],
      [
        0.0,
        0.0,
        0.0,
        1.0
      ]
    ],
    "location": [
      -6.795484162898902,
      -6.7828962023195345,
      0.9343967046216903
    ],
    "rotation": [
      -0.04239140052592442,
      -0.004558719073844753,
      0.05505171008707661
    ]
  },
  {
    "label_id": "jZwVlg9QhLVKBnWwkAyd5g",
    "size": [
      2.18859083032476,
      4.5476016269488415,
      1.5300000000000011
    ],
    "obj_class": "vehicle",
    "point_num_in_lidar": 481,
    "speed": 1.4210854715202004e-13,
    "if_vehicle": true,
    "motion_state": false,
    "pose": [
      [
        -0.031033143044064265,
        -0.9994946802403377,
        -0.0068795496997805725,
        -19.445771525123746
      ],
      [
        0.9986246596981497,
        -0.03129565685251415,
        0.04206389074876716,
        21.405242698428992
      ],
      [
        -0.04225793506030768,
        -0.0055647132392235,
        0.9990912375208804,
        0.36946200766464443
      ],
      [
        0.0,
        0.0,
        0.0,
        1.0
      ]
    ],
    "location": [
      -19.445771525123746,
      21.405242698428992,
      0.36946200766464443
    ],
    "rotation": [
      -0.005569717246776307,
      0.042270522076329864,
      1.6018622121099606
    ]
  },
  {
    "label_id": "kBiJBr1Jrr8D9bj824jixQ",
    "size": [
      1.9804940697809612,
      5.018761515691507,
      2.200000000000003
    ],
    "obj_class": "vehicle",
    "point_num_in_lidar": 51,
    "speed": 1.4281732235759946e-12,
    "if_vehicle": true,
    "motion_state": false,
    "pose": [
      [
        0.997234309736806,
        -0.0740027248125653,
        -0.0068795496997805725,
        -33.313848890714326
      ],
      [
        0.07422756726014396,
        0.9963538012943579,
        0.04206389074876716,
        56.18024702152252
      ],
      [
        0.003741622962943005,
        -0.04245820729375121,
        0.9990912375208804,
        -0.2016249964288619
      ],
      [
        0.0,
        0.0,
        0.0,
        1.0
      ]
    ],
    "location": [
      -33.313848890714326,
      56.18024702152252,
      -0.2016249964288619
    ],
    "rotation": [
      -0.04247127169043384,
      -0.003741631693290943,
      0.07429642017353998
    ]
  },
  {
    "label_id": "l4IU7hYAbEicJJhcNV-PYQ",
    "size": [
      1.7797335311146565,
      3.629981180814881,
      1.4200000000000017
    ],
    "obj_class": "vehicle",
    "point_num_in_lidar": 67,
    "speed": 6.355287432313019e-13,
    "if_vehicle": true,
    "motion_state": false,
    "pose": [
      [
        0.7087597318698764,
        0.7054164119693198,
        -0.0068795496997805725,
        -7.661596939420633
      ],
      [
        -0.7046036022894646,
        0.7083532965517885,
        0.04206389074876716,
        -10.276480141723368
      ],
      [
        0.03454571059409623,
        -0.02496583642790519,
        0.9990912375208804,
        0.6513215065285891
      ],
      [
        0.0,
        0.0,
        0.0,
        1.0
      ]
    ],
    "location": [
      -7.661596939420633,
      -10.276480141723368,
      0.6513215065285891
    ],
    "rotation": [
      -0.0249833458505793,
      -0.03455258546384316,
      -0.7824575765713045
    ]
  },
  {
    "label_id": "lbLwsu8SH-0HdB69pypZYw",
    "size": [
      2.3173562574813897,
      5.409726554449852,
      1.8200000000000074
    ],
    "obj_class": "vehicle",
    "point_num_in_lidar": 846,
    "speed": 0.0034483530877211996,
    "if_vehicle": true,
    "motion_state": false,
    "pose": [
      [
        -0.734574539521439,
        0.6784931227969774,
        -0.0068795496997805725,
        -29.700152148042434
      ],
      [
        -0.6781211996039636,
        -0.7337453698271339,
        0.04206389074876716,
        13.419987726252657
      ],
      [
        0.02349222285241227,
        0.03556423167240604,
        0.9990912375208804,
        0.8888349873782673
      ],
      [
        0.0,
        0.0,
        0.0,
        1.0
      ]
    ],
    "location": [
      -29.700152148042434,
      13.419987726252657,
      0.8888349873782673
    ],
    "rotation": [
      0.03558155692412762,
      -0.023494384221639512,
      -2.3961346674754456
    ]
  },
  {
    "label_id": "mwo7eouCPfeT1MgWe_mMaw",
    "size": [
      2.0225976853632934,
      4.369351698540099,
      1.6400000000000006
    ],
    "obj_class": "vehicle",
    "point_num_in_lidar": 416,
    "speed": 1.1718571004216928e-12,
    "if_vehicle": true,
    "motion_state": false,
    "pose": [
      [
        -0.7491873099682327,
        0.6623224640448877,
        -0.0068795496997805725,
        -30.311422555172612
      ],
      [
        -0.6619687003237018,
        -0.7483502314336683,
        0.04206389074876716,
        24.832416113662475
      ],
      [
        0.0227115471580482,
        0.036067779730442555,
        0.9990912375208804,
        0.5973624570373914
      ],
      [
        0.0,
        0.0,
        0.0,
        1.0
      ]
    ],
    "location": [
      -30.311422555172612,
      24.832416113662475,
      0.5973624570373914
    ],
    "rotation": [
      0.0360849161159391,
      -0.022713500101807074,
      -2.4179224658755807
    ]
  },
  {
    "label_id": "nYdzmhTworH_S2TfHST-Dg",
    "size": [
      1.9920168101363582,
      4.1598452828099,
      1.3999999999999986
    ],
    "obj_class": "vehicle",
    "point_num_in_lidar": 106,
    "speed": 4.2122995751129855,
    "if_vehicle": true,
    "motion_state": true,
    "pose": [
      [
        0.9985495446170704,
        -0.05339923914223626,
        -0.0068795496997805725,
        -43.913382312023714
      ],
      [
        0.0536422116001119,
        0.9976738656643888,
        0.04206389074876716,
        -7.2603335494513885
      ],
      [
        0.004617367181664052,
