[
  {
    "label_id": "-37Tr49YQag_EecI_gdFqA",
    "size": [
      2.0614844075240484,
      4.778170597256613,
      1.470000000000006
    ],
    "obj_class": "vehicle",
    "point_num_in_lidar": 216,
    "speed": 3.1776437161565096e-13,
    "if_vehicle": true,
    "motion_state": false,
    "pose": [
      [
        0.6660323080177447,
        0.7458937432761875,
        -0.006594574890988497,
        -38.09545921678273
      ],
      [
        -0.7451016709290609,
        0.6656877757226913,
        0.041027859219038995,
        -12.74363263278974
      ],
      [
        0.034992351382516274,
        -0.022412250998341286,
        0.9991362401344023,
        0.6283750035707101
      ],
      [
        0.0,
        0.0,
        0.0,
        1.0
      ]
    ],
    "location": [
      -38.09545921678273,
      -12.74363263278974,
      0.6283750035707101
    ],
    "rotation": [
      -0.0224278653065258,
      -0.034999496469803756,
      -0.8413721317246785
    ]
  },
  {
    "label_id": "16PzcXDMMYoq8hgoqYjC-Q",
    "size": [
      0.5305112011630266,
      0.12094541017995653,
      0.5700000000000003
    ],
    "obj_class": "sign",
    "point_num_in_lidar": 34,
    "speed": 0.004761248097993698,
    "if_vehicle": false,
    "motion_state": false,
    "pose": [
      [
        -0.027746728251900356,
        -0.999593232596801,
        -0.006594574890988497,
        -28.915351716369514
      ],
      [
        0.9987657516324492,
        -0.0279944304098493,
        0.041027859219038995,
        -25.447240437246364
      ],
      [
        -0.04119578179115397,
        -0.005448046687186702,
        0.9991362401344023,
        3.0438266195065466
      ],
      [
        0.0,
        0.0,
        0.0,
        1.0
      ]
    ],
    "location": [
      -28.915351716369514,
      -25.447240437246364,
      3.0438266195065466
    ],
    "rotation": [
      -0.005452702518963899,
      0.041207442873776645,
      1.5985702000395237
    ]
  },
  {
    "label_id": "5TfIhDaGwG7wy8E9HfiYNA",
    "size": [
      2.075345501807035,
      4.400591282594326,
      1.4400000000000048
    ],
    "obj_class": "vehicle",
    "point_num_in_lidar": 322,
    "speed": 0.339737103687201,
    "if_vehicle": true,
    "motion_state": false,
    "pose": [
      [
        -0.9998339966727084,
        -0.01698501337902511,
        -0.006594574890988497,
        -35.393701701191276
      ],
      [
        0.0167005523105888,
        -0.9990184214119499,
        0.041027859219038995,
        -1.394414785605477
      ],
      [
        -0.007284960535226346,
        0.04091091541496394,
        0.9991362401344023,
        0.7198029818226885
      ],
      [
        0.0,
        0.0,
        0.0,
        1.0
      ]
    ],
    "location": [
      -35.393701701191276,
      -1.394414785605477,
      0.7198029818226885
    ],
    "rotation": [
      0.0409234226763961,
      0.007285024973030386,
      3.1248908816268606
    ]
  },
  {
    "label_id": "5rFZom3Q5U-Yz4kJWFjfhw",
    "size": [
      1.4719569154579244,
      3.3250731876028397,
      1.470000000000006
    ],
    "obj_class": "vehicle",
    "point_num_in_lidar": 26,
    "speed": 3.1776437161565096e-13,
    "if_vehicle": true,
    "motion_state": false,
    "pose": [
      [
        0.7870449944467236,
        0.616860347484229,
        -0.006594574890988497,
        -54.9652423478874
      ],
      [
        -0.6161413793780707,
        0.7865662816228467,
        0.041027859219038995,
        -12.831983628664602
      ],
      [
        0.030495529745278634,
        -0.028227580761463863,
        0.9991362401344023,
        0.7583750035707837
      ],
      [
        0.0,
        0.0,
        0.0,
        1.0
      ]
    ],
    "location": [
      -54.9652423478874,
      -12.831983628664602,
      0.7583750035707837
    ],
    "rotation": [
      -0.028244470617056205,
      -0.030500258416357492,
      -0.6641983188083007
    ]
  },
  {
    "label_id": "6HLGrqQfQYMsQDDAwvTpnQ",
    "size": [
      2.1261302656461303,
      4.611272155748338,
      1.6300000000000026
    ],
    "obj_class": "vehicle",
    "point_num_in_lidar": 501,
    "speed": 8.987733679556354e-13,
    "if_vehicle": true,
    "motion_state": false,
    "pose": [
      [
        -0.749188748394602,
        0.6623237356919477,
        -0.006594574890988497,
        -30.089948332831227
      ],
      [
        -0.6619831371047914,
        -0.7483949765710629,
        0.041027859219038995,
        20.67335119055133
      ],
      [
        0.022238378264359763,
        0.03510310787183081,
        0.9991362401344023,
        0.6863380560929144
      ],
      [
        0.0,
        0.0,
        0.0,
        1.0
      ]
    ],
    "location": [
      -30.089948332831227,
      20.67335119055133,
      0.6863380560929144
    ],
    "rotation": [
      0.03511900966384686,
      -0.022240211653932015,
      -2.4179125972301834
    ]
  },
  {
    "label_id": "9CUNhZDZ4nxh6om0TTTJvA",
    "size": [
      1.7909447756732741,
      4.163788843312304,
      1.7600000000000051
    ],
    "obj_class": "vehicle",
    "point_num_in_lidar": 20,
    "speed": 6.355287432313019e-13,
    "if_vehicle": true,
    "motion_state": false,
    "pose": [
      [
        0.9987229088205631,
        -0.05009054780096028,
        -0.006594574890988497,
        -31.525463333779044
      ],
      [
        0.05031968567844768,
        0.9978900961534417,
        0.041027859219038995,
        -39.2057792502801
      ],
      [
        0.004525553028677242,
        -0.041307299837616704,
        0.9991362401344023,
        1.7796430034504525
      ],
      [
        0.0,
        0.0,
        0.0,
        1.0
      ]
    ],
    "location": [
      -31.525463333779044,
      -39.2057792502801,
      1.7796430034504525
    ],
    "rotation": [
      -0.041319479293735355,
      -0.004525568476515964,
      0.0503414613632206
    ]
  },
  {
    "label_id": "9s8YOLhpbgSWdr7GIkOUUQ",
    "size": [
      1.9175413712082285,
      4.427614966261043,
      1.4400000000000048
    ],
    "obj_class": "vehicle",
    "point_num_in_lidar": 1435,
    "speed": 1.449228509952941e-12,
    "if_vehicle": true,
    "motion_state": false,
    "pose": [
      [
        -0.048237186343856396,
        -0.9988141395853561,
        -0.006594574890988497,
        -18.652471023929138
      ],
      [
        0.9979817535506639,
        -0.04846786923153264,
        0.041027859219038995,
        9.999034006292277
      ],
      [
        -0.04129883089834754,
        -0.004602196923191588,
        0.9991362401344023,
        0.5761387631605572
      ],
      [
        0.0,
        0.0,
        0.0,
        1.0
      ]
    ],
    "location": [
      -18.652471023929138,
      9.999034006292277,
      0.5761387631605572
    ],
    "rotation": [
      -0.004606142976999118,
      0.041310579753829096,
      1.6190934765997367
    ]
  },
  {
    "label_id": "9yvoP8LddkU2qWg-ZQW66A",
    "size": [
      0.358802790561309,
      0.07909095543237712,
      0.6700000000000017
    ],
    "obj_class": "sign",
    "point_num_in_lidar": 36,
    "speed": 0.0024326466675721457,
    "if_vehicle": false,
    "motion_state": false,
    "pose": [
      [
        0.9999781189198853,
        -0.000522746071284527,
        -0.006594574890988497,
        -40.46574803632666
      ],
      [
        0.0007928843955598823,
        0.9991576883066247,
        0.041027859219038995,
        2.6232241040925146
      ],
      [
        0.006567573051225011,
        -0.0410321902206909,
        0.9991362401344023,
        2.793971342943202
      ],
      [
        0.0,
        0.0,
        0.0,
        1.0
      ]
    ],
    "location": [
      -40.46574803632666,
      2.6232241040925146,
      2.793971342943202
    ],
    "rotation": [
      -0.04104459855889325,
      -0.0065676202653467824,
      0.0007929015789425802
    ]
  },
  {
    "label_id": "DQe9EgHTvbMojU92WrDD-w",
    "size": [
      2.2950943813676523,
      6.332258661657688,
      2.200000000000003
    ],
    "obj_class": "vehicle",
    "point_num_in_lidar": 311,
    "speed": 0.17738516589885628,
    "if_vehicle": true,
    "motion_state": false,
    "pose": [
      [
        -0.9582734914227112,
        0.2857768836322036,
        -0.006594574890988497,
        -43.52297965157959
      ],
      [
        -0.2858017418074565,
        -0.957410089328354,
        0.041027859219038995,
        0.48823762102256296
      ],
      [
        0.0054111012142539225,
        0.0412006508897522,
        0.9991362401344023,
        1.1383750035707436
      ],
      [
        0.0,
        0.0,
        0.0,
        1.0
      ]
    ],
    "location": [
      -43.52297965157959,
      0.48823762102256296,
      1.1383750035707436
    ],
    "rotation": [
      0.041212919813514715,
      -0.0054111276207905274,
      -2.85174532425895
    ]
  },
  {
    "label_id": "Dv2qrMqPdIlySEkg-zfx5g",
    "size": [
      2.0189104259503337,
      4.819514428686471,
      1.4200000000000017
    ],
    "obj_class": "vehicle",
    "point_num_in_lidar": 46,
    "speed": 1.8198773652309366e-12,
    "if_vehicle": true,
    "motion_state": false,
    "pose": [
      [
        0.054530254402216344,
        0.9984903419346812,
        -0.006594574890988497,
        -30.90462370171099
      ],
      [
        -0.9976565187788451,
        0.05475568743042825,
        0.041027859219038995,
        42.10468166671308
      ],
      [
        0.04132701166193373,
        0.004341861027777453,
        0.9991362401344023,
        -0.005204037037621845
      ],
      [
        0.0,
        0.0,
        0.0,
        1.0
      ]
    ],
    "location": [
      -30.90462370171099,
      42.10468166671308,
      -0.005204037037621845
    ],
    "rotation": [
      0.004345587240840324,
      -0.04133878459710857,
      -1.516192315460044
    ]
  },
  {
    "label_id": "FYseW0mhs-5FpUAHNuYuAA",
    "size": [
      1.9505814467950076,
      4.170013394086709,
      1.9500000000000028
    ],
    "obj_class": "vehicle",
    "point_num_in_lidar": 68,
    "speed": 8.526512829121202e-13,
    "if_vehicle": true,
    "motion_state": false,
    "pose": [
      [
        0.08125806250633184,
        0.9966712792389094,
        -0.006594574890988497,
        -24.17604185784785
      ],
      [
        -0.9958317164484106,
        0.0814610783338603,
        0.041027859219038995,
        -70.72635088365132
      ],
      [
        0.041428490114046805,
        0.0032332424840190114,
        0.9991362401344023,
        3.235249829692556
      ],
      [
        0.0,
        0.0,
        0.0,
        1.0
      ]
    ],
    "location": [
      -24.17604185784785,
      -70.72635088365132,
      3.235249829692556
    ],
    "rotation": [
      0.003236026347666354,
      -0.04144035003253157,
      -1.4893785206009837
    ]
  },
  {
    "label_id": "Go_3rbTk6d2Upk1krZLsKw",
    "size": [
      2.1025838945668656,
      4.719586221317513,
      1.8100000000000023
    ],
    "obj_class": "vehicle",
    "point_num_in_lidar": 404,
    "speed": 0.0019688793798999025,
    "if_vehicle": true,
    "motion_state": false,
    "pose": [
      [
        -0.998133732143436,
        0.06070884893837591,
        -0.006594574890988497,
        -36.65082379753767
      ],
      [
        -0.06092911713248778,
        -0.9972985297559395,
        0.041027859219038995,
        1.2033118457311502
      ],
      [
        -0.004086005735554671,
        0.041353091870126875,
        0.9991362401344023,
        0.8700572492663667
      ],
      [
        0.0,
        0.0,
        0.0,
        1.0
      ]
    ],
    "location": [
      -36.65082379753767,
      1.2033118457311502,
      0.8700572492663667
    ],
    "rotation": [
      0.04136523262340629,
      0.004086017105252646,
      -3.080625265325563
    ]
  },
  {
    "label_id": "HILMjKmKIoQMgeZ6T8zTSg",
    "size": [
      0.7527797330444929,
      0.1029191474772233,
      0.7700000000000031
    ],
    "obj_class": "sign",
    "point_num_in_lidar": 113,
    "speed": 0.0054359825621344855,
    "if_vehicle": false,
    "motion_state": false,
    "pose": [
      [
        0.9905391606882815,
        0.13707181593953652,
        -0.006594574890988497,
        -12.173253582071084
      ],
      [
        -0.1366913617439529,
        0.9897637023009516,
        0.041027859219038995,
        4.24148015868559
      ],
      [
        0.012150834026470998,
        -0.03973827981369216,
        0.9991362401344023,
        2.449703726446053
      ],
      [
        0.0,
        0.0,
        0.0,
        1.0
      ]
    ],
    "location": [
      -12.173253582071084,
      4.24148015868559,
      2.449703726446053
    ],
    "rotation": [
      -0.039751682089253004,
      -0.01215113304346515,
      -0.1371308375338144
    ]
  },
  {
    "label_id": "Ko333JMTQxrLsIbw6vT5jw",
    "size": [
      2.002767809712555,
      4.87247641867594,
      1.6600000000000037
    ],
    "obj_class": "vehicle",
    "point_num_in_lidar": 344,
    "speed": 8.987733679556354e-13,
    "if_vehicle": true,
    "motion_state": false,
    "pose": [
      [
        0.6317606873720846,
        -0.7751354368580747,
        -0.006594574890988497,
        -16.49768922657222
      ],
      [
        0.7746705251596154,
        0.6310327188164085,
        0.041027859219038995,
        -22.47861869105327
      ],
      [
        -0.02764075505620249,
        -0.031028411335631664,
        0.9991362401344023,
        0.8984210136833326
      ],
      [
        0.0,
        0.0,
        0.0,
        1.0
      ]
    ],
    "location": [
      -16.49768922657222,
      -22.47861869105327,
      0.8984210136833326
    ],
    "rotation": [
      -0.031045257865425092,
      0.027644275908542397,
      0.8866622823470975
    ]
  },
  {
    "label_id": "Kv6PR2TsyeCAv99_HjOO4w",
    "size": [
      2.050381149288724,
      4.811895084353816,
      1.4500000000000028
    ],
    "obj_class": "vehicle",
    "point_num_in_lidar": 276,
    "speed": 7.105427357601002e-13,
    "if_vehicle": true,
    "motion_state": false,
    "pose": [
      [
        -0.7491887483947781,
        0.6623237356917483,
        -0.006594574890988497,
        -30.424235401847
      ],
      [
        -0.6619831371045923,
        -0.748394976571239,
        0.041027859219038995,
        16.41323353707776
      ],
      [
        0.022238378264350427,
        0.03510310787183672,
        0.9991362401344023,
        0.5763380560928368
      ],
      [
        0.0,
        0.0,
        0.0,
        1.0
      ]
    ],
    "location": [
      -30.424235401847,
      16.41323353707776,
      0.5763380560928368
    ],
    "rotation": [
      0.03511900966385277,
      -0.02224021165392268,
      -2.4179125972304494
    ]
  },
  {
    "label_id": "NkwybbFSpKDWgnn8QF5B7w",
    "size": [
      1.8052124283528135,
      3.74252247910149,
      1.6600000000000037
    ],
    "obj_class": "vehicle",
    "point_num_in_lidar": 109,
    "speed": 1.449228509952941e-12,
    "if_vehicle": true,
    "motion_state": false,
    "pose": [
      [
        0.6766290085949072,
        -0.7362945716966003,
        -0.006594574890988497,
        -15.236838825013365
      ],
      [
        0.7358736615952739,
        0.6758747435274285,
        0.041027859219038995,
        -32.92616896156869
      ],
      [
        -0.02575148341819146,
        -0.032613413679845736,
        0.9991362401344023,
        1.345190687800006
      ],
      [
        0.0,
        0.0,
        0.0,
        1.0
      ]
    ],
    "location": [
      -15.236838825013365,
      -32.92616896156869,
      1.345190687800006
    ],
    "rotation": [
      -0.03263002266185018,
      0.025754330402906134,
      0.8273166315505908
    ]
  },
  {
    "label_id": "OXd0i5MfXfgVle65_zBBXw",
    "size": [
      2.0389075321438432,
      4.734929776064892,
      1.470000000000006
    ],
    "obj_class": "vehicle",
    "point_num_in_lidar": 1017,
    "speed": 5.123796534383003e-13,
    "if_vehicle": true,
    "motion_state": false,
    "pose": [
      [
        -0.6583156071652562,
        0.7527131412062946,
        -0.006594574890988497,
        -29.42500382864364
      ],
      [
        -0.7522738077224657,
        -0.6575719222888441,
        0.041027859219038995,
        10.160813417951431
      ],
      [
        0.026545801501987425,
        0.03197020601602719,
        0.9991362401344023,
        0.7111040917552174
      ],
      [
        0.0,
        0.0,
        0.0,
        1.0
      ]
    ],
    "location": [
      -29.42500382864364,
      10.160813417951431,
      0.7111040917552174
    ],
    "rotation": [
      0.03198693071403756,
      -0.02654892020507816,
      -2.2896835615366573
    ]
  },
  {
    "label_id": "QfXrH-AG6fWpRUmyN1WzLw",
    "size": [
      0.4456629209226205,
      0.0696207456306018,
      0.15000000000000568
    ],
    "obj_class": "sign",
    "point_num_in_lidar": 178,
    "speed": 0.00530266316281238,
    "if_vehicle": false,
    "motion_state": false,
    "pose": [
      [
        0.9905391606874921,
        0.1370718159452401,
        -0.006594574890988497,
        -12.173476033512088
      ],
      [
        -0.13669136174965202,
        0.9897637023001645,
        0.041027859219038995,
        4.24069840015909
      ],
      [
        0.012150834026699813,
        -0.03973827981362219,
        0.9991362401344023,
        1.9707119837716505
      ],
      [
        0.0,
        0.0,
        0.0,
        1.0
      ]
    ],
    "location": [
      -12.173476033512088,
      4.24069840015909,
      1.9707119837716505
    ],
    "rotation": [
      -0.03975168208918309,
      -0.012151133043693982,
      -0.13713083753956834
    ]
  },
  {
    "label_id": "RqRoUISiOVfgjg-WLH6oig",
    "size": [
      1.8839428583990752,
      4.431572760151295,
      1.5400000000000063
    ],
    "obj_class": "vehicle",
    "point_num_in_lidar": 464,
    "speed": 8.526512829121202e-13,
    "if_vehicle": true,
    "motion_state": false,
    "pose": [
      [
        0.0770951655264742,
        0.997001929303275,
        -0.006594574890988497,
        -27.180027917686857
      ],
      [
        -0.9961632216459356,
        0.07730168567303988,
        0.041027859219038995,
        -22.568215481927837
      ],
      [
        0.04141462655193555,
        0.0034062233711038034,
        0.9991362401344023,
        0.8311387631611424
      ],
      [
        0.0,
        0.0,
        0.0,
        1.0
      ]
    ],
    "location": [
      -27.180027917686857,
      -22.568215481927837,
      0.8311387631611424
    ],
    "rotation": [
      0.003409154866150707,
      -0.041426474561921924,
      -1.4935581863073297
    ]
  },
  {
    "label_id": "SYZ9P7-R7Vyu8C5_pRukog",
    "size": [
      2.102648127001646,
      4.699895119369667,
      1.6800000000000068
    ],
    "obj_class": "vehicle",
    "point_num_in_lidar": 52,
    "speed": 7.105427357601002e-13,
    "if_vehicle": true,
    "motion_state": false,
    "pose": [
      [
        0.0678610264672166,
        0.9976729888439513,
        -0.006594574890988497,
        -25.60592454755897
      ],
      [
        -0.996836229220926,
        0.06807530301444455,
        0.041027859219038995,
        -47.5618042351507
      ],
      [
        0.041381314616882985,
        0.0037895185272915303,
        0.9991362401344023,
        1.9650366940340476
      ],
      [
        0.0,
        0.0,
        0.0,
        1.0
      ]
    ],
    "location": [
      -25.60592454755897,
      -47.5618042351507,
      1.9650366940340476
    ],
    "rotation": [
      0.0037927764043769723,
      -0.04139313404526199,
      -1.5028247950872249
    ]
  },
  {
    "label_id": "SwUfSWt1LE_xpCIjLv06Pg",
    "size": [
      0.8137902785163578,
      0.1125742801911172,
      0.7600000000000051
    ],
    "obj_class": "sign",
    "point_num_in_lidar": 29,
    "speed": 0.00012621633886210972,
    "if_vehicle": false,
    "motion_state": false,
    "pose": [
      [
        -0.10674137624721547,
        -0.9942649496883904,
        -0.006594574890988497,
        -30.634548618436384
      ],
      [
        0.9934204657290563,
        -0.10692283684306107,
        0.041027859219038995,
        6.662690847237172
      ],
      [
        -0.041497673037358684,
        -0.0021718155019737045,
        0.9991362401344023,
        2.6783750035703733
      ],
      [
        0.0,
        0.0,
        0.0,
        1.0
      ]
    ],
    "location": [
      -30.634548618436384,
      6.662690847237172,
      2.6783750035703733
    ],
    "rotation": [
      -0.0021736896272766594,
      0.0415095925018422,
      1.677834001801562
    ]
  },
  {
    "label_id": "TgdBnuHVxPOTzl8OMUYiRg",
    "size": [
      0.8323629950249491,
      0.11670498628292902,
      0.7900000000000063
    ],
    "obj_class": "sign",
    "point_num_in_lidar": 175,
    "speed": 0.0012953437426936984,
    "if_vehicle": false,
    "motion_state": false,
    "pose": [
      [
        0.11622341674758037,
        0.9932012026681831,
        -0.006594574890988497,
        -15.453208911903857
      ],
      [
        -0.99235502572342,
        0.11639681133679436,
        0.041027859219038995,
        -18.320884013008254
      ],
      [
        0.04151650660868318,
        0.0017757615553064831,
        0.9991362401344023,
        2.872663216120557
      ],
      [
        0.0,
        0.0,
        0.0,
        1.0
      ]
    ],
    "location": [
      -15.453208911903857,
      -18.320884013008254,
      2.872663216120557
    ],
    "rotation": [
      0.0017772948415146316,
      -0.04152844231776104,
      -1.4542086741835873
    ]
  },
  {
    "label_id": "VFli2h3FNYZuybkEBpincg",
    "size": [
      1.937688012905816,
      4.437301692662093,
      1.4500000000000028
    ],
    "obj_class": "vehicle",
    "point_num_in_lidar": 108,
    "speed": 0.0,
    "if_vehicle": true,
    "motion_state": false,
    "pose": [
      [
        0.07927316679450128,
        0.9968311173957093,
        -0.006594574890988497,
        -30.329576969248592
      ],
      [
        -0.9959919605481327,
        0.07947785409401623,
        0.041027859219038995,
        31.128344960074173
      ],
      [
        0.04142196941066654,
        0.0033157352475649262,
        0.9991362401344023,
        0.24633805609294512
      ],
      [
        0.0,
        0.0,
        0.0,
        1.0
      ]
    ],
    "location": [
      -30.329576969248592,
      31.128344960074173,
      0.24633805609294512
    ],
    "rotation": [
      0.00331858953990648,
      -0.041433823727014686,
      -1.4913715853450842
    ]
  },
  {
    "label_id": "VtnkMTVF6siiRfuCfGB2eg",
    "size": [
      1.843113197678556,
      4.467267803468969,
      1.6800000000000068
    ],
    "obj_class": "vehicle",
    "point_num_in_lidar": 56,
    "speed": 7.105427357601002e-13,
    "if_vehicle": true,
    "motion_state": false,
    "pose": [
      [
        0.06786102646835525,
        0.9976729888438739,
        -0.006594574890988497,
        -24.93471227612099
      ],
      [
        -0.9968362292208484,
        0.06807530301558225,
        0.041027859219038995,
        -56.44369622397244
      ],
      [
        0.04138131461688731,
        0.0037895185272443016,
        0.9991362401344023,
        2.321138763161045
      ],
      [
        0.0,
        0.0,
        0.0,
        1.0
      ]
    ],
    "location": [
      -24.93471227612099,
      -56.44369622397244,
      2.321138763161045
    ],
    "rotation": [
      0.0037927764043297033,
      -0.04139313404526631,
      -1.5028247950860827
    ]
  },
  {
    "label_id": "WBKuczfAjn8i-8Q33iEfTg",
    "size": [
      1.990351692140309,
      3.944358340693,
      1.6600000000000037
    ],
    "obj_class": "vehicle",
    "point_num_in_lidar": 127,
    "speed": 8.644125458514253e-13,
    "if_vehicle": true,
    "motion_state": false,
    "pose": [
      [
        0.6766290085949103,
        -0.7362945716965975,
        -0.006594574890988497,
        -15.211251894695124
      ],
      [
        0.7358736615952711,
        0.6758747435274315,
        0.041027859219038995,
        -28.979883525844343
      ],
      [
        -0.025751483418191327,
        -0.03261341367984585,
        0.9991362401344023,
        1.1683903374968097
      ],
      [
        0.0,
        0.0,
        0.0,
        1.0
      ]
    ],
    "location": [
      -15.211251894695124,
      -28.979883525844343,
      1.1683903374968097
    ],
    "rotation": [
      -0.03263002266185029,
      0.025754330402906003,
      0.8273166315505865
    ]
  },
  {
    "label_id": "Zwj9I-PqljydaE_gb0MbTw",
    "size": [
      1.9379139095436422,
      4.488067844332695,
      2.0
    ],
    "obj_class": "vehicle",
    "point_num_in_lidar": 36,
    "speed": 2.8421709430404007e-13,
    "if_vehicle": true,
    "motion_state": false,
    "pose": [
      [
        -0.9990877416892902,
        0.042192368838466866,
        -0.006594574890988497,
        -30.91986498436927
      ],
      [
        -0.0424280843623484,
        -0.9982567667815954,
        0.041027859219038995,
        -64.57268496805773
      ],
      [
        -0.004852016440154883,
        0.04127022639330448,
        0.9991362401344023,
        3.2762402040104917
      ],
      [
        0.0,
        0.0,
        0.0,
        1.0
      ]
    ],
    "location": [
      -30.91986498436927,
      -64.57268496805773,
      3.2762402040104917
    ],
    "rotation": [
      0.04128243705661836,
      0.0048520354781031215,
      -3.0991513295915802
    ]
  },
  {
    "label_id": "bjU_LRF_XLFwrTt9DcYXOQ",
    "size": [
      0.3017444110824617,
      0.07692972936776284,
      0.6400000000000006
    ],
    "obj_class": "sign",
    "point_num_in_lidar": 99,
    "speed": 0.004995738757718033,
    "if_vehicle": false,
    "motion_state": false,
    "pose": [
      [
        -0.6086123479275201,
        -0.7934403074788666,
        -0.006594574890988497,
        -4.694610110362191
      ],
      [
        0.7926247686406597,
        -0.6083277824538705,
        0.041027859219038995,
        -13.546157669883542
      ],
      [
        -0.03656482035361496,
        0.01974303833248581,
        0.9991362401344023,
        2.718688446697186
      ],
      [
        0.0,
        0.0,
        0.0,
        1.0
      ]
    ],
    "location": [
      -4.694610110362191,
      -13.546157669883542,
      2.718688446697186
    ],
    "rotation": [
      0.019757535066051102,
      0.03657297303559553,
      2.2256202662911093
    ]
  },
  {
    "label_id": "cvsSzEWkCO_fUj4Y4e3xgA",
    "size": [
      0.7530615077670486,
      0.8484543407193996,
      1.7100000000000009
    ],
    "obj_class": "pedestrian",
    "point_num_in_lidar": 23,
    "speed": 0.18090081636793484,
    "if_vehicle": false,
    "motion_state": false,
    "pose": [
      [
        0.9784517712878056,
        -0.20637015977549414,
        -0.006594574890988497,
        -7.124417647745759
      ],
      [
        0.20646561555068751,
        0.9775933021267988,
        0.041027859219038995,
        -16.728684734467606
      ],
      [
        -0.002020113618475638,
        -0.04150533448917847,
        0.9991362401344023,
        0.8664760364960813
      ],
      [
        0.0,
        0.0,
        0.0,
        1.0
      ]
    ],
    "location": [
      -7.124417647745759,
      -16.728684734467606,
      0.8664760364960813
    ],
    "rotation": [
      -0.04151734532215302,
      0.002020114992444645,
      0.20796179101918522
    ]
  },
  {
    "label_id": "d7PjA3YiGitjAwIkY7FdsQ",
    "size": [
      1.895493025869172,
      4.444050083225241,
      1.4400000000000048
    ],
    "obj_class": "vehicle",
    "point_num_in_lidar": 28,
    "speed": 3.9734320250969994,
    "if_vehicle": true,
    "motion_state": true,
    "pose": [
      [
        -0.930031193567872,
        0.36742140734138845,
        -0.006594574890988497,
        -72.60643972663547
      ],
      [
        -0.367371650327546,
        -0.9291688680232018,
        0.041027859219038995,
        -3.948600928111773
      ],
      [
        0.008947040087909655,
        0.0405798487399285,
        0.9991362401344023,
        0.518375003570732
      ],
      [
        0.0,
        0.0,
        0.0,
        1.0
      ]
    ],
    "location": [
      -72.60643972663547,
      -3.948600928111773,
      0.518375003570732
    ],
    "rotation": [
      0.04059261993914503,
      -0.008947159459929946,
      -2.765395362074215
    ]
  },
  {
    "label_id": "fCp7_tVCmZB4bn3ObKtBIg",
    "size": [
      1.7569796857704492,
      4.174253658275681,
      1.9600000000000009
    ],
    "obj_class": "vehicle",
    "point_num_in_lidar": 24,
    "speed": 5.684341886080801e-13,
    "if_vehicle": true,
    "motion_state": false,
    "pose": [
      [
        -0.9983068253132753,
        0.05779268219192407,
        -0.006594574890988497,
        -30.938820934677096
      ],
      [
        -0.05801538937273355,
        -0.9974722699723703,
        0.041027859219038995,
        -61.512739822632284
      ],
      [
        -0.0042067955571561694,
        0.04134097871640716,
        0.9991362401344023,
        3.0162408143622343
      ],
      [
        0.0,
        0.0,
        0.0,
        1.0
      ]
    ],
    "location": [
      -30.938820934677096,
      -61.512739822632284,
      3.0162408143622343
    ],
    "rotation": [
      0.041353129724417396,
      0.004206807965288828,
      -3.08354415604167
    ]
  },
  {
    "label_id": "gu9u5G065yI_z557Du54jw",
    "size": [
      1.6400946167438024,
      3.792063663359228,
      1.470000000000006
    ],
    "obj_class": "vehicle",
    "point_num_in_lidar": 52,
    "speed": 7.105427357601002e-13,
    "if_vehicle": true,
    "motion_state": false,
    "pose": [
      [
        0.6660323080170278,
        0.7458937432768276,
        -0.006594574890988497,
        -45.09880705566866
      ],
      [
        -0.7451016709297007,
        0.6656877757219753,
        0.041027859219038995,
        -12.748151910855086
      ],
      [
        0.03499235138253782,
        -0.02241225099830766,
        0.9991362401344023,
        0.6283750035706177
      ],
      [
        0.0,
        0.0,
        0.0,
        1.0
      ]
    ],
    "location": [
      -45.09880705566866,
      -12.748151910855086,
      0.6283750035706177
    ],
    "rotation": [
      -0.02242786530649216,
      -0.03499949646982531,
      -0.84137213172564
    ]
  },
  {
    "label_id": "h14DkRFx53Pkx5pEtWdarQ",
    "size": [
      0.8347280264472831,
      0.12141330286285525,
      0.7900000000000063
    ],
    "obj_class": "sign",
    "point_num_in_lidar": 95,
    "speed": 0.002864691995548621,
    "if_vehicle": false,
    "motion_state": false,
    "pose": [
      [
        -0.9973313491833428,
        0.07270963841293777,
        -0.006594574890988497,
        -33.05979865233894
      ],
      [
        -0.07291984517077006,
        -0.9964935579060077,
        0.041027859219038995,
        -15.180993533347646
      ],
      [
        -0.0035883305873255092,
        0.04139924556904634,
        0.9991362401344023,
        2.530469556749857
      ],
      [
        0.0,
        0.0,
        0.0,
        1.0
      ]
    ],
    "location": [
      -33.05979865233894,
      -15.180993533347646,
      2.530469556749857
    ],
    "rotation": [
      0.04141134713846846,
      0.003588338287997185,
      -3.0686075597507494
    ]
  },
  {
    "label_id": "iMUAR45EX3cmZKOzXxFuBQ",
    "size": [
      2.197391755426741,
      4.821743567278267,
      1.8300000000000054
    ],
    "obj_class": "vehicle",
    "point_num_in_lidar": 5700,
    "speed": 0.010928544291700037,
    "if_vehicle": true,
    "motion_state": false,
    "pose": [
      [
        0.9984765791350582,
        -0.05478168033895096,
        -0.006594574890988497,
        -6.7978861651645275
      ],
      [
        0.05500690339683367,
        0.9976426992398603,
        0.041027859219038995,
        -6.779244737457702
      ],
      [
        0.004331454425856295,
        -0.0413281036662326,
        0.9991362401344023,
        0.9343967046214914
      ],
      [
        0.0,
        0.0,
        0.0,
        1.0
      ]
    ],
    "location": [
      -6.7978861651645275,
      -6.779244737457702,
      0.9343967046214914
    ],
    "rotation": [
      -0.04134026556068922,
      -0.0043314679700658335,
      0.055035197640036566
    ]
  },
  {
    "label_id": "jMGHvd_g07NfKjTg9VxCWQ",
    "size": [
      0.8940892438956556,
      0.9789737546767773,
      1.7464521148686387
    ],
    "obj_class": "pedestrian",
    "point_num_in_lidar": 21,
    "speed": 1.5367012103260285,
    "if_vehicle": false,
    "motion_state": true,
    "pose": [
      [
        -0.9993687126901579,
        0.034909707504126336,
        -0.006594574890988497,
        -56.80573256353455
      ],
      [
        -0.03515147307014628,
        -0.9985394777918906,
        0.041027859219038995,
        -18.09332332869053
      ],
      [
        -0.005152672803050044,
        0.041233767873853674,
        0.9991362401344023,
        0.9298946301076754
      ],
      [
        0.0,
        0.0,
        0.0,
        1.0
      ]
    ],
    "location": [
      -56.80573256353455,
      -18.09332332869053,
      0.9298946301076754
    ],
    "rotation": [
      0.04124600911618929,
      0.005152695603931399,
      -3.106433470544555
    ]
  },
  {
    "label_id": "jZwVlg9QhLVKBnWwkAyd5g",
    "size": [
      2.188590830324761,
      4.5476016269488415,
      1.5300000000000011
    ],
    "obj_class": "vehicle",
    "point_num_in_lidar": 465,
    "speed": 1.4210854715202004e-13,
    "if_vehicle": true,
    "motion_state": false,
    "pose": [
      [
        -0.03103320262714306,
        -0.9994965992521984,
        -0.006594574890988497,
        -19.445771525122836
      ],
      [
        0.9986683083254487,
        -0.03127818272037803,
        0.041027859219038995,
        21.40524269843081
      ],
      [
        -0.04121347208243099,
        -0.005312567082006626,
        0.9991362401344023,
        0.3694620076644881
      ],
      [
        0.0,
        0.0,
        0.0,
        1.0
      ]
    ],
    "location": [
      -19.445771525122836,
      21.40524269843081,
      0.3694620076644881
    ],
    "rotation": [
      -0.005317109722869197,
      0.04122514820168024,
      1.6018609147968934
    ]
  },
  {
    "label_id": "kBiJBr1Jrr8D9bj824jixQ",
    "size": [
      1.9804940697809612,
      5.018761515691507,
      2.200000000000003
    ],
    "obj_class": "vehicle",
    "point_num_in_lidar": 32,
    "speed": 1.4281732235759946e-12,
    "if_vehicle": true,
    "motion_state": false,
    "pose": [
      [
        0.997236224408796,
        -0.07400286689646846,
        -0.006594574890988497,
        -33.313848890713416
      ],
      [
        0.07421198707156497,
        0.9963981612502065,
        0.041027859219038995,
        56.18024702152434
      ],
      [
        0.003534643090774131,
        -0.04140386392972257,
        0.9991362401344023,
        -0.2016249964288619
      ],
      [
        0.0,
        0.0,
        0.0,
        1.0
      ]
    ],
    "location": [
      -33.313848890713416,
      56.18024702152434,
      -0.2016249964288619
    ],
    "rotation": [
      -0.041415961568523736,
      -0.003534650450944956,
      0.07428074074579126
    ]
  },
  {
    "label_id": "l4IU7hYAbEicJJhcNV-PYQ",
    "size": [
      1.779733531114656,
      3.629981180814881,
      1.4200000000000017
    ],
    "obj_class": "vehicle",
    "point_num_in_lidar": 289,
    "speed": 6.355287432313019e-13,
    "if_vehicle": true,
    "motion_state": false,
    "pose": [
      [
        0.7087610926758504,
        0.7054177663561797,
        -0.006594574890988497,
        -7.661596939419724
      ],
      [
        -0.7046473354832805,
        0.708370557945639,
        0.041027859219038995,
        -10.276480141723368
      ],
      [
        0.0336131835036141,
        -0.02443210070465705,
        0.9991362401344023,
        0.6519244199368046
      ],
      [
        0.0,
        0.0,
        0.0,
        1.0
      ]
    ],
    "location": [
      -7.661596939419724,
      -10.276480141723368,
      0.6519244199368046
    ],
    "rotation": [
      -0.024448350147701525,
      -0.0336195163446983,
      -0.7824876490021767
    ]
  },
  {
    "label_id": "lbLwsu8SH-0HdB69pypZYw",
    "size": [
      2.317356257481391,
      5.409726554449852,
      1.8200000000000074
    ],
    "obj_class": "vehicle",
    "point_num_in_lidar": 874,
    "speed": 0.0034483531445879748,
    "if_vehicle": true,
    "motion_state": false,
    "pose": [
      [
        -0.7345759498913802,
        0.6784944254916053,
        -0.006594574890988497,
        -29.701123145414385
      ],
      [
        -0.6781366081428848,
        -0.7337897896975445,
        0.041027859219038995,
        13.419008389277224
      ],
      [
        0.022998142047569173,
        0.034610101306554564,
        0.9991362401344023,
        0.8899382731787853
      ],
      [
        0.0,
        0.0,
        0.0,
        1.0
      ]
    ],
    "location": [
      -29.701123145414385,
      13.419008389277224,
      0.8899382731787853
    ],
    "rotation": [
      0.03462617672043887,
      -0.023000169872196538,
      -2.3961242995539984
    ]
  },
  {
    "label_id": "mwo7eouCPfeT1MgWe_mMaw",
    "size": [
      2.0225976853632943,
      4.369351698540099,
      1.6400000000000006
    ],
    "obj_class": "vehicle",
    "point_num_in_lidar": 409,
    "speed": 1.1718571004216928e-12,
    "if_vehicle": true,
    "motion_state": false,
    "pose": [
      [
        -0.7491887483944323,
        0.6623237356921395,
        -0.006594574890988497,
        -30.311422555171703
      ],
      [
        -0.6619831371049831,
        -0.7483949765708933,
        0.041027859219038995,
        24.832416113664294
      ],
      [
        0.02223837826436876,
        0.035103107871825114,
        0.9991362401344023,
        0.5997717132834097
      ],
      [
        0.0,
        0.0,
        0.0,
        1.0
      ]
    ],
    "location": [
      -30.311422555171703,
      24.832416113664294,
      0.5997717132834097
    ],
    "rotation": [
      0.03511900966384116,
      -0.022240211653941015,
      -2.417912597229927
    ]
  },
  {
    "label_id": "nYdzmhTworH_S2TfHST-Dg",
    "size": [
      1.9920168101377513,
      4.1598452828099,
      1.3999999999999986
    ],
    "obj_class": "vehicle",
    "point_num_in_lidar": 93,
    "speed": 4.67237985382074,
    "if_vehicle": true,
    "motion_state": true,
    "pose": [
      [
        0.998624305507184,
        -0.0520193044196245,
        -0.006594574890988497,
        -45.70998743929795
      ],
      [
        0.052246833444922106,
        0.9977910518554881,
        0.041027859219038995,
        -7.35641025125733
      ],
      [
        0.004445767118618517,
        -0.041315963075028876,
        0.9991362401344023,
        0.6903756788769613
      ],
      [
        0.0,
        0.0,
        0.0,
        1.0
      ]
    ],
    "location": [
      -45.70998743929795,
      -7.35641025125733,
      0.6903756788769613
    ],
    "rotation": [
      -0.04132813522237183,
      -0.004445781763731976,
      0.052271149702201064
    ]
  },
  {
    "label_id": "nzEXTn_WF_YJ99oOAwWwpQ",
    "size": [
      1.6043040811237674,
      3.624440980069253,
      1.470000000000006
    ],
    "obj_class": "vehicle",
    "point_num_in_lidar": 46,
    "speed": 4.263256414560601e-13,
    "if_vehicle": true,
    "motion_state": false,
    "pose": [
      [
        0.5769593393001451,
        0.8167462472373823,
        -0.006594574890988497,
        -51.86256792527911
      ],
      [
        -0.8159201548221275,
        0.5767070449742558,
        0.041027859219038995,
        -13.221069177510799
      ],
      [
        0.03731248784757714,
