[
  {
    "label_id": "-37Tr49YQag_EecI_gdFqA",
    "size": [
      2.061484407524052,
      4.778170597256613,
      1.470000000000006
    ],
    "obj_class": "vehicle",
    "point_num_in_lidar": 73,
    "speed": 3.1776437161565096e-13,
    "if_vehicle": true,
    "motion_state": false,
    "pose": [
      [
        0.6660265279452073,
        0.7458872701368402,
        -0.007800276986400929,
        -38.09545921678273
      ],
      [
        -0.7451078313400025,
        0.6657480470843119,
        0.039923144655990624,
        -12.74363263278974
      ],
      [
        0.03497118455314814,
        -0.020777825950695165,
        0.9991723065616422,
        0.6283750035706959
      ],
      [
        0.0,
        0.0,
        0.0,
        1.0
      ]
    ],
    "location": [
      -38.09545921678273,
      -12.74363263278974,
      0.6283750035706959
    ],
    "rotation": [
      -0.020792041153549247,
      -0.034978316677357076,
      -0.8413805518029557
    ]
  },
  {
    "label_id": "16PzcXDMMYoq8hgoqYjC-Q",
    "size": [
      0.530511201163027,
      0.12094541017995653,
      0.5700000000000003
    ],
    "obj_class": "sign",
    "point_num_in_lidar": 34,
    "speed": 0.004761248096403874,
    "if_vehicle": false,
    "motion_state": false,
    "pose": [
      [
        -0.027746487455632306,
        -0.9995845577602777,
        -0.007800276986400929,
        -28.931519230119193
      ],
      [
        0.9988093394791913,
        -0.028036509945398365,
        0.039923144655990624,
        -25.446425607413403
      ],
      [
        -0.04012525143866407,
        -0.006683262472155011,
        0.9991723065616422,
        3.0626203655723216
      ],
      [
        0.0,
        0.0,
        0.0,
        1.0
      ]
    ],
    "location": [
      -28.931519230119193,
      -25.446425607413403,
      3.0626203655723216
    ],
    "rotation": [
      -0.006688698997316804,
      0.0401360264290487,
      1.5985687477188126
    ]
  },
  {
    "label_id": "5TfIhDaGwG7wy8E9HfiYNA",
    "size": [
      2.0753455018037377,
      4.400591282594326,
      1.4400000000000048
    ],
    "obj_class": "vehicle",
    "point_num_in_lidar": 288,
    "speed": 0.006058246431892418,
    "if_vehicle": true,
    "motion_state": false,
    "pose": [
      [
        -0.9998253197465822,
        -0.016984865986522314,
        -0.007800276986400929,
        -35.21653997732119
      ],
      [
        0.016660464229998544,
        -0.9990638475354904,
        0.039923144655990624,
        -1.3974243794491485
      ],
      [
        -0.008471063999618798,
        0.03978621463524886,
        0.9991723065616422,
        0.7406376387008322
      ],
      [
        0.0,
        0.0,
        0.0,
        1.0
      ]
    ],
    "location": [
      -35.21653997732119,
      -1.3974243794491485,
      0.7406376387008322
    ],
    "rotation": [
      0.03979814738618971,
      0.008471165315298576,
      3.1249308206360347
    ]
  },
  {
    "label_id": "5rFZom3Q5U-Yz4kJWFjfhw",
    "size": [
      1.4719569154579288,
      3.3250731876028397,
      1.470000000000006
    ],
    "obj_class": "vehicle",
    "point_num_in_lidar": 22,
    "speed": 3.1776437161565096e-13,
    "if_vehicle": true,
    "motion_state": false,
    "pose": [
      [
        0.7870381641817288,
        0.6168549941439961,
        -0.007800276986400929,
        -54.965242347889216
      ],
      [
        -0.6161368229362673,
        0.7866266954170698,
        0.039923144655990624,
        -12.831983628664602
      ],
      [
        0.03076269727213139,
        -0.026615000597988506,
        0.9991723065616422,
        0.758375003570535
      ],
      [
        0.0,
        0.0,
        0.0,
        1.0
      ]
    ],
    "location": [
      -54.965242347889216,
      -12.831983628664602,
      0.758375003570535
    ],
    "rotation": [
      -0.02663075063959985,
      -0.030767551352872024,
      -0.6641989416768329
    ]
  },
  {
    "label_id": "6HLGrqQfQYMsQDDAwvTpnQ",
    "size": [
      2.1261302656461307,
      4.611272155748338,
      1.6300000000000026
    ],
    "obj_class": "vehicle",
    "point_num_in_lidar": 485,
    "speed": 8.987733679556354e-13,
    "if_vehicle": true,
    "motion_state": false,
    "pose": [
      [
        -0.7491822466599922,
        0.6623179878037604,
        -0.007800276986400929,
        -30.089948332832137
      ],
      [
        -0.6620433771629464,
        -0.7484014359122099,
        0.039923144655990624,
        20.67335119055315
      ],
      [
        0.02060407833821874,
        0.035073832925990193,
        0.9991723065616422,
        0.686338056092687
      ],
      [
        0.0,
        0.0,
        0.0,
        1.0
      ]
    ],
    "location": [
      -30.089948332832137,
      20.67335119055315,
      0.686338056092687
    ],
    "rotation": [
      0.03508847993128585,
      -0.0206055364516369,
      -2.4178631392899455
    ]
  },
  {
    "label_id": "9CUNhZDZ4nxh6om0TTTJvA",
    "size": [
      1.7909447756732788,
      4.163788843312304,
      1.7600000000000051
    ],
    "obj_class": "vehicle",
    "point_num_in_lidar": 33,
    "speed": 6.355287432313019e-13,
    "if_vehicle": true,
    "motion_state": false,
    "pose": [
      [
        0.9987142415370289,
        -0.05009011309682321,
        -0.007800276986400929,
        -31.525463333779953
      ],
      [
        0.05036272931136036,
        0.9979327322104868,
        0.039923144655990624,
        -39.20577925027828
      ],
      [
        0.00578439689403826,
        -0.040264656373300504,
        0.9991723065616422,
        1.785130466780231
      ],
      [
        0.0,
        0.0,
        0.0,
        1.0
      ]
    ],
    "location": [
      -31.525463333779953,
      -39.20577925027828,
      1.785130466780231
    ],
    "rotation": [
      -0.040276218290324975,
      -0.005784429151451767,
      0.05038488733168276
    ]
  },
  {
    "label_id": "9NEH2bOd6vqYumlX4lkguA",
    "size": [
      0.48356860324127127,
      0.08727811829444648,
      0.15000000000000568
    ],
    "obj_class": "sign",
    "point_num_in_lidar": 22,
    "speed": 0.004052259902360775,
    "if_vehicle": false,
    "motion_state": false,
    "pose": [
      [
        0.11622240812776184,
        0.9931925833029158,
        -0.007800276986400929,
        -15.423454834839504
      ],
      [
        -0.9923947128967243,
        0.11644258815143481,
        0.039923144655990624,
        -18.26571957332635
      ],
      [
        0.040559655615053924,
        0.0031009896284820604,
        0.9991723065616422,
        2.3944942091277355
      ],
      [
        0.0,
        0.0,
        0.0,
        1.0
      ]
    ],
    "location": [
      -15.423454834839504,
      -18.26571957332635,
      2.3944942091277355
    ],
    "rotation": [
      0.0031035484589132254,
      -0.04057078454030212,
      -1.4542142971424676
    ]
  },
  {
    "label_id": "9s8YOLhpbgSWdr7GIkOUUQ",
    "size": [
      1.91754137120823,
      4.427614966261043,
      1.4400000000000048
    ],
    "obj_class": "vehicle",
    "point_num_in_lidar": 1490,
    "speed": 1.449228509952941e-12,
    "if_vehicle": true,
    "motion_state": false,
    "pose": [
      [
        -0.048236767723868805,
        -0.9988054715100879,
        -0.007800276986400929,
        -18.652471023930957
      ],
      [
        0.9980244694080063,
        -0.048510833672948006,
        0.039923144655990624,
        9.999034006292277
      ],
      [
        -0.04025385326178238,
        -0.005859103845010836,
        0.9991723065616422,
        0.5761387631605572
      ],
      [
        0.0,
        0.0,
        0.0,
        1.0
      ]
    ],
    "location": [
      -18.652471023930957,
      9.999034006292277,
      0.5761387631605572
    ],
    "rotation": [
      -0.005863890192790869,
      0.04026473223708041,
      1.619090994203672
    ]
  },
  {
    "label_id": "9yvoP8LddkU2qWg-ZQW66A",
    "size": [
      0.3588027905613079,
      0.07909095543237712,
      0.6700000000000017
    ],
    "obj_class": "sign",
    "point_num_in_lidar": 35,
    "speed": 0.0024326466672861305,
    "if_vehicle": false,
    "motion_state": false,
    "pose": [
      [
        0.9999694407431776,
        -0.0005227415346821765,
        -0.007800276986400929,
        -40.47400578769248
      ],
      [
        0.0008337616645846076,
        0.9992024056027204,
        0.039923144655990624,
        2.6236901421380026
      ],
      [
        0.007773186043272536,
        -0.039928428206284325,
        0.9991723065616422,
        2.7910361253657925
      ],
      [
        0.0,
        0.0,
        0.0,
        1.0
      ]
    ],
    "location": [
      -40.47400578769248,
      2.6236901421380026,
      2.7910361253657925
    ],
    "rotation": [
      -0.03994025264029803,
      -0.007773264324521306,
      0.0008337869512836194
    ]
  },
  {
    "label_id": "DQe9EgHTvbMojU92WrDD-w",
    "size": [
      2.295094381367129,
      6.332258661657688,
      2.200000000000003
    ],
    "obj_class": "vehicle",
    "point_num_in_lidar": 280,
    "speed": 0.011487781570458405,
    "if_vehicle": true,
    "motion_state": false,
    "pose": [
      [
        -0.9703766511654317,
        0.24147113813434812,
        -0.007800276986400929,
        -43.13009651750326
      ],
      [
        -0.2415881598577526,
        -0.969557271922253,
        0.039923144655990624,
        0.7055811113641539
      ],
      [
        0.002077471902811454,
        0.04062494197879866,
        0.9991723065616422,
        1.1383750035707934
      ],
      [
        0.0,
        0.0,
        0.0,
        1.0
      ]
    ],
    "location": [
      -43.13009651750326,
      0.7055811113641539,
      1.1383750035707934
    ],
    "rotation": [
      0.04063621249702045,
      -0.002077473397170887,
      -2.8975899589251157
    ]
  },
  {
    "label_id": "Dv2qrMqPdIlySEkg-zfx5g",
    "size": [
      2.0189104259503323,
      4.819514428686471,
      1.4200000000000017
    ],
    "obj_class": "vehicle",
    "point_num_in_lidar": 69,
    "speed": 1.8198773652309366e-12,
    "if_vehicle": true,
    "motion_state": false,
    "pose": [
      [
        0.05452978116867888,
        0.9984816766694478,
        -0.007800276986400929,
        -30.904623701712808
      ],
      [
        -0.9976989630477169,
        0.05479892019271239,
        0.039923144655990624,
        42.10468166671308
      ],
      [
        0.040289975170089254,
        0.005605327919160497,
        0.9991723065616422,
        -0.002026438561983923
      ],
      [
        0.0,
        0.0,
        0.0,
        1.0
      ]
    ],
    "location": [
      -30.904623701712808,
      42.10468166671308,
      -0.002026438561983923
    ],
    "rotation": [
      0.005609912404747021,
      -0.040300883472811536,
      -1.5161951067304953
    ]
  },
  {
    "label_id": "FYseW0mhs-5FpUAHNuYuAA",
    "size": [
      1.9505814467950102,
      4.170013394086709,
      1.9500000000000028
    ],
    "obj_class": "vehicle",
    "point_num_in_lidar": 72,
    "speed": 8.526512829121202e-13,
    "if_vehicle": true,
    "motion_state": false,
    "pose": [
      [
        0.08125735731907546,
        0.9966626297601688,
        -0.007800276986400929,
        -24.17604185784876
      ],
      [
        -0.9958729873744869,
        0.08150543257103583,
        0.039923144655990624,
        -70.7263508836495
      ],
      [
        0.040425671291085756,
        0.0045240359141825864,
        0.9991723065616422,
        3.2390276407318908
      ],
      [
        0.0,
        0.0,
        0.0,
        1.0
      ]
    ],
    "location": [
      -24.17604185784876,
      -70.7263508836495,
      3.2390276407318908
    ],
    "rotation": [
      0.004527752590184693,
      -0.04043669023688176,
      -1.4893825832503784
    ]
  },
  {
    "label_id": "FvMY6kGGPcpdSBYIWP1PUg",
    "size": [
      1.471956915459014,
      3.3250731876028397,
      1.0500000000000043
    ],
    "obj_class": "vehicle",
    "point_num_in_lidar": 23,
    "speed": 6.355287432313019e-13,
    "if_vehicle": true,
    "motion_state": false,
    "pose": [
      [
        0.7140956607362734,
        0.7000046735533704,
        -0.007800276986400929,
        -58.73274780027168
      ],
      [
        -0.6992454517304065,
        0.7137660266187488,
        0.039923144655990624,
        -12.747422763892246
      ],
      [
        0.033513960553249754,
        -0.023054636156811234,
        0.9991723065616422,
        0.5483750035704347
      ],
      [
        0.0,
        0.0,
        0.0,
        1.0
      ]
    ],
    "location": [
      -58.73274780027168,
      -12.747422763892246,
      0.5483750035704347
    ],
    "rotation": [
      -0.023069640645488842,
      -0.03352023745903979,
      -0.7748913845166971
    ]
  },
  {
    "label_id": "Go_3rbTk6d2Upk1krZLsKw",
    "size": [
      2.102583894566866,
      4.719586221317513,
      1.8100000000000023
    ],
    "obj_class": "vehicle",
    "point_num_in_lidar": 397,
    "speed": 0.00196887937762003,
    "if_vehicle": true,
    "motion_state": false,
    "pose": [
      [
        -0.9981250699729931,
        0.06070832208472776,
        -0.007800276986400929,
        -36.64429818858025
      ],
      [
        -0.060972611753600824,
        -0.9973407056451278,
        0.039923144655990624,
        1.2048043089816929
      ],
      [
        -0.0053558666294334974,
        0.04032389481356494,
        0.9991723065616422,
        0.8945765513904789
      ],
      [
        0.0,
        0.0,
        0.0,
        1.0
      ]
    ],
    "location": [
      -36.64429818858025,
      1.2048043089816929,
      0.8945765513904789
    ],
    "rotation": [
      0.04033540953856272,
      0.005355892235544099,
      -3.080581323101585
    ]
  },
  {
    "label_id": "HILMjKmKIoQMgeZ6T8zTSg",
    "size": [
      0.7527797330444924,
      0.1029191474772233,
      0.7700000000000031
    ],
    "obj_class": "sign",
    "point_num_in_lidar": 143,
    "speed": 0.005435982563708276,
    "if_vehicle": false,
    "motion_state": false,
    "pose": [
      [
        0.9905305644263137,
        0.1370706263800663,
        -0.007800276986400929,
        -12.184079268050482
      ],
      [
        -0.13665702603145774,
        0.9898136186964767,
        0.039923144655990624,
        4.256459898446337
      ],
      [
        0.013193110835802985,
        -0.038479132354588594,
        0.9991723065616422,
        2.4571381399647265
      ],
      [
        0.0,
        0.0,
        0.0,
        1.0
      ]
    ],
    "location": [
      -12.184079268050482,
      4.256459898446337,
      2.4571381399647265
    ],
    "rotation": [
      -0.03849198605750146,
      -0.013193493593912921,
      -0.1370979964182144
    ]
  },
  {
    "label_id": "Ko333JMTQxrLsIbw6vT5jw",
    "size": [
      2.0027678097125556,
      4.87247641867594,
      1.6600000000000037
    ],
    "obj_class": "vehicle",
    "point_num_in_lidar": 333,
    "speed": 8.987733679556354e-13,
    "if_vehicle": true,
    "motion_state": false,
    "pose": [
      [
        0.6317552047212376,
        -0.7751287099485883,
        -0.007800276986400929,
        -16.49768922657495
      ],
      [
        0.774731014874661,
        0.6310293155726241,
        0.039923144655990624,
        -22.47861869105145
      ],
      [
        -0.026023372166283414,
        -0.03126477093123879,
        0.9991723065616422,
        0.9381609759315026
      ],
      [
        0.0,
        0.0,
        0.0,
        1.0
      ]
    ],
    "location": [
      -16.49768922657495,
      -22.47861869105145,
      0.9381609759315026
    ],
    "rotation": [
      -0.03128046371408656,
      0.026026310301989028,
      0.8867047752400747
    ]
  },
  {
    "label_id": "Kv6PR2TsyeCAv99_HjOO4w",
    "size": [
      2.0503811492887225,
      4.811895084353816,
      1.4500000000000028
    ],
    "obj_class": "vehicle",
    "point_num_in_lidar": 294,
    "speed": 7.105427357601002e-13,
    "if_vehicle": true,
    "motion_state": false,
    "pose": [
      [
        -0.7491822466601674,
        0.6623179878035621,
        -0.007800276986400929,
        -30.424235401849728
      ],
      [
        -0.6620433771627482,
        -0.7484014359123851,
        0.039923144655990624,
        16.41323353707776
      ],
      [
        0.020604078338209455,
        0.03507383292599565,
        0.9991723065616422,
        0.5763380560928297
      ],
      [
        0.0,
        0.0,
        0.0,
        1.0
      ]
    ],
    "location": [
      -30.424235401849728,
      16.41323353707776,
      0.5763380560928297
    ],
    "rotation": [
      0.0350884799312913,
      -0.020605536451627614,
      -2.41786313929021
    ]
  },
  {
    "label_id": "NkwybbFSpKDWgnn8QF5B7w",
    "size": [
      1.8052124283528146,
      3.74252247910149,
      1.6600000000000037
    ],
    "obj_class": "vehicle",
    "point_num_in_lidar": 110,
    "speed": 1.449228509952941e-12,
    "if_vehicle": true,
    "motion_state": false,
    "pose": [
      [
        0.6766231365603199,
        -0.7362881818623807,
        -0.007800276986400929,
        -15.236838825015184
      ],
      [
        0.735934246669508,
        0.6758749345106388,
        0.039923144655990624,
        -32.92616896157051
      ],
      [
        -0.02412292789563958,
        -0.03275341432628822,
        0.9991723065616422,
        1.3451906878000486
      ],
      [
        0.0,
        0.0,
        0.0,
        1.0
      ]
    ],
    "location": [
      -15.236838825015184,
      -32.92616896157051,
      1.3451906878000486
    ],
    "rotation": [
      -0.032768812533081636,
      0.024125268093379098,
      0.8273619744721564
    ]
  },
  {
    "label_id": "OXd0i5MfXfgVle65_zBBXw",
    "size": [
      2.0389075321438406,
      4.734929776064892,
      1.470000000000006
    ],
    "obj_class": "vehicle",
    "point_num_in_lidar": 1006,
    "speed": 5.123796534383003e-13,
    "if_vehicle": true,
    "motion_state": false,
    "pose": [
      [
        -0.6583098940610788,
        0.752706608885711,
        -0.007800276986400929,
        -29.42500382864546
      ],
      [
        -0.7523343791675499,
        -0.6575706231602458,
        0.039923144655990624,
        10.160813417951431
      ],
      [
        0.02492118183129421,
        0.03215021767296918,
        0.9991723065616422,
        0.717121856091893
      ],
      [
        0.0,
        0.0,
        0.0,
        1.0
      ]
    ],
    "location": [
      -29.42500382864546,
      10.160813417951431,
      0.717121856091893
    ],
    "rotation": [
      0.032165752370082186,
      -0.024923762166070795,
      -2.289639359289872
    ]
  },
  {
    "label_id": "Pj9fE-MT-gyTk6PlD0A62w",
    "size": [
      0.48762013515254116,
      0.07714707792519968,
      0.480000000000004
    ],
    "obj_class": "sign",
    "point_num_in_lidar": 37,
    "speed": 0.0023613209577552302,
    "if_vehicle": false,
    "motion_state": false,
    "pose": [
      [
        0.20771882563070335,
        0.978157474621309,
        -0.007800276986400929,
        -17.280713356024535
      ],
      [
        -0.9773426397982178,
        0.2078641550460967,
        0.039923144655990624,
        19.042629933734133
      ],
      [
        0.04067252034054874,
        -0.0006692454223806902,
        0.9991723065616422,
        2.148980483395377
      ],
      [
        0.0,
        0.0,
        0.0,
        1.0
      ]
    ],
    "location": [
      -17.280713356024535,
      19.042629933734133,
      2.148980483395377
    ],
    "rotation": [
      -0.0006697997111250393,
      -0.04068374247578125,
      -1.3613781240176732
    ]
  },
  {
    "label_id": "QfXrH-AG6fWpRUmyN1WzLw",
    "size": [
      0.4456629209226207,
      0.0696207456306018,
      0.15000000000000568
    ],
    "obj_class": "sign",
    "point_num_in_lidar": 189,
    "speed": 0.005302663159469928,
    "if_vehicle": false,
    "motion_state": false,
    "pose": [
      [
        0.9905305644255267,
        0.13707062638575399,
        -0.007800276986400929,
        -12.184505702146453
      ],
      [
        -0.1366570260371413,
        0.9898136186956921,
        0.039923144655990624,
        4.254959704981957
      ],
      [
        0.013193110836023933,
        -0.038479132354512835,
        0.9991723065616422,
        1.9768259649419875
      ],
      [
        0.0,
        0.0,
        0.0,
        1.0
      ]
    ],
    "location": [
      -12.184505702146453,
      4.254959704981957,
      1.9768259649419875
    ],
    "rotation": [
      -0.03849198605742575,
      -0.013193493594133889,
      -0.1370979964239527
    ]
  },
  {
    "label_id": "RqRoUISiOVfgjg-WLH6oig",
    "size": [
      1.8839428583990765,
      4.431572760151295,
      1.5400000000000063
    ],
    "obj_class": "vehicle",
    "point_num_in_lidar": 459,
    "speed": 8.526512829121202e-13,
    "if_vehicle": true,
    "motion_state": false,
    "pose": [
      [
        0.07709449646636748,
        0.9969932769550317,
        -0.007800276986400929,
        -27.180027917687767
      ],
      [
        -0.9962046774393954,
        0.07734586717237535,
        0.039923144655990624,
        -22.568215481927837
      ],
      [
        0.040406426004623755,
        0.004692817684567931,
        0.9991723065616422,
        0.8311387631612632
      ],
      [
        0.0,
        0.0,
        0.0,
        1.0
      ]
    ],
    "location": [
      -27.180027917687767,
      -22.568215481927837,
      0.8311387631612632
    ],
    "rotation": [
      0.004696670582098194,
      -0.040417429212963166,
      -1.4935620553180982
    ]
  },
  {
    "label_id": "SYZ9P7-R7Vyu8C5_pRukog",
    "size": [
      2.1026481270016455,
      4.699895119369667,
      1.6800000000000068
    ],
    "obj_class": "vehicle",
    "point_num_in_lidar": 78,
    "speed": 7.105427357601002e-13,
    "if_vehicle": true,
    "motion_state": false,
    "pose": [
      [
        0.06786043754435475,
        0.9976643306720072,
        -0.007800276986400929,
        -25.60592454755988
      ],
      [
        -0.996878092296021,
        0.06811909879778702,
        0.039923144655990624,
        -47.5618042351507
      ],
      [
        0.040361245230227355,
        0.005066723177081823,
        0.9991723065616422,
        1.990263709524669
      ],
      [
        0.0,
        0.0,
        0.0,
        1.0
      ]
    ],
    "location": [
      -25.60592454755988,
      -47.5618042351507,
      1.990263709524669
    ],
    "rotation": [
      0.005070876880305392,
      -0.0403722115518117,
      -1.5028282287548227
    ]
  },
  {
    "label_id": "SwUfSWt1LE_xpCIjLv06Pg",
    "size": [
      0.8137902785163563,
      0.1125742801911172,
      0.7600000000000051
    ],
    "obj_class": "sign",
    "point_num_in_lidar": 27,
    "speed": 1.1718571004216928e-12,
    "if_vehicle": false,
    "motion_state": false,
    "pose": [
      [
        -0.10674044990638097,
        -0.994256321092664,
        -0.007800276986400929,
        -30.634699561369416
      ],
      [
        0.9934605878817765,
        -0.1069682328842155,
        0.039923144655990624,
        6.662678317146856
      ],
      [
        -0.04052822077735821,
        -0.0034878533382925914,
        0.9991723065616422,
        2.677947429712418
      ],
      [
        0.0,
        0.0,
        0.0,
        1.0
      ]
    ],
    "location": [
      -30.634699561369416,
      6.662678317146856,
      2.677947429712418
    ],
    "rotation": [
      -0.003490728424580547,
      0.0405393238342439,
      1.6778287900941768
    ]
  },
  {
    "label_id": "TgdBnuHVxPOTzl8OMUYiRg",
    "size": [
      0.8323629950249508,
      0.11670498628292902,
      0.7900000000000063
    ],
    "obj_class": "sign",
    "point_num_in_lidar": 180,
    "speed": 0.0012953239812661477,
    "if_vehicle": false,
    "motion_state": false,
    "pose": [
      [
        0.11622240811818102,
        0.9931925833040369,
        -0.007800276986400929,
        -15.456124862568686
      ],
      [
        -0.9923947128978476,
        0.11644258814186166,
        0.039923144655990624,
        -18.324184532981235
      ],
      [
        0.04055965561502401,
        0.00310098962887332,
        0.9991723065616422,
        2.8786217167864123
      ],
      [
        0.0,
        0.0,
        0.0,
        1.0
      ]
    ],
    "location": [
      -15.456124862568686,
      -18.324184532981235,
      2.8786217167864123
    ],
    "rotation": [
      0.0031035484593048054,
      -0.04057078454027218,
      -1.4542142971521221
    ]
  },
  {
    "label_id": "VFli2h3FNYZuybkEBpincg",
    "size": [
      1.9376880129058185,
      4.437301692662093,
      1.4500000000000028
    ],
    "obj_class": "vehicle",
    "point_num_in_lidar": 38,
    "speed": 0.0,
    "if_vehicle": true,
    "motion_state": false,
    "pose": [
      [
        0.07927247883289312,
        0.996822466529835,
        -0.007800276986400929,
        -30.3295769692495
      ],
      [
        -0.9960333197177784,
        0.0795221260578362,
        0.039923144655990624,
        31.128344960075992
      ],
      [
        0.04041658213741058,
        0.0046045291417985594,
        0.9991723065616422,
        0.24633805609275328
      ],
      [
        0.0,
        0.0,
        0.0,
        1.0
      ]
    ],
    "location": [
      -30.3295769692495,
      31.128344960075992,
      0.24633805609275328
    ],
    "rotation": [
      0.0046083108156382,
      -0.04042759364885894,
      -1.491375555870873
    ]
  },
  {
    "label_id": "VtnkMTVF6siiRfuCfGB2eg",
    "size": [
      1.8431131976785584,
      4.467267803468969,
      1.6800000000000068
    ],
    "obj_class": "vehicle",
    "point_num_in_lidar": 61,
    "speed": 7.105427357601002e-13,
    "if_vehicle": true,
    "motion_state": false,
    "pose": [
      [
        0.06786043754548897,
        0.99766433067193,
        -0.007800276986400929,
        -24.9347122761219
      ],
      [
        -0.9968780922959435,
        0.06811909879892035,
        0.039923144655990624,
        -56.44369622397244
      ],
      [
        0.040361245230233114,
        0.005066723177035937,
        0.9991723065616422,
        2.3211387631608744
      ],
      [
        0.0,
        0.0,
        0.0,
        1.0
      ]
    ],
    "location": [
      -24.9347122761219,
      -56.44369622397244,
      2.3211387631608744
    ],
    "rotation": [
      0.00507087688025947,
      -0.040372211551817465,
      -1.502828228753685
    ]
  },
  {
    "label_id": "WBKuczfAjn8i-8Q33iEfTg",
    "size": [
      1.9903516921403124,
      3.944358340693,
      1.6600000000000037
    ],
    "obj_class": "vehicle",
    "point_num_in_lidar": 140,
    "speed": 8.644125458514253e-13,
    "if_vehicle": true,
    "motion_state": false,
    "pose": [
      [
        0.6766231365603215,
        -0.7362881818623791,
        -0.007800276986400929,
        -15.211251894696034
      ],
      [
        0.7359342466695066,
        0.6758749345106405,
        0.039923144655990624,
        -28.979883525844343
      ],
      [
        -0.02412292789563951,
        -0.032753414326288276,
        0.9991723065616422,
        1.1643905572232
      ],
      [
        0.0,
        0.0,
        0.0,
        1.0
      ]
    ],
    "location": [
      -15.211251894696034,
      -28.979883525844343,
      1.1643905572232
    ],
    "rotation": [
      -0.03276881253308169,
      0.02412526809337903,
      0.8273619744721543
    ]
  },
  {
    "label_id": "YPSwFDE7EZ2S1pXMTp9KTA",
    "size": [
      1.786723006897267,
      3.904105178604362,
      1.470000000000006
    ],
    "obj_class": "vehicle",
    "point_num_in_lidar": 21,
    "speed": 1.7112135109858137e-12,
    "if_vehicle": true,
    "motion_state": false,
    "pose": [
      [
        0.7879766774345204,
        0.6156556760870392,
        -0.007800276986400929,
        -48.13556505081306
      ],
      [
        -0.6149381323495806,
        0.7875641154237453,
        0.039923144655990624,
        -12.889946398165193
      ],
      [
        0.030722128859559616,
        -0.026661819116938417,
        0.9991723065616422,
        0.628375003570703
      ],
      [
        0.0,
        0.0,
        0.0,
        1.0
      ]
    ],
    "location": [
      -48.13556505081306,
      -12.889946398165193,
      0.628375003570703
    ],
    "rotation": [
      -0.02667757466039817,
      -0.030726963756176822,
      -0.6626758337921261
    ]
  },
  {
    "label_id": "Zwj9I-PqljydaE_gb0MbTw",
    "size": [
      1.9379139095436306,
      4.488067844332695,
      2.0
    ],
    "obj_class": "vehicle",
    "point_num_in_lidar": 56,
    "speed": 2.8421709430404007e-13,
    "if_vehicle": true,
    "motion_state": false,
    "pose": [
      [
        -0.9990790712396025,
        0.042192002677624275,
        -0.007800276986400929,
        -30.91986498436927
      ],
      [
        -0.04247078953880996,
        -0.9982997418394571,
        0.039923144655990624,
        -64.57268496805773
      ],
      [
        -0.00610257707557557,
        0.040217662206105266,
        0.9991723065616422,
        3.2762402040106977
      ],
      [
        0.0,
        0.0,
        0.0,
        1.0
      ]
    ],
    "location": [
      -30.91986498436927,
      -64.57268496805773,
      3.2762402040106977
    ],
    "rotation": [
      0.04022926135993243,
      0.006102614954343786,
      -3.0991082941947643
    ]
  },
  {
    "label_id": "bjU_LRF_XLFwrTt9DcYXOQ",
    "size": [
      0.3017444110824622,
      0.07692972936776284,
      0.6400000000000006
    ],
    "obj_class": "sign",
    "point_num_in_lidar": 109,
    "speed": 0.004995738759241557,
    "if_vehicle": false,
    "motion_state": false,
    "pose": [
      [
        -0.6086070661664565,
        -0.7934334217129965,
        -0.007800276986400929,
        -4.7098687873094605
      ],
      [
        0.7926354021469454,
        -0.6083874273718408,
        0.039923144655990624,
        -13.553619098951458
      ],
      [
        -0.036421947718489806,
        0.01811473225524804,
        0.9991723065616422,
        2.7240852122819206
      ],
      [
        0.0,
        0.0,
        0.0,
        1.0
      ]
    ],
    "location": [
      -4.7098687873094605,
      -13.553619098951458,
      2.7240852122819206
    ],
    "rotation": [
      0.018127752173313732,
      0.036430005168681834,
      2.2256095939401006
    ]
  },
  {
    "label_id": "fCp7_tVCmZB4bn3ObKtBIg",
    "size": [
      1.7569796857704545,
      4.174253658275681,
      1.9600000000000009
    ],
    "obj_class": "vehicle",
    "point_num_in_lidar": 25,
    "speed": 5.684341886080801e-13,
    "if_vehicle": true,
    "motion_state": false,
    "pose": [
      [
        -0.9982981616406665,
        0.057792180645837805,
        -0.007800276986400929,
        -30.938820934678006
      ],
      [
        -0.05805876059730071,
        -0.9975145727450211,
        0.039923144655990624,
        -61.512739822632284
      ],
      [
        -0.00547364437747362,
        0.04030807633113592,
        0.9991723065616422,
        3.01624081436222
      ],
      [
        0.0,
        0.0,
        0.0,
        1.0
      ]
    ],
    "location": [
      -30.938820934678006,
      -61.512739822632284,
      3.01624081436222
    ],
    "rotation": [
      0.040319603685511414,
      0.005473671710287158,
      -3.083500354582065
    ]
  },
  {
    "label_id": "gu9u5G065yI_z557Du54jw",
    "size": [
      1.6400946167438062,
      3.792063663359228,
      1.470000000000006
    ],
    "obj_class": "vehicle",
    "point_num_in_lidar": 55,
    "speed": 7.105427357601002e-13,
    "if_vehicle": true,
    "motion_state": false,
    "pose": [
      [
        0.6660265279444885,
        0.7458872701374819,
        -0.007800276986400929,
        -45.09880705566957
      ],
      [
        -0.7451078313406441,
        0.6657480470835938,
        0.039923144655990624,
        -12.748151910853267
      ],
      [
        0.034971184553168166,
        -0.020777825950661466,
        0.9991723065616422,
        0.6283750035705964
      ],
      [
        0.0,
        0.0,
        0.0,
        1.0
      ]
    ],
    "location": [
      -45.09880705566957,
      -12.748151910853267,
      0.6283750035705964
    ],
    "rotation": [
      -0.020792041153515534,
      -0.03497831667737712,
      -0.8413805518039198
    ]
  },
  {
    "label_id": "h14DkRFx53Pkx5pEtWdarQ",
    "size": [
      0.8347280264472856,
      0.12141330286285525,
      0.7900000000000063
    ],
    "obj_class": "sign",
    "point_num_in_lidar": 86,
    "speed": 0.0028646919930346818,
    "if_vehicle": false,
    "motion_state": false,
    "pose": [
      [
        -0.9973226939762746,
        0.07270900741202226,
        -0.007800276986400929,
        -33.06704172542868
      ],
      [
        -0.07296384392159201,
        -0.996535207607319,
        0.039923144655990624,
        -15.187505224217603
      ],
      [
        -0.0048704784253339834,
        0.04038539637289802,
        0.9991723065616422,
        2.542861808972667
      ],
      [
        0.0,
        0.0,
        0.0,
        1.0
      ]
    ],
    "location": [
      -33.06704172542868,
      -15.187505224217603,
      2.542861808972667
    ],
    "rotation": [
      0.04039686180375792,
      0.004870497681430643,
      -3.0685630464663136
    ]
  },
  {
    "label_id": "iMUAR45EX3cmZKOzXxFuBQ",
    "size": [
      2.1973917554267417,
      4.821743567278267,
      1.8300000000000054
    ],
    "obj_class": "vehicle",
    "point_num_in_lidar": 5913,
    "speed": 0.009193447716658977,
    "if_vehicle": true,
    "motion_state": false,
    "pose": [
      [
        0.9984679139892634,
        -0.05478120492344615,
        -0.007800276986400929,
        -6.8183063841061085
      ],
      [
        0.05505014684554465,
        0.9976851326210393,
        0.039923144655990624,
        -6.748202422037139
      ],
      [
        0.005595182411070046,
        -0.04029138535809586,
        0.9991723065616422,
        0.9343967046214914
      ],
      [
        0.0,
        0.0,
        0.0,
        1.0
      ]
    ],
    "location": [
      -6.8183063841061085,
      -6.748202422037139,
      0.9343967046214914
    ],
    "rotation": [
      -0.040302926016585326,
      -0.005595211605339834,
      0.0550788529464853
    ]
  },
  {
    "label_id": "jMGHvd_g07NfKjTg9VxCWQ",
    "size": [
      0.8940892438943309,
      0.9789737546767773,
      1.7464521148686387
    ],
    "obj_class": "pedestrian",
    "point_num_in_lidar": 22,
    "speed": 1.5703068548826111,
    "if_vehicle": false,
    "motion_state": true,
    "pose": [
      [
        -0.9953886330145512,
        0.09560661558887333,
        -0.007800276986400929,
        -51.413418990417085
      ],
      [
        -0.0958432896937529,
        -0.9945954988544117,
        0.039923144655990624,
        -17.937194792077207
      ],
      [
        -0.0039412036362677415,
        0.040486648591667826,
        0.9991723065616422,
        0.9069082180256203
      ],
      [
        0.0,
        0.0,
        0.0,
        1.0
      ]
    ],
    "location": [
      -51.413418990417085,
      -17.937194792077207,
      0.9069082180256203
    ],
    "rotation": [
      0.04049803220260816,
      0.003941213839514966,
      -3.045601271124704
    ]
  },
  {
    "label_id": "jZwVlg9QhLVKBnWwkAyd5g",
    "size": [
      2.1885908303247605,
      4.5476016269488415,
      1.5300000000000011
    ],
    "obj_class": "vehicle",
    "point_num_in_lidar": 417,
    "speed": 1.4210854715202004e-13,
    "if_vehicle": true,
    "motion_state": false,
    "pose": [
      [
        -0.0310329333096338,
        -0.999487925254295,
        -0.007800276986400929,
        -19.445771525124655
      ],
      [
        0.9987117575806781,
        -0.03132040534363494,
        0.039923144655990624,
        21.40524269843263
      ],
      [
        -0.04014700885884987,
        -0.0065512960530843675,
        0.9991723065616422,
        0.3694620076643105
      ],
      [
        0.0,
        0.0,
        0.0,
        1.0
      ]
    ],
    "location": [
      -19.445771525124655,
      21.40524269843263,
      0.3694620076643105
    ],
    "rotation": [
      -0.006556629052931756,
      0.04015780139504769,
      1.6018592947871033
    ]
  },
  {
    "label_id": "l4IU7hYAbEicJJhcNV-PYQ",
    "size": [
      1.7797335311146563,
      3.629981180814881,
      1.4200000000000017
    ],
    "obj_class": "vehicle",
    "point_num_in_lidar": 199,
    "speed": 6.355287432313019e-13,
    "if_vehicle": true,
    "motion_state": false,
    "pose": [
      [
        0.7087549417872567,
        0.7054116444821972,
        -0.007800276986400929,
        -7.661596939419724
      ],
      [
        -0.7046499393390143,
        0.7084310873403991,
        0.039923144655990624,
        -10.276480141723368
      ],
      [
        0.03368820983171529,
        -0.02279926136132594,
        0.9991723065616422,
        0.6570499870457809
      ],
      [
        0.0,
        0.0,
        0.0,
        1.0
      ]
    ],
    "location": [
      -7.661596939419724,
      -10.276480141723368,
      0.6570499870457809
    ],
    "rotation": [
      -0.02281418880378719,
      -0.03369458518768604,
      -0.7824938357267365
    ]
  },
  {
    "label_id": "lbLwsu8SH-0HdB69pypZYw",
    "size": [
      2.3173562574813884,
      5.409726554449852,
      1.8200000000000074
    ],
    "obj_class": "vehicle",
    "point_num_in_lidar": 865,
    "speed": 0.003448353087108837,
    "if_vehicle": true,
    "motion_state": false,
    "pose": [
      [
        -0.7345695749719916,
        0.6784885372682452,
        -0.007800276986400929,
        -29.70937791654069
      ],
      [
        -0.6781969746691446,
        -0.733794934617565,
        0.039923144655990624,
        13.41068272042321
      ],
      [
        0.021363592279556674,
        0.034616451655254836,
        0.9991723065616422,
        0.8993176721616436
      ],
      [
        0.0,
        0.0,
        0.0,
        1.0
      ]
    ],
    "location": [
      -29.70937791654069,
      13.41068272042321,
      0.8993176721616436
    ],
    "rotation": [
      0.034631275833388535,
      -0.02136521768160801,
      -2.3960756087013895
    ]
  },
  {
    "label_id": "mwo7eouCPfeT1MgWe_mMaw",
    "size": [
      2.0225976853632925,
      4.369351698540099,
      1.6400000000000077
    ],
    "obj_class": "vehicle",
    "point_num_in_lidar": 402,
    "speed": 1.1718571004216928e-12,
    "if_vehicle": true,
    "motion_state": false,
    "pose": [
      [
        -0.7491822466598225,
        0.6623179878039523,
        -0.007800276986400929,
        -30.31142255517352
      ],
      [
        -0.6620433771631381,
        -0.7484014359120402,
        0.039923144655990624,
        24.832416113664294
      ],
      [
        0.020604078338227725,
        0.03507383292598492,
        0.9991723065616422,
        0.6202536007267341
      ],
      [
        0.0,
        0.0,
        0.0,
        1.0
      ]
    ],
    "location": [
      -30.31142255517352,
      24.832416113664294,
      0.6202536007267341
    ],
    "rotation": [
      0.03508847993128058,
      -0.020605536451645888,
      -2.417863139289689
    ]
  },
  {
    "label_id": "nzEXTn_WF_YJ99oOAwWwpQ",
    "size": [
      1.6043040811237674,
      3.624440980069253,
      1.470000000000006
    ],
    "obj_class": "vehicle",
    "point_num_in_lidar": 42,
    "speed": 4.263256414560601e-13,
    "if_vehicle": true,
    "motion_state": false,
    "pose": [
      [
        0.5769543322354849,
        0.8167391592140303,
        -0.007800276986400929,
        -51.86256792528093
      ],
      [
        -0.8159331242041444,
        0.5767662259072049,
        0.039923144655990624,
        -13.221069177510799
      ],
      [
        0.03710573191799118,
