[
  {
    "label_id": "-37Tr49YQag_EecI_gdFqA",
    "size": [
      2.06148440752405,
      4.778170597256613,
      1.470000000000006
    ],
    "obj_class": "vehicle",
    "point_num_in_lidar": 32,
    "speed": 3.1776437161565096e-13,
    "if_vehicle": true,
    "motion_state": false,
    "pose": [
      [
        0.6660250091811135,
        0.7458855692634395,
        -0.008087317840460372,
        -38.09545921678364
      ],
      [
        -0.7451006885547711,
        0.665756881733002,
        0.039909126028463145,
        -12.74363263278974
      ],
      [
        0.03515182869359516,
        -0.020554609938029073,
        0.9991705845098682,
        0.6283750035706532
      ],
      [
        0.0,
        0.0,
        0.0,
        1.0
      ]
    ],
    "location": [
      -38.09545921678364,
      -12.74363263278974,
      0.6283750035706532
    ],
    "rotation": [
      -0.02056877120431247,
      -0.035159071954283284,
      -0.8413769216989784
    ]
  },
  {
    "label_id": "16PzcXDMMYoq8hgoqYjC-Q",
    "size": [
      0.530511201163027,
      0.12094541017995653,
      0.5700000000000003
    ],
    "obj_class": "sign",
    "point_num_in_lidar": 32,
    "speed": 0.004761248216434654,
    "if_vehicle": false,
    "motion_state": false,
    "pose": [
      [
        -0.027746424184301594,
        -0.9995822783718868,
        -0.008087317840460372,
        -28.937701173005735
      ],
      [
        0.9988095808229108,
        -0.028047868296994245,
        0.039909126028463145,
        -25.446114042410045
      ],
      [
        -0.04011928714902713,
        -0.006970355002601382,
        0.9991705845098682,
        3.0698064961430873
      ],
      [
        0.0,
        0.0,
        0.0,
        1.0
      ]
    ],
    "location": [
      -28.937701173005735,
      -25.446114042410045,
      3.0698064961430873
    ],
    "rotation": [
      -0.0069760279571852825,
      0.04013005733296165,
      1.598568677713682
    ]
  },
  {
    "label_id": "5TfIhDaGwG7wy8E9HfiYNA",
    "size": [
      2.0753455018034286,
      4.400591282594326,
      1.4400000000000048
    ],
    "obj_class": "vehicle",
    "point_num_in_lidar": 293,
    "speed": 0.006058246583582431,
    "if_vehicle": true,
    "motion_state": false,
    "pose": [
      [
        -0.9998230398093214,
        -0.016984827246562147,
        -0.008087317840460372,
        -35.22441477358825
      ],
      [
        0.016649128027486918,
        -0.9990645966080315,
        0.039909126028463145,
        -1.397290603721558
      ],
      [
        -0.0087576025470752,
        0.03976741691178653,
        0.9991705845098682,
        0.7463312296570379
      ],
      [
        0.0,
        0.0,
        0.0,
        1.0
      ]
    ],
    "location": [
      -35.22441477358825,
      -1.397290603721558,
      0.7463312296570379
    ],
    "rotation": [
      0.03977943234623388,
      0.008757714495872716,
      3.1249421177120738
    ]
  },
  {
    "label_id": "5rFZom3Q5U-Yz4kJWFjfhw",
    "size": [
      1.471956915457921,
      3.3250731876028397,
      1.470000000000006
    ],
    "obj_class": "vehicle",
    "point_num_in_lidar": 23,
    "speed": 3.1776437161565096e-13,
    "if_vehicle": true,
    "motion_state": false,
    "pose": [
      [
        0.7870363694704774,
        0.6168535875075037,
        -0.008087317840460372,
        -54.965242347889216
      ],
      [
        -0.6161282351584927,
        0.786634133190345,
        0.039909126028463145,
        -12.831983628664602
      ],
      [
        0.03097984782421194,
        -0.026427108789972727,
        0.9991705845098682,
        0.7583750035706558
      ],
      [
        0.0,
        0.0,
        0.0,
        1.0
      ]
    ],
    "location": [
      -54.965242347889216,
      -12.831983628664602,
      0.7583750035706558
    ],
    "rotation": [
      -0.026442881131181636,
      -0.030984805455491232,
      -0.6641932831628359
    ]
  },
  {
    "label_id": "6HLGrqQfQYMsQDDAwvTpnQ",
    "size": [
      2.126130265646129,
      4.611272155748338,
      1.6300000000000026
    ],
    "obj_class": "vehicle",
    "point_num_in_lidar": 482,
    "speed": 8.987733679556354e-13,
    "if_vehicle": true,
    "motion_state": false,
    "pose": [
      [
        -0.7491805382729406,
        0.6623164774963812,
        -0.008087317840460372,
        -30.089948332832137
      ],
      [
        -0.6620522471382494,
        -0.7483943370435392,
        0.039909126028463145,
        20.67335119055133
      ],
      [
        0.020379968897459126,
        0.03525336746960468,
        0.9991705845098682,
        0.6863380560928007
      ],
      [
        0.0,
        0.0,
        0.0,
        1.0
      ]
    ],
    "location": [
      -30.089948332832137,
      20.67335119055133,
      0.6863380560928007
    ],
    "rotation": [
      0.03526800166282253,
      -0.020381379941224884,
      -2.417855359768689
    ]
  },
  {
    "label_id": "9CUNhZDZ4nxh6om0TTTJvA",
    "size": [
      1.7909447756732835,
      4.163788843312304,
      1.7600000000000051
    ],
    "obj_class": "vehicle",
    "point_num_in_lidar": 30,
    "speed": 6.355287432313019e-13,
    "if_vehicle": true,
    "motion_state": false,
    "pose": [
      [
        0.9987119641332506,
        -0.05008999887454881,
        -0.008087317840460372,
        -31.525463333779953
      ],
      [
        0.05037409021965782,
        0.9979327195228074,
        0.039909126028463145,
        -39.2057792502801
      ],
      [
        0.006071551008325991,
        -0.040265112921258256,
        0.9991705845098682,
        1.7880837101186131
      ],
      [
        0.0,
        0.0,
        0.0,
        1.0
      ]
    ],
    "location": [
      -31.525463333779953,
      -39.2057792502801,
      1.7880837101186131
    ],
    "rotation": [
      -0.04027674381670221,
      -0.006071588312282659,
      0.05039634873186642
    ]
  },
  {
    "label_id": "9NEH2bOd6vqYumlX4lkguA",
    "size": [
      0.48356860324127227,
      0.08727811829444648,
      0.15000000000000568
    ],
    "obj_class": "sign",
    "point_num_in_lidar": 22,
    "speed": 0.004052259802479297,
    "if_vehicle": false,
    "motion_state": false,
    "pose": [
      [
        0.11622214310165156,
        0.9931903184903721,
        -0.008087317840460372,
        -15.427578598197215
      ],
      [
        -0.9923939466920106,
        0.1164539232001183,
        0.039909126028463145,
        -18.268997871447937
      ],
      [
        0.04057915748156963,
        0.003387481113505286,
        0.9991705845098682,
        2.396527508511653
      ],
      [
        0.0,
        0.0,
        0.0,
        1.0
      ]
    ],
    "location": [
      -15.427578598197215,
      -18.268997871447937,
      2.396527508511653
    ],
    "rotation": [
      0.0033902800857460993,
      -0.04059030247549047,
      -1.4542144713896108
    ]
  },
  {
    "label_id": "9s8YOLhpbgSWdr7GIkOUUQ",
    "size": [
      1.9175413712082292,
      4.427614966261043,
      1.4400000000000048
    ],
    "obj_class": "vehicle",
    "point_num_in_lidar": 1492,
    "speed": 1.449228509952941e-12,
    "if_vehicle": true,
    "motion_state": false,
    "pose": [
      [
        -0.04823665772784454,
        -0.9988031938982745,
        -0.008087317840460372,
        -18.652471023930048
      ],
      [
        0.9980244778021616,
        -0.048522194585229536,
        0.039909126028463145,
        9.999034006288639
      ],
      [
        -0.04025377695284516,
        -0.006146258312093179,
        0.9991705845098682,
        0.5761387631606496
      ],
      [
        0.0,
        0.0,
        0.0,
        1.0
      ]
    ],
    "location": [
      -18.652471023930048,
      9.999034006288639,
      0.5761387631606496
    ],
    "rotation": [
      -0.006151282759822654,
      0.04026465586624362,
      1.6190908838412132
    ]
  },
  {
    "label_id": "9yvoP8LddkU2qWg-ZQW66A",
    "size": [
      0.3588027905613084,
      0.07909095543237712,
      0.6700000000000017
    ],
    "obj_class": "sign",
    "point_num_in_lidar": 30,
    "speed": 0.0024326467290554307,
    "if_vehicle": false,
    "motion_state": false,
    "pose": [
      [
        0.9999671604771236,
        -0.0005227403426459984,
        -0.008087317840460372,
        -40.47716328909428
      ],
      [
        0.0008451092355482831,
        0.9992029560855114,
        0.039909126028463145,
        2.623868340260742
      ],
      [
        0.008060009782776276,
        -0.039914650098803746,
        0.9991705845098682,
        2.791036125365814
      ],
      [
        0.0,
        0.0,
        0.0,
        1.0
      ]
    ],
    "location": [
      -40.47716328909428,
      2.623868340260742,
      2.791036125365814
    ],
    "rotation": [
      -0.03992655383686646,
      -0.00806009705341464,
      0.0008451367882289964
    ]
  },
  {
    "label_id": "DQe9EgHTvbMojU92WrDD-w",
    "size": [
      2.2950943813661904,
      6.332258661657688,
      2.200000000000003
    ],
    "obj_class": "vehicle",
    "point_num_in_lidar": 281,
    "speed": 0.011487781858997176,
    "if_vehicle": true,
    "motion_state": false,
    "pose": [
      [
        -0.970001646305601,
        0.24296378630275547,
        -0.008087317840460372,
        -43.14500220972968
      ],
      [
        -0.2430912432717661,
        -0.9691820825336338,
        0.039909126028463145,
        0.7065085671110864
      ],
      [
        0.0018583888211804623,
        0.04067787409879841,
        0.9991705845098682,
        1.1383750035708502
      ],
      [
        0.0,
        0.0,
        0.0,
        1.0
      ]
    ],
    "location": [
      -43.14500220972968,
      0.7065085671110864,
      1.1383750035708502
    ],
    "rotation": [
      0.04068917096946035,
      -0.0018583898908735212,
      -2.8960407985036434
    ]
  },
  {
    "label_id": "Dv2qrMqPdIlySEkg-zfx5g",
    "size": [
      2.0189104259503283,
      4.819514428686471,
      1.4200000000000017
    ],
    "obj_class": "vehicle",
    "point_num_in_lidar": 71,
    "speed": 1.8198773652309366e-12,
    "if_vehicle": true,
    "motion_state": false,
    "pose": [
      [
        0.0545296568224645,
        0.9984793997959958,
        -0.008087317840460372,
        -30.904623701712808
      ],
      [
        -0.9976988998509344,
        0.05481028093231623,
        0.039909126028463145,
        42.10468166670944
      ],
      [
        0.040291708366107196,
        0.005892477165755567,
        0.9991705845098682,
        -0.0008114260004461471
      ],
      [
        0.0,
        0.0,
        0.0,
        1.0
      ]
    ],
    "location": [
      -30.904623701712808,
      42.10468166670944,
      -0.0008114260004461471
    ],
    "rotation": [
      0.005897300167889578,
      -0.04030261807733814,
      -1.516195227540595
    ]
  },
  {
    "label_id": "FYseW0mhs-5FpUAHNuYuAA",
    "size": [
      1.9505814467950093,
      4.170013394086709,
      1.9500000000000028
    ],
    "obj_class": "vehicle",
    "point_num_in_lidar": 71,
    "speed": 8.526512829121202e-13,
    "if_vehicle": true,
    "motion_state": false,
    "pose": [
      [
        0.0812571720250246,
        0.9966603570347538,
        -0.008087317840460372,
        -24.17604185784785
      ],
      [
        -0.995872619870967,
        0.08151678754085455,
        0.039909126028463145,
        -70.7263508836495
      ],
      [
        0.04043509596664924,
        0.004811035686445264,
        0.9991705845098682,
        3.2404721554819673
      ],
      [
        0.0,
        0.0,
        0.0,
        1.0
      ]
    ],
    "location": [
      -24.17604185784785,
      -70.7263508836495,
      3.2404721554819673
    ],
    "rotation": [
      0.004814992135526709,
      -0.04044612262476394,
      -1.4893827381705886
    ]
  },
  {
    "label_id": "Go_3rbTk6d2Upk1krZLsKw",
    "size": [
      2.1025838945668656,
      4.719586221317513,
      1.8100000000000023
    ],
    "obj_class": "vehicle",
    "point_num_in_lidar": 389,
    "speed": 0.001968879427797771,
    "if_vehicle": true,
    "motion_state": false,
    "pose": [
      [
        -0.9981227939127236,
        0.06070818364937237,
        -0.008087317840460372,
        -36.64180300332646
      ],
      [
        -0.06098397188450742,
        -0.9973405721381406,
        0.039909126028463145,
        1.2053749794449686
      ],
      [
        -0.005642999649845852,
        0.040327405137948344,
        0.9991705845098682,
        0.9039519524387174
      ],
      [
        0.0,
        0.0,
        0.0,
        1.0
      ]
    ],
    "location": [
      -36.64180300332646,
      1.2053749794449686,
      0.9039519524387174
    ],
    "rotation": [
      0.04033898650556295,
      0.005643029599033221,
      -3.0805698451454164
    ]
  },
  {
    "label_id": "HILMjKmKIoQMgeZ6T8zTSg",
    "size": [
      0.7527797330444923,
      0.1029191474772233,
      0.7700000000000031
    ],
    "obj_class": "sign",
    "point_num_in_lidar": 160,
    "speed": 0.005511359908490033,
    "if_vehicle": false,
    "motion_state": false,
    "pose": [
      [
        0.9905283056840656,
        0.13707031381302717,
        -0.008087317840460372,
        -12.188218665947716
      ],
      [
        -0.1366458621306473,
        0.9898157252853768,
        0.039909126028463145,
        4.262187674346933
      ],
      [
        0.013475310802593742,
        -0.038426020467671164,
        0.9991705845098682,
        2.4599808231677187
      ],
      [
        0.0,
        0.0,
        0.0,
        1.0
      ]
    ],
    "location": [
      -12.188218665947716,
      4.262187674346933,
      2.4599808231677187
    ],
    "rotation": [
      -0.0384389749674876,
      -0.013475718652730083,
      -0.1370872449944115
    ]
  },
  {
    "label_id": "Ko333JMTQxrLsIbw6vT5jw",
    "size": [
      2.002767809712559,
      4.87247641867594,
      1.6600000000000037
    ],
    "obj_class": "vehicle",
    "point_num_in_lidar": 331,
    "speed": 8.987733679556354e-13,
    "if_vehicle": true,
    "motion_state": false,
    "pose": [
      [
        0.6317537641072658,
        -0.7751269423948883,
        -0.008087317840460372,
        -16.49768922657404
      ],
      [
        0.774738615103166,
        0.631020871229845,
        0.039909126028463145,
        -22.47861869105509
      ],
      [
        -0.025831372482494914,
        -0.03147829801433025,
        0.9991705845098682,
        0.9533562731644025
      ],
      [
        0.0,
        0.0,
        0.0,
        1.0
      ]
    ],
    "location": [
      -16.49768922657404,
      -22.47861869105509,
      0.9533562731644025
    ],
    "rotation": [
      -0.03149401145826806,
      0.025834246051507623,
      0.8867106967930064
    ]
  },
  {
    "label_id": "Kv6PR2TsyeCAv99_HjOO4w",
    "size": [
      2.0503811492887287,
      4.811895084353816,
      1.4500000000000028
    ],
    "obj_class": "vehicle",
    "point_num_in_lidar": 290,
    "speed": 7.105427357601002e-13,
    "if_vehicle": true,
    "motion_state": false,
    "pose": [
      [
        -0.7491805382731144,
        0.6623164774961847,
        -0.008087317840460372,
        -30.424235401849728
      ],
      [
        -0.662052247138053,
        -0.7483943370437129,
        0.039909126028463145,
        16.41323353707594
      ],
      [
        0.020379968897449873,
        0.03525336746961003,
        0.9991705845098682,
        0.576338056092915
      ],
      [
        0.0,
        0.0,
        0.0,
        1.0
      ]
    ],
    "location": [
      -30.424235401849728,
      16.41323353707594,
      0.576338056092915
    ],
    "rotation": [
      0.03526800166282788,
      -0.020381379941215628,
      -2.4178553597689514
    ]
  },
  {
    "label_id": "NkwybbFSpKDWgnn8QF5B7w",
    "size": [
      1.8052124283528188,
      3.74252247910149,
      1.6600000000000037
    ],
    "obj_class": "vehicle",
    "point_num_in_lidar": 113,
    "speed": 1.449228509952941e-12,
    "if_vehicle": true,
    "motion_state": false,
    "pose": [
      [
        0.676621593632401,
        -0.7362865028781238,
        -0.008087317840460372,
        -15.236838825015184
      ],
      [
        0.7359423344304613,
        0.6758669558816197,
        0.039909126028463145,
        -32.92616896157051
      ],
      [
        -0.023918599946340366,
        -0.03295517602464459,
        0.9991705845098682,
        1.3451906877999846
      ],
      [
        0.0,
        0.0,
        0.0,
        1.0
      ]
    ],
    "location": [
      -15.236838825015184,
      -32.92616896157051,
      1.3451906877999846
    ],
    "rotation": [
      -0.03297058006043402,
      0.023920881169884462,
      0.8273685861468223
    ]
  },
  {
    "label_id": "OXd0i5MfXfgVle65_zBBXw",
    "size": [
      2.0389075321438415,
      4.734929776064892,
      1.470000000000006
    ],
    "obj_class": "vehicle",
    "point_num_in_lidar": 996,
    "speed": 5.123796534383003e-13,
    "if_vehicle": true,
    "motion_state": false,
    "pose": [
      [
        -0.6583083928935002,
        0.7527048924619294,
        -0.008087317840460372,
        -29.42500382864455
      ],
      [
        -0.7523422682523941,
        -0.6575624480309736,
        0.039909126028463145,
        10.160813417951431
      ],
      [
        0.024721877898326246,
        0.03235694366575174,
        0.9991705845098682,
        0.7194228577185697
      ],
      [
        0.0,
        0.0,
        0.0,
        1.0
      ]
    ],
    "location": [
      -29.42500382864455,
      10.160813417951431,
      0.7194228577185697
    ],
    "rotation": [
      0.032372489997761274,
      -0.02472439680797922,
      -2.289633032549265
    ]
  },
  {
    "label_id": "Pj9fE-MT-gyTk6PlD0A62w",
    "size": [
      0.4876201351525399,
      0.07714707792519968,
      0.480000000000004
    ],
    "obj_class": "sign",
    "point_num_in_lidar": 41,
    "speed": 0.010428952153264136,
    "if_vehicle": false,
    "motion_state": false,
    "pose": [
      [
        0.2077183519620231,
        0.978155244093865,
        -0.008087317840460372,
        -17.277692559220668
      ],
      [
        -0.9773408269602909,
        0.20787537039346218,
        0.039909126028463145,
        19.03951118212899
      ],
      [
        0.040718475103519544,
        -0.00038579198079079035,
        0.9991705845098682,
        2.1530633589055697
      ],
      [
        0.0,
        0.0,
        0.0,
        1.0
      ]
    ],
    "location": [
      -17.277692559220668,
      19.03951118212899,
      2.1530633589055697
    ],
    "rotation": [
      -0.00038611220906629003,
      -0.04072973533946954,
      -1.361378210536993
    ]
  },
  {
    "label_id": "QfXrH-AG6fWpRUmyN1WzLw",
    "size": [
      0.44566292092261955,
      0.0696207456306018,
      0.15000000000000568
    ],
    "obj_class": "sign",
    "point_num_in_lidar": 171,
    "speed": 0.004925533160896033,
    "if_vehicle": false,
    "motion_state": false,
    "pose": [
      [
        0.9905283056832777,
        0.137070313818721,
        -0.008087317840460372,
        -12.188723096522153
      ],
      [
        -0.13664586213633703,
        0.9898157252845913,
        0.039909126028463145,
        4.260412774219731
      ],
      [
        0.013475310802814626,
        -0.038426020467593705,
        0.9991705845098682,
        1.979163756824505
      ],
      [
        0.0,
        0.0,
        0.0,
        1.0
      ]
    ],
    "location": [
      -12.188723096522153,
      4.260412774219731,
      1.979163756824505
    ],
    "rotation": [
      -0.03843897496741019,
      -0.013475718652950988,
      -0.13708724500015604
    ]
  },
  {
    "label_id": "RqRoUISiOVfgjg-WLH6oig",
    "size": [
      1.8839428583990758,
      4.431572760151295,
      1.5400000000000063
    ],
    "obj_class": "vehicle",
    "point_num_in_lidar": 458,
    "speed": 0.014743443884374109,
    "if_vehicle": true,
    "motion_state": false,
    "pose": [
      [
        0.07709432066502814,
        0.9969910034756307,
        -0.008087317840460372,
        -27.18038517026889
      ],
      [
        -0.9962043573584505,
        0.07735722357789859,
        0.039909126028463145,
        -22.565694834116584
      ],
      [
        0.040414652061282905,
        0.004979854312509997,
        0.9991705845098682,
        0.8320645800101545
      ],
      [
        0.0,
        0.0,
        0.0,
        1.0
      ]
    ],
    "location": [
      -27.18038517026889,
      -22.565694834116584,
      0.8320645800101545
    ],
    "rotation": [
      0.004983946842415716,
      -0.04042566199448303,
      -1.4935622060218363
    ]
  },
  {
    "label_id": "SYZ9P7-R7Vyu8C5_pRukog",
    "size": [
      2.1026481270016424,
      4.699895119369667,
      1.6800000000000068
    ],
    "obj_class": "vehicle",
    "point_num_in_lidar": 77,
    "speed": 7.105427357601002e-13,
    "if_vehicle": true,
    "motion_state": false,
    "pose": [
      [
        0.06786028279977,
        0.9976620556623784,
        -0.008087317840460372,
        -25.60592454756079
      ],
      [
        -0.9968778773731266,
        0.06813045768005463,
        0.039909126028463145,
        -47.56180423515252
      ],
      [
        0.04036681337912011,
        0.0053538236638567835,
        0.9991705845098682,
        1.9893156913739531
      ],
      [
        0.0,
        0.0,
        0.0,
        1.0
      ]
    ],
    "location": [
      -25.60592454756079,
      -47.56180423515252,
      1.9893156913739531
    ],
    "rotation": [
      0.00535821661465988,
      -0.040377784242221514,
      -1.5028283686594879
    ]
  },
  {
    "label_id": "SwUfSWt1LE_xpCIjLv06Pg",
    "size": [
      0.8137902785163599,
      0.1125742801911172,
      0.7600000000000051
    ],
    "obj_class": "sign",
    "point_num_in_lidar": 27,
    "speed": 1.1718571004216928e-12,
    "if_vehicle": false,
    "motion_state": false,
    "pose": [
      [
        -0.10674020650230125,
        -0.9942540538544429,
        -0.008087317840460372,
        -30.634699561368507
      ],
      [
        0.993459929866686,
        -0.10697957472771903,
        0.039909126028463145,
        6.662678317148675
      ],
      [
        -0.04054498816284769,
        -0.0037745178609888373,
        0.9991705845098682,
        2.677694758297598
      ],
      [
        0.0,
        0.0,
        0.0,
        1.0
      ]
    ],
    "location": [
      -30.634699561368507,
      6.662678317148675,
      2.677694758297598
    ],
    "rotation": [
      -0.0037776331336412403,
      0.04055610501295544,
      1.6778286182362436
    ]
  },
  {
    "label_id": "TgdBnuHVxPOTzl8OMUYiRg",
    "size": [
      0.8323629950249497,
      0.11670498628292902,
      0.7900000000000063
    ],
    "obj_class": "sign",
    "point_num_in_lidar": 179,
    "speed": 0.002885110238659634,
    "if_vehicle": false,
    "motion_state": false,
    "pose": [
      [
        0.11622214309206105,
        0.9931903184914943,
        -0.008087317840460372,
        -15.457453554595304
      ],
      [
        -0.9923939466931351,
        0.11645392319053546,
        0.039909126028463145,
        -18.32366585887212
      ],
      [
        0.04057915748153691,
        0.0033874811138971286,
        0.9991705845098682,
        2.882139041889502
      ],
      [
        0.0,
        0.0,
        0.0,
        1.0
      ]
    ],
    "location": [
      -15.457453554595304,
      -18.32366585887212,
      2.882139041889502
    ],
    "rotation": [
      0.003390280086138263,
      -0.040590302475457724,
      -1.4542144713992748
    ]
  },
  {
    "label_id": "VFli2h3FNYZuybkEBpincg",
    "size": [
      1.9376880129058198,
      4.437301692662093,
      1.4500000000000028
    ],
    "obj_class": "vehicle",
    "point_num_in_lidar": 40,
    "speed": 0.0,
    "if_vehicle": true,
    "motion_state": false,
    "pose": [
      [
        0.07927229806503072,
        0.9968201934399386,
        -0.008087317840460372,
        -30.329576969248592
      ],
      [
        -0.9960329748268573,
        0.0795334817369728,
        0.039909126028463145,
        31.128344960074173
      ],
      [
        0.04042543527347686,
        0.004891547112960853,
        0.9991705845098682,
        0.24633805609286696
      ],
      [
        0.0,
        0.0,
        0.0,
        1.0
      ]
    ],
    "location": [
      -30.329576969248592,
      31.128344960074173,
      0.24633805609286696
    ],
    "rotation": [
      0.004895568495338621,
      -0.0404364540261832,
      -1.4913757088312443
    ]
  },
  {
    "label_id": "VtnkMTVF6siiRfuCfGB2eg",
    "size": [
      1.8431131976785606,
      4.467267803468969,
      1.6800000000000068
    ],
    "obj_class": "vehicle",
    "point_num_in_lidar": 64,
    "speed": 7.105427357601002e-13,
    "if_vehicle": true,
    "motion_state": false,
    "pose": [
      [
        0.06786028280091395,
        0.9976620556623007,
        -0.008087317840460372,
        -24.9347122761219
      ],
      [
        -0.9968778773730486,
        0.06813045768119769,
        0.039909126028463145,
        -56.44369622397426
      ],
      [
        0.040366813379126246,
        0.005353823663810498,
        0.9991705845098682,
        2.3211387631610023
      ],
      [
        0.0,
        0.0,
        0.0,
        1.0
      ]
    ],
    "location": [
      -24.9347122761219,
      -56.44369622397426,
      2.3211387631610023
    ],
    "rotation": [
      0.005358216614613557,
      -0.040377784242227654,
      -1.5028283686583404
    ]
  },
  {
    "label_id": "WBKuczfAjn8i-8Q33iEfTg",
    "size": [
      1.9903516921403108,
      3.944358340693,
      1.6600000000000037
    ],
    "obj_class": "vehicle",
    "point_num_in_lidar": 102,
    "speed": 8.644125458514253e-13,
    "if_vehicle": true,
    "motion_state": false,
    "pose": [
      [
        0.676621593632402,
        -0.7362865028781229,
        -0.008087317840460372,
        -15.211251894696943
      ],
      [
        0.7359423344304604,
        0.6758669558816207,
        0.039909126028463145,
        -28.979883525846162
      ],
      [
        -0.023918599946340324,
        -0.03295517602464462,
        0.9991705845098682,
        1.1767232963998424
      ],
      [
        0.0,
        0.0,
        0.0,
        1.0
      ]
    ],
    "location": [
      -15.211251894696943,
      -28.979883525846162,
      1.1767232963998424
    ],
    "rotation": [
      -0.03297058006043405,
      0.02392088116988442,
      0.827368586146821
    ]
  },
  {
    "label_id": "YPSwFDE7EZ2S1pXMTp9KTA",
    "size": [
      1.786723006897268,
      3.904105178604362,
      1.470000000000006
    ],
    "obj_class": "vehicle",
    "point_num_in_lidar": 20,
    "speed": 1.7112135109858137e-12,
    "if_vehicle": true,
    "motion_state": false,
    "pose": [
      [
        0.7879748805831399,
        0.6156542721853994,
        -0.008087317840460372,
        -48.135565050814876
      ],
      [
        -0.6149295332545741,
        0.7875715401098213,
        0.039909126028463145,
        -12.889946398165193
      ],
      [
        0.030939565305577867,
        -0.02647425823154004,
        0.9991705845098682,
        0.6283750035705964
      ],
      [
        0.0,
        0.0,
        0.0,
        1.0
      ]
    ],
    "location": [
      -48.135565050814876,
      -12.889946398165193,
      0.6283750035705964
    ],
    "rotation": [
      -0.026490036665049375,
      -0.030944503617498908,
      -0.6626701574625941
    ]
  },
  {
    "label_id": "Zwj9I-PqljydaE_gb0MbTw",
    "size": [
      1.9379139095436342,
      4.488067844332695,
      2.0
    ],
    "obj_class": "vehicle",
    "point_num_in_lidar": 52,
    "speed": 2.8421709430404007e-13,
    "if_vehicle": true,
    "motion_state": false,
    "pose": [
      [
        -0.9990767930038901,
        0.04219190646569156,
        -0.008087317840460372,
        -30.91986498437018
      ],
      [
        -0.04248215019229821,
        -0.9982998189795905,
        0.039909126028463145,
        -64.57268496806137
      ],
      [
        -0.006389725823641589,
        0.040215848295256325,
        0.9991705845098682,
        3.2762402040106053
      ],
      [
        0.0,
        0.0,
        0.0,
        1.0
      ]
    ],
    "location": [
      -30.91986498437018,
      -64.57268496806137,
      3.2762402040106053
    ],
    "rotation": [
      0.04022751813929549,
      0.006389769305029613,
      -3.0990968467983095
    ]
  },
  {
    "label_id": "bjU_LRF_XLFwrTt9DcYXOQ",
    "size": [
      0.3017444110824618,
      0.07692972936776284,
      0.6400000000000006
    ],
    "obj_class": "sign",
    "point_num_in_lidar": 100,
    "speed": 0.004995738883056822,
    "if_vehicle": false,
    "motion_state": false,
    "pose": [
      [
        -0.6086056783380084,
        -0.7934316124184113,
        -0.008087317840460372,
        -4.715703219917486
      ],
      [
        0.7926289373925305,
        -0.6083967696065063,
        0.039909126028463145,
        -13.556472112046322
      ],
      [
        -0.03658546026389026,
        0.01787867857219012,
        0.9991705845098682,
        2.7261487637430193
      ],
      [
        0.0,
        0.0,
        0.0,
        1.0
      ]
    ],
    "location": [
      -4.715703219917486,
      -13.556472112046322,
      2.7261487637430193
    ],
    "rotation": [
      0.017891610397337877,
      0.03659362676516367,
      2.225612432175384
    ]
  },
  {
    "label_id": "cvsSzEWkCO_fUj4Y4e3xgA",
    "size": [
      0.7530615077667936,
      0.8484543407193996,
      1.7100000000000009
    ],
    "obj_class": "pedestrian",
    "point_num_in_lidar": 25,
    "speed": 0.029312842608419716,
    "if_vehicle": false,
    "motion_state": false,
    "pose": [
      [
        0.2647500173529604,
        0.9642831656737323,
        -0.008087317840460372,
        -6.980633249755556
      ],
      [
        -0.9634609390327311,
        0.26485898251298223,
        0.039909126028463145,
        -16.729727633923176
      ],
      [
        0.04062569716048181,
        -0.0027741269677509896,
        0.9991705845098682,
        0.8759054102374293
      ],
      [
        0.0,
        0.0,
        0.0,
        1.0
      ]
    ],
    "location": [
      -6.980633249755556,
      -16.729727633923176,
      0.8759054102374293
    ],
    "rotation": [
      -0.0027764226475581128,
      -0.04063688056356232,
      -1.3026247962568505
    ]
  },
  {
    "label_id": "fCp7_tVCmZB4bn3ObKtBIg",
    "size": [
      1.7569796857704518,
      4.174253658275681,
      1.9600000000000009
    ],
    "obj_class": "vehicle",
    "point_num_in_lidar": 23,
    "speed": 5.684341886080801e-13,
    "if_vehicle": true,
    "motion_state": false,
    "pose": [
      [
        -0.99829588518569,
        0.05779204886026351,
        -0.008087317840460372,
        -30.938820934678006
      ],
      [
        -0.05807012106975307,
        -0.9975144724256327,
        0.039909126028463145,
        -61.512739822630465
      ],
      [
        -0.005760786427557879,
        0.04031074782169698,
        0.9991705845098682,
        3.0162408143621704
      ],
      [
        0.0,
        0.0,
        0.0,
        1.0
      ]
    ],
    "location": [
      -30.938820934678006,
      -61.512739822630465,
      3.0162408143621704
    ],
    "rotation": [
      0.04032234246396505,
      0.00576081829157741,
      -3.083488880912879
    ]
  },
  {
    "label_id": "gu9u5G065yI_z557Du54jw",
    "size": [
      1.6400946167437978,
      3.792063663359228,
      1.470000000000006
    ],
    "obj_class": "vehicle",
    "point_num_in_lidar": 31,
    "speed": 7.105427357601002e-13,
    "if_vehicle": true,
    "motion_state": false,
    "pose": [
      [
        0.6660250091803968,
        0.7458855692640795,
        -0.008087317840460372,
        -45.09880705566957
      ],
      [
        -0.7451006885554108,
        0.665756881732286,
        0.039909126028463145,
        -12.748151910855086
      ],
      [
        0.035151828693614905,
        -0.020554609937995294,
        0.9991705845098682,
        0.628375003570703
      ],
      [
        0.0,
        0.0,
        0.0,
        1.0
      ]
    ],
    "location": [
      -45.09880705566957,
      -12.748151910855086,
      0.628375003570703
    ],
    "rotation": [
      -0.020568771204278677,
      -0.035159071954303046,
      -0.8413769216999396
    ]
  },
  {
    "label_id": "h14DkRFx53Pkx5pEtWdarQ",
    "size": [
      0.8347280264472853,
      0.12141330286285525,
      0.7900000000000063
    ],
    "obj_class": "sign",
    "point_num_in_lidar": 92,
    "speed": 0.0028646920671430614,
    "if_vehicle": false,
    "motion_state": false,
    "pose": [
      [
        -0.9973204197456917,
        0.07270884161107743,
        -0.008087317840460372,
        -33.06981124613867
      ],
      [
        -0.07297520162499878,
        -0.9965349374745649,
        0.039909126028463145,
        -15.189995087635907
      ],
      [
        -0.005157548455240055,
        0.04039235997240362,
        0.9991705845098682,
        2.5476002119621555
      ],
      [
        0.0,
        0.0,
        0.0,
        1.0
      ]
    ],
    "location": [
      -33.06981124613867,
      -15.189995087635907,
      2.5476002119621555
    ],
    "rotation": [
      0.040403889362101354,
      0.00515757132090834,
      -3.068551552945161
    ]
  },
  {
    "label_id": "iMUAR45EX3cmZKOzXxFuBQ",
    "size": [
      2.1973917554267404,
      4.821743567278267,
      1.8300000000000054
    ],
    "obj_class": "vehicle",
    "point_num_in_lidar": 5943,
    "speed": 0.03124655915293948,
    "if_vehicle": true,
    "motion_state": false,
    "pose": [
      [
        0.9984656371471945,
        -0.05478108000390696,
        -0.008087317840460372,
        -6.802745270125342
      ],
      [
        0.05506150756888062,
        0.9976850665635355,
        0.039909126028463145,
        -6.749050065072879
      ],
      [
        0.005882331212128929,
        -0.04029319086048158,
        0.9991705845098682,
        0.9401103827459494
      ],
      [
        0.0,
        0.0,
        0.0,
        1.0
      ]
    ],
    "location": [
      -6.802745270125342,
      -6.749050065072879,
      0.9401103827459494
    ],
    "rotation": [
      -0.040304799470157894,
      -0.005882365135885263,
      0.05509032198265644
    ]
  },
  {
    "label_id": "jZwVlg9QhLVKBnWwkAyd5g",
    "size": [
      2.188590830324762,
      4.5476016269488415,
      1.5300000000000011
    ],
    "obj_class": "vehicle",
    "point_num_in_lidar": 418,
    "speed": 1.4210854715202004e-13,
    "if_vehicle": true,
    "motion_state": false,
    "pose": [
      [
        -0.03103286254412623,
        -0.9994856460862581,
        -0.008087317840460372,
        -19.445771525124655
      ],
      [
        0.9987119615772663,
        -0.031331764427386825,
        0.039909126028463145,
        21.40524269843081
      ],
      [
        -0.040141988550723096,
        -0.0068384066420474916,
        0.9991705845098682,
        0.36946200766453074
      ],
      [
        0.0,
        0.0,
        0.0,
        1.0
      ]
    ],
    "location": [
      -19.445771525124655,
      21.40524269843081,
      0.36946200766453074
    ],
    "rotation": [
      -0.006843976371379572,
      0.04015277703670879,
      1.6018592176578463
    ]
  },
  {
    "label_id": "l4IU7hYAbEicJJhcNV-PYQ",
    "size": [
      1.7797335311146578,
      3.629981180814881,
      1.4200000000000017
    ],
    "obj_class": "vehicle",
    "point_num_in_lidar": 202,
    "speed": 6.355287432313019e-13,
    "if_vehicle": true,
    "motion_state": false,
    "pose": [
      [
        0.7087533255880331,
        0.705410035906813,
        -0.008087317840460372,
        -7.661596939421543
      ],
      [
        -0.7046422891657661,
        0.7084394864622335,
        0.039909126028463145,
        -10.276480141723368
      ],
      [
        0.03388167332250031,
        -0.022587059637672047,
        0.9991705845098682,
        0.6590098408377614
      ],
      [
        0.0,
        0.0,
        0.0,
        1.0
      ]
    ],
    "location": [
      -7.661596939421543,
      -10.276480141723368,
      0.6590098408377614
    ],
    "rotation": [
      -0.02260195973304507,
      -0.03388815918515328,
      -0.7824895475887097
    ]
  },
  {
    "label_id": "lbLwsu8SH-0HdB69pypZYw",
    "size": [
      2.3173562574813893,
      5.409726554449852,
      1.8200000000000074
    ],
    "obj_class": "vehicle",
    "point_num_in_lidar": 868,
    "speed": 0.0034483530583641116,
    "if_vehicle": true,
    "motion_state": false,
    "pose": [
      [
        -0.734567899906737,
        0.6784869900865849,
        -0.008087317840460372,
        -29.712534278393832
      ],
      [
        -0.6782056878231082,
        -0.7337876441205786,
        0.039909126028463145,
        13.40749924953343
      ],
      [
        0.021143448890632396,
        0.034800827852474986,
        0.9991705845098682,
        0.9029040559262853
      ],
      [
        0.0,
        0.0,
        0.0,
        1.0
      ]
    ],
    "location": [
      -29.712534278393832,
      13.40749924953343,
      0.9029040559262853
    ],
    "rotation": [
      0.03481564231882097,
      -0.02114502455466701,
      -2.3960680688534657
    ]
  },
  {
    "label_id": "mwo7eouCPfeT1MgWe_mMaw",
    "size": [
      2.0225976853632943,
      4.369351698540099,
      1.6400000000000006
    ],
    "obj_class": "vehicle",
    "point_num_in_lidar": 398,
    "speed": 1.1718571004216928e-12,
    "if_vehicle": true,
    "motion_state": false,
    "pose": [
      [
        -0.7491805382727691,
        0.6623164774965752,
        -0.008087317840460372,
        -30.31142255517352
      ],
      [
        -0.6620522471384432,
        -0.7483943370433678,
        0.039909126028463145,
        24.832416113664294
      ],
      [
        0.020379968897468254,
        0.03525336746959941,
        0.9991705845098682,
        0.6280852228518015
      ],
      [
        0.0,
        0.0,
        0.0,
        1.0
      ]
    ],
    "location": [
      -30.31142255517352,
      24.832416113664294,
      0.6280852228518015
    ],
    "rotation": [
      0.03526800166281727,
      -0.020381379941234012,
      -2.41785535976843
    ]
  },
  {
    "label_id": "nzEXTn_WF_YJ99oOAwWwpQ",
    "size": [
      1.6043040811237628,
      3.624440980069253,
      1.470000000000006
    ],
    "obj_class": "vehicle",
    "point_num_in_lidar": 38,
    "speed": 4.263256414560601e-13,
    "if_vehicle": true,
    "motion_state": false,
    "pose": [
      [
        0.5769530165859018,
        0.8167372967745354,
        -0.008087317840460372,
        -51.86256792528093
      ],
      [
        -0.8159270316011908,
        0.5767758149941047,
        0.039909126028463145,
        -13.221069177512618
      ],
      [
        0.037259841047669134,
        -0.016427029412246556,
        0.9991705845098682,
        0.6283750035706817
      ],
      [
        0.0,
        0.0,
        0.0,
        1.0
      ]
    ],
    "location": [
      -51.86256792528093,
      -13.221069177512618,
      0.6283750035706817
    ],
    "rotation": [
      -0.016439184515892158,
      -0.03726846771798206,
      -0.955312140951323
    ]
  },
  {
    "label_id": "oGhYcNPyTUhm8059vJgk7Q",
    "size": [
      1.9637128907553356,
      4.522243896407982,
      1.5799999999999983
    ],
    "obj_class": "vehicle",
    "point_num_in_lidar": 682,
    "speed": 1.6113368992316295,
    "if_vehicle": true,
    "motion_state": true,
    "pose": [
      [
        -0.9828390396419215,
        -0.18428786570442668,
        -0.008087317840460372,
        -29.41908606779907
      ],
      [
        0.18382981887659353,
        -0.982147575139013,
        0.039909126028463145,
        -3.9897426590559917
      ],
      [
