[
  {
    "label_id": "-37Tr49YQag_EecI_gdFqA",
    "size": [
      2.0614844075240524,
      4.778170597256613,
      1.470000000000006
    ],
    "obj_class": "vehicle",
    "point_num_in_lidar": 213,
    "speed": 3.1776437161565096e-13,
    "if_vehicle": true,
    "motion_state": false,
    "pose": [
      [
        0.6660315521734931,
        0.7458928968014882,
        -0.006764466752971635,
        -38.09545921678364
      ],
      [
        -0.7451040081461371,
        0.6656974021868403,
        0.0408287370151657,
        -12.74363263278974
      ],
      [
        0.034956952869620556,
        -0.02215299579688371,
        0.9991432611108851,
        0.6283750035708735
      ],
      [
        0.0,
        0.0,
        0.0,
        1.0
      ]
    ],
    "location": [
      -38.09545921678364,
      -12.74363263278974,
      0.6283750035708735
    ],
    "rotation": [
      -0.022168359245792153,
      -0.03496407628682777,
      -0.841374254163801
    ]
  },
  {
    "label_id": "16PzcXDMMYoq8hgoqYjC-Q",
    "size": [
      0.5305112011630295,
      0.12094541017995653,
      0.5700000000000003
    ],
    "obj_class": "sign",
    "point_num_in_lidar": 32,
    "speed": 0.004761248136798512,
    "if_vehicle": false,
    "motion_state": false,
    "pose": [
      [
        -0.02774669676363334,
        -0.9995920982121933,
        -0.006764466752971635,
        -28.91582720430506
      ],
      [
        0.998773747476686,
        -0.02800027830439766,
        0.0408287370151657,
        -25.44721647303595
      ],
      [
        -0.04100148985200737,
        -0.005623309223344994,
        0.9991432611108851,
        3.044379345153459
      ],
      [
        0.0,
        0.0,
        0.0,
        1.0
      ]
    ],
    "location": [
      -28.91582720430506,
      -25.44721647303595,
      3.044379345153459
    ],
    "rotation": [
      -0.005628071637932521,
      0.041012986637107306,
      1.5985699463030156
    ]
  },
  {
    "label_id": "5TfIhDaGwG7wy8E9HfiYNA",
    "size": [
      2.075345501803521,
      4.400591282594326,
      1.4400000000000048
    ],
    "obj_class": "vehicle",
    "point_num_in_lidar": 315,
    "speed": 0.3141181588435412,
    "if_vehicle": true,
    "motion_state": false,
    "pose": [
      [
        -0.9998328620148106,
        -0.016984994107182096,
        -0.006764466752971635,
        -35.361349795844944
      ],
      [
        0.016695067862127193,
        -0.999026670786534,
        0.0408287370151657,
        -1.3949643743817433
      ],
      [
        -0.007451358557473724,
        0.04070897975083119,
        0.9991432611108851,
        0.7212315732022816
      ],
      [
        0.0,
        0.0,
        0.0,
        1.0
      ]
    ],
    "location": [
      -35.361349795844944,
      -1.3949643743817433,
      0.7212315732022816
    ],
    "rotation": [
      0.0407213632290748,
      0.007451427512509306,
      3.1248963465121973
    ]
  },
  {
    "label_id": "5rFZom3Q5U-Yz4kJWFjfhw",
    "size": [
      1.4719569154579257,
      3.3250731876028397,
      1.470000000000006
    ],
    "obj_class": "vehicle",
    "point_num_in_lidar": 28,
    "speed": 3.1776437161565096e-13,
    "if_vehicle": true,
    "motion_state": false,
    "pose": [
      [
        0.7870441012716817,
        0.616859647442592,
        -0.006764466752971635,
        -54.96524234788831
      ],
      [
        -0.6161419837377,
        0.7865761692992729,
        0.0408287370151657,
        -12.831983628664602
      ],
      [
        0.030506368666606137,
        -0.027966144666055265,
        0.9991432611108851,
        0.7583750035707553
      ],
      [
        0.0,
        0.0,
        0.0,
        1.0
      ]
    ],
    "location": [
      -54.96524234788831,
      -12.831983628664602,
      0.7583750035707553
    ],
    "rotation": [
      -0.027982818734669224,
      -0.030511102382972662,
      -0.6641993457439905
    ]
  },
  {
    "label_id": "6HLGrqQfQYMsQDDAwvTpnQ",
    "size": [
      2.1261302656461316,
      4.611272155748338,
      1.6300000000000026
    ],
    "obj_class": "vehicle",
    "point_num_in_lidar": 506,
    "speed": 8.987733679556354e-13,
    "if_vehicle": true,
    "motion_state": false,
    "pose": [
      [
        -0.7491878981805778,
        0.662322984056356,
        -0.006764466752971635,
        -30.089948332831227
      ],
      [
        -0.6619927518555538,
        -0.748397361516232,
        0.0408287370151657,
        20.67335119055315
      ],
      [
        0.021979301865148498,
        0.035066423630394646,
        0.9991432611108851,
        0.6863380560928434
      ],
      [
        0.0,
        0.0,
        0.0,
        1.0
      ]
    ],
    "location": [
      -30.089948332831227,
      20.67335119055315,
      0.6863380560928434
    ],
    "rotation": [
      0.0350820926049746,
      -0.021981071912395823,
      -2.417904827341688
    ]
  },
  {
    "label_id": "9CUNhZDZ4nxh6om0TTTJvA",
    "size": [
      1.7909447756732813,
      4.163788843312304,
      1.7600000000000051
    ],
    "obj_class": "vehicle",
    "point_num_in_lidar": 28,
    "speed": 6.355287432313019e-13,
    "if_vehicle": true,
    "motion_state": false,
    "pose": [
      [
        0.9987217754236389,
        -0.05009049095589419,
        -0.006764466752971635,
        -31.525463333779953
      ],
      [
        0.05032571089684063,
        0.9978979592405599,
        0.0408287370151657,
        -39.2057792502801
      ],
      [
        0.004705116085942271,
        -0.04111697531827247,
        0.9991432611108851,
        1.7796668911638065
      ],
      [
        0.0,
        0.0,
        0.0,
        1.0
      ]
    ],
    "location": [
      -31.525463333779953,
      -39.2057792502801,
      1.7796668911638065
    ],
    "rotation": [
      -0.04112902509188043,
      -0.004705133446517255,
      0.05034753604848504
    ]
  },
  {
    "label_id": "9s8YOLhpbgSWdr7GIkOUUQ",
    "size": [
      1.9175413712082316,
      4.427614966261043,
      1.4400000000000048
    ],
    "obj_class": "vehicle",
    "point_num_in_lidar": 1382,
    "speed": 1.449228509952941e-12,
    "if_vehicle": true,
    "motion_state": false,
    "pose": [
      [
        -0.04823713160206701,
        -0.9988130060848992,
        -0.006764466752971635,
        -18.652471023929138
      ],
      [
        0.997989627804911,
        -0.04847387984844971,
        0.0408287370151657,
        9.999034006290458
      ],
      [
        -0.04110817350138982,
        -0.004781406496550124,
        0.9991432611108851,
        0.5761387631606709
      ],
      [
        0.0,
        0.0,
        0.0,
        1.0
      ]
    ],
    "location": [
      -18.652471023929138,
      9.999034006290458,
      0.5761387631606709
    ],
    "rotation": [
      -0.004785469895436002,
      0.04111976030795806,
      1.6190930413977014
    ]
  },
  {
    "label_id": "9yvoP8LddkU2qWg-ZQW66A",
    "size": [
      0.35880279056130837,
      0.07909095543237712,
      0.6700000000000017
    ],
    "obj_class": "sign",
    "point_num_in_lidar": 37,
    "speed": 0.002432646687813338,
    "if_vehicle": false,
    "motion_state": false,
    "pose": [
      [
        0.9999769840984907,
        -0.0005227454780502767,
        -0.006764466752971635,
        -40.465990897487245
      ],
      [
        0.0007985124374771502,
        0.9991658403946932,
        0.0408287370151657,
        2.6232378103104566
      ],
      [
        0.006737481070405683,
        -0.040833198815810955,
        0.9991432611108851,
        2.793971342943202
      ],
      [
        0.0,
        0.0,
        0.0,
        1.0
      ]
    ],
    "location": [
      -40.465990897487245,
      2.6232378103104566,
      2.793971342943202
    ],
    "rotation": [
      -0.04084548213388733,
      -0.006737532044591197,
      0.0007985306466557223
    ]
  },
  {
    "label_id": "DQe9EgHTvbMojU92WrDD-w",
    "size": [
      2.295094381366005,
      6.332258661657688,
      2.200000000000003
    ],
    "obj_class": "vehicle",
    "point_num_in_lidar": 315,
    "speed": 0.16394442526404127,
    "if_vehicle": true,
    "motion_state": false,
    "pose": [
      [
        -0.9590402851533947,
        0.28318893594638106,
        -0.006764466752971635,
        -43.51277019765985
      ],
      [
        -0.283224148935803,
        -0.9581842702180707,
        0.0408287370151657,
        0.4937343931051146
      ],
      [
        0.005080640952248868,
        0.041072263928592395,
        0.9991432611108851,
        1.1383750035710563
      ],
      [
        0.0,
        0.0,
        0.0,
        1.0
      ]
    ],
    "location": [
      -43.51277019765985,
      0.4937343931051146,
      1.1383750035710563
    ],
    "rotation": [
      0.04108435093708588,
      -0.005080662810192813,
      -2.854434591484624
    ]
  },
  {
    "label_id": "Dv2qrMqPdIlySEkg-zfx5g",
    "size": [
      2.0189104259503297,
      4.819514428686471,
      1.4200000000000017
    ],
    "obj_class": "vehicle",
    "point_num_in_lidar": 61,
    "speed": 1.8198773652309366e-12,
    "if_vehicle": true,
    "motion_state": false,
    "pose": [
      [
        0.05453019251876154,
        0.9984892088016849,
        -0.006764466752971635,
        -30.904623701712808
      ],
      [
        -0.9976643550008584,
        0.05476174754760705,
        0.0408287370151657,
        42.10468166671126
      ],
      [
        0.041137487339265276,
        0.004522268470293325,
        0.9991432611108851,
        -0.005110583600000496
      ],
      [
        0.0,
        0.0,
        0.0,
        1.0
      ]
    ],
    "location": [
      -30.904623701712808,
      42.10468166671126,
      -0.005110583600000496
    ],
    "rotation": [
      0.0045261152885942195,
      -0.041149098963443306,
      -1.5161928053425089
    ]
  },
  {
    "label_id": "FYseW0mhs-5FpUAHNuYuAA",
    "size": [
      1.950581446795013,
      4.170013394086709,
      1.9500000000000028
    ],
    "obj_class": "vehicle",
    "point_num_in_lidar": 76,
    "speed": 8.526512829121202e-13,
    "if_vehicle": true,
    "motion_state": false,
    "pose": [
      [
        0.08125797029093196,
        0.996670148170269,
        -0.006764466752971635,
        -24.17604185784785
      ],
      [
        -0.9958393875210215,
        0.0814673461916074,
        0.0408287370151657,
        -70.72635088365132
      ],
      [
        0.0412438665252761,
        0.003418662128790978,
        0.9991432611108851,
        3.2353609354319417
      ],
      [
        0.0,
        0.0,
        0.0,
        1.0
      ]
    ],
    "location": [
      -24.17604185784785,
      -70.72635088365132,
      3.2353609354319417
    ],
    "rotation": [
      0.0034215801885907446,
      -0.041255568509790785,
      -1.4893792369925913
    ]
  },
  {
    "label_id": "FvMY6kGGPcpdSBYIWP1PUg",
    "size": [
      1.4719569154590075,
      3.3250731876028397,
      1.0500000000000043
    ],
    "obj_class": "vehicle",
    "point_num_in_lidar": 20,
    "speed": 6.355287432313019e-13,
    "if_vehicle": true,
    "motion_state": false,
    "pose": [
      [
        0.7141010475781923,
        0.7000099540987087,
        -0.006764466752971635,
        -58.73274780027259
      ],
      [
        -0.6992450006717749,
        0.7137152396224115,
        0.0408287370151657,
        -12.747422763894065
      ],
      [
        0.033408425333409375,
        -0.024425824314598492,
        0.9991432611108851,
        0.5483750035706834
      ],
      [
        0.0,
        0.0,
        0.0,
        1.0
      ]
    ],
    "location": [
      -58.73274780027259,
      -12.747422763894065,
      0.5483750035706834
    ],
    "rotation": [
      -0.02444190039876408,
      -0.033414643108160905,
      -0.7748872911097743
    ]
  },
  {
    "label_id": "Go_3rbTk6d2Upk1krZLsKw",
    "size": [
      2.102583894566866,
      4.719586221317513,
      1.8100000000000023
    ],
    "obj_class": "vehicle",
    "point_num_in_lidar": 403,
    "speed": 0.0019688793957602473,
    "if_vehicle": true,
    "motion_state": false,
    "pose": [
      [
        -0.9981325994151371,
        0.06070878004316552,
        -0.006764466752971635,
        -36.65063187883243
      ],
      [
        -0.060935225631840825,
        -0.9973063283219169,
        0.0408287370151657,
        1.2033557392005605
      ],
      [
        -0.004267582685567876,
        0.041164687715655776,
        0.9991432611108851,
        0.8707783639965143
      ],
      [
        0.0,
        0.0,
        0.0,
        1.0
      ]
    ],
    "location": [
      -36.65063187883243,
      1.2033557392005605,
      0.8707783639965143
    ],
    "rotation": [
      0.04117669757401692,
      0.0042675956393963535,
      -3.080619099102546
    ]
  },
  {
    "label_id": "HILMjKmKIoQMgeZ6T8zTSg",
    "size": [
      0.7527797330444923,
      0.1029191474772233,
      0.7700000000000031
    ],
    "obj_class": "sign",
    "point_num_in_lidar": 109,
    "speed": 0.005435982607755017,
    "if_vehicle": false,
    "motion_state": false,
    "pose": [
      [
        0.9905380365786524,
        0.13707166038410837,
        -0.006764466752971635,
        -12.17357196640387
      ],
      [
        -0.1366869088978683,
        0.9897725512306818,
        0.0408287370151657,
        4.241920714086518
      ],
      [
        0.012291746289858728,
        -0.03951780294818229,
        0.9991432611108851,
        2.449922373170722
      ],
      [
        0.0,
        0.0,
        0.0,
        1.0
      ]
    ],
    "location": [
      -12.17357196640387,
      4.241920714086518,
      2.449922373170722
    ],
    "rotation": [
      -0.0395310837098393,
      -0.012292055831471629,
      -0.13712657983551635
    ]
  },
  {
    "label_id": "Ko333JMTQxrLsIbw6vT5jw",
    "size": [
      2.0027678097125583,
      4.87247641867594,
      1.6600000000000037
    ],
    "obj_class": "vehicle",
    "point_num_in_lidar": 343,
    "speed": 8.987733679556354e-13,
    "if_vehicle": true,
    "motion_state": false,
    "pose": [
      [
        0.6317599704208547,
        -0.7751345571985478,
        -0.006764466752971635,
        -16.49768922657495
      ],
      [
        0.7746803995091895,
        0.6310335116695698,
        0.0408287370151657,
        -22.47861869105327
      ],
      [
        -0.02737915977752668,
        -0.031034261495680636,
        0.9991432611108851,
        0.8995897693029633
      ],
      [
        0.0,
        0.0,
        0.0,
        1.0
      ]
    ],
    "location": [
      -16.49768922657495,
      -22.47861869105327,
      0.8995897693029633
    ],
    "rotation": [
      -0.03105088938461193,
      0.027382581585537552,
      0.8866690811193697
    ]
  },
  {
    "label_id": "Kv6PR2TsyeCAv99_HjOO4w",
    "size": [
      2.050381149288723,
      4.811895084353816,
      1.4500000000000028
    ],
    "obj_class": "vehicle",
    "point_num_in_lidar": 267,
    "speed": 7.105427357601002e-13,
    "if_vehicle": true,
    "motion_state": false,
    "pose": [
      [
        -0.7491878981807537,
        0.662322984056157,
        -0.006764466752971635,
        -30.42423540184791
      ],
      [
        -0.661992751855355,
        -0.7483973615164079,
        0.0408287370151657,
        16.413233537079577
      ],
      [
        0.021979301865139186,
        0.03506642363040048,
        0.9991432611108851,
        0.5763380560929292
      ],
      [
        0.0,
        0.0,
        0.0,
        1.0
      ]
    ],
    "location": [
      -30.42423540184791,
      16.413233537079577,
      0.5763380560929292
    ],
    "rotation": [
      0.035082092604980436,
      -0.02198107191238651,
      -2.4179048273419537
    ]
  },
  {
    "label_id": "NkwybbFSpKDWgnn8QF5B7w",
    "size": [
      1.8052124283528137,
      3.74252247910149,
      1.6600000000000037
    ],
    "obj_class": "vehicle",
    "point_num_in_lidar": 107,
    "speed": 1.449228509952941e-12,
    "if_vehicle": true,
    "motion_state": false,
    "pose": [
      [
        0.6766282407250319,
        -0.7362937361154829,
        -0.006764466752971635,
        -15.236838825015184
      ],
      [
        0.7358834715246122,
        0.6758761207282232,
        0.0408287370151657,
        -32.92616896157051
      ],
      [
        -0.025490001769979346,
        -0.03260373577478615,
        0.9991432611108851,
        1.3451906878000983
      ],
      [
        0.0,
        0.0,
        0.0,
        1.0
      ]
    ],
    "location": [
      -15.236838825015184,
      -32.92616896157051,
      1.3451906878000983
    ],
    "rotation": [
      -0.03262011763611513,
      0.025492762890460326,
      0.8273238390198381
    ]
  },
  {
    "label_id": "OXd0i5MfXfgVle65_zBBXw",
    "size": [
      2.038907532143842,
      4.734929776064892,
      1.470000000000006
    ],
    "obj_class": "vehicle",
    "point_num_in_lidar": 1012,
    "speed": 5.123796534383003e-13,
    "if_vehicle": true,
    "motion_state": false,
    "pose": [
      [
        -0.6583148600782736,
        0.7527122869926273,
        -0.006764466752971635,
        -29.42500382864455
      ],
      [
        -0.7522836485558562,
        -0.6575730578036448,
        0.0408287370151657,
        10.16081341795325
      ],
      [
        0.026284160926543253,
        0.03196696202477172,
        0.9991432611108851,
        0.711281074708701
      ],
      [
        0.0,
        0.0,
        0.0,
        1.0
      ]
    ],
    "location": [
      -29.42500382864455,
      10.16081341795325,
      0.711281074708701
    ],
    "rotation": [
      0.03198346264283655,
      -0.02628718830107251,
      -2.2896765162324892
    ]
  },
  {
    "label_id": "QfXrH-AG6fWpRUmyN1WzLw",
    "size": [
      0.44566292092261933,
      0.0696207456306018,
      0.15000000000000568
    ],
    "obj_class": "sign",
    "point_num_in_lidar": 168,
    "speed": 0.005302663205542161,
    "if_vehicle": false,
    "motion_state": false,
    "pose": [
      [
        0.9905380365778663,
        0.13707166038978907,
        -0.006764466752971635,
        -12.17380041699198
      ],
      [
        -0.13668690890354462,
        0.9897725512298978,
        0.0408287370151657,
        4.241117826328264
      ],
      [
        0.012291746290085361,
        -0.039517802948111795,
        0.9991432611108851,
        1.9708917964704327
      ],
      [
        0.0,
        0.0,
        0.0,
        1.0
      ]
    ],
    "location": [
      -12.17380041699198,
      4.241117826328264,
      1.9708917964704327
    ],
    "rotation": [
      -0.039531083709768856,
      -0.01229205583169828,
      -0.13712657984124726
    ]
  },
  {
    "label_id": "RqRoUISiOVfgjg-WLH6oig",
    "size": [
      1.8839428583990776,
      4.431572760151295,
      1.5400000000000063
    ],
    "obj_class": "vehicle",
    "point_num_in_lidar": 456,
    "speed": 8.526512829121202e-13,
    "if_vehicle": true,
    "motion_state": false,
    "pose": [
      [
        0.07709507803531872,
        0.9970007978593979,
        -0.006764466752971635,
        -27.180027917686857
      ],
      [
        -0.9961709188267905,
        0.07730792144104294,
        0.0408287370151657,
        -22.568215481927837
      ],
      [
        0.04122923024404101,
        0.0035908703944133244,
        0.9991432611108851,
        0.8311387631612632
      ],
      [
        0.0,
        0.0,
        0.0,
        1.0
      ]
    ],
    "location": [
      -27.180027917686857,
      -22.568215481927837,
      0.8311387631612632
    ],
    "rotation": [
      0.0035939339970934387,
      -0.04124091976850892,
      -1.4935588680423026
    ]
  },
  {
    "label_id": "SYZ9P7-R7Vyu8C5_pRukog",
    "size": [
      2.1026481270016393,
      4.699895119369667,
      1.6800000000000068
    ],
    "obj_class": "vehicle",
    "point_num_in_lidar": 53,
    "speed": 7.105427357601002e-13,
    "if_vehicle": true,
    "motion_state": false,
    "pose": [
      [
        0.06786094945538808,
        0.9976718566385249,
        -0.006764466752971635,
        -25.60592454756079
      ],
      [
        -0.996843983806302,
        0.0680814672501099,
        0.0408287370151657,
        -47.5618042351507
      ],
      [
        0.04119421668383332,
        0.003972441127444032,
        0.9991432611108851,
        1.9662230801025231
      ],
      [
        0.0,
        0.0,
        0.0,
        1.0
      ]
    ],
    "location": [
      -25.60592454756079,
      -47.5618042351507,
      1.9662230801025231
    ],
    "rotation": [
      0.0039758264414990864,
      -0.041205876436747904,
      -1.5028253991192155
    ]
  },
  {
    "label_id": "SwUfSWt1LE_xpCIjLv06Pg",
    "size": [
      0.813790278516357,
      0.1125742801911172,
      0.7600000000000051
    ],
    "obj_class": "sign",
    "point_num_in_lidar": 29,
    "speed": 0.00012621634171750492,
    "if_vehicle": false,
    "motion_state": false,
    "pose": [
      [
        -0.10674125511212854,
        -0.9942638213505686,
        -0.006764466752971635,
        -30.634561195925016
      ],
      [
        0.993427973861902,
        -0.1069292989894853,
        0.0408287370151657,
        6.662689803153626
      ],
      [
        -0.04131785577354899,
        -0.0023618998670190024,
        0.9991432611108851,
        2.6783750035703875
      ],
      [
        0.0,
        0.0,
        0.0,
        1.0
      ]
    ],
    "location": [
      -30.634561195925016,
      6.662689803153626,
      2.6783750035703875
    ],
    "rotation": [
      -0.0023639207303102166,
      0.041329620881659604,
      1.677833078451869
    ]
  },
  {
    "label_id": "TgdBnuHVxPOTzl8OMUYiRg",
    "size": [
      0.8323629950249489,
      0.11670498628292902,
      0.7900000000000063
    ],
    "obj_class": "sign",
    "point_num_in_lidar": 179,
    "speed": 0.0012953437559180775,
    "if_vehicle": false,
    "motion_state": false,
    "pose": [
      [
        0.11622328485189604,
        0.9932000755375439,
        -0.006764466752971635,
        -15.45329467025931
      ],
      [
        -0.9923624718551172,
        0.11640334482886738,
        0.0408287370151657,
        -18.320981081578793
      ],
      [
        0.04133851124359465,
        0.0019675530155039353,
        0.9991432611108851,
        2.872838456124505
      ],
      [
        0.0,
        0.0,
        0.0,
        1.0
      ]
    ],
    "location": [
      -15.45329467025931,
      -18.320981081578793,
      2.872838456124505
    ],
    "rotation": [
      0.001969237594610036,
      -0.04135029401429998,
      -1.4542096721986397
    ]
  },
  {
    "label_id": "VFli2h3FNYZuybkEBpincg",
    "size": [
      1.9376880129058203,
      4.437301692662093,
      1.4500000000000028
    ],
    "obj_class": "vehicle",
    "point_num_in_lidar": 104,
    "speed": 0.0,
    "if_vehicle": true,
    "motion_state": false,
    "pose": [
      [
        0.07927307683164748,
        0.9968299861456775,
        -0.006764466752971635,
        -30.329576969248592
      ],
      [
        -0.9959996440871159,
        0.07948410666343796,
        0.0408287370151657,
        31.128344960074173
      ],
      [
        0.04123697695008761,
        0.003500786872056517,
        0.9991432611108851,
        0.24633805609301618
      ],
      [
        0.0,
        0.0,
        0.0,
        1.0
      ]
    ],
    "location": [
      -30.329576969248592,
      31.128344960074173,
      0.24633805609301618
    ],
    "rotation": [
      0.003503774366075622,
      -0.0412486730683187,
      -1.4913722852413474
    ]
  },
  {
    "label_id": "VtnkMTVF6siiRfuCfGB2eg",
    "size": [
      1.843113197678553,
      4.467267803468969,
      1.6800000000000068
    ],
    "obj_class": "vehicle",
    "point_num_in_lidar": 56,
    "speed": 7.105427357601002e-13,
    "if_vehicle": true,
    "motion_state": false,
    "pose": [
      [
        0.06786094945652674,
        0.9976718566384474,
        -0.006764466752971635,
        -24.93471227612281
      ],
      [
        -0.9968439838062242,
        0.0680814672512476,
        0.0408287370151657,
        -56.44369622397244
      ],
      [
        0.04119421668383785,
        0.003972441127397017,
        0.9991432611108851,
        2.321138763161045
      ],
      [
        0.0,
        0.0,
        0.0,
        1.0
      ]
    ],
    "location": [
      -24.93471227612281,
      -56.44369622397244,
      2.321138763161045
    ],
    "rotation": [
      0.003975826441452031,
      -0.04120587643675244,
      -1.5028253991180731
    ]
  },
  {
    "label_id": "WBKuczfAjn8i-8Q33iEfTg",
    "size": [
      1.9903516921403073,
      3.944358340693,
      1.6600000000000037
    ],
    "obj_class": "vehicle",
    "point_num_in_lidar": 130,
    "speed": 8.644125458514253e-13,
    "if_vehicle": true,
    "motion_state": false,
    "pose": [
      [
        0.6766282407250327,
        -0.7362937361154822,
        -0.006764466752971635,
        -15.211251894696034
      ],
      [
        0.7358834715246115,
        0.675876120728224,
        0.0408287370151657,
        -28.979883525846162
      ],
      [
        -0.025490001769979315,
        -0.03260373577478617,
        0.9991432611108851,
        1.1683903374970939
      ],
      [
        0.0,
        0.0,
        0.0,
        1.0
      ]
    ],
    "location": [
      -15.211251894696034,
      -28.979883525846162,
      1.1683903374970939
    ],
    "rotation": [
      -0.03262011763611515,
      0.025492762890460294,
      0.8273238390198371
    ]
  },
  {
    "label_id": "Zwj9I-PqljydaE_gb0MbTw",
    "size": [
      1.9379139095436408,
      4.488067844332695,
      2.0
    ],
    "obj_class": "vehicle",
    "point_num_in_lidar": 39,
    "speed": 2.8421709430404007e-13,
    "if_vehicle": true,
    "motion_state": false,
    "pose": [
      [
        -0.9990866078783369,
        0.0421923209566167,
        -0.006764466752971635,
        -30.91986498436927
      ],
      [
        -0.04243404722124342,
        -0.9982646772625845,
        0.0408287370151657,
        -64.57268496806137
      ],
      [
        -0.005030069043611544,
        0.041078488070060724,
        0.9991432611108851,
        3.276240204010847
      ],
      [
        0.0,
        0.0,
        0.0,
        1.0
      ]
    ],
    "location": [
      -30.91986498436927,
      -64.57268496806137,
      3.276240204010847
    ],
    "rotation": [
      0.04109056990502995,
      0.005030090255314333,
      -3.0991453239202564
    ]
  },
  {
    "label_id": "bjU_LRF_XLFwrTt9DcYXOQ",
    "size": [
      0.30174441108246175,
      0.07692972936776284,
      0.6400000000000006
    ],
    "obj_class": "sign",
    "point_num_in_lidar": 100,
    "speed": 0.004995738799156259,
    "if_vehicle": false,
    "motion_state": false,
    "pose": [
      [
        -0.6086116572461058,
        -0.7934394070461188,
        -0.006764466752971635,
        -4.695058869330751
      ],
      [
        0.7926278165339913,
        -0.6083372080436179,
        0.0408287370151657,
        -13.546377111133552
      ],
      [
        -0.03651020570616164,
        0.019487140785640733,
        0.9991432611108851,
        2.718847166025249
      ],
      [
        0.0,
        0.0,
        0.0,
        1.0
      ]
    ],
    "location": [
      -4.695058869330751,
      -13.546377111133552,
      2.718847166025249
    ],
    "rotation": [
      0.01950137796771128,
      0.0365183218965942,
      2.2256178606428785
    ]
  },
  {
    "label_id": "d7PjA3YiGitjAwIkY7FdsQ",
    "size": [
      1.8954930258714657,
      4.444050083225241,
      1.4400000000000048
    ],
    "obj_class": "vehicle",
    "point_num_in_lidar": 29,
    "speed": 3.845352881389717,
    "if_vehicle": true,
    "motion_state": true,
    "pose": [
      [
        -0.9179374028127434,
        0.3966675768284362,
        -0.006764466752971635,
        -72.23170812128956
      ],
      [
        -0.3965994040947212,
        -0.9170833805633262,
        0.0408287370151657,
        -3.8120968734801863
      ],
      [
        0.009991856139247803,
        0.04016100829907282,
        0.9991432611108851,
        0.518375003570867
      ],
      [
        0.0,
        0.0,
        0.0,
        1.0
      ]
    ],
    "location": [
      -72.23170812128956,
      -3.8120968734801863,
      0.518375003570867
    ],
    "rotation": [
      0.040173818685035584,
      -0.009992022406522909,
      -2.733761603018926
    ]
  },
  {
    "label_id": "fCp7_tVCmZB4bn3ObKtBIg",
    "size": [
      1.7569796857704525,
      4.174253658275681,
      1.9600000000000009
    ],
    "obj_class": "vehicle",
    "point_num_in_lidar": 27,
    "speed": 5.684341886080801e-13,
    "if_vehicle": true,
    "motion_state": false,
    "pose": [
      [
        -0.9983056923885423,
        0.05779261660611363,
        -0.006764466752971635,
        -30.938820934677096
      ],
      [
        -0.05802147506360305,
        -0.9974800863501939,
        0.0408287370151657,
        -61.512739822630465
      ],
      [
        -0.004387821336037851,
        0.041152044914300814,
        0.9991432611108851,
        3.0162408143622415
      ],
      [
        0.0,
        0.0,
        0.0,
        1.0
      ]
    ],
    "location": [
      -30.938820934677096,
      -61.512739822630465,
      3.0162408143622415
    ],
    "rotation": [
      0.0411640653676069,
      0.004387835415929706,
      -3.083538014814409
    ]
  },
  {
    "label_id": "gu9u5G065yI_z557Du54jw",
    "size": [
      1.6400946167437995,
      3.792063663359228,
      1.470000000000006
    ],
    "obj_class": "vehicle",
    "point_num_in_lidar": 54,
    "speed": 7.105427357601002e-13,
    "if_vehicle": true,
    "motion_state": false,
    "pose": [
      [
        0.666031552172777,
        0.7458928968021276,
        -0.006764466752971635,
        -45.09880705567048
      ],
      [
        -0.7451040081467762,
        0.6656974021861249,
        0.0408287370151657,
        -12.748151910855086
      ],
      [
        0.03495695286964182,
        -0.022152995796850147,
        0.9991432611108851,
        0.6283750035708167
      ],
      [
        0.0,
        0.0,
        0.0,
        1.0
      ]
    ],
    "location": [
      -45.09880705567048,
      -12.748151910855086,
      0.6283750035708167
    ],
    "rotation": [
      -0.022168359245758575,
      -0.03496407628684905,
      -0.8413742541647614
    ]
  },
  {
    "label_id": "h14DkRFx53Pkx5pEtWdarQ",
    "size": [
      0.8347280264472857,
      0.12141330286285525,
      0.7900000000000063
    ],
    "obj_class": "sign",
    "point_num_in_lidar": 94,
    "speed": 0.0028646920187238196,
    "if_vehicle": false,
    "motion_state": false,
    "pose": [
      [
        -0.9973302173656262,
        0.0727095558986639,
        -0.006764466752971635,
        -33.06001167172508
      ],
      [
        -0.07292604702650221,
        -0.9965012824371251,
        0.0408287370151657,
        -15.181185042722063
      ],
      [
        -0.0037721604580634917,
        0.04121303898263561,
        0.9991432611108851,
        2.530834013926203
      ],
      [
        0.0,
        0.0,
        0.0,
        1.0
      ]
    ],
    "location": [
      -33.06001167172508,
      -15.181185042722063,
      2.530834013926203
    ],
    "rotation": [
      0.04122500820023843,
      0.0037721694039215942,
      -3.068601291828685
    ]
  },
  {
    "label_id": "iMUAR45EX3cmZKOzXxFuBQ",
    "size": [
      2.1973917554267417,
      4.821743567278267,
      1.8300000000000054
    ],
    "obj_class": "vehicle",
    "point_num_in_lidar": 5746,
    "speed": 0.010928544386525955,
    "if_vehicle": true,
    "motion_state": false,
    "pose": [
      [
        0.9984754460176803,
        -0.05478161817016815,
        -0.006764466752971635,
        -6.798486725514522
      ],
      [
        0.055012965487044006,
        0.9976505339356401,
        0.0408287370151657,
        -6.778331780360531
      ],
      [
        0.004511909586357019,
        -0.041138624777575634,
        0.9991432611108851,
        0.9343967046217259
      ],
      [
        0.0,
        0.0,
        0.0,
        1.0
      ]
    ],
    "location": [
      -6.798486725514522,
      -6.778331780360531,
      0.9343967046217259
    ],
    "rotation": [
      -0.04115065646286895,
      -0.004511924894901237,
      0.05504131294402212
    ]
  },
  {
    "label_id": "jMGHvd_g07NfKjTg9VxCWQ",
    "size": [
      0.8940892438944238,
      0.9789737546767773,
      1.7464521148686387
    ],
    "obj_class": "pedestrian",
    "point_num_in_lidar": 20,
    "speed": 1.543125756821118,
    "if_vehicle": false,
    "motion_state": true,
    "pose": [
      [
        -0.9993488578788781,
        0.03544153277906987,
        -0.006764466752971635,
        -56.649538016828046
      ],
      [
        -0.0356888064870849,
        -0.9985285791229382,
        0.0408287370151657,
        -18.097566272817858
      ],
      [
        -0.005307480354118104,
        0.041043567449678034,
        0.9991432611108851,
        0.9286849507392176
      ],
      [
        0.0,
        0.0,
        0.0,
        1.0
      ]
    ],
    "location": [
      -56.649538016828046,
      -18.097566272817858,
      0.9286849507392176
    ],
    "rotation": [
      0.04105567826964934,
      0.005307505272477235,
      -3.1058957636761146
    ]
  },
  {
    "label_id": "jZwVlg9QhLVKBnWwkAyd5g",
    "size": [
      2.1885908303247597,
      4.5476016269488415,
      1.5300000000000011
    ],
    "obj_class": "vehicle",
    "point_num_in_lidar": 468,
    "speed": 1.4210854715202004e-13,
    "if_vehicle": true,
    "motion_state": false,
    "pose": [
      [
        -0.031033167409230785,
        -0.9994954649772548,
        -0.006764466752971635,
        -19.445771525124655
      ],
      [
        0.9986762848988114,
        -0.03128405687334454,
        0.0408287370151657,
        21.40524269843081
      ],
      [
        -0.0410197574500249,
        -0.005488467495280143,
        0.9991432611108851,
        0.36946200766453074
      ],
      [
        0.0,
        0.0,
        0.0,
        1.0
      ]
    ],
    "location": [
      -19.445771525124655,
      21.40524269843081,
      0.36946200766453074
    ],
    "rotation": [
      -0.005493118459728915,
      0.04103126961640379,
      1.601860631608509
    ]
  },
  {
    "label_id": "kBiJBr1Jrr8D9bj824jixQ",
    "size": [
      1.9804940697809543,
      5.018761515691507,
      2.200000000000003
    ],
    "obj_class": "vehicle",
    "point_num_in_lidar": 28,
    "speed": 1.4281732235759946e-12,
    "if_vehicle": true,
    "motion_state": false,
    "pose": [
      [
        0.9972350926990301,
        -0.0740027829145955,
        -0.006764466752971635,
        -33.313848890714326
      ],
      [
        0.07421819893888627,
        0.9964058777325706,
        0.0408287370151657,
        56.18024702152434
      ],
      [
        0.0037187142703770763,
        -0.041217895881290614,
        0.9991432611108851,
        -0.20162499642876242
      ],
      [
        0.0,
        0.0,
        0.0,
        1.0
      ]
    ],
    "location": [
      -33.313848890714326,
      56.18024702152434,
      -0.20162499642876242
    ],
    "rotation": [
      -0.041229861005879574,
      -0.0037187228413452676,
      0.0742870195139724
    ]
  },
  {
    "label_id": "l4IU7hYAbEicJJhcNV-PYQ",
    "size": [
      1.7797335311146567,
      3.629981180814881,
      1.4200000000000017
    ],
    "obj_class": "vehicle",
    "point_num_in_lidar": 269,
    "speed": 6.355287432313019e-13,
    "if_vehicle": true,
    "motion_state": false,
    "pose": [
      [
        0.7087602883409995,
        0.7054169658154895,
        -0.006764466752971635,
        -7.661596939420633
      ],
      [
        -0.7046491023079188,
        0.7083803052389238,
        0.0408287370151657,
        -10.276480141723368
      ],
      [
        0.033593098806565344,
        -0.024171211994394454,
        0.9991432611108851,
        0.6520751632951445
      ],
      [
        0.0,
        0.0,
        0.0,
        1.0
      ]
    ],
    "location": [
      -7.661596939420633,
      -10.276480141723368,
      0.6520751632951445
    ],
    "rotation": [
      -0.024187220382257728,
      -0.03359942029850728,
      -0.7824894700874645
    ]
  },
  {
    "label_id": "lbLwsu8SH-0HdB69pypZYw",
    "size": [
      2.317356257481389,
      5.409726554449852,
      1.8200000000000074
    ],
    "obj_class": "vehicle",
    "point_num_in_lidar": 877,
    "speed": 0.0034483530896291252,
    "if_vehicle": true,
    "motion_state": false,
    "pose": [
      [
        -0.734575116260636,
        0.6784936555047668,
        -0.006764466752971635,
        -29.701365918926967
      ],
      [
        -0.6781462725880143,
        -0.733791964529954,
        0.0408287370151657,
        13.418763530658907
      ],
      [
        0.02273832767940194,
        0.034579072154263535,
        0.9991432611108851,
        0.8902141220889064
      ],
      [
        0.0,
        0.0,
        0.0,
        1.0
      ]
    ],
    "location": [
      -29.701365918926967,
      13.418763530658907,
      0.8902141220889064
    ],
    "rotation": [
      0.03459491502414687,
      -0.022740287540876734,
      -2.3961166309590434
    ]
  },
  {
    "label_id": "mwo7eouCPfeT1MgWe_mMaw",
    "size": [
      2.0225976853632917,
      4.369351698540099,
      1.6400000000000077
    ],
    "obj_class": "vehicle",
    "point_num_in_lidar": 399,
    "speed": 1.1718571004216928e-12,
    "if_vehicle": true,
    "motion_state": false,
    "pose": [
      [
        -0.7491878981804093,
        0.6623229840565467,
        -0.006764466752971635,
        -30.31142255517352
      ],
      [
        -0.6619927518557442,
        -0.7483973615160636,
        0.0408287370151657,
        24.832416113662475
      ],
      [
        0.02197930186515742,
        0.03506642363038905,
        0.9991432611108851,
        0.6003740873095538
      ],
      [
        0.0,
        0.0,
        0.0,
        1.0
      ]
    ],
    "location": [
      -30.31142255517352,
      24.832416113662475,
      0.6003740873095538
    ],
    "rotation": [
      0.03508209260496901,
      -0.021981071912404747,
      -2.417904827341434
    ]
  },
  {
    "label_id": "nYdzmhTworH_S2TfHST-Dg",
    "size": [
      1.992016810136457,
      4.1598452828099,
      1.3999999999999986
    ],
    "obj_class": "vehicle",
    "point_num_in_lidar": 79,
    "speed": 4.786484248395869,
    "if_vehicle": true,
    "motion_state": true,
    "pose": [
      [
        0.998647032503692,
        -0.05155915496900514,
        -0.006764466752971635,
        -46.17573376434211
      ],
      [
        0.05179316315322619,
        0.9978228712974713,
        0.0408287370151657,
        -7.381316876599158
      ],
      [
        0.004644644459292754,
        -0.0411238501912501,
        0.9991432611108851,
        0.6843751695359899
      ],
      [
        0.0,
        0.0,
        0.0,
        1.0
      ]
    ],
    "location": [
      -46.17573376434211,
      -7.381316876599158,
      0.6843751695359899
    ],
    "rotation": [
      -0.04113589422501487,
      -0.004644661159058941,
      0.051816906704354425
    ]
  },
  {
    "label_id": "nzEXTn_WF_YJ99oOAwWwpQ",
    "size": [
      1.6043040811237623,
      3.624440980069253,
      1.470000000000006
    ],
    "obj_class": "vehicle",
    "point_num_in_lidar": 46,
    "speed": 4.263256414560601e-13,
    "if_vehicle": true,
    "motion_state": false,
    "pose": [
      [
        0.5769586845400166,
        0.8167453203559857,
        -0.006764466752971635,
        -51.86256792528002
      ],
      [
        -0.8159235707936312,
        0.5767163434974917,
        0.0408287370151657,
        -13.221069177512618
      ],
      [
        0.03724785842466594,
        -0.01803720653210087,
        0.9991432611108851,
        0.6283750035708024
      ],
