[
  {
    "label_id": "-37Tr49YQag_EecI_gdFqA",
    "size": [
      2.061484407524052,
      4.778170597256613,
      1.470000000000006
    ],
    "obj_class": "vehicle",
    "point_num_in_lidar": 199,
    "speed": 3.1776437161565096e-13,
    "if_vehicle": true,
    "motion_state": false,
    "pose": [
      [
        0.666026503776846,
        0.7458872430705404,
        -0.007804927380799281,
        -38.09545921678273
      ],
      [
        -0.745104354981079,
        0.6657461930817643,
        0.04001882788598698,
        -12.74363263278974
      ],
      [
        0.035045633893840036,
        -0.02083811464040665,
        0.9991684425176829,
        0.6283750035708309
      ],
      [
        0.0,
        0.0,
        0.0,
        1.0
      ]
    ],
    "location": [
      -38.09545921678273,
      -12.74363263278974,
      0.6283750035708309
    ],
    "rotation": [
      -0.02085243424635435,
      -0.035052811682180565,
      -0.8413782516446761
    ]
  },
  {
    "label_id": "16PzcXDMMYoq8hgoqYjC-Q",
    "size": [
      0.530511201163025,
      0.12094541017995653,
      0.5700000000000003
    ],
    "obj_class": "sign",
    "point_num_in_lidar": 38,
    "speed": 0.004761248135945808,
    "if_vehicle": false,
    "motion_state": false,
    "pose": [
      [
        -0.027746486448787785,
        -0.9995845214879668,
        -0.007804927380799281,
        -28.923911350616436
      ],
      [
        0.9988054871755004,
        -0.028037335870993798,
        0.04001882788598698,
        -25.446809038490755
      ],
      [
        -0.04022103029334779,
        -0.00668522242931372,
        0.9991684425176829,
        3.0537766708825202
      ],
      [
        0.0,
        0.0,
        0.0,
        1.0
      ]
    ],
    "location": [
      -28.923911350616436,
      -25.446809038490755,
      3.0537766708825202
    ],
    "rotation": [
      -0.006690686364030261,
      0.040231882665294066,
      1.5985688537722207
    ]
  },
  {
    "label_id": "5TfIhDaGwG7wy8E9HfiYNA",
    "size": [
      2.0753455018041085,
      4.400591282594326,
      1.4400000000000048
    ],
    "obj_class": "vehicle",
    "point_num_in_lidar": 289,
    "speed": 0.0060582464818135975,
    "if_vehicle": true,
    "motion_state": false,
    "pose": [
      [
        -0.9998252834653563,
        -0.016984865380700476,
        -0.007804927380799281,
        -35.20684876822634
      ],
      [
        0.016659466857895107,
        -0.9990600360231823,
        0.04001882788598698,
        -1.3975890120964323
      ],
      [
        -0.008477305434556564,
        0.039881810006029535,
        0.9991684425176829,
        0.7336307551480417
      ],
      [
        0.0,
        0.0,
        0.0,
        1.0
      ]
    ],
    "location": [
      -35.20684876822634,
      -1.3975890120964323,
      0.7336307551480417
    ],
    "rotation": [
      0.039893824239866184,
      0.00847740697435278,
      3.124931817301027
    ]
  },
  {
    "label_id": "5rFZom3Q5U-Yz4kJWFjfhw",
    "size": [
      1.4719569154579253,
      3.3250731876028397,
      1.470000000000006
    ],
    "obj_class": "vehicle",
    "point_num_in_lidar": 22,
    "speed": 3.1776437161565096e-13,
    "if_vehicle": true,
    "motion_state": false,
    "pose": [
      [
        0.7870381356221725,
        0.6168549717599391,
        -0.007804927380799281,
        -54.965242347889216
      ],
      [
        -0.6161337276688011,
        0.786624257853506,
        0.04001882788598698,
        -12.831983628664602
      ],
      [
        0.030825358153998103,
        -0.026687464687855645,
        0.9991684425176829,
        0.7583750035708121
      ],
      [
        0.0,
        0.0,
        0.0,
        1.0
      ]
    ],
    "location": [
      -54.965242347889216,
      -12.831983628664602,
      0.7583750035708121
    ],
    "rotation": [
      -0.026703326414668348,
      -0.030830241965679826,
      -0.6641965208842304
    ]
  },
  {
    "label_id": "6HLGrqQfQYMsQDDAwvTpnQ",
    "size": [
      2.126130265646128,
      4.611272155748338,
      1.6300000000000026
    ],
    "obj_class": "vehicle",
    "point_num_in_lidar": 481,
    "speed": 8.987733679556354e-13,
    "if_vehicle": true,
    "motion_state": false,
    "pose": [
      [
        -0.7491822194741261,
        0.6623179637699727,
        -0.007804927380799281,
        -30.089948332831227
      ],
      [
        -0.6620415404294185,
        -0.7483979503983653,
        0.04001882788598698,
        20.67335119054951
      ],
      [
        0.020663996943109633,
        0.03514858044250088,
        0.9991684425176829,
        0.68633805609295
      ],
      [
        0.0,
        0.0,
        0.0,
        1.0
      ]
    ],
    "location": [
      -30.089948332831227,
      20.67335119054951,
      0.68633805609295
    ],
    "rotation": [
      0.03516333297643214,
      -0.020665467816189113,
      -2.4178644979183295
    ]
  },
  {
    "label_id": "9CUNhZDZ4nxh6om0TTTJvA",
    "size": [
      1.790944775673282,
      4.163788843312304,
      1.7600000000000051
    ],
    "obj_class": "vehicle",
    "point_num_in_lidar": 31,
    "speed": 6.355287432313019e-13,
    "if_vehicle": true,
    "motion_state": false,
    "pose": [
      [
        0.9987142052962996,
        -0.050090111279184474,
        -0.007804927380799281,
        -31.525463333779953
      ],
      [
        0.050363468893521654,
        0.9979288624023472,
        0.04001882788598698,
        -39.2057792502801
      ],
      [
        0.00578421476018234,
        -0.04036045510640196,
        0.9991684425176829,
        1.7814960237135367
      ],
      [
        0.0,
        0.0,
        0.0,
        1.0
      ]
    ],
    "location": [
      -31.525463333779953,
      -39.2057792502801,
      1.7814960237135367
    ],
    "rotation": [
      -0.0403720965239053,
      -0.005784247014548836,
      0.05038562781287723
    ]
  },
  {
    "label_id": "9NEH2bOd6vqYumlX4lkguA",
    "size": [
      0.48356860324127154,
      0.08727811829444648,
      0.15000000000000568
    ],
    "obj_class": "sign",
    "point_num_in_lidar": 21,
    "speed": 0.004052259835733097,
    "if_vehicle": false,
    "motion_state": false,
    "pose": [
      [
        0.11622240391034794,
        0.993192547262554,
        -0.007804927380799281,
        -15.418379877773077
      ],
      [
        -0.9923908025554443,
        0.11644306942876753,
        0.04001882788598698,
        -18.261685097828376
      ],
      [
        0.04065523130743404,
        0.0030944537687344863,
        0.9991684425176829,
        2.3926204501310906
      ],
      [
        0.0,
        0.0,
        0.0,
        1.0
      ]
    ],
    "location": [
      -15.418379877773077,
      -18.261685097828376,
      2.3926204501310906
    ],
    "rotation": [
      0.003097019224723956,
      -0.04066643913076756,
      -1.454213846114797
    ]
  },
  {
    "label_id": "9s8YOLhpbgSWdr7GIkOUUQ",
    "size": [
      1.9175413712082292,
      4.427614966261043,
      1.4400000000000048
    ],
    "obj_class": "vehicle",
    "point_num_in_lidar": 1290,
    "speed": 1.449228509952941e-12,
    "if_vehicle": true,
    "motion_state": false,
    "pose": [
      [
        -0.04823676597348246,
        -0.9988054352660481,
        -0.007804927380799281,
        -18.652471023930048
      ],
      [
        0.9980206009789312,
        -0.04851158043482558,
        0.04001882788598698,
        9.999034006290458
      ],
      [
        -0.04034965216792191,
        -0.005859099479912786,
        0.9991684425176829,
        0.5761387631606638
      ],
      [
        0.0,
        0.0,
        0.0,
        1.0
      ]
    ],
    "location": [
      -18.652471023930048,
      9.999034006290458,
      0.5761387631606638
    ],
    "rotation": [
      -0.005863908500877211,
      0.04036060903794853,
      1.619091179357992
    ]
  },
  {
    "label_id": "9yvoP8LddkU2qWg-ZQW66A",
    "size": [
      0.3588027905613084,
      0.07909095543237712,
      0.6700000000000017
    ],
    "obj_class": "sign",
    "point_num_in_lidar": 36,
    "speed": 0.002432646689358034,
    "if_vehicle": false,
    "motion_state": false,
    "pose": [
      [
        0.9999694044569005,
        -0.0005227415157182217,
        -0.007804927380799281,
        -40.470119972079374
      ],
      [
        0.0008346921621304554,
        0.9991985772125709,
        0.04001882788598698,
        2.6234708405572746
      ],
      [
        0.0077777528313956925,
        -0.04002411819992435,
        0.9991684425176829,
        2.792608455881286
      ],
      [
        0.0,
        0.0,
        0.0,
        1.0
      ]
    ],
    "location": [
      -40.470119972079374,
      2.6234708405572746,
      2.792608455881286
    ],
    "rotation": [
      -0.040036023507414815,
      -0.0077778312506999936,
      0.0008347175069077275
    ]
  },
  {
    "label_id": "DQe9EgHTvbMojU92WrDD-w",
    "size": [
      2.2950943813652014,
      6.332258661657688,
      2.200000000000003
    ],
    "obj_class": "vehicle",
    "point_num_in_lidar": 281,
    "speed": 0.21946521214601428,
    "if_vehicle": true,
    "motion_state": false,
    "pose": [
      [
        -0.9705029928714379,
        0.2409627023756208,
        -0.007804927380799281,
        -43.21583976056718
      ],
      [
        -0.24108014472147812,
        -0.969679770458115,
        0.04001882788598698,
        0.6523264929728612
      ],
      [
        0.0020747647222565716,
        0.04072000525706104,
        0.9991684425176829,
        1.138375003570971
      ],
      [
        0.0,
        0.0,
        0.0,
        1.0
      ]
    ],
    "location": [
      -43.21583976056718,
      0.6523264929728612,
      1.138375003570971
    ],
    "rotation": [
      0.040731354478823915,
      -0.0020747662107816495,
      -2.8981134498923593
    ]
  },
  {
    "label_id": "Dv2qrMqPdIlySEkg-zfx5g",
    "size": [
      2.018910425950328,
      4.819514428686471,
      1.4200000000000017
    ],
    "obj_class": "vehicle",
    "point_num_in_lidar": 68,
    "speed": 1.8198773652309366e-12,
    "if_vehicle": true,
    "motion_state": false,
    "pose": [
      [
        0.054529779189933535,
        0.9984816404371577,
        -0.007804927380799281,
        -30.9046237017119
      ],
      [
        -0.9976950899897294,
        0.054799642562861316,
        0.04001882788598698,
        42.10468166670944
      ],
      [
        0.04038577214666945,
        0.005604719877487017,
        0.9991684425176829,
        -0.0035217078215552533
      ],
      [
        0.0,
        0.0,
        0.0,
        1.0
      ]
    ],
    "location": [
      -30.9046237017119,
      42.10468166670944,
      -0.0035217078215552533
    ],
    "rotation": [
      0.0056093255707142745,
      -0.04039675848241002,
      -1.516194897166692
    ]
  },
  {
    "label_id": "FYseW0mhs-5FpUAHNuYuAA",
    "size": [
      1.9505814467950118,
      4.170013394086709,
      1.9500000000000028
    ],
    "obj_class": "vehicle",
    "point_num_in_lidar": 69,
    "speed": 8.526512829121202e-13,
    "if_vehicle": true,
    "motion_state": false,
    "pose": [
      [
        0.08125735437047042,
        0.9966625935938863,
        -0.007804927380799281,
        -24.17604185784785
      ],
      [
        -0.9958690963556566,
        0.0815060509312014,
        0.04001882788598698,
        -70.72635088365314
      ],
      [
        0.04052141760204889,
        0.004520861898815594,
        0.9991684425176829,
        3.2372499319501173
      ],
      [
        0.0,
        0.0,
        0.0,
        1.0
      ]
    ],
    "location": [
      -24.17604185784785,
      -70.72635088365314,
      3.2372499319501173
    ],
    "rotation": [
      0.004524593508078731,
      -0.040532515065749876,
      -1.4893822694989476
    ]
  },
  {
    "label_id": "FvMY6kGGPcpdSBYIWP1PUg",
    "size": [
      1.4719569154590157,
      3.3250731876028397,
      1.0500000000000043
    ],
    "obj_class": "vehicle",
    "point_num_in_lidar": 21,
    "speed": 6.355287432313019e-13,
    "if_vehicle": true,
    "motion_state": false,
    "pose": [
      [
        0.7140956348236076,
        0.7000046481520315,
        -0.007804927380799281,
        -58.73274780027168
      ],
      [
        -0.699242106185197,
        0.7137639458198497,
        0.04001882788598698,
        -12.747422763892246
      ],
      [
        0.0335842412979437,
        -0.02311973644376796,
        0.9991684425176829,
        0.5483750035705981
      ],
      [
        0.0,
        0.0,
        0.0,
        1.0
      ]
    ],
    "location": [
      -58.73274780027168,
      -12.747422763892246,
      0.5483750035705981
    ],
    "rotation": [
      -0.023134849528968066,
      -0.03359055778913873,
      -0.7748890109251135
    ]
  },
  {
    "label_id": "Go_3rbTk6d2Upk1krZLsKw",
    "size": [
      2.102583894566865,
      4.719586221317513,
      1.8100000000000023
    ],
    "obj_class": "vehicle",
    "point_num_in_lidar": 396,
    "speed": 0.001968879394450096,
    "if_vehicle": true,
    "motion_state": false,
    "pose": [
      [
        -0.9981250337536434,
        0.06070831988178153,
        -0.007804927380799281,
        -36.647368917166204
      ],
      [
        -0.060973310139630456,
        -0.9973368281905808,
        0.04001882788598698,
        1.20410200677361
      ],
      [
        -0.005354665713627716,
        0.04041968619228877,
        0.9991684425176829,
        0.8830386056698174
      ],
      [
        0.0,
        0.0,
        0.0,
        1.0
      ]
    ],
    "location": [
      -36.647368917166204,
      1.20410200677361,
      0.8830386056698174
    ],
    "rotation": [
      0.04043128019430262,
      0.005354691302517489,
      -3.080580623796537
    ]
  },
  {
    "label_id": "HILMjKmKIoQMgeZ6T8zTSg",
    "size": [
      0.7527797330444931,
      0.1029191474772233,
      0.7700000000000031
    ],
    "obj_class": "sign",
    "point_num_in_lidar": 136,
    "speed": 0.0054359826079795675,
    "if_vehicle": false,
    "motion_state": false,
    "pose": [
      [
        0.9905305284825473,
        0.13707062140614248,
        -0.007804927380799281,
        -12.178985070157978
      ],
      [
        -0.13665557762581823,
        0.9898099547480746,
        0.04001882788598698,
        4.249410944792544
      ],
      [
        0.013210800423878644,
        -0.03857328387560809,
        0.9991684425176829,
        2.4536397590071246
      ],
      [
        0.0,
        0.0,
        0.0,
        1.0
      ]
    ],
    "location": [
      -12.178985070157978,
      4.249410944792544,
      2.4536397590071246
    ],
    "rotation": [
      -0.0385862247601479,
      -0.013211184723763947,
      -0.1370965663908851
    ]
  },
  {
    "label_id": "Ko333JMTQxrLsIbw6vT5jw",
    "size": [
      2.002767809712556,
      4.87247641867594,
      1.6600000000000037
    ],
    "obj_class": "vehicle",
    "point_num_in_lidar": 342,
    "speed": 8.987733679556354e-13,
    "if_vehicle": true,
    "motion_state": false,
    "pose": [
      [
        0.6317551817964926,
        -0.7751286818211935,
        -0.007804927380799281,
        -16.49768922657404
      ],
      [
        0.7747286367955711,
        0.6310261743727495,
        0.04001882788598698,
        -22.47861869105327
      ],
      [
        -0.026094627840931417,
        -0.0313288026364093,
        0.9991684425176829,
        0.9194607076674899
      ],
      [
        0.0,
        0.0,
        0.0,
        1.0
      ]
    ],
    "location": [
      -16.49768922657404,
      -22.47861869105327,
      0.9194607076674899
    ],
    "rotation": [
      -0.03134460678694109,
      0.026097590182829405,
      0.8867032896279047
    ]
  },
  {
    "label_id": "Kv6PR2TsyeCAv99_HjOO4w",
    "size": [
      2.050381149288728,
      4.811895084353816,
      1.4500000000000028
    ],
    "obj_class": "vehicle",
    "point_num_in_lidar": 294,
    "speed": 7.105427357601002e-13,
    "if_vehicle": true,
    "motion_state": false,
    "pose": [
      [
        -0.7491822194743017,
        0.662317963769774,
        -0.007804927380799281,
        -30.42423540184882
      ],
      [
        -0.6620415404292201,
        -0.7483979503985408,
        0.04001882788598698,
        16.41323353707776
      ],
      [
        0.020663996943100314,
        0.03514858044250636,
        0.9991684425176829,
        0.5763380560928439
      ],
      [
        0.0,
        0.0,
        0.0,
        1.0
      ]
    ],
    "location": [
      -30.42423540184882,
      16.41323353707776,
      0.5763380560928439
    ],
    "rotation": [
      0.03516333297643761,
      -0.02066546781617979,
      -2.4178644979185946
    ]
  },
  {
    "label_id": "NkwybbFSpKDWgnn8QF5B7w",
    "size": [
      1.8052124283528186,
      3.74252247910149,
      1.6600000000000037
    ],
    "obj_class": "vehicle",
    "point_num_in_lidar": 110,
    "speed": 1.449228509952941e-12,
    "if_vehicle": true,
    "motion_state": false,
    "pose": [
      [
        0.6766231120074365,
        -0.7362881551444057,
        -0.007804927380799281,
        -15.236838825014274
      ],
      [
        0.7359320591132843,
        0.6758716577752858,
        0.04001882788598698,
        -32.92616896157233
      ],
      [
        -0.02419025974753832,
        -0.03282156014168776,
        0.9991684425176829,
        1.345190687800219
      ],
      [
        0.0,
        0.0,
        0.0,
        1.0
      ]
    ],
    "location": [
      -15.236838825014274,
      -32.92616896157233,
      1.345190687800219
    ],
    "rotation": [
      -0.032837068335460996,
      0.02419261959934166,
      0.8273605115366262
    ]
  },
  {
    "label_id": "OXd0i5MfXfgVle65_zBBXw",
    "size": [
      2.038907532143842,
      4.734929776064892,
      1.470000000000006
    ],
    "obj_class": "vehicle",
    "point_num_in_lidar": 992,
    "speed": 5.123796534383003e-13,
    "if_vehicle": true,
    "motion_state": false,
    "pose": [
      [
        -0.6583098701727329,
        0.7527065815719561,
        -0.007804927380799281,
        -29.42500382864546
      ],
      [
        -0.7523321116836716,
        -0.6575674012177146,
        0.04001882788598698,
        10.160813417951431
      ],
      [
        0.024990169322092567,
        0.03221668688802346,
        0.9991684425176829,
        0.7142901018305636
      ],
      [
        0.0,
        0.0,
        0.0,
        1.0
      ]
    ],
    "location": [
      -29.42500382864546,
      10.160813417951431,
      0.7142901018305636
    ],
    "rotation": [
      0.03223233226399491,
      -0.02499277114913507,
      -2.289640834943938
    ]
  },
  {
    "label_id": "Pj9fE-MT-gyTk6PlD0A62w",
    "size": [
      0.48762013515254016,
      0.07714707792519968,
      0.480000000000004
    ],
    "obj_class": "sign",
    "point_num_in_lidar": 40,
    "speed": 0.002361320937805056,
    "if_vehicle": false,
    "motion_state": false,
    "pose": [
      [
        0.2077188180931124,
        0.978157439126535,
        -0.007804927380799281,
        -17.284031642919217
      ],
      [
        -0.9773387016887433,
        0.20786427205268687,
        0.04001882788598698,
        19.040824003179296
      ],
      [
        0.040767079750236516,
        -0.0006846060368236113,
        0.9991684425176829,
        2.1400821070125104
      ],
      [
        0.0,
        0.0,
        0.0,
        1.0
      ]
    ],
    "location": [
      -17.284031642919217,
      19.040824003179296,
      2.1400821070125104
    ],
    "rotation": [
      -0.0006851756926645207,
      -0.04077838037770773,
      -1.3613773120186279
    ]
  },
  {
    "label_id": "QfXrH-AG6fWpRUmyN1WzLw",
    "size": [
      0.4456629209226203,
      0.0696207456306018,
      0.15000000000000568
    ],
    "obj_class": "sign",
    "point_num_in_lidar": 175,
    "speed": 0.005302663206339565,
    "if_vehicle": false,
    "motion_state": false,
    "pose": [
      [
        0.9905305284817588,
        0.13707062141184073,
        -0.007804927380799281,
        -12.179315516985298
      ],
      [
        -0.13665557763151234,
        0.9898099547472885,
        0.04001882788598698,
        4.248248822259484
      ],
      [
        0.013210800424100546,
        -0.0385732838755321,
        0.9991684425176829,
        1.9739489343264935
      ],
      [
        0.0,
        0.0,
        0.0,
        1.0
      ]
    ],
    "location": [
      -12.179315516985298,
      4.248248822259484,
      1.9739489343264935
    ],
    "rotation": [
      -0.03858622476007195,
      -0.013211184723985869,
      -0.13709656639663406
    ]
  },
  {
    "label_id": "RqRoUISiOVfgjg-WLH6oig",
    "size": [
      1.8839428583990778,
      4.431572760151295,
      1.5400000000000063
    ],
    "obj_class": "vehicle",
    "point_num_in_lidar": 458,
    "speed": 8.526512829121202e-13,
    "if_vehicle": true,
    "motion_state": false,
    "pose": [
      [
        0.07709449366880673,
        0.996993240776752,
        -0.007804927380799281,
        -27.180027917686857
      ],
      [
        -0.9962007890368229,
        0.07734650177637653,
        0.04001882788598698,
        -22.568215481929656
      ],
      [
        0.0405021847356607,
        0.004690043542038059,
        0.9991684425176829,
        0.8311387631612774
      ],
      [
        0.0,
        0.0,
        0.0,
        1.0
      ]
    ],
    "location": [
      -27.180027917686857,
      -22.568215481929656,
      0.8311387631612774
    ],
    "rotation": [
      0.0046939123549765045,
      -0.0405132663973598,
      -1.4935617578437703
    ]
  },
  {
    "label_id": "SYZ9P7-R7Vyu8C5_pRukog",
    "size": [
      2.1026481270016446,
      4.699895119369667,
      1.6800000000000068
    ],
    "obj_class": "vehicle",
    "point_num_in_lidar": 72,
    "speed": 7.105427357601002e-13,
    "if_vehicle": true,
    "motion_state": false,
    "pose": [
      [
        0.06786043508187296,
        0.9976642944693769,
        -0.007804927380799281,
        -25.60592454755988
      ],
      [
        -0.9968742099356518,
        0.0681197693757222,
        0.04001882788598698,
        -47.56180423515434
      ],
      [
        0.04045702554153893,
        0.005064835744529753,
        0.9991684425176829,
        1.986393767667444
      ],
      [
        0.0,
        0.0,
        0.0,
        1.0
      ]
    ],
    "location": [
      -25.60592454755988,
      -47.56180423515434,
      1.986393767667444
    ],
    "rotation": [
      0.005069007535555926,
      -0.04046807015880989,
      -1.502827967324053
    ]
  },
  {
    "label_id": "SwUfSWt1LE_xpCIjLv06Pg",
    "size": [
      0.8137902785163584,
      0.1125742801911172,
      0.7600000000000051
    ],
    "obj_class": "sign",
    "point_num_in_lidar": 29,
    "speed": 1.1067350017372424e-05,
    "if_vehicle": false,
    "motion_state": false,
    "pose": [
      [
        -0.10674044603308139,
        -0.9942562850136977,
        -0.007804927380799281,
        -30.634699561368507
      ],
      [
        0.993456682310666,
        -0.10696875145067385,
        0.04001882788598698,
        6.662678317146856
      ],
      [
        -0.04062385448161126,
        -0.0034822297231331643,
        0.9991684425176829,
        2.678258382711384
      ],
      [
        0.0,
        0.0,
        0.0,
        1.0
      ]
    ],
    "location": [
      -30.634699561368507,
      6.662678317146856,
      2.678258382711384
    ],
    "rotation": [
      -0.0034851136970855882,
      0.040635036362253886,
      1.6778292038097722
    ]
  },
  {
    "label_id": "TgdBnuHVxPOTzl8OMUYiRg",
    "size": [
      0.8323629950249508,
      0.11670498628292902,
      0.7900000000000063
    ],
    "obj_class": "sign",
    "point_num_in_lidar": 180,
    "speed": 0.0012953437541892805,
    "if_vehicle": false,
    "motion_state": false,
    "pose": [
      [
        0.11622240390074592,
        0.9931925472636774,
        -0.007804927380799281,
        -15.454752715829272
      ],
      [
        -0.99239080255657,
        0.11644306941917326,
        0.04001882788598698,
        -18.322631421067854
      ],
      [
        0.040655231307404116,
        0.003094453769127534,
        0.9991684425176829,
        2.8758178499833917
      ],
      [
        0.0,
        0.0,
        0.0,
        1.0
      ]
    ],
    "location": [
      -15.454752715829272,
      -18.322631421067854,
      2.8758178499833917
    ],
    "rotation": [
      0.0030970192251173266,
      -0.040666439130737614,
      -1.454213846124473
    ]
  },
  {
    "label_id": "VFli2h3FNYZuybkEBpincg",
    "size": [
      1.9376880129058203,
      4.437301692662093,
      1.4500000000000028
    ],
    "obj_class": "vehicle",
    "point_num_in_lidar": 39,
    "speed": 0.0,
    "if_vehicle": true,
    "motion_state": false,
    "pose": [
      [
        0.07927247595630262,
        0.9968224303577533,
        -0.007804927380799281,
        -30.329576969248592
      ],
      [
        -0.9960294299380437,
        0.07952275216519625,
        0.04001882788598698,
        31.128344960072354
      ],
      [
        0.04051233457914883,
        0.004601545798414021,
        0.9991684425176829,
        0.24633805609300907
      ],
      [
        0.0,
        0.0,
        0.0,
        1.0
      ]
    ],
    "location": [
      -30.329576969248592,
      31.128344960072354,
      0.24633805609300907
    ],
    "rotation": [
      0.004605342874017928,
      -0.04052342457823447,
      -1.4913752498825537
    ]
  },
  {
    "label_id": "VtnkMTVF6siiRfuCfGB2eg",
    "size": [
      1.8431131976785564,
      4.467267803468969,
      1.6800000000000068
    ],
    "obj_class": "vehicle",
    "point_num_in_lidar": 60,
    "speed": 7.105427357601002e-13,
    "if_vehicle": true,
    "motion_state": false,
    "pose": [
      [
        0.06786043508301516,
        0.9976642944692992,
        -0.007804927380799281,
        -24.9347122761219
      ],
      [
        -0.9968742099355739,
        0.06811976937686348,
        0.04001882788598698,
        -56.443696223976076
      ],
      [
        0.040457025541544726,
        0.005064835744483436,
        0.9991684425176829,
        2.321138763161244
      ],
      [
        0.0,
        0.0,
        0.0,
        1.0
      ]
    ],
    "location": [
      -24.9347122761219,
      -56.443696223976076,
      2.321138763161244
    ],
    "rotation": [
      0.005069007535509572,
      -0.040468070158815685,
      -1.5028279673229072
    ]
  },
  {
    "label_id": "WBKuczfAjn8i-8Q33iEfTg",
    "size": [
      1.9903516921403068,
      3.944358340693,
      1.6600000000000037
    ],
    "obj_class": "vehicle",
    "point_num_in_lidar": 149,
    "speed": 8.644125458514253e-13,
    "if_vehicle": true,
    "motion_state": false,
    "pose": [
      [
        0.6766231120074362,
        -0.736288155144406,
        -0.007804927380799281,
        -15.211251894696034
      ],
      [
        0.7359320591132846,
        0.6758716577752855,
        0.04001882788598698,
        -28.97988352584798
      ],
      [
        -0.02419025974753834,
        -0.03282156014168775,
        0.9991684425176829,
        1.1675903585542784
      ],
      [
        0.0,
        0.0,
        0.0,
        1.0
      ]
    ],
    "location": [
      -15.211251894696034,
      -28.97988352584798,
      1.1675903585542784
    ],
    "rotation": [
      -0.03283706833546099,
      0.02419261959934168,
      0.8273605115366266
    ]
  },
  {
    "label_id": "YPSwFDE7EZ2S1pXMTp9KTA",
    "size": [
      1.7867230068972724,
      3.904105178604362,
      1.470000000000006
    ],
    "obj_class": "vehicle",
    "point_num_in_lidar": 20,
    "speed": 1.7112135109858137e-12,
    "if_vehicle": true,
    "motion_state": false,
    "pose": [
      [
        0.7879766488409041,
        0.615655653746507,
        -0.007804927380799281,
        -48.13556505081215
      ],
      [
        -0.6149350407979434,
        0.787561673149134,
        0.04001882788598698,
        -12.889946398165193
      ],
      [
        0.03078467931114603,
        -0.026734378550804152,
        0.9991684425176829,
        0.6283750035708238
      ],
      [
        0.0,
        0.0,
        0.0,
        1.0
      ]
    ],
    "location": [
      -48.13556505081215,
      -12.889946398165193,
      0.6283750035708238
    ],
    "rotation": [
      -0.02675024579018262,
      -0.030789543807999992,
      -0.662673413015339
    ]
  },
  {
    "label_id": "Zwj9I-PqljydaE_gb0MbTw",
    "size": [
      1.9379139095436324,
      4.488067844332695,
      2.0
    ],
    "obj_class": "vehicle",
    "point_num_in_lidar": 52,
    "speed": 2.8421709430404007e-13,
    "if_vehicle": true,
    "motion_state": false,
    "pose": [
      [
        -0.9990790349856347,
        0.042192001146585986,
        -0.007804927380799281,
        -30.91986498436927
      ],
      [
        -0.042471559695305465,
        -0.9982958779999442,
        0.04001882788598698,
        -64.57268496805955
      ],
      [
        -0.006103152400290234,
        0.040313459384759213,
        0.9991684425176829,
        3.27624020401079
      ],
      [
        0.0,
        0.0,
        0.0,
        1.0
      ]
    ],
    "location": [
      -30.91986498436927,
      -64.57268496805955,
      3.27624020401079
    ],
    "rotation": [
      0.040325138221781485,
      0.006103190289772723,
      -3.099107523179077
    ]
  },
  {
    "label_id": "bjU_LRF_XLFwrTt9DcYXOQ",
    "size": [
      0.30174441108246136,
      0.07692972936776284,
      0.6400000000000006
    ],
    "obj_class": "sign",
    "point_num_in_lidar": 112,
    "speed": 0.004995738800171941,
    "if_vehicle": false,
    "motion_state": false,
    "pose": [
      [
        -0.6086070440816886,
        -0.7934333929213782,
        -0.007804927380799281,
        -4.702688575347565
      ],
      [
        0.79263179732563,
        -0.608385837510188,
        0.04001882788598698,
        -13.550108005400034
      ],
      [
        -0.03650068167158908,
        0.01816930692946543,
        0.9991684425176829,
        2.7215456788128876
      ],
      [
        0.0,
        0.0,
        0.0,
        1.0
      ]
    ],
    "location": [
      -4.702688575347565,
      -13.550108005400034,
      2.7215456788128876
    ],
    "rotation": [
      0.0181824243553659,
      0.03650879150958169,
      2.225611773251897
    ]
  },
  {
    "label_id": "fCp7_tVCmZB4bn3ObKtBIg",
    "size": [
      1.756979685770451,
      4.174253658275681,
      1.9600000000000009
    ],
    "obj_class": "vehicle",
    "point_num_in_lidar": 20,
    "speed": 5.684341886080801e-13,
    "if_vehicle": true,
    "motion_state": false,
    "pose": [
      [
        -0.9982981254150355,
        0.05779217854871206,
        -0.007804927380799281,
        -30.938820934677096
      ],
      [
        -0.0580594703077911,
        -0.9975106973472566,
        0.04001882788598698,
        -61.5127398226341
      ],
      [
        -0.005472723307868652,
        0.04040387080940774,
        0.9991684425176829,
        3.0162408143625186
      ],
      [
        0.0,
        0.0,
        0.0,
        1.0
      ]
    ],
    "location": [
      -30.938820934677096,
      -61.5127398226341,
      3.0162408143625186
    ],
    "rotation": [
      0.04041547749961906,
      0.005472750626886219,
      -3.0834996439548843
    ]
  },
  {
    "label_id": "gu9u5G065yI_z557Du54jw",
    "size": [
      1.6400946167438006,
      3.792063663359228,
      1.470000000000006
    ],
    "obj_class": "vehicle",
    "point_num_in_lidar": 54,
    "speed": 7.105427357601002e-13,
    "if_vehicle": true,
    "motion_state": false,
    "pose": [
      [
        0.6660265037761292,
        0.7458872430711804,
        -0.007804927380799281,
        -45.09880705566957
      ],
      [
        -0.7451043549817188,
        0.6657461930810482,
        0.04001882788598698,
        -12.748151910855086
      ],
      [
        0.03504563389386006,
        -0.020838114640372968,
        0.9991684425176829,
        0.6283750035707882
      ],
      [
        0.0,
        0.0,
        0.0,
        1.0
      ]
    ],
    "location": [
      -45.09880705566957,
      -12.748151910855086,
      0.6283750035707882
    ],
    "rotation": [
      -0.020852434246320654,
      -0.035052811682200605,
      -0.8413782516456375
    ]
  },
  {
    "label_id": "h14DkRFx53Pkx5pEtWdarQ",
    "size": [
      0.8347280264472858,
      0.12141330286285525,
      0.7900000000000063
    ],
    "obj_class": "sign",
    "point_num_in_lidar": 87,
    "speed": 0.002864692017963751,
    "if_vehicle": false,
    "motion_state": false,
    "pose": [
      [
        -0.9973226577860407,
        0.07270900477360608,
        -0.007804927380799281,
        -33.06363338273968
      ],
      [
        -0.07296449562052845,
        -0.9965313220333184,
        0.04001882788598698,
        -15.184441045010317
      ],
      [
        -0.0048681254533656055,
        0.04048116637842953,
        0.9991684425176829,
        2.5370304385372933
      ],
      [
        0.0,
        0.0,
        0.0,
        1.0
      ]
    ],
    "location": [
      -33.06363338273968,
      -15.184441045010317,
      2.5370304385372933
    ],
    "rotation": [
      0.040492710864769,
      0.004868144681567168,
      -3.0685623938561224
    ]
  },
  {
    "label_id": "iMUAR45EX3cmZKOzXxFuBQ",
    "size": [
      2.197391755426741,
      4.821743567278267,
      1.8300000000000054
    ],
    "obj_class": "vehicle",
    "point_num_in_lidar": 5928,
    "speed": 0.010928544382436449,
    "if_vehicle": true,
    "motion_state": false,
    "pose": [
      [
        0.9984678777574726,
        -0.05478120293557951,
        -0.007804927380799281,
        -6.808697326859146
      ],
      [
        0.055050868240406635,
        0.9976812593812759,
        0.04001882788598698,
        -6.762809874917366
      ],
      [
        0.0055945502469889495,
        -0.04038718217852931,
        0.9991684425176829,
        0.9343967046216619
      ],
      [
        0.0,
        0.0,
        0.0,
        1.0
      ]
    ],
    "location": [
      -6.808697326859146,
      -6.762809874917366,
      0.9343967046216619
    ],
    "rotation": [
      -0.040398802235618335,
      -0.005594579431364339,
      0.05507957525328374
    ]
  },
  {
    "label_id": "jZwVlg9QhLVKBnWwkAyd5g",
    "size": [
      2.1885908303247614,
      4.5476016269488415,
      1.5300000000000011
    ],
    "obj_class": "vehicle",
    "point_num_in_lidar": 409,
    "speed": 1.4210854715202004e-13,
    "if_vehicle": true,
    "motion_state": false,
    "pose": [
      [
        -0.031032932183528532,
        -0.9994878889854909,
        -0.007804927380799281,
        -19.445771525123746
      ],
      [
        0.9987079025821987,
        -0.03132121859853439,
        0.04001882788598698,
        21.40524269843081
      ],
      [
        -0.040242793640078524,
        -0.00655294108243429,
        0.9991684425176829,
        0.3694620076646018
      ],
      [
        0.0,
        0.0,
        0.0,
        1.0
      ]
    ],
    "location": [
      -19.445771525123746,
      21.40524269843081,
      0.3694620076646018
    ],
    "rotation": [
      -0.0065583007360229635,
      0.040253663646585544,
      1.6018594134861335
    ]
  },
  {
    "label_id": "l4IU7hYAbEicJJhcNV-PYQ",
    "size": [
      1.779733531114656,
      3.629981180814881,
      1.4200000000000017
    ],
    "obj_class": "vehicle",
    "point_num_in_lidar": 204,
    "speed": 6.355287432313019e-13,
    "if_vehicle": true,
    "motion_state": false,
    "pose": [
      [
        0.7087549160683922,
        0.7054116188846529,
        -0.007804927380799281,
        -7.661596939419724
      ],
      [
        -0.7046465780761784,
        0.7084290320280247,
        0.04001882788598698,
        -10.276480141725187
      ],
      [
        0.033758983314349025,
        -0.022863825628474856,
        0.9991684425176829,
        0.6546380703122949
      ],
      [
        0.0,
        0.0,
        0.0,
        1.0
      ]
    ],
    "location": [
      -7.661596939419724,
      -10.276480141725187,
      0.6546380703122949
    ],
    "rotation": [
      -0.02287886127976612,
      -0.033765398949361654,
      -0.7824914688460758
    ]
  },
  {
    "label_id": "lbLwsu8SH-0HdB69pypZYw",
    "size": [
      2.317356257481393,
      5.409726554449852,
      1.8200000000000074
    ],
    "obj_class": "vehicle",
    "point_num_in_lidar": 863,
    "speed": 0.0034483530588643885,
    "if_vehicle": true,
    "motion_state": false,
    "pose": [
      [
        -0.7345695483163809,
        0.6784885126476708,
        -0.007804927380799281,
        -29.70549350332658
      ],
      [
        -0.6781950624077235,
        -0.733791489961839,
        0.04001882788598698,
        13.414600495683771
      ],
      [
        0.021425125718465783,
        0.034689875536469364,
        0.9991684425176829,
        0.8949040475077368
      ],
      [
        0.0,
        0.0,
        0.0,
        1.0
      ]
    ],
    "location": [
      -29.70549350332658,
      13.414600495683771,
      0.8949040475077368
    ],
    "rotation": [
      0.03470480635805376,
      -0.021426765207862724,
      -2.396076995947664
    ]
  },
  {
    "label_id": "mwo7eouCPfeT1MgWe_mMaw",
    "size": [
      2.022597685363293,
      4.369351698540099,
      1.6400000000000006
    ],
    "obj_class": "vehicle",
    "point_num_in_lidar": 399,
    "speed": 1.1718571004216928e-12,
    "if_vehicle": true,
    "motion_state": false,
    "pose": [
      [
        -0.749182219473956,
        0.6623179637701649,
        -0.007804927380799281,
        -30.31142255517352
      ],
      [
        -0.6620415404296106,
        -0.7483979503981953,
        0.04001882788598698,
        24.832416113658837
      ],
      [
        0.020663996943118653,
        0.035148580442495574,
        0.9991684425176829,
        0.6106155243907594
      ],
      [
        0.0,
        0.0,
        0.0,
        1.0
      ]
    ],
    "location": [
      -30.31142255517352,
      24.832416113658837,
      0.6106155243907594
    ],
    "rotation": [
      0.035163332976426834,
      -0.020665467816198133,
      -2.417864497918073
    ]
  },
  {
    "label_id": "nzEXTn_WF_YJ99oOAwWwpQ",
    "size": [
      1.604304081123764,
      3.624440980069253,
      1.470000000000006
    ],
    "obj_class": "vehicle",
    "point_num_in_lidar": 41,
    "speed": 4.263256414560601e-13,
    "if_vehicle": true,
    "motion_state": false,
    "pose": [
      [
        0.5769543112993223,
        0.8167391295766998,
        -0.007804927380799281,
        -51.86256792528002
      ],
      [
        -0.8159294596850323,
        0.5767647789460821,
        0.04001882788598698,
        -13.221069177512618
      ],
      [
        0.03718654986975769,
        -0.016720765101269262,
        0.9991684425176829,
        0.6283750035707669
      ],
      [
        0.0,
        0.0,
        0.0,
        1.0
      ]
    ],
    "location": [
      -51.86256792528002,
      -13.221069177512618,
      0.6283750035707669
    ],
    "rotation": [
      -0.01673311903293089,
      -0.037195125712336755,
      -0.9553124859279303
    ]
  },
  {
    "label_id": "oGhYcNPyTUhm8059vJgk7Q",
    "size": [
      1.9637128907576535,
      4.522243896407982,
      1.5799999999999983
    ],
    "obj_class": "vehicle",
    "point_num_in_lidar": 293,
    "speed": 5.8430321692616705,
    "if_vehicle": true,
    "motion_state": true,
    "pose": [
      [
        -0.9998966261295675,
        -0.01207560198451326,
        -0.007804927380799281,
        -40.33199755529586
      ],
      [
        0.01175396468501807,
        -0.9991297902318872,
        0.04001882788598698,
        -4.42268593323206
      ],
      [
        -0.008281386894191018,
        0.03992295214405519,
