[
  {
    "label_id": "16PzcXDMMYoq8hgoqYjC-Q",
    "size": [
      0.5305112011630314,
      0.12094541017995653,
      0.5700000000000003
    ],
    "obj_class": "sign",
    "point_num_in_lidar": 31,
    "speed": 0.004761248097340148,
    "if_vehicle": false,
    "motion_state": false,
    "pose": [
      [
        -0.027746508038078765,
        -0.9995852992555474,
        -0.0077045962834300635,
        -28.93675029237056
      ],
      [
        0.998809259008244,
        -0.028032722038996972,
        0.03992781755226148,
        -25.446161966039654
      ],
      [
        -0.04012724026263426,
        -0.006587564594153688,
        0.9991728622123514,
        3.0687011555531285
      ],
      [
        0.0,
        0.0,
        0.0,
        1.0
      ]
    ],
    "location": [
      -28.93675029237056,
      -25.446161966039654,
      3.0687011555531285
    ],
    "rotation": [
      -0.0065929224027257,
      0.04013801685607324,
      1.5985687705462932
    ]
  },
  {
    "label_id": "5TfIhDaGwG7wy8E9HfiYNA",
    "size": [
      2.0753455018034592,
      4.400591282594326,
      1.4400000000000048
    ],
    "obj_class": "vehicle",
    "point_num_in_lidar": 288,
    "speed": 0.006058246431955176,
    "if_vehicle": true,
    "motion_state": false,
    "pose": [
      [
        -0.9998260614205841,
        -0.016984878578068116,
        -0.0077045962834300635,
        -35.22320350531754
      ],
      [
        0.016664244739750617,
        -0.9990635977417889,
        0.03992781755226148,
        -1.3973111805480585
      ],
      [
        -0.008375550815084072,
        0.0397924812863092,
        0.9991728622123514,
        0.7454554652767342
      ],
      [
        0.0,
        0.0,
        0.0,
        1.0
      ]
    ],
    "location": [
      -35.22320350531754,
      -1.3973111805480585,
      0.7454554652767342
    ],
    "rotation": [
      0.03980438718588693,
      0.008375648742116333,
      3.124927052875957
    ]
  },
  {
    "label_id": "5rFZom3Q5U-Yz4kJWFjfhw",
    "size": [
      1.4719569154579295,
      3.3250731876028397,
      1.470000000000006
    ],
    "obj_class": "vehicle",
    "point_num_in_lidar": 24,
    "speed": 3.1776437161565096e-13,
    "if_vehicle": true,
    "motion_state": false,
    "pose": [
      [
        0.7870387480093505,
        0.6168554517291579,
        -0.0077045962834300635,
        -54.96524234788831
      ],
      [
        -0.6161396868911934,
        0.7866242149992176,
        0.03992781755226148,
        -12.83198362866824
      ],
      [
        0.030690313936098713,
        -0.026677631995381982,
        0.9991728622123514,
        0.7583750035709258
      ],
      [
        0.0,
        0.0,
        0.0,
        1.0
      ]
    ],
    "location": [
      -54.96524234788831,
      -12.83198362866824,
      0.7583750035709258
    ],
    "rotation": [
      -0.02669337453323018,
      -0.03069513382339907,
      -0.6642008377911226
    ]
  },
  {
    "label_id": "6HLGrqQfQYMsQDDAwvTpnQ",
    "size": [
      2.1261302656461294,
      4.611272155748338,
      1.6300000000000026
    ],
    "obj_class": "vehicle",
    "point_num_in_lidar": 492,
    "speed": 8.987733679556354e-13,
    "if_vehicle": true,
    "motion_state": false,
    "pose": [
      [
        -0.7491828024059642,
        0.6623184791135268,
        -0.0077045962834300635,
        -30.089948332830318
      ],
      [
        -0.6620404191168916,
        -0.7484038033314928,
        0.03992781755226148,
        20.67335119054769
      ],
      [
        0.020678782233883454,
        0.03501398840036578,
        0.9991728622123514,
        0.6863380560931347
      ],
      [
        0.0,
        0.0,
        0.0,
        1.0
      ]
    ],
    "location": [
      -30.089948332830318,
      20.67335119054769,
      0.6863380560931347
    ],
    "rotation": [
      0.03502863995372511,
      -0.0206802562669001,
      -2.4178657244349275
    ]
  },
  {
    "label_id": "9CUNhZDZ4nxh6om0TTTJvA",
    "size": [
      1.7909447756732875,
      4.163788843312304,
      1.7600000000000051
    ],
    "obj_class": "vehicle",
    "point_num_in_lidar": 30,
    "speed": 6.355287432313019e-13,
    "if_vehicle": true,
    "motion_state": false,
    "pose": [
      [
        0.9987149823866952,
        -0.05009015025384151,
        -0.0077045962834300635,
        -31.525463333779044
      ],
      [
        0.05035894055265872,
        0.9979327364566848,
        0.03992781755226148,
        -39.20577925028192
      ],
      [
        0.005688678471916619,
        -0.04026450490966548,
        0.9991728622123514,
        1.7876294545633655
      ],
      [
        0.0,
        0.0,
        0.0,
        1.0
      ]
    ],
    "location": [
      -31.525463333779044,
      -39.20577925028192,
      1.7876294545633655
    ],
    "rotation": [
      -0.04027604457325349,
      -0.005688709154310272,
      0.0503810660074381
    ]
  },
  {
    "label_id": "9NEH2bOd6vqYumlX4lkguA",
    "size": [
      0.4835686032412723,
      0.08727811829444648,
      0.15000000000000568
    ],
    "obj_class": "sign",
    "point_num_in_lidar": 21,
    "speed": 0.004052259836531792,
    "if_vehicle": false,
    "motion_state": false,
    "pose": [
      [
        0.11622249434193085,
        0.9931933200565987,
        -0.0077045962834300635,
        -15.42694429814128
      ],
      [
        -0.9923949684339096,
        0.11643880801765667,
        0.03992781755226148,
        -18.268493617326385
      ],
      [
        0.04055315568484457,
        0.0030054920359372395,
        0.9991728622123514,
        2.396037946584052
      ],
      [
        0.0,
        0.0,
        0.0,
        1.0
      ]
    ],
    "location": [
      -15.42694429814128,
      -18.268493617326385,
      2.396037946584052
    ],
    "rotation": [
      0.0030079709779385934,
      -0.040564279257875036,
      -1.4542142411910992
    ]
  },
  {
    "label_id": "9s8YOLhpbgSWdr7GIkOUUQ",
    "size": [
      1.9175413712082292,
      4.427614966261043,
      1.4400000000000048
    ],
    "obj_class": "vehicle",
    "point_num_in_lidar": 1494,
    "speed": 1.449228509952941e-12,
    "if_vehicle": true,
    "motion_state": false,
    "pose": [
      [
        -0.04823680350607023,
        -0.9988062124274288,
        -0.0077045962834300635,
        -18.652471023929138
      ],
      [
        0.9980244666236053,
        -0.048507044912891185,
        0.03992781755226148,
        9.999034006288639
      ],
      [
        -0.040253879417823726,
        -0.005763385306625843,
        0.9991728622123514,
        0.5761387631608272
      ],
      [
        0.0,
        0.0,
        0.0,
        1.0
      ]
    ],
    "location": [
      -18.652471023929138,
      9.999034006288639,
      0.5761387631608272
    ],
    "rotation": [
      -0.005768092396014821,
      0.04026475841433884,
      1.6190910301076729
    ]
  },
  {
    "label_id": "9yvoP8LddkU2qWg-ZQW66A",
    "size": [
      0.3588027905613084,
      0.07909095543237712,
      0.6700000000000017
    ],
    "obj_class": "sign",
    "point_num_in_lidar": 33,
    "speed": 0.00243264666665679,
    "if_vehicle": false,
    "motion_state": false,
    "pose": [
      [
        0.999970182523955,
        -0.0005227419224538726,
        -0.0077045962834300635,
        -40.47667761541561
      ],
      [
        0.0008299773530161152,
        0.999202222036714,
        0.03992781755226148,
        2.6238409305678942
      ],
      [
        0.007677577782192471,
        -0.039933021645947454,
        0.9991728622123514,
        2.7910361253659843
      ],
      [
        0.0,
        0.0,
        0.0,
        1.0
      ]
    ],
    "location": [
      -40.47667761541561,
      2.6238409305678942,
      2.7910361253659843
    ],
    "rotation": [
      -0.03994482036436104,
      -0.007677653210253661,
      0.0008300019109868608
    ]
  },
  {
    "label_id": "DQe9EgHTvbMojU92WrDD-w",
    "size": [
      2.2950943813666065,
      6.332258661657688,
      2.200000000000003
    ],
    "obj_class": "vehicle",
    "point_num_in_lidar": 278,
    "speed": 0.011487781569589748,
    "if_vehicle": true,
    "motion_state": false,
    "pose": [
      [
        -0.9700620688392685,
        0.24273487964317678,
        -0.0077045962834300635,
        -43.142709478407596
      ],
      [
        -0.242846938018679,
        -0.9692425568868017,
        0.03992781755226148,
        0.7063659097402706
      ],
      [
        0.002224251386430604,
        0.040603498915084704,
        0.9991728622123514,
        1.138375003570978
      ],
      [
        0.0,
        0.0,
        0.0,
        1.0
      ]
    ],
    "location": [
      -43.142709478407596,
      0.7063659097402706,
      1.138375003570978
    ],
    "rotation": [
      0.040614764508971835,
      -0.002224253220439029,
      -2.8962924642499366
    ]
  },
  {
    "label_id": "Dv2qrMqPdIlySEkg-zfx5g",
    "size": [
      2.018910425950329,
      4.819514428686471,
      1.4200000000000017
    ],
    "obj_class": "vehicle",
    "point_num_in_lidar": 71,
    "speed": 1.8198773652309366e-12,
    "if_vehicle": true,
    "motion_state": false,
    "pose": [
      [
        0.05452982161905781,
        0.9984824173465965,
        -0.0077045962834300635,
        -30.9046237017119
      ],
      [
        -0.9976989841382371,
        0.05479513149033258,
        0.03992781755226148,
        42.10468166670762
      ],
      [
        0.040289398155386374,
        0.005509611116410308,
        0.9991728622123514,
        -0.0009983141576128673
      ],
      [
        0.0,
        0.0,
        0.0,
        1.0
      ]
    ],
    "location": [
      -30.9046237017119,
      42.10468166670762,
      -0.0009983141576128673
    ],
    "rotation": [
      0.00551411620939365,
      -0.04030030598921562,
      -1.5161950674595086
    ]
  },
  {
    "label_id": "FYseW0mhs-5FpUAHNuYuAA",
    "size": [
      1.9505814467950113,
      4.170013394086709,
      1.9500000000000028
    ],
    "obj_class": "vehicle",
    "point_num_in_lidar": 72,
    "speed": 8.526512829121202e-13,
    "if_vehicle": true,
    "motion_state": false,
    "pose": [
      [
        0.08125741759607667,
        0.9966633690879413,
        -0.0077045962834300635,
        -24.17604185784785
      ],
      [
        -0.9958731099485042,
        0.0815016457932452,
        0.03992781755226148,
        -70.72635088365314
      ],
      [
        0.040422530439237624,
        0.004428368917133114,
        0.9991728622123514,
        3.240249966256691
      ],
      [
        0.0,
        0.0,
        0.0,
        1.0
      ]
    ],
    "location": [
      -24.17604185784785,
      -70.72635088365314,
      3.240249966256691
    ],
    "rotation": [
      0.004432005801564262,
      -0.04043354681563875,
      -1.489382533100231
    ]
  },
  {
    "label_id": "Go_3rbTk6d2Upk1krZLsKw",
    "size": [
      2.1025838945668665,
      4.719586221317513,
      1.8100000000000023
    ],
    "obj_class": "vehicle",
    "point_num_in_lidar": 389,
    "speed": 0.0019688793786251458,
    "if_vehicle": true,
    "motion_state": false,
    "pose": [
      [
        -0.9981258103856098,
        0.06070836711837186,
        -0.0077045962834300635,
        -36.642186802299875
      ],
      [
        -0.060968823254313055,
        -0.9973407501834554,
        0.03992781755226148,
        1.205287201293686
      ],
      [
        -0.00526015523097874,
        0.04032272542033004,
        0.9991728622123514,
        0.9025098674079857
      ],
      [
        0.0,
        0.0,
        0.0,
        1.0
      ]
    ],
    "location": [
      -36.642186802299875,
      1.205287201293686,
      0.9025098674079857
    ],
    "rotation": [
      0.04033421867367086,
      0.005260179488690943,
      -3.0805851497504175
    ]
  },
  {
    "label_id": "HILMjKmKIoQMgeZ6T8zTSg",
    "size": [
      0.7527797330444927,
      0.1029191474772233,
      0.7700000000000031
    ],
    "obj_class": "sign",
    "point_num_in_lidar": 159,
    "speed": 0.005435987850818366,
    "if_vehicle": false,
    "motion_state": false,
    "pose": [
      [
        0.9905312992052987,
        0.13707072805953968,
        -0.0077045962834300635,
        -12.187581961051364
      ],
      [
        -0.13666074909277576,
        0.9898129161831112,
        0.03992781755226148,
        4.261306651778796
      ],
      [
        0.013099043937032418,
        -0.038496837094922715,
        0.9991728622123514,
        2.459543573510608
      ],
      [
        0.0,
        0.0,
        0.0,
        1.0
      ]
    ],
    "location": [
      -12.187581961051364,
      4.261306651778796,
      2.459543573510608
    ],
    "rotation": [
      -0.038509657816843,
      -0.01309941856576377,
      -0.13710158443161835
    ]
  },
  {
    "label_id": "Ko333JMTQxrLsIbw6vT5jw",
    "size": [
      2.002767809712559,
      4.87247641867594,
      1.6600000000000037
    ],
    "obj_class": "vehicle",
    "point_num_in_lidar": 328,
    "speed": 8.987733679556354e-13,
    "if_vehicle": true,
    "motion_state": false,
    "pose": [
      [
        0.6317556733594258,
        -0.7751292849417364,
        -0.0077045962834300635,
        -16.49768922657404
      ],
      [
        0.7747284802792906,
        0.6310321316935089,
        0.03992781755226148,
        -22.47861869105509
      ],
      [
        -0.02608737285199779,
        -0.03119359543332849,
        0.9991728622123514,
        0.951018996010383
      ],
      [
        0.0,
        0.0,
        0.0,
        1.0
      ]
    ],
    "location": [
      -16.49768922657404,
      -22.47861869105509,
      0.951018996010383
    ],
    "rotation": [
      -0.03120928143084176,
      0.026090332723252625,
      0.8867028095932734
    ]
  },
  {
    "label_id": "Kv6PR2TsyeCAv99_HjOO4w",
    "size": [
      2.050381149288725,
      4.811895084353816,
      1.4500000000000028
    ],
    "obj_class": "vehicle",
    "point_num_in_lidar": 292,
    "speed": 7.105427357601002e-13,
    "if_vehicle": true,
    "motion_state": false,
    "pose": [
      [
        -0.7491828024061399,
        0.6623184791133281,
        -0.0077045962834300635,
        -30.42423540184882
      ],
      [
        -0.6620404191166932,
        -0.7484038033316683,
        0.03992781755226148,
        16.41323353707594
      ],
      [
        0.02067878223387417,
        0.03501398840037126,
        0.9991728622123514,
        0.5763380560929576
      ],
      [
        0.0,
        0.0,
        0.0,
        1.0
      ]
    ],
    "location": [
      -30.42423540184882,
      16.41323353707594,
      0.5763380560929576
    ],
    "rotation": [
      0.035028639953730595,
      -0.020680256266890816,
      -2.4178657244351927
    ]
  },
  {
    "label_id": "NkwybbFSpKDWgnn8QF5B7w",
    "size": [
      1.8052124283528177,
      3.74252247910149,
      1.6600000000000037
    ],
    "obj_class": "vehicle",
    "point_num_in_lidar": 97,
    "speed": 1.449228509952941e-12,
    "if_vehicle": true,
    "motion_state": false,
    "pose": [
      [
        0.6766236384816962,
        -0.7362887280434898,
        -0.0077045962834300635,
        -15.236838825015184
      ],
      [
        0.735931549485922,
        0.6758775953209005,
        0.03992781755226148,
        -32.92616896157233
      ],
      [
        -0.024191037990144066,
        -0.032686160669872656,
        0.9991728622123514,
        1.345190687800219
      ],
      [
        0.0,
        0.0,
        0.0,
        1.0
      ]
    ],
    "location": [
      -15.236838825015184,
      -32.92616896157233,
      1.345190687800219
    ],
    "rotation": [
      -0.032701557094917816,
      0.024193398069756313,
      0.8273597788329193
    ]
  },
  {
    "label_id": "OXd0i5MfXfgVle65_zBBXw",
    "size": [
      2.038907532143844,
      4.734929776064892,
      1.470000000000006
    ],
    "obj_class": "vehicle",
    "point_num_in_lidar": 1001,
    "speed": 5.123796534383003e-13,
    "if_vehicle": true,
    "motion_state": false,
    "pose": [
      [
        -0.658310382397627,
        0.7527071672460676,
        -0.0077045962834300635,
        -29.42500382864455
      ],
      [
        -0.752331748240885,
        -0.6575733495012757,
        0.03992781755226148,
        10.160813417947793
      ],
      [
        0.024987617259430363,
        0.03208130923253509,
        0.9991728622123514,
        0.7190689272591015
      ],
      [
        0.0,
        0.0,
        0.0,
        1.0
      ]
    ],
    "location": [
      -29.42500382864455,
      10.160813417947793,
      0.7190689272591015
    ],
    "rotation": [
      0.03209684018715392,
      -0.024990218289288386,
      -2.289641459955433
    ]
  },
  {
    "label_id": "Pj9fE-MT-gyTk6PlD0A62w",
    "size": [
      0.48762013515254266,
      0.07714707792519968,
      0.480000000000004
    ],
    "obj_class": "sign",
    "point_num_in_lidar": 38,
    "speed": 0.00817961924919937,
    "if_vehicle": false,
    "motion_state": false,
    "pose": [
      [
        0.20771897971725034,
        0.9781582002218935,
        -0.0077045962834300635,
        -17.278323603192803
      ],
      [
        -0.9773432443778209,
        0.2078604148330035,
        0.03992781755226148,
        19.04234295556853
      ],
      [
        0.0406572027353028,
        -0.0007637303960234343,
        0.9991728622123514,
        2.154049659082375
      ],
      [
        0.0,
        0.0,
        0.0,
        1.0
      ]
    ],
    "location": [
      -17.278323603192803,
      19.04234295556853,
      2.154049659082375
    ],
    "rotation": [
      -0.000764362480377915,
      -0.040668412189973115,
      -1.3613780989634554
    ]
  },
  {
    "label_id": "QfXrH-AG6fWpRUmyN1WzLw",
    "size": [
      0.4456629209226195,
      0.0696207456306018,
      0.15000000000000568
    ],
    "obj_class": "sign",
    "point_num_in_lidar": 175,
    "speed": 0.005302456812871534,
    "if_vehicle": false,
    "motion_state": false,
    "pose": [
      [
        0.9905312992045111,
        0.13707072806523088,
        -0.0077045962834300635,
        -12.188074394533942
      ],
      [
        -0.13666074909846287,
        0.9898129161823259,
        0.03992781755226148,
        4.259574005885952
      ],
      [
        0.013099043937253606,
        -0.038496837094847455,
        0.9991728622123514,
        1.9788041674414885
      ],
      [
        0.0,
        0.0,
        0.0,
        1.0
      ]
    ],
    "location": [
      -12.188074394533942,
      4.259574005885952,
      1.9788041674414885
    ],
    "rotation": [
      -0.03850965781676779,
      -0.013099418565984977,
      -0.13710158443736026
    ]
  },
  {
    "label_id": "RqRoUISiOVfgjg-WLH6oig",
    "size": [
      1.883942858399078,
      4.431572760151295,
      1.5400000000000063
    ],
    "obj_class": "vehicle",
    "point_num_in_lidar": 463,
    "speed": 0.010723035642339977,
    "if_vehicle": true,
    "motion_state": false,
    "pose": [
      [
        0.07709455365532823,
        0.9969940165280808,
        -0.0077045962834300635,
        -27.180027917687767
      ],
      [
        -0.9962047841984224,
        0.07734207991570904,
        0.03992781755226148,
        -22.568215481929656
      ],
      [
        0.04040368469410089,
        0.004597138405247436,
        0.9991728622123514,
        0.8311387631613911
      ],
      [
        0.0,
        0.0,
        0.0,
        1.0
      ]
    ],
    "location": [
      -27.180027917687767,
      -22.568215481929656,
      0.8311387631613911
    ],
    "rotation": [
      0.004600911555004604,
      -0.040414685662008086,
      -1.4935620064970174
    ]
  },
  {
    "label_id": "SYZ9P7-R7Vyu8C5_pRukog",
    "size": [
      2.1026481270016397,
      4.699895119369667,
      1.6800000000000068
    ],
    "obj_class": "vehicle",
    "point_num_in_lidar": 80,
    "speed": 7.105427357601002e-13,
    "if_vehicle": true,
    "motion_state": false,
    "pose": [
      [
        0.0678604878834561,
        0.9976650707428463,
        -0.0077045962834300635,
        -25.60592454756079
      ],
      [
        -0.9968781639858058,
        0.06811531071500794,
        0.03992781755226148,
        -47.56180423515434
      ],
      [
        0.04035938989266393,
        0.004971022618059539,
        0.9991728622123514,
        1.989461511566482
      ],
      [
        0.0,
        0.0,
        0.0,
        1.0
      ]
    ],
    "location": [
      -25.60592454756079,
      -47.56180423515434,
      1.989461511566482
    ],
    "rotation": [
      0.004975096694898944,
      -0.040370354701268686,
      -1.5028281833638357
    ]
  },
  {
    "label_id": "SwUfSWt1LE_xpCIjLv06Pg",
    "size": [
      0.8137902785163563,
      0.1125742801911172,
      0.7600000000000051
    ],
    "obj_class": "sign",
    "point_num_in_lidar": 27,
    "speed": 1.1718571004216928e-12,
    "if_vehicle": false,
    "motion_state": false,
    "pose": [
      [
        -0.10674052908681282,
        -0.9942570586354298,
        -0.0077045962834300635,
        -30.634699561367597
      ],
      [
        0.9934608073387228,
        -0.10696445048429086,
        0.03992781755226148,
        6.662678317146856
      ],
      [
        -0.04052263234490398,
        -0.003392298073145233,
        0.9991728622123514,
        2.677733623159398
      ],
      [
        0.0,
        0.0,
        0.0,
        1.0
      ]
    ],
    "location": [
      -30.634699561367597,
      6.662678317146856,
      2.677733623159398
    ],
    "rotation": [
      -0.003395093249100706,
      0.04053373080715973,
      1.6778288454227486
    ]
  },
  {
    "label_id": "TgdBnuHVxPOTzl8OMUYiRg",
    "size": [
      0.8323629950249508,
      0.11670498628292902,
      0.7900000000000063
    ],
    "obj_class": "sign",
    "point_num_in_lidar": 179,
    "speed": 0.0022947153414116747,
    "if_vehicle": false,
    "motion_state": false,
    "pose": [
      [
        0.11622249433234824,
        0.9931933200577199,
        -0.0077045962834300635,
        -15.457175192750583
      ],
      [
        -0.992394968435033,
        0.11643880800808178,
        0.03992781755226148,
        -18.324362082497828
      ],
      [
        0.040553155684815566,
        0.0030054920363285077,
        0.9991728622123514,
        2.8811691068172465
      ],
      [
        0.0,
        0.0,
        0.0,
        1.0
      ]
    ],
    "location": [
      -15.457175192750583,
      -18.324362082497828,
      2.8811691068172465
    ],
    "rotation": [
      0.003007970978330182,
      -0.04056427925784601,
      -1.4542142412007555
    ]
  },
  {
    "label_id": "VFli2h3FNYZuybkEBpincg",
    "size": [
      1.9376880129058187,
      4.437301692662093,
      1.4500000000000028
    ],
    "obj_class": "vehicle",
    "point_num_in_lidar": 39,
    "speed": 0.0,
    "if_vehicle": true,
    "motion_state": false,
    "pose": [
      [
        0.07927253763749047,
        0.9968232059761761,
        -0.0077045962834300635,
        -30.329576969248592
      ],
      [
        -0.9960334347507036,
        0.0795183390434503,
        0.03992781755226148,
        31.128344960072354
      ],
      [
        0.04041363179953581,
        0.004508856079857852,
        0.9991728622123514,
        0.2463380560929096
      ],
      [
        0.0,
        0.0,
        0.0,
        1.0
      ]
    ],
    "location": [
      -30.329576969248592,
      31.128344960072354,
      0.2463380560929096
    ],
    "rotation": [
      0.004512557982160344,
      -0.04042464089851568,
      -1.491375506337573
    ]
  },
  {
    "label_id": "VtnkMTVF6siiRfuCfGB2eg",
    "size": [
      1.8431131976785586,
      4.467267803468969,
      1.6800000000000068
    ],
    "obj_class": "vehicle",
    "point_num_in_lidar": 61,
    "speed": 7.105427357601002e-13,
    "if_vehicle": true,
    "motion_state": false,
    "pose": [
      [
        0.06786048788459563,
        0.9976650707427688,
        -0.0077045962834300635,
        -24.9347122761219
      ],
      [
        -0.996878163985728,
        0.06811531071614658,
        0.03992781755226148,
        -56.443696223976076
      ],
      [
        0.040359389892669614,
        0.004971022618013441,
        0.9991728622123514,
        2.3211387631612723
      ],
      [
        0.0,
        0.0,
        0.0,
        1.0
      ]
    ],
    "location": [
      -24.9347122761219,
      -56.443696223976076,
      2.3211387631612723
    ],
    "rotation": [
      0.004975096694852809,
      -0.04037035470127437,
      -1.5028281833626926
    ]
  },
  {
    "label_id": "WBKuczfAjn8i-8Q33iEfTg",
    "size": [
      1.9903516921403064,
      3.944358340693,
      1.6600000000000037
    ],
    "obj_class": "vehicle",
    "point_num_in_lidar": 137,
    "speed": 8.644125458514253e-13,
    "if_vehicle": true,
    "motion_state": false,
    "pose": [
      [
        0.6766236384816962,
        -0.7362887280434898,
        -0.0077045962834300635,
        -15.211251894696034
      ],
      [
        0.735931549485922,
        0.6758775953209005,
        0.03992781755226148,
        -28.97988352584798
      ],
      [
        -0.024191037990144066,
        -0.032686160669872656,
        0.9991728622123514,
        1.1733903090174849
      ],
      [
        0.0,
        0.0,
        0.0,
        1.0
      ]
    ],
    "location": [
      -15.211251894696034,
      -28.97988352584798,
      1.1733903090174849
    ],
    "rotation": [
      -0.032701557094917816,
      0.024193398069756313,
      0.8273597788329193
    ]
  },
  {
    "label_id": "Zwj9I-PqljydaE_gb0MbTw",
    "size": [
      1.9379139095436388,
      4.488067844332695,
      2.0
    ],
    "obj_class": "vehicle",
    "point_num_in_lidar": 54,
    "speed": 2.8421709430404007e-13,
    "if_vehicle": true,
    "motion_state": false,
    "pose": [
      [
        -0.9990798123599007,
        0.04219203397579661,
        -0.0077045962834300635,
        -30.91986498437018
      ],
      [
        -0.04246700086496543,
        -0.998299716128903,
        0.03992781755226148,
        -64.57268496806319
      ],
      [
        -0.00600686044789161,
        0.040218267565086376,
        0.9991728622123514,
        3.2762402040108753
      ],
      [
        0.0,
        0.0,
        0.0,
        1.0
      ]
    ],
    "location": [
      -30.91986498437018,
      -64.57268496806319,
      3.2762402040108753
    ],
    "rotation": [
      0.04022984389224611,
      0.006006896572107478,
      -3.0991121109954056
    ]
  },
  {
    "label_id": "_JNSNA0qcV06zb9ixxJkPw",
    "size": [
      1.5145666509465403,
      3.585454358480976,
      2.010000000000005
    ],
    "obj_class": "vehicle",
    "point_num_in_lidar": 21,
    "speed": 6.355287432313019e-13,
    "if_vehicle": true,
    "motion_state": false,
    "pose": [
      [
        0.6192549552992266,
        0.7851521760356156,
        -0.0077045962834300635,
        -79.13723775649032
      ],
      [
        -0.7843588071843683,
        0.6190210262808753,
        0.03992781755226148,
        -13.853823316989292
      ],
      [
        0.036118719933959834,
        -0.018682330922813028,
        0.9991728622123514,
        0.5540183774312482
      ],
      [
        0.0,
        0.0,
        0.0,
        1.0
      ]
    ],
    "location": [
      -79.13723775649032,
      -13.853823316989292,
      0.5540183774312482
    ],
    "rotation": [
      -0.018695618069953752,
      -0.03612657773227316,
      -0.9024878086850614
    ]
  },
  {
    "label_id": "bjU_LRF_XLFwrTt9DcYXOQ",
    "size": [
      0.3017444110824611,
      0.07692972936776284,
      0.6400000000000006
    ],
    "obj_class": "sign",
    "point_num_in_lidar": 105,
    "speed": 0.004995738759360791,
    "if_vehicle": false,
    "motion_state": false,
    "pose": [
      [
        -0.6086075176332796,
        -0.7934340102846403,
        -0.0077045962834300635,
        -4.714805791862091
      ],
      [
        0.7926375580955607,
        -0.6083843118307867,
        0.03992781755226148,
        -13.556033273487628
      ],
      [
        -0.0363674439102329,
        0.0181934175407862,
        0.9991728622123514,
        2.7258313568762844
      ],
      [
        0.0,
        0.0,
        0.0,
        1.0
      ]
    ],
    "location": [
      -4.714805791862091,
      -13.556033273487628,
      2.7258313568762844
    ],
    "rotation": [
      0.0182064665292134,
      0.036375465227358024,
      2.2256086383974383
    ]
  },
  {
    "label_id": "cvsSzEWkCO_fUj4Y4e3xgA",
    "size": [
      0.7530615077678138,
      0.8484543407193996,
      1.7100000000000009
    ],
    "obj_class": "pedestrian",
    "point_num_in_lidar": 27,
    "speed": 0.032915695331837455,
    "if_vehicle": false,
    "motion_state": false,
    "pose": [
      [
        0.2681510800929469,
        0.9633460631782824,
        -0.0077045962834300635,
        -6.978108521102513
      ],
      [
        -0.9625238887346761,
        0.2682415571841733,
        0.03992781755226148,
        -16.72430311090102
      ],
      [
        0.04053099875481449,
        -0.0032908294265351985,
        0.9991728622123514,
        0.8733343125350785
      ],
      [
        0.0,
        0.0,
        0.0,
        1.0
      ]
    ],
    "location": [
      -6.978108521102513,
      -16.72430311090102,
      0.8733343125350785
    ],
    "rotation": [
      -0.0032935417403553366,
      -0.04054210409613628,
      -1.299094100089132
    ]
  },
  {
    "label_id": "fCp7_tVCmZB4bn3ObKtBIg",
    "size": [
      1.756979685770461,
      4.174253658275681,
      1.9600000000000009
    ],
    "obj_class": "vehicle",
    "point_num_in_lidar": 20,
    "speed": 5.684341886080801e-13,
    "if_vehicle": true,
    "motion_state": false,
    "pose": [
      [
        -0.9982989021816833,
        0.0577922235162768,
        -0.0077045962834300635,
        -30.938820934677096
      ],
      [
        -0.05805497198406535,
        -0.9975146062155894,
        0.03992781755226148,
        -61.5127398226341
      ],
      [
        -0.005377929971218419,
        0.04030718655031623,
        0.9991728622123514,
        3.0162408143623622
      ],
      [
        0.0,
        0.0,
        0.0,
        1.0
      ]
    ],
    "location": [
      -30.938820934677096,
      -61.5127398226341,
      3.0162408143623622
    ],
    "rotation": [
      0.04031869221711131,
      0.005377955895088141,
      -3.083504179855208
    ]
  },
  {
    "label_id": "gu9u5G065yI_z557Du54jw",
    "size": [
      1.6400946167438002,
      3.792063663359228,
      1.470000000000006
    ],
    "obj_class": "vehicle",
    "point_num_in_lidar": 49,
    "speed": 7.105427357601002e-13,
    "if_vehicle": true,
    "motion_state": false,
    "pose": [
      [
        0.6660270220052658,
        0.7458878234392263,
        -0.0077045962834300635,
        -45.09880705566866
      ],
      [
        -0.7451102134056473,
        0.6657451008187021,
        0.03992781755226148,
        -12.748151910858724
      ],
      [
        0.03491097015821439,
        -0.020852232038551355,
        0.9991728622123514,
        0.6283750035709943
      ],
      [
        0.0,
        0.0,
        0.0,
        1.0
      ]
    ],
    "location": [
      -45.09880705566866,
      -12.748151910858724,
      0.6283750035709943
    ],
    "rotation": [
      -0.020866464973367558,
      -0.034918065491481076,
      -0.8413817716831749
    ]
  },
  {
    "label_id": "h14DkRFx53Pkx5pEtWdarQ",
    "size": [
      0.8347280264472862,
      0.12141330286285525,
      0.7900000000000063
    ],
    "obj_class": "sign",
    "point_num_in_lidar": 89,
    "speed": 0.002864691993964457,
    "if_vehicle": false,
    "motion_state": false,
    "pose": [
      [
        -0.9973234337936857,
        0.07270906134782008,
        -0.0077045962834300635,
        -33.06938525003079
      ],
      [
        -0.07296005623203797,
        -0.9965352977090832,
        0.03992781755226148,
        -15.189612107244102
      ],
      [
        -0.004774788015144328,
        0.04038307588319341,
        0.9991728622123514,
        2.546871370605274
      ],
      [
        0.0,
        0.0,
        0.0,
        1.0
      ]
    ],
    "location": [
      -33.06938525003079,
      -15.189612107244102,
      2.546871370605274
    ],
    "rotation": [
      0.040394520740079945,
      0.004774806158411277,
      -3.068566878084109
    ]
  },
  {
    "label_id": "iMUAR45EX3cmZKOzXxFuBQ",
    "size": [
      2.1973917554267417,
      4.821743567278267,
      1.8300000000000054
    ],
    "obj_class": "vehicle",
    "point_num_in_lidar": 5937,
    "speed": 0.0262717121077632,
    "if_vehicle": true,
    "motion_state": false,
    "pose": [
      [
        0.998468654656203,
        -0.054781245560332543,
        -0.0077045962834300635,
        -6.809333849073482
      ],
      [
        0.05504635814859615,
        0.9976851546655837,
        0.03992781755226148,
        -6.746636793286598
      ],
      [
        0.005499465756651213,
        -0.04029078424117287,
        0.9991728622123514,
        0.9382058574327843
      ],
      [
        0.0,
        0.0,
        0.0,
        1.0
      ]
    ],
    "location": [
      -6.809333849073482,
      -6.746636793286598,
      0.9382058574327843
    ],
    "rotation": [
      -0.040302302990092326,
      -0.005499493478115521,
      0.055075029162645284
    ]
  },
  {
    "label_id": "jZwVlg9QhLVKBnWwkAyd5g",
    "size": [
      2.1885908303247614,
      4.5476016269488415,
      1.5300000000000011
    ],
    "obj_class": "vehicle",
    "point_num_in_lidar": 414,
    "speed": 1.4210854715202004e-13,
    "if_vehicle": true,
    "motion_state": false,
    "pose": [
      [
        -0.031032956329970465,
        -0.9994886666778826,
        -0.0077045962834300635,
        -19.445771525124655
      ],
      [
        0.9987116895646576,
        -0.0313166171931165,
        0.03992781755226148,
        21.405242698427173
      ],
      [
        -0.04014868302110326,
        -0.006455592153187663,
        0.9991728622123514,
        0.3694620076647155
      ],
      [
        0.0,
        0.0,
        0.0,
        1.0
      ]
    ],
    "location": [
      -19.445771525124655,
      21.405242698427173,
      0.3694620076647155
    ],
    "rotation": [
      -0.0064608463388233705,
      0.040159476908183195,
      1.6018593199290458
    ]
  },
  {
    "label_id": "l4IU7hYAbEicJJhcNV-PYQ",
    "size": [
      1.7797335311146567,
      3.629981180814881,
      1.4200000000000017
    ],
    "obj_class": "vehicle",
    "point_num_in_lidar": 205,
    "speed": 6.355287432313019e-13,
    "if_vehicle": true,
    "motion_state": false,
    "pose": [
      [
        0.7087554675441159,
        0.7054121677589854,
        -0.0077045962834300635,
        -7.661596939419724
      ],
      [
        -0.7046524906126962,
        0.7084282863203849,
        0.03992781755226148,
        -10.276480141723368
      ],
      [
        0.033623722275286795,
        -0.02286999603698492,
        0.9991728622123514,
        0.6587083843133641
      ],
      [
        0.0,
        0.0,
        0.0,
        1.0
      ]
    ],
    "location": [
      -7.661596939419724,
      -10.276480141723368,
      0.6587083843133641
    ],
    "rotation": [
      -0.022884932397496224,
      -0.033630061076885806,
      -0.7824952751104535
    ]
  },
  {
    "label_id": "lbLwsu8SH-0HdB69pypZYw",
    "size": [
      2.317356257481391,
      5.409726554449852,
      1.8200000000000074
    ],
    "obj_class": "vehicle",
    "point_num_in_lidar": 866,
    "speed": 0.0034483531455005035,
    "if_vehicle": true,
    "motion_state": false,
    "pose": [
      [
        -0.7345701198782332,
        0.6784890405733813,
        -0.0077045962834300635,
        -29.712048779995712
      ],
      [
        -0.6781940689218214,
        -0.7337973659429263,
        0.03992781755226148,
        13.40798891772647
      ],
      [
        0.021436974164788257,
        0.03455499322870031,
        0.9991728622123514,
        0.9023524133550822
      ],
      [
        0.0,
        0.0,
        0.0,
        1.0
      ]
    ],
    "location": [
      -29.712048779995712,
      13.40798891772647,
      0.9023524133550822
    ],
    "rotation": [
      0.034569820896145,
      -0.021438616376058775,
      -2.3960781138760336
    ]
  },
  {
    "label_id": "mwo7eouCPfeT1MgWe_mMaw",
    "size": [
      2.0225976853632925,
      4.369351698540099,
      1.6400000000000006
    ],
    "obj_class": "vehicle",
    "point_num_in_lidar": 401,
    "speed": 1.1718571004216928e-12,
    "if_vehicle": true,
    "motion_state": false,
    "pose": [
      [
        -0.7491828024057943,
        0.6623184791137191,
        -0.0077045962834300635,
        -30.31142255517352
      ],
      [
        -0.6620404191170837,
        -0.7484038033313228,
        0.03992781755226148,
        24.832416113660656
      ],
      [
        0.02067878223389244,
        0.03501398840036047,
        0.9991728622123514,
        0.6268805954470196
      ],
      [
        0.0,
        0.0,
        0.0,
        1.0
      ]
    ],
    "location": [
      -30.31142255517352,
      24.832416113660656,
      0.6268805954470196
    ],
    "rotation": [
      0.035028639953719805,
      -0.02068025626690909,
      -2.417865724434671
    ]
  },
  {
    "label_id": "nzEXTn_WF_YJ99oOAwWwpQ",
    "size": [
      1.604304081123766,
      3.624440980069253,
      1.470000000000006
    ],
    "obj_class": "vehicle",
    "point_num_in_lidar": 39,
    "speed": 4.263256414560601e-13,
    "if_vehicle": true,
    "motion_state": false,
    "pose": [
      [
        0.5769547602222,
        0.8167397650739511,
        -0.0077045962834300635,
        -51.86256792528002
      ],
      [
        -0.8159351560439855,
        0.5767630280427052,
        0.03992781755226148,
        -13.221069177514437
      ],
      [
        0.03705436260982731,
        -0.01675009343128435,
        0.9991728622123514,
        0.6283750035708593
      ],
      [
        0.0,
        0.0,
        0.0,
        1.0
      ]
    ],
    "location": [
      -51.86256792528002,
      -13.221069177514437,
      0.6283750035708593
    ],
    "rotation": [
      -0.016762389406685237,
      -0.03706284728580174,
      -0.9553154102068454
    ]
  },
  {
    "label_id": "oGhYcNPyTUhm8059vJgk7Q",
    "size": [
      1.9637128907548327,
      4.522243896407982,
      1.5799999999999983
    ],
    "obj_class": "vehicle",
    "point_num_in_lidar": 689,
    "speed": 1.7987519044348212,
    "if_vehicle": true,
    "motion_state": true,
    "pose": [
      [
        -0.9914321038243943,
        -0.13039563912357155,
        -0.0077045962834300635,
        -29.76732096116939
      ],
      [
        0.12999050831178122,
        -0.9907109755798398,
        0.03992781755226148,
        -4.018183659489296
      ],
      [
        -0.012839441388942299,
        0.038584195769735034,
        0.9991728622123514,
        0.8683750035710176
      ],
      [
        0.0,
        0.0,
        0.0,
        1.0
      ]
    ],
    "location": [
      -29.76732096116939,
      -4.018183659489296,
      0.8683750035710176
    ],
    "rotation": [
      0.038596958919731646,
      0.012839794181452285,
      3.011222439223266
    ]
  },
  {
    "label_id": "pMXk7LpwD_NwMqmzuEArMQ",
    "size": [
      1.9068103567102404,
      4.170273321995732,
      2.020000000000003
    ],
    "obj_class": "vehicle",
    "point_num_in_lidar": 361,
    "speed": 7.652779469160725e-13,
    "if_vehicle": true,
    "motion_state": false,
    "pose": [
      [
        0.049943283183988114,
        0.9987223376198778,
        -0.0077045962834300635,
        -26.580260956009624
      ],
      [
        -0.9979401312254166,
        0.05021218851346312,
        0.03992781755226148,
        -29.556403113816486
      ],
      [
        0.040263667922858286,
