[
  {
    "label_id": "-37Tr49YQag_EecI_gdFqA",
    "size": [
      2.061484407524053,
      4.778170597256613,
      1.470000000000006
    ],
    "obj_class": "vehicle",
    "point_num_in_lidar": 48,
    "speed": 3.1776437161565096e-13,
    "if_vehicle": true,
    "motion_state": false,
    "pose": [
      [
        0.6660234355372299,
        0.7458838069298229,
        -0.008374358187937848,
        -38.09545921678273
      ],
      [
        -0.7450935508486827,
        0.6657657102068228,
        0.03989510742567634,
        -12.74363263278974
      ],
      [
        0.03533247513105648,
        -0.02033139623044646,
        0.9991687798007071,
        0.6283750035707101
      ],
      [
        0.0,
        0.0,
        0.0,
        1.0
      ]
    ],
    "location": [
      -38.09545921678273,
      -12.74363263278974,
      0.6283750035707101
    ],
    "rotation": [
      -0.02034550242315451,
      -0.03533983067887354,
      -0.8413733358777039
    ]
  },
  {
    "label_id": "16PzcXDMMYoq8hgoqYjC-Q",
    "size": [
      0.5305112011630283,
      0.12094541017995653,
      0.5700000000000003
    ],
    "obj_class": "sign",
    "point_num_in_lidar": 33,
    "speed": 0.004761248135775267,
    "if_vehicle": false,
    "motion_state": false,
    "pose": [
      [
        -0.027746358626720077,
        -0.9995799166189252,
        -0.008374358187937848,
        -28.938176613322867
      ],
      [
        0.9988098220642551,
        -0.02805921865385659,
        0.03989510742567634,
        -25.44609008059524
      ],
      [
        -0.04011332610154168,
        -0.0072574472535122,
        0.9991687798007071,
        3.070359166438017
      ],
      [
        0.0,
        0.0,
        0.0,
        1.0
      ]
    ],
    "location": [
      -28.938176613322867,
      -25.44609008059524,
      3.070359166438017
    ],
    "rotation": [
      -0.007263357076689773,
      0.04012409148306828,
      1.59856860542422
    ]
  },
  {
    "label_id": "5TfIhDaGwG7wy8E9HfiYNA",
    "size": [
      2.075345501807035,
      4.400591282594326,
      1.4400000000000048
    ],
    "obj_class": "vehicle",
    "point_num_in_lidar": 289,
    "speed": 0.006058246481661854,
    "if_vehicle": true,
    "motion_state": false,
    "pose": [
      [
        -0.9998206774875186,
        -0.016984787114926715,
        -0.008374358187937848,
        -35.225020407724514
      ],
      [
        0.016637799815009225,
        -0.9990653452206264,
        0.03989510742567634,
        -1.3972803153101268
      ],
      [
        -0.00904414096058555,
        0.03974862243966696,
        0.9991687798007071,
        0.7467691118471436
      ],
      [
        0.0,
        0.0,
        0.0,
        1.0
      ]
    ],
    "location": [
      -35.225020407724514,
      -1.3972803153101268,
      0.7467691118471436
    ],
    "rotation": [
      0.039760723748578725,
      0.009044264261615267,
      3.124953405483822
    ]
  },
  {
    "label_id": "5rFZom3Q5U-Yz4kJWFjfhw",
    "size": [
      1.4719569154579262,
      3.3250731876028397,
      1.470000000000006
    ],
    "obj_class": "vehicle",
    "point_num_in_lidar": 22,
    "speed": 3.1776437161565096e-13,
    "if_vehicle": true,
    "motion_state": false,
    "pose": [
      [
        0.7870345099082207,
        0.6168521300429034,
        -0.008374358187937848,
        -54.96524234788831
      ],
      [
        -0.6161196534684659,
        0.7866415657803695,
        0.03989510742567634,
        -12.831983628664602
      ],
      [
        0.03119700023118399,
        -0.026239219655729916,
        0.9991687798007071,
        0.7583750035705563
      ],
      [
        0.0,
        0.0,
        0.0,
        1.0
      ]
    ],
    "location": [
      -54.96524234788831,
      -12.831983628664602,
      0.7583750035705563
    ],
    "rotation": [
      -0.0262550139532503,
      -0.031202062876845838,
      -0.6641876693637371
    ]
  },
  {
    "label_id": "6HLGrqQfQYMsQDDAwvTpnQ",
    "size": [
      2.126130265646131,
      4.611272155748338,
      1.6300000000000026
    ],
    "obj_class": "vehicle",
    "point_num_in_lidar": 491,
    "speed": 8.987733679556354e-13,
    "if_vehicle": true,
    "motion_state": false,
    "pose": [
      [
        -0.7491787681541686,
        0.6623149126147942,
        -0.008374358187937848,
        -30.089948332832137
      ],
      [
        -0.6620611109135642,
        -0.7483872432233134,
        0.03989510742567634,
        20.67335119055133
      ],
      [
        0.020155861750359265,
        0.03543290432164066,
        0.9991687798007071,
        0.6863380560928647
      ],
      [
        0.0,
        0.0,
        0.0,
        1.0
      ]
    ],
    "location": [
      -30.089948332832137,
      20.67335119055133,
      0.6863380560928647
    ],
    "rotation": [
      0.035447526976422346,
      -0.02015722674916153,
      -2.4178475440789238
    ]
  },
  {
    "label_id": "9CUNhZDZ4nxh6om0TTTJvA",
    "size": [
      1.790944775673283,
      4.163788843312304,
      1.7600000000000051
    ],
    "obj_class": "vehicle",
    "point_num_in_lidar": 28,
    "speed": 6.355287432313019e-13,
    "if_vehicle": true,
    "motion_state": false,
    "pose": [
      [
        0.9987096044366153,
        -0.05008988052490855,
        -0.008374358187937848,
        -31.525463333779044
      ],
      [
        0.0503854431329044,
        0.9979327069115405,
        0.03989510742567634,
        -39.20577925028192
      ],
      [
        0.00635870477065512,
        -0.040265572704306404,
        0.9991687798007071,
        1.788310837896553
      ],
      [
        0.0,
        0.0,
        0.0,
        1.0
      ]
    ],
    "location": [
      -31.525463333779044,
      -39.20577925028192,
      1.788310837896553
    ],
    "rotation": [
      -0.04027727590578174,
      -0.006358747621820378,
      0.05040780633254328
    ]
  },
  {
    "label_id": "9NEH2bOd6vqYumlX4lkguA",
    "size": [
      0.4835686032412706,
      0.08727811829444648,
      0.15000000000000568
    ],
    "obj_class": "sign",
    "point_num_in_lidar": 21,
    "speed": 0.004052259834515043,
    "if_vehicle": false,
    "motion_state": false,
    "pose": [
      [
        0.11622186849896149,
        0.9931879718399484,
        -0.008374358187937848,
        -15.427895748225637
      ],
      [
        -0.9923931810938352,
        0.11646525027643317,
        0.03989510742567634,
        -18.26924999851144
      ],
      [
        0.040598662552707034,
        0.0036739720327679487,
        0.9991687798007071,
        2.3967722894755426
      ],
      [
        0.0,
        0.0,
        0.0,
        1.0
      ]
    ],
    "location": [
      -15.427895748225637,
      -18.26924999851144,
      2.3967722894755426
    ],
    "rotation": [
      0.003677011881424692,
      -0.04060982363341617,
      -1.4542146552270623
    ]
  },
  {
    "label_id": "9s8YOLhpbgSWdr7GIkOUUQ",
    "size": [
      1.9175413712082299,
      4.427614966261043,
      1.4400000000000048
    ],
    "obj_class": "vehicle",
    "point_num_in_lidar": 1491,
    "speed": 1.449228509952941e-12,
    "if_vehicle": true,
    "motion_state": false,
    "pose": [
      [
        -0.04823654375716586,
        -0.9988008339860871,
        -0.008374358187937848,
        -18.652471023929138
      ],
      [
        0.9980244862578938,
        -0.04853354750233017,
        0.03989510742567634,
        9.999034006290458
      ],
      [
        -0.04025370387964587,
        -0.006433412433220788,
        0.9991687798007071,
        0.576138763160607
      ],
      [
        0.0,
        0.0,
        0.0,
        1.0
      ]
    ],
    "location": [
      -18.652471023929138,
      9.999034006290458,
      0.576138763160607
    ],
    "rotation": [
      -0.006438675487752868,
      0.04026458273376971,
      1.6190907695025398
    ]
  },
  {
    "label_id": "9yvoP8LddkU2qWg-ZQW66A",
    "size": [
      0.35880279056130787,
      0.07909095543237712,
      0.6700000000000017
    ],
    "obj_class": "sign",
    "point_num_in_lidar": 30,
    "speed": 0.002432646688774488,
    "if_vehicle": false,
    "motion_state": false,
    "pose": [
      [
        0.9999647978147859,
        -0.0005227391075777316,
        -0.008374358187937848,
        -40.47740612593043
      ],
      [
        0.00085644881754356,
        0.9992035062483101,
        0.03989510742567634,
        2.623882045103528
      ],
      [
        0.008346833331114327,
        -0.03990087523988335,
        0.9991687798007071,
        2.7910361253657925
      ],
      [
        0.0,
        0.0,
        0.0,
        1.0
      ]
    ],
    "location": [
      -40.47740612593043,
      2.623882045103528,
      2.7910361253657925
    ],
    "rotation": [
      -0.039912861515639886,
      -0.00834693025428002,
      0.0008564787580497388
    ]
  },
  {
    "label_id": "DQe9EgHTvbMojU92WrDD-w",
    "size": [
      2.29509438136754,
      6.332258661657688,
      2.200000000000003
    ],
    "obj_class": "vehicle",
    "point_num_in_lidar": 278,
    "speed": 0.011487781666637784,
    "if_vehicle": true,
    "motion_state": false,
    "pose": [
      [
        -0.96997058868922,
        0.24307802698481007,
        -0.008374358187937848,
        -43.146148575390725
      ],
      [
        -0.24321709561904833,
        -0.9691510846107166,
        0.03989510742567634,
        0.7065798957955849
      ],
      [
        0.00158160567862185,
        0.04073386791164679,
        0.9991687798007071,
        1.138375003570772
      ],
      [
        0.0,
        0.0,
        0.0,
        1.0
      ]
    ],
    "location": [
      -43.146148575390725,
      0.7065798957955849,
      1.138375003570772
    ],
    "rotation": [
      0.040745191918739126,
      -0.001581606338014171,
      -2.8959111712986756
    ]
  },
  {
    "label_id": "Dv2qrMqPdIlySEkg-zfx5g",
    "size": [
      2.0189104259503337,
      4.819514428686471,
      1.4200000000000017
    ],
    "obj_class": "vehicle",
    "point_num_in_lidar": 68,
    "speed": 1.8198773652309366e-12,
    "if_vehicle": true,
    "motion_state": false,
    "pose": [
      [
        0.05452952798306891,
        0.9984770406488492,
        -0.008374358187937848,
        -30.904623701712808
      ],
      [
        -0.9976988367661085,
        0.05482163367729589,
        0.03989510742567634,
        42.10468166671308
      ],
      [
        0.04029344479561883,
        0.006179626046012369,
        0.9991687798007071,
        -0.0007179819218805505
      ],
      [
        0.0,
        0.0,
        0.0,
        1.0
      ]
    ],
    "location": [
      -30.904623701712808,
      42.10468166671308,
      -0.0007179819218805505
    ],
    "rotation": [
      0.006184688092492604,
      -0.04030435591810786,
      -1.5161953528469583
    ]
  },
  {
    "label_id": "FYseW0mhs-5FpUAHNuYuAA",
    "size": [
      1.9505814467950098,
      4.170013394086709,
      1.9500000000000028
    ],
    "obj_class": "vehicle",
    "point_num_in_lidar": 70,
    "speed": 8.526512829121202e-13,
    "if_vehicle": true,
    "motion_state": false,
    "pose": [
      [
        0.08125698003546164,
        0.9966580021855324,
        -0.008374358187937848,
        -24.17604185784785
      ],
      [
        -0.9958722526935228,
        0.08152813452190649,
        0.03989510742567634,
        -70.72635088365314
      ],
      [
        0.04044452386473261,
        0.005098035005883333,
        0.9991687798007071,
        3.2405832500947866
      ],
      [
        0.0,
        0.0,
        0.0,
        1.0
      ]
    ],
    "location": [
      -24.17604185784785,
      -70.72635088365314,
      3.2405832500947866
    ],
    "rotation": [
      0.005102231845320609,
      -0.040455558241405336,
      -1.489382899796256
    ]
  },
  {
    "label_id": "Go_3rbTk6d2Upk1krZLsKw",
    "size": [
      2.1025838945668656,
      4.719586221317513,
      1.8100000000000023
    ],
    "obj_class": "vehicle",
    "point_num_in_lidar": 386,
    "speed": 0.0019688793942481977,
    "if_vehicle": true,
    "motion_state": false,
    "pose": [
      [
        -0.9981204356081446,
        0.0607080402117212,
        -0.008374358187937848,
        -36.64161110383884
      ],
      [
        -0.06099532402162566,
        -0.9973404387925874,
        0.03989510742567634,
        1.2054188685197005
      ],
      [
        -0.005930132283915334,
        0.04033091869349621,
        0.9991687798007071,
        0.9046729949541827
      ],
      [
        0.0,
        0.0,
        0.0,
        1.0
      ]
    ],
    "location": [
      -36.64161110383884,
      1.2054188685197005,
      0.9046729949541827
    ],
    "rotation": [
      0.04034257004621731,
      0.005930167041434132,
      -3.0805583701153485
    ]
  },
  {
    "label_id": "HILMjKmKIoQMgeZ6T8zTSg",
    "size": [
      0.7527797330444929,
      0.1029191474772233,
      0.7700000000000031
    ],
    "obj_class": "sign",
    "point_num_in_lidar": 151,
    "speed": 0.005692629942043134,
    "if_vehicle": false,
    "motion_state": false,
    "pose": [
      [
        0.990525965323288,
        0.1370699899515156,
        -0.008374358187937848,
        -12.188537018395436
      ],
      [
        -0.13663470609881664,
        0.9898178304581019,
        0.03989510742567634,
        4.262628185631911
      ],
      [
        0.013757511027015773,
        -0.038372911824719226,
        0.9991687798007071,
        2.4601994479962315
      ],
      [
        0.0,
        0.0,
        0.0,
        1.0
      ]
    ],
    "location": [
      -12.188537018395436,
      4.262628185631911,
      2.4601994479962315
    ],
    "rotation": [
      -0.038385969892884335,
      -0.013757945042626242,
      -0.13707651243961932
    ]
  },
  {
    "label_id": "Ko333JMTQxrLsIbw6vT5jw",
    "size": [
      2.002767809712554,
      4.87247641867594,
      1.6600000000000037
    ],
    "obj_class": "vehicle",
    "point_num_in_lidar": 323,
    "speed": 8.987733679556354e-13,
    "if_vehicle": true,
    "motion_state": false,
    "pose": [
      [
        0.6317522714374214,
        -0.775125110971512,
        -0.008374358187937848,
        -16.49768922657404
      ],
      [
        0.7747462100332465,
        0.6310124328748322,
        0.03989510742567634,
        -22.47861869105327
      ],
      [
        -0.025639375436611836,
        -0.031691827002976694,
        0.9991687798007071,
        0.9545249117415793
      ],
      [
        0.0,
        0.0,
        0.0,
        1.0
      ]
    ],
    "location": [
      -16.49768922657404,
      -22.47861869105327,
      0.9545249117415793
    ],
    "rotation": [
      -0.0317075615917055,
      0.025642185392997615,
      0.8867166552940676
    ]
  },
  {
    "label_id": "Kv6PR2TsyeCAv99_HjOO4w",
    "size": [
      2.0503811492887265,
      4.811895084353816,
      1.4500000000000028
    ],
    "obj_class": "vehicle",
    "point_num_in_lidar": 288,
    "speed": 7.105427357601002e-13,
    "if_vehicle": true,
    "motion_state": false,
    "pose": [
      [
        -0.749178768154343,
        0.662314912614597,
        -0.008374358187937848,
        -30.42423540184882
      ],
      [
        -0.6620611109133672,
        -0.7483872432234877,
        0.03989510742567634,
        16.41323353707594
      ],
      [
        0.020155861750349936,
        0.03543290432164597,
        0.9991687798007071,
        0.5763380560928653
      ],
      [
        0.0,
        0.0,
        0.0,
        1.0
      ]
    ],
    "location": [
      -30.42423540184882,
      16.41323353707594,
      0.5763380560928653
    ],
    "rotation": [
      0.035447526976427654,
      -0.020157226749152202,
      -2.417847544079187
    ]
  },
  {
    "label_id": "NkwybbFSpKDWgnn8QF5B7w",
    "size": [
      1.8052124283528153,
      3.74252247910149,
      1.6600000000000037
    ],
    "obj_class": "vehicle",
    "point_num_in_lidar": 111,
    "speed": 1.449228509952941e-12,
    "if_vehicle": true,
    "motion_state": false,
    "pose": [
      [
        0.6766199949515425,
        -0.7362847632246063,
        -0.008374358187937848,
        -15.236838825014274
      ],
      [
        0.7359504165471302,
        0.6758589829155186,
        0.03989510742567634,
        -32.92616896157051
      ],
      [
        -0.023714274517264423,
        -0.0331569397816801,
        0.9991687798007071,
        1.3451906877999917
      ],
      [
        0.0,
        0.0,
        0.0,
        1.0
      ]
    ],
    "location": [
      -15.236838825014274,
      -32.92616896157051,
      1.3451906877999917
    ],
    "rotation": [
      -0.03317235039818097,
      0.02371649776677904,
      0.8273752349898499
    ]
  },
  {
    "label_id": "OXd0i5MfXfgVle65_zBBXw",
    "size": [
      2.038907532143841,
      4.734929776064892,
      1.470000000000006
    ],
    "obj_class": "vehicle",
    "point_num_in_lidar": 988,
    "speed": 5.123796534383003e-13,
    "if_vehicle": true,
    "motion_state": false,
    "pose": [
      [
        -0.6583068374819747,
        0.7527031140160249,
        -0.008374358187937848,
        -29.42500382864546
      ],
      [
        -0.7523501518339342,
        -0.6575542787017281,
        0.03989510742567634,
        10.160813417949612
      ],
      [
        0.024522576535451035,
        0.032563671654607426,
        0.9991687798007071,
        0.7195998229483891
      ],
      [
        0.0,
        0.0,
        0.0,
        1.0
      ]
    ],
    "location": [
      -29.42500382864546,
      10.160813417949612,
      0.7195998229483891
    ],
    "rotation": [
      0.03257923025874603,
      -0.024525035003658352,
      -2.28962666866134
    ]
  },
  {
    "label_id": "Pj9fE-MT-gyTk6PlD0A62w",
    "size": [
      0.48762013515254043,
      0.07714707792519968,
      0.480000000000004
    ],
    "obj_class": "sign",
    "point_num_in_lidar": 40,
    "speed": 0.011457416509328465,
    "if_vehicle": false,
    "motion_state": false,
    "pose": [
      [
        0.2077178611775712,
        0.9781529329674145,
        -0.008374358187937848,
        -17.277377037233236
      ],
      [
        -0.9773390154647473,
        0.20788657785891798,
        0.03989510742567634,
        19.03809529540922
      ],
      [
        0.0407644330049306,
        -0.00010233939936260696,
        0.9991687798007071,
        2.1525702088171457
      ],
      [
        0.0,
        0.0,
        0.0,
        1.0
      ]
    ],
    "location": [
      -17.277377037233236,
      19.03809529540922,
      2.1525702088171457
    ],
    "rotation": [
      -0.00010242453634824927,
      -0.04077573143041417,
      -1.361378314091693
    ]
  },
  {
    "label_id": "QfXrH-AG6fWpRUmyN1WzLw",
    "size": [
      0.4456629209226201,
      0.0696207456306018,
      0.15000000000000568
    ],
    "obj_class": "sign",
    "point_num_in_lidar": 168,
    "speed": 0.004606636394992059,
    "if_vehicle": false,
    "motion_state": false,
    "pose": [
      [
        0.9905259653224994,
        0.1370699899572147,
        -0.008374358187937848,
        -12.189047447515804
      ],
      [
        -0.13663470610451167,
        0.9898178304573158,
        0.03989510742567634,
        4.26083215838662
      ],
      [
        0.013757511027236557,
        -0.03837291182464007,
        0.9991687798007071,
        1.9793435515160311
      ],
      [
        0.0,
        0.0,
        0.0,
        1.0
      ]
    ],
    "location": [
      -12.189047447515804,
      4.26083215838662,
      1.9793435515160311
    ],
    "rotation": [
      -0.03838596989280523,
      -0.013757945042847048,
      -0.13707651244536923
    ]
  },
  {
    "label_id": "RqRoUISiOVfgjg-WLH6oig",
    "size": [
      1.883942858399079,
      4.431572760151295,
      1.5400000000000063
    ],
    "obj_class": "vehicle",
    "point_num_in_lidar": 451,
    "speed": 0.01670891494212234,
    "if_vehicle": true,
    "motion_state": false,
    "pose": [
      [
        0.07709413851120209,
        0.9969886478451776,
        -0.008374358187937848,
        -27.18074242455168
      ],
      [
        -0.9962040375702157,
        0.07736857199337363,
        0.03989510742567634,
        -22.563174174279993
      ],
      [
        0.040422881342324926,
        0.005266890501088501,
        0.9991687798007071,
        0.8329904012743725
      ],
      [
        0.0,
        0.0,
        0.0,
        1.0
      ]
    ],
    "location": [
      -27.18074242455168,
      -22.563174174279993,
      0.8329904012743725
    ],
    "rotation": [
      0.005271223266672943,
      -0.040433898005764836,
      -1.4935623630870085
    ]
  },
  {
    "label_id": "SYZ9P7-R7Vyu8C5_pRukog",
    "size": [
      2.1026481270016424,
      4.699895119369667,
      1.6800000000000068
    ],
    "obj_class": "vehicle",
    "point_num_in_lidar": 74,
    "speed": 7.105427357601002e-13,
    "if_vehicle": true,
    "motion_state": false,
    "pose": [
      [
        0.06786012246357212,
        0.9976596984464037,
        -0.008374358187937848,
        -25.60592454755988
      ],
      [
        -0.9968776626689537,
        0.06814180856990462,
        0.03989510742567634,
        -47.56180423515252
      ],
      [
        0.040372384756325416,
        0.005640923741140335,
        0.9991687798007071,
        1.989242781277774
      ],
      [
        0.0,
        0.0,
        0.0,
        1.0
      ]
    ],
    "location": [
      -25.60592454755988,
      -47.56180423515252,
      1.989242781277774
    ],
    "rotation": [
      0.00564555651186833,
      -0.04038336016483266,
      -1.5028285141623372
    ]
  },
  {
    "label_id": "SwUfSWt1LE_xpCIjLv06Pg",
    "size": [
      0.8137902785163558,
      0.1125742801911172,
      0.7600000000000051
    ],
    "obj_class": "sign",
    "point_num_in_lidar": 22,
    "speed": 1.1718571004216928e-12,
    "if_vehicle": false,
    "motion_state": false,
    "pose": [
      [
        -0.10673995430295807,
        -0.9942517046906898,
        -0.008374358187937848,
        -30.634699561368507
      ],
      [
        0.9934592723820354,
        -0.10699090859344383,
        0.03989510742567634,
        6.662678317146856
      ],
      [
        -0.04056175875821131,
        -0.0040611818485269775,
        0.9991687798007071,
        2.677675325866609
      ],
      [
        0.0,
        0.0,
        0.0,
        1.0
      ]
    ],
    "location": [
      -30.634699561368507,
      6.662678317146856,
      2.677675325866609
    ],
    "rotation": [
      -0.004064538010387441,
      0.0405728894156121,
      1.6778284375692287
    ]
  },
  {
    "label_id": "TgdBnuHVxPOTzl8OMUYiRg",
    "size": [
      0.8323629950249493,
      0.11670498628292902,
      0.7900000000000063
    ],
    "obj_class": "sign",
    "point_num_in_lidar": 175,
    "speed": 0.0031458736915336333,
    "if_vehicle": false,
    "motion_state": false,
    "pose": [
      [
        0.11622186848935952,
        0.993187971841072,
        -0.008374358187937848,
        -15.45759273551812
      ],
      [
        -0.9923931810949611,
        0.11646525026683889,
        0.03989510742567634,
        -18.32331774706654
      ],
      [
        0.040598662552671506,
        0.0036739720331604485,
        0.9991687798007071,
        2.8826240094257827
      ],
      [
        0.0,
        0.0,
        0.0,
        1.0
      ]
    ],
    "location": [
      -15.45759273551812,
      -18.32331774706654,
      2.8826240094257827
    ],
    "rotation": [
      0.003677011881817513,
      -0.040609823633380615,
      -1.4542146552367379
    ]
  },
  {
    "label_id": "VFli2h3FNYZuybkEBpincg",
    "size": [
      1.9376880129058138,
      4.437301692662093,
      1.4500000000000028
    ],
    "obj_class": "vehicle",
    "point_num_in_lidar": 41,
    "speed": 0.0,
    "if_vehicle": true,
    "motion_state": false,
    "pose": [
      [
        0.07927211076520871,
        0.9968178382130651,
        -0.008374358187937848,
        -30.3295769692495
      ],
      [
        -0.9960326302461026,
        0.07954482942671001,
        0.03989510742567634,
        31.128344960074173
      ],
      [
        0.04043429163295838,
        0.0051785646377166044,
        0.9991687798007071,
        0.24633805609282433
      ],
      [
        0.0,
        0.0,
        0.0,
        1.0
      ]
    ],
    "location": [
      -30.3295769692495,
      31.128344960074173,
      0.24633805609282433
    ],
    "rotation": [
      0.0051828263392454926,
      -0.040445317632737204,
      -1.4913758683330525
    ]
  },
  {
    "label_id": "VtnkMTVF6siiRfuCfGB2eg",
    "size": [
      1.8431131976785584,
      4.467267803468969,
      1.6800000000000068
    ],
    "obj_class": "vehicle",
    "point_num_in_lidar": 58,
    "speed": 7.105427357601002e-13,
    "if_vehicle": true,
    "motion_state": false,
    "pose": [
      [
        0.06786012246471253,
        0.9976596984463262,
        -0.008374358187937848,
        -24.9347122761219
      ],
      [
        -0.9968776626688758,
        0.06814180857104414,
        0.03989510742567634,
        -56.44369622397426
      ],
      [
        0.04037238475633186,
        0.005640923741094185,
        0.9991687798007071,
        2.321138763160917
      ],
      [
        0.0,
        0.0,
        0.0,
        1.0
      ]
    ],
    "location": [
      -24.9347122761219,
      -56.44369622397426,
      2.321138763160917
    ],
    "rotation": [
      0.005645556511822144,
      -0.040383360164839115,
      -1.5028285141611932
    ]
  },
  {
    "label_id": "WBKuczfAjn8i-8Q33iEfTg",
    "size": [
      1.990351692140309,
      3.944358340693,
      1.6600000000000037
    ],
    "obj_class": "vehicle",
    "point_num_in_lidar": 101,
    "speed": 8.644125458514253e-13,
    "if_vehicle": true,
    "motion_state": false,
    "pose": [
      [
        0.6766199949515457,
        -0.7362847632246033,
        -0.008374358187937848,
        -15.211251894696943
      ],
      [
        0.7359504165471271,
        0.6758589829155218,
        0.03989510742567634,
        -28.979883525846162
      ],
      [
        -0.023714274517264274,
        -0.0331569397816802,
        0.9991687798007071,
        1.178389790091181
      ],
      [
        0.0,
        0.0,
        0.0,
        1.0
      ]
    ],
    "location": [
      -15.211251894696943,
      -28.979883525846162,
      1.178389790091181
    ],
    "rotation": [
      -0.033172350398181075,
      0.023716497766778893,
      0.8273752349898454
    ]
  },
  {
    "label_id": "Zwj9I-PqljydaE_gb0MbTw",
    "size": [
      1.9379139095436366,
      4.488067844332695,
      2.0
    ],
    "obj_class": "vehicle",
    "point_num_in_lidar": 52,
    "speed": 2.8421709430404007e-13,
    "if_vehicle": true,
    "motion_state": false,
    "pose": [
      [
        -0.999074432445259,
        0.042191806777190935,
        -0.008374358187937848,
        -30.91986498437018
      ],
      [
        -0.04249350285038442,
        -0.9982998961329196,
        0.03989510742567634,
        -64.57268496806137
      ],
      [
        -0.006676874245338807,
        0.0402140376221795,
        0.9991687798007071,
        3.2762402040107403
      ],
      [
        0.0,
        0.0,
        0.0,
        1.0
      ]
    ],
    "location": [
      -30.91986498437018,
      -64.57268496806137,
      3.2762402040107403
    ],
    "rotation": [
      0.040225781471765074,
      0.006676923856232695,
      -3.0990854038508036
    ]
  },
  {
    "label_id": "_JNSNA0qcV06zb9ixxJkPw",
    "size": [
      1.5145666509465274,
      3.585454358480976,
      2.010000000000005
    ],
    "obj_class": "vehicle",
    "point_num_in_lidar": 21,
    "speed": 6.355287432313019e-13,
    "if_vehicle": true,
    "motion_state": false,
    "pose": [
      [
        0.6192516206919652,
        0.7851479480934244,
        -0.008374358187937848,
        -79.13723775649032
      ],
      [
        -0.7843434337269122,
        0.6190426143432862,
        0.03989510742567634,
        -13.853823316987473
      ],
      [
        0.036507646320344665,
        -0.018136737074643874,
        0.9991687798007071,
        0.5550960646412619
      ],
      [
        0.0,
        0.0,
        0.0,
        1.0
      ]
    ],
    "location": [
      -79.13723775649032,
      -13.853823316987473,
      0.5550960646412619
    ],
    "rotation": [
      -0.018149832025006037,
      -0.036515760803365355,
      -0.9024808950069606
    ]
  },
  {
    "label_id": "bjU_LRF_XLFwrTt9DcYXOQ",
    "size": [
      0.30174441108246186,
      0.07692972936776284,
      0.6400000000000006
    ],
    "obj_class": "sign",
    "point_num_in_lidar": 102,
    "speed": 0.004995738799922236,
    "if_vehicle": false,
    "motion_state": false,
    "pose": [
      [
        -0.6086042403610702,
        -0.7934297377458603,
        -0.008374358187937848,
        -4.716151933945184
      ],
      [
        0.7926224772431125,
        -0.6084061053050712,
        0.03989510742567634,
        -13.556691531321121
      ],
      [
        -0.036748975271650205,
        0.0176426270166826,
        0.9991687798007071,
        2.7263074671763405
      ],
      [
        0.0,
        0.0,
        0.0,
        1.0
      ]
    ],
    "location": [
      -4.716151933945184,
      -13.556691531321121,
      2.7263074671763405
    ],
    "rotation": [
      0.017655469400693062,
      0.03675725180579836,
      2.2256152278356116
    ]
  },
  {
    "label_id": "cvsSzEWkCO_fUj4Y4e3xgA",
    "size": [
      0.7530615077660957,
      0.8484543407193996,
      1.7100000000000009
    ],
    "obj_class": "pedestrian",
    "point_num_in_lidar": 25,
    "speed": 0.02953345822396644,
    "if_vehicle": false,
    "motion_state": false,
    "pose": [
      [
        0.2630480313473742,
        0.9647463932709004,
        -0.008374358187937848,
        -6.981895614083442
      ],
      [
        -0.963924193190941,
        0.2631701544337559,
        0.03989510742567634,
        -16.732439895436983
      ],
      [
        0.040692542135679556,
        -0.0024220830089162287,
        0.9991687798007071,
        0.8771909590886011
      ],
      [
        0.0,
        0.0,
        0.0,
        1.0
      ]
    ],
    "location": [
      -6.981895614083442,
      -16.732439895436983,
      0.8771909590886011
    ],
    "rotation": [
      -0.0024240932199264594,
      -0.04070378086022729,
      -1.3043901591903286
    ]
  },
  {
    "label_id": "fCp7_tVCmZB4bn3ObKtBIg",
    "size": [
      1.7569796857704607,
      4.174253658275681,
      1.9600000000000009
    ],
    "obj_class": "vehicle",
    "point_num_in_lidar": 25,
    "speed": 5.684341886080801e-13,
    "if_vehicle": true,
    "motion_state": false,
    "pose": [
      [
        -0.9982935264721411,
        0.05779191231268133,
        -0.008374358187937848,
        -30.938820934677096
      ],
      [
        -0.05808147354798091,
        -0.9975143722443246,
        0.03989510742567634,
        -61.5127398226341
      ],
      [
        -0.006047928100740253,
        0.04031342254453737,
        0.9991687798007071,
        3.0162408143622415
      ],
      [
        0.0,
        0.0,
        0.0,
        1.0
      ]
    ],
    "location": [
      -30.938820934677096,
      -61.5127398226341,
      3.0162408143622415
    ],
    "rotation": [
      0.04032508781328818,
      0.006047964970962606,
      -3.083477410409681
    ]
  },
  {
    "label_id": "h14DkRFx53Pkx5pEtWdarQ",
    "size": [
      0.8347280264472858,
      0.12141330286285525,
      0.7900000000000063
    ],
    "obj_class": "sign",
    "point_num_in_lidar": 89,
    "speed": 0.002864692018322443,
    "if_vehicle": false,
    "motion_state": false,
    "pose": [
      [
        -0.9973180633369125,
        0.07270866981901333,
        -0.008374358187937848,
        -33.07002424419261
      ],
      [
        -0.07298655133715569,
        -0.9965346675993778,
        0.03989510742567634,
        -15.1901865778309
      ],
      [
        -0.005444618059967203,
        0.04039932679819326,
        0.9991687798007071,
        2.5479646326403724
      ],
      [
        0.0,
        0.0,
        0.0,
        1.0
      ]
    ],
    "location": [
      -33.07002424419261,
      -15.1901865778309,
      2.5479646326403724
    ],
    "rotation": [
      0.040410923503774655,
      0.005444644960247248,
      -3.0685400613628957
    ]
  },
  {
    "label_id": "iMUAR45EX3cmZKOzXxFuBQ",
    "size": [
      2.1973917554267413,
      4.821743567278267,
      1.8300000000000054
    ],
    "obj_class": "vehicle",
    "point_num_in_lidar": 5936,
    "speed": 0.03308969777710804,
    "if_vehicle": true,
    "motion_state": false,
    "pose": [
      [
        0.9984632780325657,
        -0.05478095057046157,
        -0.008374358187937848,
        -6.799450980649453
      ],
      [
        0.0550728602976129,
        0.997685000620002,
        0.03989510742567634,
        -6.750256700968748
      ],
      [
        0.006169479646035661,
        -0.04029499959626862,
        0.9991687798007071,
        0.941062645402738
      ],
      [
        0.0,
        0.0,
        0.0,
        1.0
      ]
    ],
    "location": [
      -6.799450980649453,
      -6.750256700968748,
      0.941062645402738
    ],
    "rotation": [
      -0.040306679491547356,
      -0.006169518784321047,
      0.05510178760516245
    ]
  },
  {
    "label_id": "jZwVlg9QhLVKBnWwkAyd5g",
    "size": [
      2.188590830324759,
      4.5476016269488415,
      1.5300000000000011
    ],
    "obj_class": "vehicle",
    "point_num_in_lidar": 410,
    "speed": 1.4210854715202004e-13,
    "if_vehicle": true,
    "motion_state": false,
    "pose": [
      [
        -0.031032789221542477,
        -0.9994832845616136,
        -0.008374358187937848,
        -19.445771525123746
      ],
      [
        0.998712165497767,
        -0.031343115516085616,
        0.03989510742567634,
        21.40524269843263
      ],
      [
        -0.04013697148381102,
        -0.007125516940817556,
        0.9991687798007071,
        0.3694620076643318
      ],
      [
        0.0,
        0.0,
        0.0,
        1.0
      ]
    ],
    "location": [
      -19.445771525123746,
      21.40524269843263,
      0.3694620076643318
    ],
    "rotation": [
      -0.00713132384959923,
      0.04014775592321267,
      1.6018591379730818
    ]
  },
  {
    "label_id": "l4IU7hYAbEicJJhcNV-PYQ",
    "size": [
      1.7797335311146572,
      3.629981180814881,
      1.4200000000000017
    ],
    "obj_class": "vehicle",
    "point_num_in_lidar": 197,
    "speed": 6.355287432313019e-13,
    "if_vehicle": true,
    "motion_state": false,
    "pose": [
      [
        0.7087516509882509,
        0.7054083692063545,
        -0.008374358187937848,
        -7.661596939420633
      ],
      [
        -0.7046346444261419,
        0.7084478797187117,
        0.03989510742567634,
        -10.276480141723368
      ],
      [
        0.034075138970708276,
        -0.022374860350246998,
        0.9991687798007071,
        0.6591605691000453
      ],
      [
        0.0,
        0.0,
        0.0,
        1.0
      ]
    ],
    "location": [
      -7.661596939420633,
      -10.276480141723368,
      0.6591605691000453
    ],
    "rotation": [
      -0.022389732182971977,
      -0.0340817366116113,
      -0.782485304449021
    ]
  },
  {
    "label_id": "lbLwsu8SH-0HdB69pypZYw",
    "size": [
      2.3173562574813906,
      5.409726554449852,
      1.8200000000000074
    ],
    "obj_class": "vehicle",
    "point_num_in_lidar": 865,
    "speed": 0.0034483530599804654,
    "if_vehicle": true,
    "motion_state": false,
    "pose": [
      [
        -0.7345661643138283,
        0.6784853869982832,
        -0.008374358187937848,
        -29.712777027591073
      ],
      [
        -0.6782143948885837,
        -0.7337803588059618,
        0.03989510742567634,
        13.40725441543691
      ],
      [
        0.020923307845133413,
        0.034985206307579717,
        0.9991687798007071,
        0.9031798772118904
      ],
      [
        0.0,
        0.0,
        0.0,
        1.0
      ]
    ],
    "location": [
      -29.712777027591073,
      13.40725441543691,
      0.9031798772118904
    ],
    "rotation": [
      0.035000012222030925,
      -0.020924834797029283,
      -2.396060492481781
    ]
  },
  {
    "label_id": "mwo7eouCPfeT1MgWe_mMaw",
    "size": [
      2.0225976853632948,
      4.369351698540099,
      1.6400000000000077
    ],
    "obj_class": "vehicle",
    "point_num_in_lidar": 393,
    "speed": 1.1718571004216928e-12,
    "if_vehicle": true,
    "motion_state": false,
    "pose": [
      [
        -0.7491787681539974,
        0.6623149126149878,
        -0.008374358187937848,
        -30.311422555172612
      ],
      [
        -0.6620611109137576,
        -0.7483872432231422,
        0.03989510742567634,
        24.832416113662475
      ],
      [
        0.020155861750368424,
        0.03543290432163545,
        0.9991687798007071,
        0.6286875365543025
      ],
      [
        0.0,
        0.0,
        0.0,
        1.0
      ]
    ],
    "location": [
      -30.311422555172612,
      24.832416113662475,
      0.6286875365543025
    ],
    "rotation": [
      0.035447526976417135,
      -0.02015722674917069,
      -2.4178475440786658
    ]
  },
  {
    "label_id": "nYdzmhTworH_S2TfHST-Dg",
    "size": [
      1.9920168101369435,
      4.1598452828099,
      1.3999999999999986
    ],
    "obj_class": "vehicle",
    "point_num_in_lidar": 20,
    "speed": 7.307544629799431,
    "if_vehicle": true,
    "motion_state": true,
    "pose": [
      [
        0.9988433167139709,
        -0.04734869354875718,
        -0.008374358187937848,
        -75.23995575433946
      ],
      [
        0.04764638726981844,
        0.9980672332982523,
        0.03989510742567634,
        -8.620811663653512
      ],
      [
        0.006469191291690598,
        -0.04024796933508139,
        0.9991687798007071,
        0.668375003570894
      ],
      [
        0.0,
        0.0,
        0.0,
        1.0
      ]
    ],
    "location": [
      -75.23995575433946,
      -8.620811663653512,
      0.668375003570894
    ],
    "rotation": [
      -0.040259686445170154,
      -0.0064692364156197285,
      0.04766543151920865
    ]
  },
  {
    "label_id": "nzEXTn_WF_YJ99oOAwWwpQ",
    "size": [
      1.6043040811237637,
      3.624440980069253,
      1.470000000000006
    ],
    "obj_class": "vehicle",
    "point_num_in_lidar": 39,
    "speed": 4.263256414560601e-13,
    "if_vehicle": true,
    "motion_state": false,
    "pose": [
      [
        0.5769516533959747,
        0.8167353670367111,
        -0.008374358187937848,
        -51.86256792528002
      ],
      [
        -0.8159209433428037,
        0.5767853973689722,
        0.03989510742567634,
        -13.221069177512618
      ],
      [
        0.03741395272141863,
        -0.01618473395906121,
        0.9991687798007071,
        0.6283750035706319
      ],
      [
        0.0,
        0.0,
        0.0,
        1.0
      ]
    ],
    "location": [
      -51.86256792528002,
      -13.221069177512618,
      0.6283750035706319
    ],
    "rotation": [
      -0.016196781748413623,
      -0.03742268692354295,
      -0.9553097372248771
    ]
  },
  {
    "label_id": "oGhYcNPyTUhm8059vJgk7Q",
    "size": [
      1.963712890756173,
      4.522243896407982,
      1.5799999999999983
    ],
    "obj_class": "vehicle",
    "point_num_in_lidar": 710,
    "speed": 1.532914984715368,
    "if_vehicle": true,
    "motion_state": true,
    "pose": [
      [
        -0.9774419887899263,
        -0.21103797922491088,
        -0.008374358187937848,
        -29.28766312366679
      ],
      [
        0.2105507667126936,
        -0.9767685268476819,
        0.03989510742567634,
        -3.986198178583436
      ],
      [
        -0.016599192362602346,
        0.0372319256079438,
        0.9991687798007071,
