[
  {
    "label_id": "-37Tr49YQag_EecI_gdFqA",
    "size": [
      2.0614844075240497,
      4.778170597256613,
      1.470000000000006
    ],
    "obj_class": "vehicle",
    "point_num_in_lidar": 222,
    "speed": 3.1776437161565096e-13,
    "if_vehicle": true,
    "motion_state": false,
    "pose": [
      [
        0.6660309467759893,
        0.7458922188130384,
        -0.0068975249794206725,
        -38.09545921678273
      ],
      [
        -0.7450496408144215,
        0.6656693184408017,
        0.04225388986661756,
        -12.74363263278974
      ],
      [
        0.036108318418072494,
        -0.0230033997644058,
        0.9990830961137808,
        0.6283750035707598
      ],
      [
        0.0,
        0.0,
        0.0,
        1.0
      ]
    ],
    "location": [
      -38.09545921678273,
      -12.74363263278974,
      0.6283750035707598
    ],
    "rotation": [
      -0.023020443674874703,
      -0.03611616942698698,
      -0.8413384496720614
    ]
  },
  {
    "label_id": "16PzcXDMMYoq8hgoqYjC-Q",
    "size": [
      0.5305112011630276,
      0.12094541017995653,
      0.5700000000000003
    ],
    "obj_class": "sign",
    "point_num_in_lidar": 40,
    "speed": 0.004761248097595393,
    "if_vehicle": false,
    "motion_state": false,
    "pose": [
      [
        -0.027746671542908958,
        -0.999591189620761,
        -0.0068975249794206725,
        -28.91297448077239
      ],
      [
        0.9987140885554595,
        -0.02801389141082833,
        0.04225388986661756,
        -25.447360248032055
      ],
      [
        -0.042429842553653827,
        -0.005716250569571344,
        0.9990830961137808,
        3.0410632284947354
      ],
      [
        0.0,
        0.0,
        0.0,
        1.0
      ]
    ],
    "location": [
      -28.91297448077239,
      -25.447360248032055,
      3.0410632284947354
    ],
    "rotation": [
      -0.0057214342012316104,
      0.04244258389293754,
      1.5985715792937758
    ]
  },
  {
    "label_id": "5TfIhDaGwG7wy8E9HfiYNA",
    "size": [
      2.07534550180567,
      4.400591282594326,
      1.4400000000000048
    ],
    "obj_class": "vehicle",
    "point_num_in_lidar": 320,
    "speed": 0.4090644554499704,
    "if_vehicle": true,
    "motion_state": false,
    "pose": [
      [
        -0.9998222172880082,
        -0.017548731192002526,
        -0.0068975249794206725,
        -35.5982658943567
      ],
      [
        0.017242065551565,
        -0.9989581172234676,
        0.04225388986661756,
        -1.39059966260902
      ],
      [
        -0.0076318407220296635,
        0.04212745027764614,
        0.9990830961137808,
        0.7183750035711043
      ],
      [
        0.0,
        0.0,
        0.0,
        1.0
      ]
    ],
    "location": [
      -35.5982658943567,
      -1.39059966260902,
      0.7183750035711043
    ],
    "rotation": [
      0.04214114899255481,
      0.007631914810056204,
      3.124349231383096
    ]
  },
  {
    "label_id": "5rFZom3Q5U-Yz4kJWFjfhw",
    "size": [
      1.4719569154579282,
      3.3250731876028397,
      1.470000000000006
    ],
    "obj_class": "vehicle",
    "point_num_in_lidar": 28,
    "speed": 3.1776437161565096e-13,
    "if_vehicle": true,
    "motion_state": false,
    "pose": [
      [
        0.7870433858783413,
        0.6168590867404925,
        -0.0068975249794206725,
        -54.96524234788831
      ],
      [
        -0.6160934157760933,
        0.78653894488988,
        0.04225388986661756,
        -12.831983628664602
      ],
      [
        0.031489867934020185,
        -0.02900612482218101,
        0.9990830961137808,
        0.7583750035707197
      ],
      [
        0.0,
        0.0,
        0.0,
        1.0
      ]
    ],
    "location": [
      -54.96524234788831,
      -12.831983628664602,
      0.7583750035707197
    ],
    "rotation": [
      -0.02902459194554523,
      -0.031495074545021984,
      -0.6641615250497218
    ]
  },
  {
    "label_id": "6HLGrqQfQYMsQDDAwvTpnQ",
    "size": [
      2.1261302656461316,
      4.611272155748338,
      1.6300000000000026
    ],
    "obj_class": "vehicle",
    "point_num_in_lidar": 519,
    "speed": 8.987733679556354e-13,
    "if_vehicle": true,
    "motion_state": false,
    "pose": [
      [
        -0.7491872171970986,
        0.6623223820297981,
        -0.0068975249794206725,
        -30.089948332830318
      ],
      [
        -0.6619649381712489,
        -0.7483428555301872,
        0.04225388986661756,
        20.67335119054951
      ],
      [
        0.022823983447292428,
        0.03622199386146074,
        0.9990830961137808,
        0.6863380560928718
      ],
      [
        0.0,
        0.0,
        0.0,
        1.0
      ]
    ],
    "location": [
      -30.089948332830318,
      20.67335119054951,
      0.6863380560928718
    ],
    "rotation": [
      0.03623936380774717,
      -0.02282596554430883,
      -2.417925224450844
    ]
  },
  {
    "label_id": "9CUNhZDZ4nxh6om0TTTJvA",
    "size": [
      1.790944775673277,
      4.163788843312304,
      1.7600000000000051
    ],
    "obj_class": "vehicle",
    "point_num_in_lidar": 26,
    "speed": 6.355287432313019e-13,
    "if_vehicle": true,
    "motion_state": false,
    "pose": [
      [
        0.9987208676232966,
        -0.05009044542553034,
        -0.0068975249794206725,
        -31.525463333779953
      ],
      [
        0.05033798663520629,
        0.9978380108477797,
        0.04225388986661756,
        -39.20577925027828
      ],
      [
        0.004766096440857819,
        -0.04254704906827758,
        0.9990830961137808,
        1.7795235751360607
      ],
      [
        0.0,
        0.0,
        0.0,
        1.0
      ]
    ],
    "location": [
      -31.525463333779953,
      -39.20577925027828,
      1.7795235751360607
    ],
    "rotation": [
      -0.04256038003438305,
      -0.004766114485225457,
      0.050359842057383704
    ]
  },
  {
    "label_id": "9NEH2bOd6vqYumlX4lkguA",
    "size": [
      0.4835686032412719,
      0.08727811829444648,
      0.15000000000000568
    ],
    "obj_class": "sign",
    "point_num_in_lidar": 22,
    "speed": 0.004052259835955577,
    "if_vehicle": false,
    "motion_state": false,
    "pose": [
      [
        0.11622317921888295,
        0.9931991727550993,
        -0.0068975249794206725,
        -15.4110842647342
      ],
      [
        -0.9923018412509711,
        0.1164116172942898,
        0.04225388986661756,
        -18.25588525132116
      ],
      [
        0.042769480499391756,
        0.0019335453224908648,
        0.9990830961137808,
        2.3899267878229153
      ],
      [
        0.0,
        0.0,
        0.0,
        1.0
      ]
    ],
    "location": [
      -15.4110842647342,
      -18.25588525132116,
      2.3899267878229153
    ],
    "rotation": [
      0.0019353174085418748,
      -0.04278253043618076,
      -1.4542027180346213
    ]
  },
  {
    "label_id": "9s8YOLhpbgSWdr7GIkOUUQ",
    "size": [
      1.917541371208231,
      4.427614966261043,
      1.4400000000000048
    ],
    "obj_class": "vehicle",
    "point_num_in_lidar": 1563,
    "speed": 1.449228509952941e-12,
    "if_vehicle": true,
    "motion_state": false,
    "pose": [
      [
        -0.04823708775633809,
        -0.9988120982016315,
        -0.0068975249794206725,
        -18.652471023929138
      ],
      [
        0.9979297022947574,
        -0.04848626680861937,
        0.04225388986661756,
        9.999034006288639
      ],
      [
        -0.042538131631328246,
        -0.004845040455741248,
        0.9990830961137808,
        0.5761387631606851
      ],
      [
        0.0,
        0.0,
        0.0,
        1.0
      ]
    ],
    "location": [
      -18.652471023929138,
      9.999034006288639,
      0.5761387631606851
    ],
    "rotation": [
      -0.004849448953750707,
      0.04255097082804272,
      1.6190958932647188
    ]
  },
  {
    "label_id": "9yvoP8LddkU2qWg-ZQW66A",
    "size": [
      0.35880279056130865,
      0.07909095543237712,
      0.6700000000000017
    ],
    "obj_class": "sign",
    "point_num_in_lidar": 36,
    "speed": 0.002432646667302145,
    "if_vehicle": false,
    "motion_state": false,
    "pose": [
      [
        0.9999760751572111,
        -0.0005227450028729953,
        -0.0068975249794206725,
        -40.46453383476182
      ],
      [
        0.0008137446985475429,
        0.9991065742005232,
        0.04225388986661756,
        2.6231555788799596
      ],
      [
        0.006869274542871801,
        -0.04225849177333038,
        0.9990830961137808,
        2.7939713429433795
      ],
      [
        0.0,
        0.0,
        0.0,
        1.0
      ]
    ],
    "location": [
      -40.46453383476182,
      2.6231555788799596,
      2.7939713429433795
    ],
    "rotation": [
      -0.04227207723816697,
      -0.006869328567351615,
      0.0008137639880992293
    ]
  },
  {
    "label_id": "AX8xcvGQB_6OsD5PdVVw1Q",
    "size": [
      1.870011428240321,
      4.041520559338225,
      1.4000000000000057
    ],
    "obj_class": "vehicle",
    "point_num_in_lidar": 22,
    "speed": 1.3101760682293513e-12,
    "if_vehicle": true,
    "motion_state": false,
    "pose": [
      [
        0.07715339798399966,
        0.996995374777978,
        -0.0068975249794206725,
        -32.26613592271406
      ],
      [
        -0.9961061302944726,
        0.07737690857685606,
        0.04225388986661756,
        66.99386884744672
      ],
      [
        0.04266064192313499,
        0.0036106357346089523,
        0.9990830961137808,
        -0.6016249964287894
      ],
      [
        0.0,
        0.0,
        0.0,
        1.0
      ]
    ],
    "location": [
      -32.26613592271406,
      66.99386884744672,
      -0.6016249964287894
    ],
    "rotation": [
      0.0036139336454769407,
      -0.04267359243163653,
      -1.4934956652984577
    ]
  },
  {
    "label_id": "DQe9EgHTvbMojU92WrDD-w",
    "size": [
      2.2950943813672846,
      6.332258661657688,
      2.200000000000003
    ],
    "obj_class": "vehicle",
    "point_num_in_lidar": 329,
    "speed": 0.2755707190042709,
    "if_vehicle": true,
    "motion_state": false,
    "pose": [
      [
        -0.9540425831620707,
        0.29959167822655147,
        -0.0068975249794206725,
        -43.59833962416269
      ],
      [
        -0.2996092887169177,
        -0.9531258484091607,
        0.04225388986661756,
        0.44620018394743965
      ],
      [
        0.006084704428806126,
        0.04237857278998486,
        0.9990830961137808,
        1.138375003570907
      ],
      [
        0.0,
        0.0,
        0.0,
        1.0
      ]
    ],
    "location": [
      -43.59833962416269,
      0.44620018394743965,
      1.138375003570907
    ],
    "rotation": [
      0.042392053203981664,
      -0.006084741975737214,
      -2.8373037363922395
    ]
  },
  {
    "label_id": "FYseW0mhs-5FpUAHNuYuAA",
    "size": [
      1.950581446795007,
      4.170013394086709,
      1.9500000000000028
    ],
    "obj_class": "vehicle",
    "point_num_in_lidar": 70,
    "speed": 8.526512829121202e-13,
    "if_vehicle": true,
    "motion_state": false,
    "pose": [
      [
        0.0812578964305137,
        0.9966692422347777,
        -0.0068975249794206725,
        -24.17604185784785
      ],
      [
        -0.9957790849791801,
        0.08147774364307457,
        0.04225388986661756,
        -70.72635088365314
      ],
      [
        0.04267514716687842,
        0.0034349489060606126,
        0.9990830961137808,
        3.234694348681451
      ],
      [
        0.0,
        0.0,
        0.0,
        1.0
      ]
    ],
    "location": [
      -24.17604185784785,
      -70.72635088365314,
      3.234694348681451
    ],
    "rotation": [
      0.0034380877678744045,
      -0.04268811089719118,
      -1.4893744019685222
    ]
  },
  {
    "label_id": "Go_3rbTk6d2Upk1krZLsKw",
    "size": [
      2.1025838945668656,
      4.719586221317513,
      1.8100000000000023
    ],
    "obj_class": "vehicle",
    "point_num_in_lidar": 414,
    "speed": 0.0019688793793811703,
    "if_vehicle": true,
    "motion_state": false,
    "pose": [
      [
        -0.9981316921503331,
        0.060708724861182686,
        -0.0068975249794206725,
        -36.65178330870185
      ],
      [
        -0.060946863141927675,
        -0.9972462527702468,
        0.04225388986661756,
        1.2030923972233722
      ],
      [
        -0.004313351164889238,
        0.04259532910343958,
        0.9990830961137808,
        0.8664519851071404
      ],
      [
        0.0,
        0.0,
        0.0,
        1.0
      ]
    ],
    "location": [
      -36.65178330870185,
      1.2030923972233722,
      0.8664519851071404
    ],
    "rotation": [
      0.04260861679799976,
      0.004313364539983045,
      -3.0806074278251145
    ]
  },
  {
    "label_id": "HILMjKmKIoQMgeZ6T8zTSg",
    "size": [
      0.7527797330444926,
      0.1029191474772233,
      0.7700000000000031
    ],
    "obj_class": "sign",
    "point_num_in_lidar": 124,
    "speed": 0.005435982562697798,
    "if_vehicle": false,
    "motion_state": false,
    "pose": [
      [
        0.9905371362170184,
        0.1370715357911566,
        -0.0068975249794206725,
        -12.171661797058732
      ],
      [
        -0.13666366692242915,
        0.9897159445691756,
        0.04225388986661756,
        4.239277570757622
      ],
      [
        0.01261839602736447,
        -0.04091140600613197,
        0.9990830961137808,
        2.4486105866629586
      ],
      [
        0.0,
        0.0,
        0.0,
        1.0
      ]
    ],
    "location": [
      -12.171661797058732,
      4.239277570757622,
      2.4486105866629586
    ],
    "rotation": [
      -0.04092608729718965,
      -0.012618730909769301,
      -0.13710367728898964
    ]
  },
  {
    "label_id": "Ko333JMTQxrLsIbw6vT5jw",
    "size": [
      2.0027678097125547,
      4.87247641867594,
      1.6600000000000037
    ],
    "obj_class": "vehicle",
    "point_num_in_lidar": 348,
    "speed": 8.987733679556354e-13,
    "if_vehicle": true,
    "motion_state": false,
    "pose": [
      [
        0.63175939617492,
        -0.7751338526305368,
        -0.0068975249794206725,
        -16.49768922657404
      ],
      [
        0.7746441082867915,
        0.6309842425034887,
        0.04225388986661756,
        -22.47861869105327
      ],
      [
        -0.028400190866649022,
        -0.032037419035245075,
        0.9990830961137808,
        0.8925777371960706
      ],
      [
        0.0,
        0.0,
        0.0,
        1.0
      ]
    ],
    "location": [
      -16.49768922657404,
      -22.47861869105327,
      0.8925777371960706
    ],
    "rotation": [
      -0.03205583676993167,
      0.02840401004731592,
      0.8866465811277177
    ]
  },
  {
    "label_id": "Kv6PR2TsyeCAv99_HjOO4w",
    "size": [
      2.0503811492887247,
      4.811895084353816,
      1.4500000000000028
    ],
    "obj_class": "vehicle",
    "point_num_in_lidar": 319,
    "speed": 7.105427357601002e-13,
    "if_vehicle": true,
    "motion_state": false,
    "pose": [
      [
        -0.7491872171972751,
        0.6623223820295984,
        -0.0068975249794206725,
        -30.42423540184791
      ],
      [
        -0.6619649381710494,
        -0.7483428555303635,
        0.04225388986661756,
        16.41323353707776
      ],
      [
        0.022823983447282776,
        0.036221993861466815,
        0.9990830961137808,
        0.5763380560928653
      ],
      [
        0.0,
        0.0,
        0.0,
        1.0
      ]
    ],
    "location": [
      -30.42423540184791,
      16.41323353707776,
      0.5763380560928653
    ],
    "rotation": [
      0.03623936380775325,
      -0.022825965544299175,
      -2.4179252244511105
    ]
  },
  {
    "label_id": "NkwybbFSpKDWgnn8QF5B7w",
    "size": [
      1.8052124283528157,
      3.74252247910149,
      1.6600000000000037
    ],
    "obj_class": "vehicle",
    "point_num_in_lidar": 98,
    "speed": 1.449228509952941e-12,
    "if_vehicle": true,
    "motion_state": false,
    "pose": [
      [
        0.6766276256955384,
        -0.7362930668523077,
        -0.0068975249794206725,
        -15.236838825014274
      ],
      [
        0.7358501668438069,
        0.6758247855377025,
        0.04225388986661756,
        -32.92616896157233
      ],
      [
        -0.026449727816373565,
        -0.03366569408376623,
        0.9990830961137808,
        1.3451906878000983
      ],
      [
        0.0,
        0.0,
        0.0,
        1.0
      ]
    ],
    "location": [
      -15.236838825014274,
      -32.92616896157233,
      1.3451906878000983
    ],
    "rotation": [
      -0.033683845587691365,
      0.026452812773473593,
      0.8273017418140945
    ]
  },
  {
    "label_id": "OXd0i5MfXfgVle65_zBBXw",
    "size": [
      2.038907532143842,
      4.734929776064892,
      1.470000000000006
    ],
    "obj_class": "vehicle",
    "point_num_in_lidar": 1043,
    "speed": 5.123796534383003e-13,
    "if_vehicle": true,
    "motion_state": false,
    "pose": [
      [
        -0.6583142616949493,
        0.7527116028056112,
        -0.0068975249794206725,
        -29.42500382864455
      ],
      [
        -0.7522490913907023,
        -0.6575225572503218,
        0.04225388986661756,
        10.160813417949612
      ],
      [
        0.02726971490310682,
        0.03300499520989591,
        0.9990830961137808,
        0.7102192529466009
      ],
      [
        0.0,
        0.0,
        0.0,
        1.0
      ]
    ],
    "location": [
      -29.42500382864455,
      10.160813417949612,
      0.7102192529466009
    ],
    "rotation": [
      0.03302327578744582,
      -0.02727309583103703,
      -2.289698831579472
    ]
  },
  {
    "label_id": "Pj9fE-MT-gyTk6PlD0A62w",
    "size": [
      0.48762013515254166,
      0.07714707792519968,
      0.480000000000004
    ],
    "obj_class": "sign",
    "point_num_in_lidar": 28,
    "speed": 0.0023613209974059383,
    "if_vehicle": false,
    "motion_state": false,
    "pose": [
      [
        0.20772020376552047,
        0.9781639643213038,
        -0.0068975249794206725,
        -17.288801917194178
      ],
      [
        -0.9772530361413331,
        0.20782471494912796,
        0.04225388986661756,
        19.03822784910335
      ],
      [
        0.042764708582628985,
        -0.002036359384980122,
        0.9990830961137808,
        2.12729005578759
      ],
      [
        0.0,
        0.0,
        0.0,
        1.0
      ]
    ],
    "location": [
      -17.288801917194178,
      19.03822784910335,
      2.12729005578759
    ],
    "rotation": [
      -0.002038225421864366,
      -0.04277775414944644,
      -1.3613581299208335
    ]
  },
  {
    "label_id": "QfXrH-AG6fWpRUmyN1WzLw",
    "size": [
      0.4456629209226202,
      0.0696207456306018,
      0.15000000000000568
    ],
    "obj_class": "sign",
    "point_num_in_lidar": 207,
    "speed": 0.005302663160767924,
    "if_vehicle": false,
    "motion_state": false,
    "pose": [
      [
        0.9905371362162332,
        0.13707153579683024,
        -0.0068975249794206725,
        -12.171854255338076
      ],
      [
        -0.1366636669280981,
        0.9897159445683926,
        0.04225388986661756,
        4.238601449320413
      ],
      [
        0.012618396027598806,
        -0.040911406006059685,
        0.9990830961137808,
        1.9698129974518466
      ],
      [
        0.0,
        0.0,
        0.0,
        1.0
      ]
    ],
    "location": [
      -12.171854255338076,
      4.238601449320413,
      1.9698129974518466
    ],
    "rotation": [
      -0.040926087297117414,
      -0.012618730910003656,
      -0.13710367729471318
    ]
  },
  {
    "label_id": "RqRoUISiOVfgjg-WLH6oig",
    "size": [
      1.8839428583990796,
      4.431572760151295,
      1.5400000000000063
    ],
    "obj_class": "vehicle",
    "point_num_in_lidar": 441,
    "speed": 8.526512829121202e-13,
    "if_vehicle": true,
    "motion_state": false,
    "pose": [
      [
        0.07709500795880686,
        0.996999891623359,
        -0.0068975249794206725,
        -27.180027917686857
      ],
      [
        -0.996110660231469,
        0.07731857063064905,
        0.04225388986661756,
        -22.568215481931475
      ],
      [
        0.042660430389981054,
        0.0036131341856563462,
        0.9990830961137808,
        0.8311387631614338
      ],
      [
        0.0,
        0.0,
        0.0,
        1.0
      ]
    ],
    "location": [
      -27.180027917686857,
      -22.568215481931475,
      0.8311387631614338
    ],
    "rotation": [
      0.0036164343567827457,
      -0.042673380705732615,
      -1.4935542841422509
    ]
  },
  {
    "label_id": "SYZ9P7-R7Vyu8C5_pRukog",
    "size": [
      2.10264812700164,
      4.699895119369667,
      1.6800000000000068
    ],
    "obj_class": "vehicle",
    "point_num_in_lidar": 49,
    "speed": 7.105427357601002e-13,
    "if_vehicle": true,
    "motion_state": false,
    "pose": [
      [
        0.06786088777234651,
        0.9976709497925191,
        -0.0068975249794206725,
        -25.60592454755988
      ],
      [
        -0.9967838263902732,
        0.06809267389305168,
        0.04225388986661756,
        -47.56180423515252
      ],
      [
        0.04262514935474971,
        0.004007954863425804,
        0.9990830961137808,
        1.959105272869067
      ],
      [
        0.0,
        0.0,
        0.0,
        1.0
      ]
    ],
    "location": [
      -25.60592454755988,
      -47.56180423515252,
      1.959105272869067
    ],
    "rotation": [
      0.004011611625649238,
      -0.04263806754903531,
      -1.5028213711914076
    ]
  },
  {
    "label_id": "SwUfSWt1LE_xpCIjLv06Pg",
    "size": [
      0.8137902785163587,
      0.1125742801911172,
      0.7600000000000051
    ],
    "obj_class": "sign",
    "point_num_in_lidar": 26,
    "speed": 0.00012621634115211108,
    "if_vehicle": false,
    "motion_state": false,
    "pose": [
      [
        -0.10674115808834292,
        -0.99426291760234,
        -0.0068975249794206725,
        -30.63448573639471
      ],
      [
        0.9933674249515644,
        -0.10693814958300875,
        0.04225388986661756,
        6.662696067209254
      ],
      [
        -0.042749084376832946,
        -0.0023415474892461495,
        0.9990830961137808,
        2.678375003570345
      ],
      [
        0.0,
        0.0,
        0.0,
        1.0
      ]
    ],
    "location": [
      -30.63448573639471,
      6.662696067209254,
      2.678375003570345
    ],
    "rotation": [
      -0.00234369214238821,
      0.04276211564232543,
      1.677839456404336
    ]
  },
  {
    "label_id": "TgdBnuHVxPOTzl8OMUYiRg",
    "size": [
      0.8323629950249505,
      0.11670498628292902,
      0.7900000000000063
    ],
    "obj_class": "sign",
    "point_num_in_lidar": 176,
    "speed": 0.0012953437434019622,
    "if_vehicle": false,
    "motion_state": false,
    "pose": [
      [
        0.11622317920930998,
        0.9931991727562196,
        -0.0068975249794206725,
        -15.452780156943845
      ],
      [
        -0.9923018412520933,
        0.11641161728472549,
        0.04225388986661756,
        -18.320398711824964
      ],
      [
        0.04276948049937312,
        0.0019335453229031001,
        0.9990830961137808,
        2.871787091311468
      ],
      [
        0.0,
        0.0,
        0.0,
        1.0
      ]
    ],
    "location": [
      -15.452780156943845,
      -18.320398711824964,
      2.871787091311468
    ],
    "rotation": [
      0.001935317408954487,
      -0.042782530436162106,
      -1.4542027180442687
    ]
  },
  {
    "label_id": "VFli2h3FNYZuybkEBpincg",
    "size": [
      1.937688012905814,
      4.437301692662093,
      1.4500000000000028
    ],
    "obj_class": "vehicle",
    "point_num_in_lidar": 157,
    "speed": 0.0,
    "if_vehicle": true,
    "motion_state": false,
    "pose": [
      [
        0.07927300477541085,
        0.9968290800649006,
        -0.0068975249794206725,
        -30.329576969248592
      ],
      [
        -0.9959393623699444,
        0.07949462417854593,
        0.04225388986661756,
        31.128344960074173
      ],
      [
        0.042668222320905176,
        0.00351992381675893,
        0.9990830961137808,
        0.24633805609300907
      ],
      [
        0.0,
        0.0,
        0.0,
        1.0
      ]
    ],
    "location": [
      -30.329576969248592,
      31.128344960074173,
      0.24633805609300907
    ],
    "rotation": [
      0.0035231396334685985,
      -0.04268117973796347,
      -1.491367569990775
    ]
  },
  {
    "label_id": "VtnkMTVF6siiRfuCfGB2eg",
    "size": [
      1.8431131976785573,
      4.467267803468969,
      1.6800000000000068
    ],
    "obj_class": "vehicle",
    "point_num_in_lidar": 59,
    "speed": 7.105427357601002e-13,
    "if_vehicle": true,
    "motion_state": false,
    "pose": [
      [
        0.06786088777349314,
        0.9976709497924411,
        -0.0068975249794206725,
        -24.9347122761219
      ],
      [
        -0.9967838263901949,
        0.06809267389419729,
        0.04225388986661756,
        -56.44369622397244
      ],
      [
        0.04262514935475431,
        0.004007954863376815,
        0.9990830961137808,
        2.321138763160988
      ],
      [
        0.0,
        0.0,
        0.0,
        1.0
      ]
    ],
    "location": [
      -24.9347122761219,
      -56.44369622397244,
      2.321138763160988
    ],
    "rotation": [
      0.0040116116256002044,
      -0.04263806754903992,
      -1.5028213711902572
    ]
  },
  {
    "label_id": "WBKuczfAjn8i-8Q33iEfTg",
    "size": [
      1.9903516921403115,
      3.944358340693,
      1.6600000000000037
    ],
    "obj_class": "vehicle",
    "point_num_in_lidar": 115,
    "speed": 8.644125458514253e-13,
    "if_vehicle": true,
    "motion_state": false,
    "pose": [
      [
        0.6766276256955392,
        -0.7362930668523068,
        -0.0068975249794206725,
        -15.211251894695124
      ],
      [
        0.7358501668438059,
        0.6758247855377034,
        0.04225388986661756,
        -28.979883525846162
      ],
      [
        -0.02644972781637352,
        -0.03366569408376626,
        0.9990830961137808,
        1.1683903374970797
      ],
      [
        0.0,
        0.0,
        0.0,
        1.0
      ]
    ],
    "location": [
      -15.211251894695124,
      -28.979883525846162,
      1.1683903374970797
    ],
    "rotation": [
      -0.03368384558769139,
      0.026452812773473548,
      0.8273017418140932
    ]
  },
  {
    "label_id": "YPSwFDE7EZ2S1pXMTp9KTA",
    "size": [
      1.786723006897262,
      3.904105178604362,
      1.470000000000006
    ],
    "obj_class": "vehicle",
    "point_num_in_lidar": 20,
    "speed": 1.7112135109858137e-12,
    "if_vehicle": true,
    "motion_state": false,
    "pose": [
      [
        0.7879819053578088,
        0.6156597607265198,
        -0.0068975249794206725,
        -48.13556505081306
      ],
      [
        -0.6148948588775079,
        0.7874762988923218,
        0.04225388986661756,
        -12.889946398165193
      ],
      [
        0.03144565716735801,
        -0.029054047997051347,
        0.9990830961137808,
        0.6283750035708238
      ],
      [
        0.0,
        0.0,
        0.0,
        1.0
      ]
    ],
    "location": [
      -48.13556505081306,
      -12.889946398165193,
      0.6283750035708238
    ],
    "rotation": [
      -0.02907251863748481,
      -0.03145084187289198,
      -0.6626384843637605
    ]
  },
  {
    "label_id": "bjU_LRF_XLFwrTt9DcYXOQ",
    "size": [
      0.3017444110824624,
      0.07692972936776284,
      0.6400000000000006
    ],
    "obj_class": "sign",
    "point_num_in_lidar": 94,
    "speed": 0.004995738758220255,
    "if_vehicle": false,
    "motion_state": false,
    "pose": [
      [
        -0.6086111040411082,
        -0.7934386858396945,
        -0.0068975249794206725,
        -4.6923665081249055
      ],
      [
        0.7925715080498347,
        -0.6083132527068194,
        0.04225388986661756,
        -13.545060557791658
      ],
      [
        -0.03772172670324214,
        0.020249404787002663,
        0.9990830961137808,
        2.7178949181766754
      ],
      [
        0.0,
        0.0,
        0.0,
        1.0
      ]
    ],
    "location": [
      -4.6923665081249055,
      -13.545060557791658,
      2.7178949181766754
    ],
    "rotation": [
      0.020265213963470197,
      0.03773067832401676,
      2.225651738839974
    ]
  },
  {
    "label_id": "cvsSzEWkCO_fUj4Y4e3xgA",
    "size": [
      0.7530615077668799,
      0.8484543407193996,
      1.7100000000000009
    ],
    "obj_class": "pedestrian",
    "point_num_in_lidar": 66,
    "speed": 0.18090320954558273,
    "if_vehicle": false,
    "motion_state": false,
    "pose": [
      [
        0.9768043569599381,
        0.2140225978097647,
        -0.0068975249794206725,
        -7.056281187151399
      ],
      [
        -0.21355183261402422,
        0.9760175324133945,
        0.04225388986661756,
        -16.78815207398293
      ],
      [
        0.015775392586995094,
        -0.039800804620361105,
        0.9990830961137808,
        0.8673479337378538
      ],
      [
        0.0,
        0.0,
        0.0,
        1.0
      ]
    ],
    "location": [
      -7.056281187151399,
      -16.78815207398293,
      0.8673479337378538
    ],
    "rotation": [
      -0.03981627754782919,
      -0.01577604697889922,
      -0.21523643131665243
    ]
  },
  {
    "label_id": "d7PjA3YiGitjAwIkY7FdsQ",
    "size": [
      1.8954930258710945,
      4.444050083225241,
      1.4400000000000048
    ],
    "obj_class": "vehicle",
    "point_num_in_lidar": 25,
    "speed": 4.524620381142608,
    "if_vehicle": true,
    "motion_state": true,
    "pose": [
      [
        -0.9966394056393274,
        0.08162303152938169,
        -0.0068975249794206725,
        -74.77481372269722
      ],
      [
        -0.08184255260845431,
        -0.9957491679000652,
        0.04225388986661756,
        -4.272359335021974
      ],
      [
        -0.0034193141740061013,
        0.04267640273361168,
        0.9990830961137808,
        0.5183750035707746
      ],
      [
        0.0,
        0.0,
        0.0,
        1.0
      ]
    ],
    "location": [
      -74.77481372269722,
      -4.272359335021974,
      0.5183750035707746
    ],
    "rotation": [
      0.042689617318558894,
      0.0034193208369791136,
      -3.0596579780840463
    ]
  },
  {
    "label_id": "fCp7_tVCmZB4bn3ObKtBIg",
    "size": [
      1.7569796857704616,
      4.174253658275681,
      1.9600000000000009
    ],
    "obj_class": "vehicle",
    "point_num_in_lidar": 55,
    "speed": 5.684341886080801e-13,
    "if_vehicle": true,
    "motion_state": false,
    "pose": [
      [
        -0.9983047849664034,
        0.0577925640748118,
        -0.0068975249794206725,
        -30.938820934678006
      ],
      [
        -0.058033288026326645,
        -0.9974200450522304,
        0.04225388986661756,
        -61.512739822632284
      ],
      [
        -0.004437769038196115,
        0.04258254649108724,
        0.9990830961137808,
        3.016240814362291
      ],
      [
        0.0,
        0.0,
        0.0,
        1.0
      ]
    ],
    "location": [
      -30.938820934678006,
      -61.512739822632284,
      3.016240814362291
    ],
    "rotation": [
      0.04259584566151446,
      0.004437783604410107,
      -3.083526168985829
    ]
  },
  {
    "label_id": "gu9u5G065yI_z557Du54jw",
    "size": [
      1.6400946167438009,
      3.792063663359228,
      1.470000000000006
    ],
    "obj_class": "vehicle",
    "point_num_in_lidar": 55,
    "speed": 7.105427357601002e-13,
    "if_vehicle": true,
    "motion_state": false,
    "pose": [
      [
        0.6660309467752719,
        0.7458922188136791,
        -0.0068975249794206725,
        -45.09880705566866
      ],
      [
        -0.7450496408150618,
        0.665669318440085,
        0.04225388986661756,
        -12.748151910855086
      ],
      [
        0.03610831841809462,
        -0.023003399764371067,
        0.9990830961137808,
        0.628375003570774
      ],
      [
        0.0,
        0.0,
        0.0,
        1.0
      ]
    ],
    "location": [
      -45.09880705566866,
      -12.748151910855086,
      0.628375003570774
    ],
    "rotation": [
      -0.023020443674839956,
      -0.03611616942700912,
      -0.8413384496730236
    ]
  },
  {
    "label_id": "h14DkRFx53Pkx5pEtWdarQ",
    "size": [
      0.8347280264472847,
      0.12141330286285525,
      0.7900000000000063
    ],
    "obj_class": "sign",
    "point_num_in_lidar": 95,
    "speed": 0.0028646919950415647,
    "if_vehicle": false,
    "motion_state": false,
    "pose": [
      [
        -0.9973293108301581,
        0.0727094898084166,
        -0.0068975249794206725,
        -33.05873364682975
      ],
      [
        -0.07293696112841934,
        -0.9964410712593551,
        0.04225388986661756,
        -15.180036068672052
      ],
      [
        -0.003800718404909309,
        0.0426441273718734,
        0.9990830961137808,
        2.5286474272876447
      ],
      [
        0.0,
        0.0,
        0.0,
        1.0
      ]
    ],
    "location": [
      -33.05873364682975,
      -15.180036068672052,
      2.5286474272876447
    ],
    "rotation": [
      0.042657371128807534,
      0.0038007275554899898,
      -3.0685903405979875
    ]
  },
  {
    "label_id": "iMUAR45EX3cmZKOzXxFuBQ",
    "size": [
      2.1973917554267417,
      4.821743567278267,
      1.8300000000000054
    ],
    "obj_class": "vehicle",
    "point_num_in_lidar": 3721,
    "speed": 0.010928544294852356,
    "if_vehicle": true,
    "motion_state": false,
    "pose": [
      [
        0.9984745384412421,
        -0.05478156837574787,
        -0.0068975249794206725,
        -6.794883621164445
      ],
      [
        0.055024959471315214,
        0.997590528536794,
        0.04225388986661756,
        -6.783809131122325
      ],
      [
        0.004566171232946577,
        -0.04256896921436305,
        0.9990830961137808,
        0.9343967046216974
      ],
      [
        0.0,
        0.0,
        0.0,
        1.0
      ]
    ],
    "location": [
      -6.794883621164445,
      -6.783809131122325,
      0.9343967046216974
    ],
    "rotation": [
      -0.042582280558857835,
      -0.004566187100479399,
      0.05505333881906501
    ]
  },
  {
    "label_id": "jZwVlg9QhLVKBnWwkAyd5g",
    "size": [
      2.1885908303247597,
      4.5476016269488415,
      1.5300000000000011
    ],
    "obj_class": "vehicle",
    "point_num_in_lidar": 480,
    "speed": 1.4210854715202004e-13,
    "if_vehicle": true,
    "motion_state": false,
    "pose": [
      [
        -0.0310331392012519,
        -0.9994945564736578,
        -0.0068975249794206725,
        -19.445771525124655
      ],
      [
        0.9986165815406883,
        -0.03129747374996096,
        0.04225388986661756,
        21.40524269843263
      ],
      [
        -0.042448408018504816,
        -0.005576711970015469,
        0.9990830961137808,
        0.36946200766439574
      ],
      [
        0.0,
        0.0,
        0.0,
        1.0
      ]
    ],
    "location": [
      -19.445771525124655,
      21.40524269843263,
      0.36946200766439574
    ],
    "rotation": [
      -0.005581772001990921,
      0.04246116609934458,
      1.6018624594066504
    ]
  },
  {
    "label_id": "kBiJBr1Jrr8D9bj824jixQ",
    "size": [
      1.9804940697809585,
      5.018761515691507,
      2.200000000000003
    ],
    "obj_class": "vehicle",
    "point_num_in_lidar": 43,
    "speed": 1.4281732235759946e-12,
    "if_vehicle": true,
    "motion_state": false,
    "pose": [
      [
        0.997234186250026,
        -0.07400271564886347,
        -0.0068975249794206725,
        -33.313848890714326
      ],
      [
        0.07422903495278056,
        0.9963456524525606,
        0.04225388986661756,
        56.1802470215207
      ],
      [
        0.003745416429071031,
        -0.042649020099819676,
        0.9990830961137808,
        -0.20162499642881215
      ],
      [
        0.0,
        0.0,
        0.0,
        1.0
      ]
    ],
    "location": [
      -33.313848890714326,
      56.1802470215207,
      -0.20162499642881215
    ],
    "rotation": [
      -0.042662259440186485,
      -0.0037454251859999534,
      0.07429789299375664
    ]
  },
  {
    "label_id": "lbLwsu8SH-0HdB69pypZYw",
    "size": [
      2.317356257481391,
      5.409726554449852,
      1.8200000000000074
    ],
    "obj_class": "vehicle",
    "point_num_in_lidar": 819,
    "speed": 0.003448353145702333,
    "if_vehicle": true,
    "motion_state": false,
    "pose": [
      [
        -0.7345744485596206,
        0.6784930387796825,
        -0.0068975249794206725,
        -29.69990938205592
      ],
      [
        -0.678117277593015,
        -0.7337380776687126,
        0.04225388986661756,
        13.42023257728215
      ],
      [
        0.023607993416791324,
        0.03571595870944409,
        0.9990830961137808,
        0.8885591470186682
      ],
      [
        0.0,
        0.0,
        0.0,
        1.0
      ]
    ],
    "location": [
      -29.69990938205592,
      13.42023257728215,
      0.8885591470186682
    ],
    "rotation": [
      0.03573351990113079,
      -0.023610186903060274,
      -2.396137488366192
    ]
  },
  {
    "label_id": "mwo7eouCPfeT1MgWe_mMaw",
    "size": [
      2.0225976853632974,
      4.369351698540099,
      1.6400000000000006
    ],
    "obj_class": "vehicle",
    "point_num_in_lidar": 415,
    "speed": 1.1718571004216928e-12,
    "if_vehicle": true,
    "motion_state": false,
    "pose": [
      [
        -0.749187217196928,
        0.662322382029991,
        -0.0068975249794206725,
        -30.311422555171703
      ],
      [
        -0.6619649381714415,
        -0.7483428555300167,
        0.04225388986661756,
        24.832416113662475
      ],
      [
        0.022823983447301754,
        0.03622199386145486,
        0.9990830961137808,
        0.596760101682932
      ],
      [
        0.0,
        0.0,
        0.0,
        1.0
      ]
    ],
    "location": [
      -30.311422555171703,
      24.832416113662475,
      0.596760101682932
    ],
    "rotation": [
      0.036239363807741294,
      -0.022825965544318157,
      -2.4179252244505864
    ]
  },
  {
    "label_id": "nYdzmhTworH_S2TfHST-Dg",
    "size": [
      1.9920168101364568,
      4.1598452828099,
      1.3999999999999986
    ],
    "obj_class": "vehicle",
    "point_num_in_lidar": 124,
    "speed": 4.095133561616333,
    "if_vehicle": true,
    "motion_state": true,
    "pose": [
      [
        0.9985494209673772,
        -0.05339923253075907,
        -0.0068975249794206725,
        -43.51384514232359
      ],
      [
        0.05364384721215105,
        0.9976657488595162,
        0.04225388986661756,
        -7.238967578192387
      ],
      [
        0.004625099133554349,
        -0.042562607036068324,
        0.9990830961137808,
        0.7243732411968011
      ],
      [
        0.0,
        0.0,
        0.0,
        1.0
      ]
    ],
    "location": [
      -43.51384514232359,
      -7.238967578192387,
      0.7243732411968011
    ],
    "rotation": [
      -0.04257592407981558,
      -0.004625115623380142,
      0.05367018333132582
    ]
  },
  {
    "label_id": "nzEXTn_WF_YJ99oOAwWwpQ",
    "size": [
      1.6043040811237634,
      3.624440980069253,
      1.470000000000006
    ],
    "obj_class": "vehicle",
    "point_num_in_lidar": 42,
    "speed": 4.263256414560601e-13,
    "if_vehicle": true,
    "motion_state": false,
    "pose": [
      [
        0.5769581601063841,
        0.8167445779653603,
        -0.0068975249794206725,
        -51.86256792528002
      ],
      [
        -0.8158663643488543,
        0.5766946196344496,
        0.04225388986661756,
        -13.221069177512618
      ],
      [
        0.03848840099093149,
