[
  {
    "label_id": "-37Tr49YQag_EecI_gdFqA",
    "size": [
      2.0614844075240484,
      4.778170597256613,
      1.470000000000006
    ],
    "obj_class": "vehicle",
    "point_num_in_lidar": 42,
    "speed": 3.1776437161565096e-13,
    "if_vehicle": true,
    "motion_state": false,
    "pose": [
      [
        0.6660260277890815,
        0.7458867100088667,
        -0.007895957171001274,
        -38.09545921678364
      ],
      [
        -0.7451054498510314,
        0.6657509926486322,
        0.039918471785036186,
        -12.743632632787921
      ],
      [
        0.0350313989128276,
        -0.02070342047849479,
        0.9991717417294691,
        0.6283750035706817
      ],
      [
        0.0,
        0.0,
        0.0,
        1.0
      ]
    ],
    "location": [
      -38.09545921678364,
      -12.743632632787921,
      0.6283750035706817
    ],
    "rotation": [
      -0.0207176178268135,
      -0.0350385679549877,
      -0.8413793368499428
    ]
  },
  {
    "label_id": "16PzcXDMMYoq8hgoqYjC-Q",
    "size": [
      0.5305112011630307,
      0.12094541017995653,
      0.5700000000000003
    ],
    "obj_class": "sign",
    "point_num_in_lidar": 30,
    "speed": 0.004761248216307032,
    "if_vehicle": false,
    "motion_state": false,
    "pose": [
      [
        -0.02774646661921566,
        -0.9995838071169932,
        -0.007895957171001274,
        -28.93294614061051
      ],
      [
        0.9988094199383543,
        -0.028040296944850007,
        0.039918471785036186,
        -25.446353692261255
      ],
      [
        -0.04012326298491744,
        -0.0067789598569522646,
        0.9991717417294691,
        3.0642790617620577
      ],
      [
        0.0,
        0.0,
        0.0,
        1.0
      ]
    ],
    "location": [
      -28.93294614061051,
      -25.446353692261255,
      3.0642790617620577
    ],
    "rotation": [
      -0.006784475144468918,
      0.04013403637270519,
      1.5985687246375861
    ]
  },
  {
    "label_id": "5TfIhDaGwG7wy8E9HfiYNA",
    "size": [
      2.075345501803645,
      4.400591282594326,
      1.4400000000000048
    ],
    "obj_class": "vehicle",
    "point_num_in_lidar": 289,
    "speed": 0.006058246583984558,
    "if_vehicle": true,
    "motion_state": false,
    "pose": [
      [
        -0.9998245689225397,
        -0.016984853229019135,
        -0.007895957171001274,
        -35.21835763070521
      ],
      [
        0.016656684615215436,
        -0.9990640972770348,
        0.039918471785036186,
        -1.3973935014564631
      ],
      [
        -0.0085665767075801,
        0.03977994837618775,
        0.9991717417294691,
        0.7419518282403601
      ],
      [
        0.0,
        0.0,
        0.0,
        1.0
      ]
    ],
    "location": [
      -35.21835763070521,
      -1.3973935014564631,
      0.7419518282403601
    ],
    "rotation": [
      0.03979190833341997,
      0.008566681489177781,
      3.124934587354877
    ]
  },
  {
    "label_id": "5rFZom3Q5U-Yz4kJWFjfhw",
    "size": [
      1.4719569154579208,
      3.3250731876028397,
      1.470000000000006
    ],
    "obj_class": "vehicle",
    "point_num_in_lidar": 21,
    "speed": 3.1776437161565096e-13,
    "if_vehicle": true,
    "motion_state": false,
    "pose": [
      [
        0.7870375731512813,
        0.6168545309134847,
        -0.007895957171001274,
        -54.965242347889216
      ],
      [
        -0.6161339596718084,
        0.7866291752468159,
        0.039918471785036186,
        -12.831983628664602
      ],
      [
        0.030835080464950586,
        -0.02655236980043475,
        0.9991717417294691,
        0.7583750035707553
      ],
      [
        0.0,
        0.0,
        0.0,
        1.0
      ]
    ],
    "location": [
      -54.965242347889216,
      -12.831983628664602,
      0.7583750035707553
    ],
    "rotation": [
      -0.026568127311323905,
      -0.030839968900468893,
      -0.6641970505401709
    ]
  },
  {
    "label_id": "6HLGrqQfQYMsQDDAwvTpnQ",
    "size": [
      2.1261302656461285,
      4.611272155748338,
      1.6300000000000026
    ],
    "obj_class": "vehicle",
    "point_num_in_lidar": 486,
    "speed": 8.987733679556354e-13,
    "if_vehicle": true,
    "motion_state": false,
    "pose": [
      [
        -0.7491816840576394,
        0.6623174904325817,
        -0.007895957171001274,
        -30.089948332830318
      ],
      [
        -0.6620463345055769,
        -0.7483990690654799,
        0.039918471785036186,
        20.67335119055133
      ],
      [
        0.02052937505841073,
        0.035133677419395194,
        0.9991717417294691,
        0.68633805609295
      ],
      [
        0.0,
        0.0,
        0.0,
        1.0
      ]
    ],
    "location": [
      -30.089948332830318,
      20.67335119055133,
      0.68633805609295
    ],
    "rotation": [
      0.035148320014516454,
      -0.020530817367418092,
      -2.4178605501389985
    ]
  },
  {
    "label_id": "9CUNhZDZ4nxh6om0TTTJvA",
    "size": [
      1.7909447756732866,
      4.163788843312304,
      1.7600000000000051
    ],
    "obj_class": "vehicle",
    "point_num_in_lidar": 33,
    "speed": 6.355287432313019e-13,
    "if_vehicle": true,
    "motion_state": false,
    "pose": [
      [
        0.9987134915473115,
        -0.05009007548139231,
        -0.007895957171001274,
        -31.525463333779044
      ],
      [
        0.05036651716311783,
        0.997932727972785,
        0.039918471785036186,
        -39.2057792502801
      ],
      [
        0.005880114814799285,
        -0.04026480819603881,
        0.9991717417294691,
        1.7858121317493527
      ],
      [
        0.0,
        0.0,
        0.0,
        1.0
      ]
    ],
    "location": [
      -31.525463333779044,
      -39.2057792502801,
      1.7858121317493527
    ],
    "rotation": [
      -0.04027639273610817,
      -0.005880148700223379,
      0.050388708214683796
    ]
  },
  {
    "label_id": "9NEH2bOd6vqYumlX4lkguA",
    "size": [
      0.4835686032412724,
      0.08727811829444648,
      0.15000000000000568
    ],
    "obj_class": "sign",
    "point_num_in_lidar": 22,
    "speed": 0.004052259801246817,
    "if_vehicle": false,
    "motion_state": false,
    "pose": [
      [
        0.11622232084989924,
        0.9931918374597208,
        -0.007895957171001274,
        -15.424406678185733
      ],
      [
        -0.992394457428178,
        0.11644636738077924,
        0.039918471785036186,
        -18.266476267146572
      ],
      [
        0.040566155870321426,
        0.0031964866969538164,
        0.9991717417294691,
        2.3948456456051233
      ],
      [
        0.0,
        0.0,
        0.0,
        1.0
      ]
    ],
    "location": [
      -15.424406678185733,
      -18.266476267146572,
      2.3948456456051233
    ],
    "rotation": [
      0.0031991254943835624,
      -0.04057729014977299,
      -1.4542143541591999
    ]
  },
  {
    "label_id": "9s8YOLhpbgSWdr7GIkOUUQ",
    "size": [
      1.9175413712082292,
      4.427614966261043,
      1.4400000000000048
    ],
    "obj_class": "vehicle",
    "point_num_in_lidar": 1499,
    "speed": 1.449228509952941e-12,
    "if_vehicle": true,
    "motion_state": false,
    "pose": [
      [
        -0.04823673150021604,
        -0.9988047214518609,
        -0.007895957171001274,
        -18.652471023929138
      ],
      [
        0.99802447219922,
        -0.04851462152604622,
        0.039918471785036186,
        9.999034006292277
      ],
      [
        -0.040253827465774036,
        -0.005954821882702454,
        0.9991717417294691,
        0.5761387631606851
      ],
      [
        0.0,
        0.0,
        0.0,
        1.0
      ]
    ],
    "location": [
      -18.652471023929138,
      9.999034006292277,
      0.5761387631606851
    ],
    "rotation": [
      -0.0059596875421578065,
      0.04026470642014708,
      1.6190909578580477
    ]
  },
  {
    "label_id": "9yvoP8LddkU2qWg-ZQW66A",
    "size": [
      0.3588027905613092,
      0.07909095543237712,
      0.6700000000000017
    ],
    "obj_class": "sign",
    "point_num_in_lidar": 33,
    "speed": 0.0024326467283757964,
    "if_vehicle": false,
    "motion_state": false,
    "pose": [
      [
        0.999968689810862,
        -0.0005227411421347759,
        -0.007895957171001274,
        -40.47473459932371
      ],
      [
        0.0008375450699080286,
        0.9992025891322555,
        0.039918471785036186,
        2.6237312736666354
      ],
      [
        0.00786879382140869,
        -0.03992383515013527,
        0.9991717417294691,
        2.7910361253658706
      ],
      [
        0.0,
        0.0,
        0.0,
        1.0
      ]
    ],
    "location": [
      -40.47473459932371,
      2.6237312736666354,
      2.7910361253658706
    ],
    "rotation": [
      -0.03993568565928927,
      -0.007868875026890754,
      0.0008375710985645006
    ]
  },
  {
    "label_id": "DQe9EgHTvbMojU92WrDD-w",
    "size": [
      2.2950943813672957,
      6.332258661657688,
      2.200000000000003
    ],
    "obj_class": "vehicle",
    "point_num_in_lidar": 283,
    "speed": 0.011487781857295164,
    "if_vehicle": true,
    "motion_state": false,
    "pose": [
      [
        -0.9702900788095158,
        0.24181566703623078,
        -0.007895957171001274,
        -43.133537035965674
      ],
      [
        -0.2419362951426046,
        -0.9694706518007741,
        0.039918471785036186,
        0.70579518586419
      ],
      [
        0.001998013136603881,
        0.04064281575881492,
        0.9991717417294691,
        1.1383750035708857
      ],
      [
        0.0,
        0.0,
        0.0,
        1.0
      ]
    ],
    "location": [
      -43.133537035965674,
      0.70579518586419,
      1.1383750035708857
    ],
    "rotation": [
      0.04065409450358286,
      -0.001998014465969822,
      -2.897231220219203
    ]
  },
  {
    "label_id": "Dv2qrMqPdIlySEkg-zfx5g",
    "size": [
      2.0189104259503297,
      4.819514428686471,
      1.4200000000000017
    ],
    "obj_class": "vehicle",
    "point_num_in_lidar": 70,
    "speed": 1.8198773652309366e-12,
    "if_vehicle": true,
    "motion_state": false,
    "pose": [
      [
        0.054529740219249216,
        0.9984809268543765,
        -0.007895957171001274,
        -30.90462370171099
      ],
      [
        -0.9976989419697249,
        0.05480270798818766,
        0.039918471785036186,
        42.10468166671126
      ],
      [
        0.040290552541662826,
        0.005701044218958782,
        0.9991717417294691,
        -0.0017459904561505368
      ],
      [
        0.0,
        0.0,
        0.0,
        1.0
      ]
    ],
    "location": [
      -30.90462370171099,
      42.10468166671126,
      -0.0017459904561505368
    ],
    "rotation": [
      0.0057057081527592205,
      -0.04030146131358161,
      -1.51619514650088
    ]
  },
  {
    "label_id": "FYseW0mhs-5FpUAHNuYuAA",
    "size": [
      1.9505814467950116,
      4.170013394086709,
      1.9500000000000028
    ],
    "obj_class": "vehicle",
    "point_num_in_lidar": 69,
    "speed": 8.526512829121202e-13,
    "if_vehicle": true,
    "motion_state": false,
    "pose": [
      [
        0.08125729629844684,
        0.9966618813111194,
        -0.007895957171001274,
        -24.17604185784694
      ],
      [
        -0.9958728648372852,
        0.08150921844261218,
        0.039918471785036186,
        -70.72635088365132
      ],
      [
        0.04042881248620366,
        0.00461970239889967,
        0.9991717417294691,
        3.239361062326246
      ],
      [
        0.0,
        0.0,
        0.0,
        1.0
      ]
    ],
    "location": [
      -24.17604185784694,
      -70.72635088365132,
      3.239361062326246
    ],
    "rotation": [
      0.004623498932019318,
      -0.04043983400207522,
      -1.4893826341453056
    ]
  },
  {
    "label_id": "Go_3rbTk6d2Upk1krZLsKw",
    "size": [
      2.1025838945668656,
      4.719586221317513,
      1.8100000000000023
    ],
    "obj_class": "vehicle",
    "point_num_in_lidar": 390,
    "speed": 0.0019688794301366335,
    "if_vehicle": true,
    "motion_state": false,
    "pose": [
      [
        -0.9981243204257174,
        0.06070827649549516,
        -0.007895957171001274,
        -36.64372225216448
      ],
      [
        -0.06097639934608605,
        -0.9973406611249407,
        0.039918471785036186,
        1.2049360306245944
      ],
      [
        -0.00545157752273703,
        0.04032506456055098,
        0.9991717417294691,
        0.8967405730209492
      ],
      [
        0.0,
        0.0,
        0.0,
        1.0
      ]
    ],
    "location": [
      -36.64372225216448,
      1.2049360306245944,
      0.8967405730209492
    ],
    "rotation": [
      0.0403366011283874,
      0.005451604526303973,
      -3.080577496796978
    ]
  },
  {
    "label_id": "HILMjKmKIoQMgeZ6T8zTSg",
    "size": [
      0.7527797330444929,
      0.1029191474772233,
      0.7700000000000031
    ],
    "obj_class": "sign",
    "point_num_in_lidar": 147,
    "speed": 0.005435982697480363,
    "if_vehicle": false,
    "motion_state": false,
    "pose": [
      [
        0.9905298205821701,
        0.1370705234461718,
        -0.007895957171001274,
        -12.185034720145268
      ],
      [
        -0.1366533038627797,
        0.9898143210490207,
        0.039918471785036186,
        4.257781978521962
      ],
      [
        0.013287177308992924,
        -0.03846142806056998,
        0.9991717417294691,
        2.4577942855428887
      ],
      [
        0.0,
        0.0,
        0.0,
        1.0
      ]
    ],
    "location": [
      -12.185034720145268,
      4.257781978521962,
      2.4577942855428887
    ],
    "rotation": [
      -0.038474315053670785,
      -0.01328756831321468,
      -0.13709441051928029
    ]
  },
  {
    "label_id": "Ko333JMTQxrLsIbw6vT5jw",
    "size": [
      2.0027678097125534,
      4.87247641867594,
      1.6600000000000037
    ],
    "obj_class": "vehicle",
    "point_num_in_lidar": 333,
    "speed": 8.987733679556354e-13,
    "if_vehicle": true,
    "motion_state": false,
    "pose": [
      [
        0.6317547303013398,
        -0.775128127861604,
        -0.007895957171001274,
        -16.49768922657313
      ],
      [
        0.7747335488688586,
        0.6310265001308669,
        0.039918471785036186,
        -22.47861869105327
      ],
      [
        -0.025959372083031205,
        -0.03133594629740351,
        0.9991717417294691,
        0.9416683407605291
      ],
      [
        0.0,
        0.0,
        0.0,
        1.0
      ]
    ],
    "location": [
      -16.49768922657313,
      -22.47861869105327,
      0.9416683407605291
    ],
    "rotation": [
      -0.03135164591558695,
      0.02596228859009309,
      0.8867067449825711
    ]
  },
  {
    "label_id": "Kv6PR2TsyeCAv99_HjOO4w",
    "size": [
      2.0503811492887265,
      4.811895084353816,
      1.4500000000000028
    ],
    "obj_class": "vehicle",
    "point_num_in_lidar": 293,
    "speed": 7.105427357601002e-13,
    "if_vehicle": true,
    "motion_state": false,
    "pose": [
      [
        -0.7491816840578166,
        0.6623174904323813,
        -0.007895957171001274,
        -30.42423540184882
      ],
      [
        -0.6620463345053768,
        -0.7483990690656569,
        0.039918471785036186,
        16.41323353707776
      ],
      [
        0.020529375058401335,
        0.03513367741940068,
        0.9991717417294691,
        0.5763380560929221
      ],
      [
        0.0,
        0.0,
        0.0,
        1.0
      ]
    ],
    "location": [
      -30.42423540184882,
      16.41323353707776,
      0.5763380560929221
    ],
    "rotation": [
      0.03514832001452194,
      -0.020530817367408694,
      -2.417860550139266
    ]
  },
  {
    "label_id": "NkwybbFSpKDWgnn8QF5B7w",
    "size": [
      1.8052124283528144,
      3.74252247910149,
      1.6600000000000037
    ],
    "obj_class": "vehicle",
    "point_num_in_lidar": 110,
    "speed": 1.449228509952941e-12,
    "if_vehicle": true,
    "motion_state": false,
    "pose": [
      [
        0.6766226284466145,
        -0.7362876289428938,
        -0.007895957171001274,
        -15.236838825015184
      ],
      [
        0.735936943212691,
        0.6758722743426508,
        0.039918471785036186,
        -32.92616896156869
      ],
      [
        -0.0240548184103513,
        -0.03282066788692821,
        0.9991717417294691,
        1.3451906878001196
      ],
      [
        0.0,
        0.0,
        0.0,
        1.0
      ]
    ],
    "location": [
      -15.236838825015184,
      -32.92616896156869,
      1.3451906878001196
    ],
    "rotation": [
      -0.03283606795526179,
      0.02405713883839808,
      0.8273641742304045
    ]
  },
  {
    "label_id": "OXd0i5MfXfgVle65_zBBXw",
    "size": [
      2.0389075321438406,
      4.734929776064892,
      1.470000000000006
    ],
    "obj_class": "vehicle",
    "point_num_in_lidar": 998,
    "speed": 5.123796534383003e-13,
    "if_vehicle": true,
    "motion_state": false,
    "pose": [
      [
        -0.658309399699799,
        0.7527060436367201,
        -0.007895957171001274,
        -29.42500382864455
      ],
      [
        -0.7523370094698035,
        -0.6575678974770437,
        0.039918471785036186,
        10.160813417951431
      ],
      [
        0.02485474700983453,
        0.032219126002673286,
        0.9991717417294691,
        0.7176529712161823
      ],
      [
        0.0,
        0.0,
        0.0,
        1.0
      ]
    ],
    "location": [
      -29.42500382864455,
      10.160813417951431,
      0.7176529712161823
    ],
    "rotation": [
      0.03223466450934335,
      -0.024857306759813486,
      -2.28963725450716
    ]
  },
  {
    "label_id": "Pj9fE-MT-gyTk6PlD0A62w",
    "size": [
      0.4876201351525424,
      0.07714707792519968,
      0.480000000000004
    ],
    "obj_class": "sign",
    "point_num_in_lidar": 37,
    "speed": 0.0021668731354782624,
    "if_vehicle": false,
    "motion_state": false,
    "pose": [
      [
        0.2077186696431596,
        0.9781567400688038,
        -0.007895957171001274,
        -17.28009098833354
      ],
      [
        -0.9773420353707215,
        0.20786789436505693,
        0.039918471785036186,
        19.042968648514943
      ],
      [
        0.04068783822091223,
        -0.0005747610006692883,
        0.9991717417294691,
        2.1506494355153194
      ],
      [
        0.0,
        0.0,
        0.0,
        1.0
      ]
    ],
    "location": [
      -17.28009098833354,
      19.042968648514943,
      2.1506494355153194
    ],
    "rotation": [
      -0.0005752373823930085,
      -0.04069907304650166,
      -1.361378150964575
    ]
  },
  {
    "label_id": "QfXrH-AG6fWpRUmyN1WzLw",
    "size": [
      0.4456629209226203,
      0.0696207456306018,
      0.15000000000000568
    ],
    "obj_class": "sign",
    "point_num_in_lidar": 183,
    "speed": 0.005302663294668119,
    "if_vehicle": false,
    "motion_state": false,
    "pose": [
      [
        0.9905298205813816,
        0.13707052345186918,
        -0.007895957171001274,
        -12.185479157318696
      ],
      [
        -0.136653303868473,
        0.9898143210482347,
        0.039918471785036186,
        4.256218377515324
      ],
      [
        0.013287177309214148,
        -0.038461428060493554,
        0.9991717417294691,
        1.977365571959794
      ],
      [
        0.0,
        0.0,
        0.0,
        1.0
      ]
    ],
    "location": [
      -12.185479157318696,
      4.256218377515324,
      1.977365571959794
    ],
    "rotation": [
      -0.03847431505359441,
      -0.013287568313435923,
      -0.1370944105250284
    ]
  },
  {
    "label_id": "RqRoUISiOVfgjg-WLH6oig",
    "size": [
      1.8839428583990732,
      4.431572760151295,
      1.5400000000000063
    ],
    "obj_class": "vehicle",
    "point_num_in_lidar": 456,
    "speed": 3.680843602181411e-07,
    "if_vehicle": true,
    "motion_state": false,
    "pose": [
      [
        0.0770944385718461,
        0.9969925282576823,
        -0.007895957171001274,
        -27.180027917685948
      ],
      [
        -0.9962045707134017,
        0.07734965352265055,
        0.039918471785036186,
        -22.568215481931475
      ],
      [
        0.04040916766055282,
        0.004788496452995289,
        0.9991717417294691,
        0.8311387631614195
      ],
      [
        0.0,
        0.0,
        0.0,
        1.0
      ]
    ],
    "location": [
      -27.180027917685948,
      -22.568215481931475,
      0.8311387631614195
    ],
    "rotation": [
      0.004792429162293887,
      -0.04042017310991119,
      -1.4935621048457726
    ]
  },
  {
    "label_id": "SYZ9P7-R7Vyu8C5_pRukog",
    "size": [
      2.1026481270016406,
      4.699895119369667,
      1.6800000000000068
    ],
    "obj_class": "vehicle",
    "point_num_in_lidar": 77,
    "speed": 7.105427357601002e-13,
    "if_vehicle": true,
    "motion_state": false,
    "pose": [
      [
        0.0678603865841994,
        0.9976635814707263,
        -0.007895957171001274,
        -25.60592454755897
      ],
      [
        -0.996878020630876,
        0.06812288597390624,
        0.039918471785036186,
        -47.56180423515252
      ],
      [
        0.04036310091791231,
        0.0051624232284309115,
        0.9991717417294691,
        1.9900448888286917
      ],
      [
        0.0,
        0.0,
        0.0,
        1.0
      ]
    ],
    "location": [
      -25.60592454755897,
      -47.56180423515252,
      1.9900448888286917
    ],
    "rotation": [
      0.00516665661859649,
      -0.04037406875290109,
      -1.5028282747676167
    ]
  },
  {
    "label_id": "SwUfSWt1LE_xpCIjLv06Pg",
    "size": [
      0.8137902785163542,
      0.1125742801911172,
      0.7600000000000051
    ],
    "obj_class": "sign",
    "point_num_in_lidar": 28,
    "speed": 1.1718571004216928e-12,
    "if_vehicle": false,
    "motion_state": false,
    "pose": [
      [
        -0.10674036974906663,
        -0.994255574450647,
        -0.007895957171001274,
        -30.634699561369416
      ],
      [
        0.9934603684848324,
        -0.10697201437912666,
        0.039918471785036186,
        6.662678317146856
      ],
      [
        -0.040533809539856414,
        -0.0035834080824909366,
        0.9991717417294691,
        2.6778891083239955
      ],
      [
        0.0,
        0.0,
        0.0,
        1.0
      ]
    ],
    "location": [
      -30.634699561369416,
      6.662678317146856,
      2.6778891083239955
    ],
    "rotation": [
      -0.0035863631541555962,
      0.04054491719291236,
      1.6778287337870734
    ]
  },
  {
    "label_id": "TgdBnuHVxPOTzl8OMUYiRg",
    "size": [
      0.8323629950249509,
      0.11670498628292902,
      0.7900000000000063
    ],
    "obj_class": "sign",
    "point_num_in_lidar": 176,
    "speed": 0.001074561309449505,
    "if_vehicle": false,
    "motion_state": false,
    "pose": [
      [
        0.1162223208403537,
        0.9931918374608378,
        -0.007895957171001274,
        -15.45638221819172
      ],
      [
        -0.9923944574292971,
        0.11644636737124135,
        0.039918471785036186,
        -18.324475829878793
      ],
      [
        0.04056615587029071,
        0.003196486697343697,
        0.9991717417294691,
        2.8791476014246697
      ],
      [
        0.0,
        0.0,
        0.0,
        1.0
      ]
    ],
    "location": [
      -15.45638221819172,
      -18.324475829878793,
      2.8791476014246697
    ],
    "rotation": [
      0.003199125494773762,
      -0.04057729014974225,
      -1.4542143541688188
    ]
  },
  {
    "label_id": "VFli2h3FNYZuybkEBpincg",
    "size": [
      1.9376880129058196,
      4.437301692662093,
      1.4500000000000028
    ],
    "obj_class": "vehicle",
    "point_num_in_lidar": 40,
    "speed": 0.0,
    "if_vehicle": true,
    "motion_state": false,
    "pose": [
      [
        0.0792724193028106,
        0.996821717960756,
        -0.007895957171001274,
        -30.329576969248592
      ],
      [
        -0.9960332047198661,
        0.0795259121659133,
        0.039918471785036186,
        31.128344960074173
      ],
      [
        0.0404195328195746,
        0.004700201692092405,
        0.9991717417294691,
        0.2463380560929167
      ],
      [
        0.0,
        0.0,
        0.0,
        1.0
      ]
    ],
    "location": [
      -30.329576969248592,
      31.128344960074173,
      0.2463380560929167
    ],
    "rotation": [
      0.004704063202275994,
      -0.040430546744125696,
      -1.4913756061307546
    ]
  },
  {
    "label_id": "VtnkMTVF6siiRfuCfGB2eg",
    "size": [
      1.8431131976785566,
      4.467267803468969,
      1.6800000000000068
    ],
    "obj_class": "vehicle",
    "point_num_in_lidar": 61,
    "speed": 7.105427357601002e-13,
    "if_vehicle": true,
    "motion_state": false,
    "pose": [
      [
        0.0678603865853407,
        0.9976635814706487,
        -0.007895957171001274,
        -24.9347122761219
      ],
      [
        -0.9968780206307981,
        0.06812288597504665,
        0.039918471785036186,
        -56.44369622397426
      ],
      [
        0.04036310091791821,
        0.0051624232283847375,
        0.9991717417294691,
        2.321138763161187
      ],
      [
        0.0,
        0.0,
        0.0,
        1.0
      ]
    ],
    "location": [
      -24.9347122761219,
      -56.44369622397426,
      2.321138763161187
    ],
    "rotation": [
      0.005166656618550279,
      -0.040374068752907,
      -1.5028282747664718
    ]
  },
  {
    "label_id": "WBKuczfAjn8i-8Q33iEfTg",
    "size": [
      1.9903516921403088,
      3.944358340693,
      1.6600000000000037
    ],
    "obj_class": "vehicle",
    "point_num_in_lidar": 146,
    "speed": 8.644125458514253e-13,
    "if_vehicle": true,
    "motion_state": false,
    "pose": [
      [
        0.6766226284466151,
        -0.7362876289428931,
        -0.007895957171001274,
        -15.211251894696034
      ],
      [
        0.7359369432126904,
        0.6758722743426515,
        0.039918471785036186,
        -28.979883525846162
      ],
      [
        -0.02405481841035127,
        -0.03282066788692823,
        0.9991717417294691,
        1.1637904123223493
      ],
      [
        0.0,
        0.0,
        0.0,
        1.0
      ]
    ],
    "location": [
      -15.211251894696034,
      -28.979883525846162,
      1.1637904123223493
    ],
    "rotation": [
      -0.03283606795526181,
      0.024057138838398048,
      0.8273641742304036
    ]
  },
  {
    "label_id": "Zwj9I-PqljydaE_gb0MbTw",
    "size": [
      1.9379139095436377,
      4.488067844332695,
      2.0
    ],
    "obj_class": "vehicle",
    "point_num_in_lidar": 56,
    "speed": 2.8421709430404007e-13,
    "if_vehicle": true,
    "motion_state": false,
    "pose": [
      [
        -0.9990783209759146,
        0.04219197099331698,
        -0.007895957171001274,
        -30.91986498436927
      ],
      [
        -0.042474577305667054,
        -0.9982997675513363,
        0.039918471785036186,
        -64.57268496805955
      ],
      [
        -0.006198293204754092,
        0.040217057210180304,
        0.9991717417294691,
        3.276240204010719
      ],
      [
        0.0,
        0.0,
        0.0,
        1.0
      ]
    ],
    "location": [
      -30.91986498436927,
      -64.57268496805955,
      3.276240204010719
    ],
    "rotation": [
      0.04022867955897856,
      0.006198332893978021,
      -3.0991044779075088
    ]
  },
  {
    "label_id": "bjU_LRF_XLFwrTt9DcYXOQ",
    "size": [
      0.30174441108246175,
      0.07692972936776284,
      0.6400000000000006
    ],
    "obj_class": "sign",
    "point_num_in_lidar": 109,
    "speed": 0.004995738883420142,
    "if_vehicle": false,
    "motion_state": false,
    "pose": [
      [
        -0.6086066091297716,
        -0.7934328258799954,
        -0.007895957171001274,
        -4.711215485791399
      ],
      [
        0.7926332467205739,
        -0.6083905421713499,
        0.039918471785036186,
        -13.554277628865748
      ],
      [
        -0.03647645153743935,
        0.018036047586315995,
        0.9991717417294691,
        2.7245615193726493
      ],
      [
        0.0,
        0.0,
        0.0,
        1.0
      ]
    ],
    "location": [
      -4.711215485791399,
      -13.554277628865748,
      2.7245615193726493
    ],
    "rotation": [
      0.01804903828793744,
      0.036484545229118474,
      2.2256105447475547
    ]
  },
  {
    "label_id": "fCp7_tVCmZB4bn3ObKtBIg",
    "size": [
      1.7569796857704598,
      4.174253658275681,
      1.9600000000000009
    ],
    "obj_class": "vehicle",
    "point_num_in_lidar": 22,
    "speed": 5.684341886080801e-13,
    "if_vehicle": true,
    "motion_state": false,
    "pose": [
      [
        -0.9982974119634068,
        0.05779213724649564,
        -0.007895957171001274,
        -30.938820934677096
      ],
      [
        -0.05806254830368175,
        -0.9975145392899443,
        0.039918471785036186,
        -61.512739822632284
      ],
      [
        -0.005569358279613295,
        0.04030896646718096,
        0.9991717417294691,
        3.0162408143623622
      ],
      [
        0.0,
        0.0,
        0.0,
        1.0
      ]
    ],
    "location": [
      -30.938820934677096,
      -61.512739822632284,
      3.0162408143623622
    ],
    "rotation": [
      0.040320515879907176,
      0.005569387071510498,
      -3.0834965296797967
    ]
  },
  {
    "label_id": "gu9u5G065yI_z557Du54jw",
    "size": [
      1.6400946167437984,
      3.792063663359228,
      1.470000000000006
    ],
    "obj_class": "vehicle",
    "point_num_in_lidar": 58,
    "speed": 7.105427357601002e-13,
    "if_vehicle": true,
    "motion_state": false,
    "pose": [
      [
        0.6660260277883673,
        0.7458867100095046,
        -0.007895957171001274,
        -45.09880705567048
      ],
      [
        -0.7451054498516689,
        0.6657509926479188,
        0.039918471785036186,
        -12.748151910855086
      ],
      [
        0.03503139891284743,
        -0.020703420478461246,
        0.9991717417294691,
        0.6283750035707172
      ],
      [
        0.0,
        0.0,
        0.0,
        1.0
      ]
    ],
    "location": [
      -45.09880705567048,
      -12.748151910855086,
      0.6283750035707172
    ],
    "rotation": [
      -0.020717617826779944,
      -0.03503856795500754,
      -0.8413793368509007
    ]
  },
  {
    "label_id": "h14DkRFx53Pkx5pEtWdarQ",
    "size": [
      0.8347280264472839,
      0.12141330286285525,
      0.7900000000000063
    ],
    "obj_class": "sign",
    "point_num_in_lidar": 88,
    "speed": 0.002864692066235661,
    "if_vehicle": false,
    "motion_state": false,
    "pose": [
      [
        -0.9973219450315473,
        0.07270895281081272,
        -0.007895957171001274,
        -33.06768098370685
      ],
      [
        -0.07296763070463218,
        -0.9965351175346003,
        0.039918471785036186,
        -15.18807993224982
      ],
      [
        -0.004966168326153971,
        0.040387717210252444,
        0.9991717417294691,
        2.543955522885419
      ],
      [
        0.0,
        0.0,
        0.0,
        1.0
      ]
    ],
    "location": [
      -33.06768098370685,
      -15.18807993224982,
      2.543955522885419
    ],
    "rotation": [
      0.040399203587794585,
      0.004966188739672939,
      -3.0685592150830745
    ]
  },
  {
    "label_id": "iMUAR45EX3cmZKOzXxFuBQ",
    "size": [
      2.1973917554267417,
      4.821743567278267,
      1.8300000000000054
    ],
    "obj_class": "vehicle",
    "point_num_in_lidar": 5927,
    "speed": 0.005195014385066093,
    "if_vehicle": true,
    "motion_state": false,
    "pose": [
      [
        0.9984671641845271,
        -0.05478116378521204,
        -0.007895957171001274,
        -6.820108629343849
      ],
      [
        0.055053934635595776,
        0.9976851105892512,
        0.039918471785036186,
        -6.745462693081208
      ],
      [
        0.005690898562446966,
        -0.0402919868317629,
        0.9991717417294691,
        0.934396704621733
      ],
      [
        0.0,
        0.0,
        0.0,
        1.0
      ]
    ],
    "location": [
      -6.820108629343849,
      -6.745462693081208,
      0.934396704621733
    ],
    "rotation": [
      -0.04030354977015149,
      -0.005690929280777757,
      0.055082676331937405
    ]
  },
  {
    "label_id": "jZwVlg9QhLVKBnWwkAyd5g",
    "size": [
      2.188590830324761,
      4.5476016269488415,
      1.5300000000000011
    ],
    "obj_class": "vehicle",
    "point_num_in_lidar": 381,
    "speed": 1.4210854715202004e-13,
    "if_vehicle": true,
    "motion_state": false,
    "pose": [
      [
        -0.031032910005287063,
        -0.9994871746835761,
        -0.007895957171001274,
        -19.445771525123746
      ],
      [
        0.9987118255878953,
        -0.031324192587206826,
        0.039918471785036186,
        21.40524269843081
      ],
      [
        -0.040145335065196644,
        -0.006646999458560898,
        0.9991717417294691,
        0.3694620076646231
      ],
      [
        0.0,
        0.0,
        0.0,
        1.0
      ]
    ],
    "location": [
      -19.445771525123746,
      21.40524269843081,
      0.3694620076646231
    ],
    "rotation": [
      -0.006652411319584317,
      0.04015612625092255,
      1.6018592693613356
    ]
  },
  {
    "label_id": "l4IU7hYAbEicJJhcNV-PYQ",
    "size": [
      1.779733531114656,
      3.629981180814881,
      1.4200000000000017
    ],
    "obj_class": "vehicle",
    "point_num_in_lidar": 206,
    "speed": 6.355287432313019e-13,
    "if_vehicle": true,
    "motion_state": false,
    "pose": [
      [
        0.7087544095440022,
        0.7054111147496093,
        -0.007895957171001274,
        -7.661596939419724
      ],
      [
        -0.7046473886815869,
        0.7084338876949406,
        0.039918471785036186,
        -10.27648014172155
      ],
      [
        0.03375269731670838,
        -0.022728527298214535,
        0.9991717417294691,
        0.6575023587338507
      ],
      [
        0.0,
        0.0,
        0.0,
        1.0
      ]
    ],
    "location": [
      -7.661596939419724,
      -10.27648014172155,
      0.6575023587338507
    ],
    "rotation": [
      -0.022743445724657894,
      -0.03375910936734629,
      -0.7824924013498701
    ]
  },
  {
    "label_id": "lbLwsu8SH-0HdB69pypZYw",
    "size": [
      2.317356257481392,
      5.409726554449852,
      1.8200000000000074
    ],
    "obj_class": "vehicle",
    "point_num_in_lidar": 863,
    "speed": 0.0034483530580656646,
    "if_vehicle": true,
    "motion_state": false,
    "pose": [
      [
        -0.7345690233431017,
        0.6784880277537072,
        -0.007895957171001274,
        -29.710106465143326
      ],
      [
        -0.6781998797256895,
        -0.7337925038799507,
        0.039918471785036186,
        13.409947914538861
      ],
      [
        0.02129021100933333,
        0.03467791003617545,
        0.9991717417294691,
        0.9001454780338918
      ],
      [
        0.0,
        0.0,
        0.0,
        1.0
      ]
    ],
    "location": [
      -29.710106465143326,
      13.409947914538861,
      0.9001454780338918
    ],
    "rotation": [
      0.03469273085021674,
      -0.021291819717424557,
      -2.3960730994809047
    ]
  },
  {
    "label_id": "mwo7eouCPfeT1MgWe_mMaw",
    "size": [
      2.0225976853632943,
      4.369351698540099,
      1.6400000000000006
    ],
    "obj_class": "vehicle",
    "point_num_in_lidar": 403,
    "speed": 1.1718571004216928e-12,
    "if_vehicle": true,
    "motion_state": false,
    "pose": [
      [
        -0.7491816840574698,
        0.6623174904327737,
        -0.007895957171001274,
        -30.311422555171703
      ],
      [
        -0.6620463345057687,
        -0.7483990690653103,
        0.039918471785036186,
        24.832416113662475
      ],
      [
        0.02052937505841973,
        0.035133677419389935,
        0.9991717417294691,
        0.6220612886961092
      ],
      [
        0.0,
        0.0,
        0.0,
        1.0
      ]
    ],
    "location": [
      -30.311422555171703,
      24.832416113662475,
      0.6220612886961092
    ],
    "rotation": [
      0.0351483200145112,
      -0.020530817367427096,
      -2.4178605501387427
    ]
  },
  {
    "label_id": "nzEXTn_WF_YJ99oOAwWwpQ",
    "size": [
      1.604304081123764,
      3.624440980069253,
      1.470000000000006
    ],
    "obj_class": "vehicle",
    "point_num_in_lidar": 40,
    "speed": 4.263256414560601e-13,
    "if_vehicle": true,
    "motion_state": false,
    "pose": [
      [
        0.5769538989685942,
        0.8167385458794575,
        -0.007895957171001274,
        -51.86256792528002
      ],
      [
        -0.8159310928569958,
        0.5767694230102144,
        0.039918471785036186,
        -13.221069177512618
      ],
      [
        0.03715710126107238,
        -0.01658856097355734,
        0.9991717417294691,
        0.6283750035707385
      ],
      [
        0.0,
        0.0,
        0.0,
        1.0
      ]
    ],
    "location": [
      -51.86256792528002,
      -13.221069177512618,
      0.6283750035707385
    ],
    "rotation": [
      -0.01660078682547564,
      -0.03716565673731389,
      -0.9553137663956036
    ]
  },
  {
    "label_id": "oGhYcNPyTUhm8059vJgk7Q",
    "size": [
      1.9637128907554577,
      4.522243896407982,
      1.5799999999999983
    ],
    "obj_class": "vehicle",
    "point_num_in_lidar": 524,
    "speed": 2.9481199208244733,
    "if_vehicle": true,
    "motion_state": true,
    "pose": [
      [
        -0.9992943335133804,
        0.03672177648756212,
        -0.007895957171001274,
        -31.55485146243427
      ],
      [
        -0.03700864083968793,
        -0.9985173389148263,
        0.039918471785036186,
        -4.196351822665747
      ],
      [
        -0.00641837294395848,
        0.04018252130032756,
        0.9991717417294691,
        0.8383747969892852
      ],
      [
        0.0,
        0.0,
        0.0,
        1.0
      ]
    ],
    "location": [
      -31.55485146243427,
      -4.196351822665747,
      0.8383747969892852
    ],
    "rotation": [
      0.04019417088007888,
      0.006418417012801233,
      -3.1045747966151893
    ]
  },
  {
    "label_id": "pMXk7LpwD_NwMqmzuEArMQ",
    "size": [
      1.9068103567102352,
      4.170273321995732,
      2.020000000000003
    ],
    "obj_class": "vehicle",
    "point_num_in_lidar": 369,
    "speed": 7.652779469160725e-13,
    "if_vehicle": true,
    "motion_state": false,
    "pose": [
      [
        0.049943208630773187,
        0.9987208467695148,
        -0.007895957171001274,
        -26.580260956009624
      ],
      [
        -0.9979401238556993,
        0.05021976512508524,
        0.039918471785036186,
        -29.556403113814667
      ],
      [
        0.04026394305746174,
        0.005886035912606615,
        0.9991717417294691,
        1.3684181273464802
      ],
      [
        0.0,
        0.0,
        0.0,
        1.0
      ]
    ],
    "location": [
      -26.580260956009624,
      -29.556403113814667,
      1.3684181273464802
    ],
    "rotation": [
      0.005890846969279356,
      -0.04027483021937656,
      -1.5207917488297678
    ]
  },
  {
    "label_id": "pgI18KkKJl2QaGwb8uesjQ",
    "size": [
      2.1390806501439417,
      4.556199328982984,
      1.730000000000004
    ],
    "obj_class": "vehicle",
    "point_num_in_lidar": 1217,
    "speed": 3.5059845943046377,
    "if_vehicle": true,
    "motion_state": true,
    "pose": [
      [
        0.9997932167649184,
        -0.018739732420993728,
        -0.007895957171001274,
        -24.24958091284134
      ],
      [
        0.0190405275526173,
        0.9990215082373678,
        0.039918471785036186,
        -7.517075562624086
      ],
      [
        0.007140169562044788,
