[
  {
    "label_id": "-37Tr49YQag_EecI_gdFqA",
    "size": [
      2.0614844075240533,
      4.778170597256613,
      1.470000000000006
    ],
    "obj_class": "vehicle",
    "point_num_in_lidar": 236,
    "speed": 3.1776437161565096e-13,
    "if_vehicle": true,
    "motion_state": false,
    "pose": [
      [
        0.6660317320766631,
        0.7458930982761722,
        -0.006724419003356295,
        -38.09545921678273
      ],
      [
        -0.7450406676697918,
        0.6656549506810313,
        0.0426367230446311,
        -12.74363263278974
      ],
      [
        0.03627858025214069,
        -0.023387444875536616,
        0.999068011717462,
        0.6283750035706817
      ],
      [
        0.0,
        0.0,
        0.0,
        1.0
      ]
    ],
    "location": [
      -38.09545921678273,
      -12.74363263278974,
      0.6283750035706817
    ],
    "rotation": [
      -0.023404987397323797,
      -0.036286542889533625,
      -0.8413318795854268
    ]
  },
  {
    "label_id": "16PzcXDMMYoq8hgoqYjC-Q",
    "size": [
      0.5305112011630259,
      0.12094541017995653,
      0.5700000000000003
    ],
    "obj_class": "sign",
    "point_num_in_lidar": 41,
    "speed": 0.0047612481353924005,
    "if_vehicle": false,
    "motion_state": false,
    "pose": [
      [
        -0.02774670425832965,
        -0.9995923682140976,
        -0.006724419003356295,
        -28.90631711117385
      ],
      [
        0.9986979635956758,
        -0.028008701466967236,
        0.0426367230446311,
        -25.447695774166277
      ],
      [
        -0.0428076852054752,
        -0.005532635020152308,
        0.999068011717462,
        3.0333244434437674
      ],
      [
        0.0,
        0.0,
        0.0,
        1.0
      ]
    ],
    "location": [
      -28.90631711117385,
      -25.447695774166277,
      3.0333244434437674
    ],
    "rotation": [
      -0.00553773957280313,
      0.042820770164152096,
      1.598572060254705
    ]
  },
  {
    "label_id": "5TfIhDaGwG7wy8E9HfiYNA",
    "size": [
      2.075345501804191,
      4.400591282594326,
      1.4400000000000048
    ],
    "obj_class": "vehicle",
    "point_num_in_lidar": 326,
    "speed": 0.2066975199661247,
    "if_vehicle": true,
    "motion_state": false,
    "pose": [
      [
        -0.9997542803313322,
        -0.02112252703270522,
        -0.006724419003356295,
        -36.08994857794096
      ],
      [
        0.020817145649683025,
        -0.99887374392113,
        0.0426367230446311,
        -1.3812763258611085
      ],
      [
        -0.007617440920673083,
        0.042486263153369126,
        0.999068011717462,
        0.7183750035710688
      ],
      [
        0.0,
        0.0,
        0.0,
        1.0
      ]
    ],
    "location": [
      -36.08994857794096,
      -1.3812763258611085,
      0.7183750035710688
    ],
    "rotation": [
      0.042500289224922536,
      0.007617514590113961,
      3.1207733999972933
    ]
  },
  {
    "label_id": "6HLGrqQfQYMsQDDAwvTpnQ",
    "size": [
      2.1261302656461303,
      4.611272155748338,
      1.6300000000000026
    ],
    "obj_class": "vehicle",
    "point_num_in_lidar": 573,
    "speed": 8.987733679556354e-13,
    "if_vehicle": true,
    "motion_state": false,
    "pose": [
      [
        -0.7491881005452814,
        0.6623231629577973,
        -0.006724419003356295,
        -30.089948332830318
      ],
      [
        -0.6619506151040274,
        -0.748333811217571,
        0.0426367230446311,
        20.67335119055133
      ],
      [
        0.023207179164070193,
        0.03639415884677131,
        0.999068011717462,
        0.6863380560929571
      ],
      [
        0.0,
        0.0,
        0.0,
        1.0
      ]
    ],
    "location": [
      -30.089948332830318,
      20.67335119055133,
      0.6863380560929571
    ],
    "rotation": [
      0.03641200878140072,
      -0.023209262796415747,
      -2.4179365458527977
    ]
  },
  {
    "label_id": "9CUNhZDZ4nxh6om0TTTJvA",
    "size": [
      1.7909447756732744,
      4.163788843312304,
      1.7600000000000051
    ],
    "obj_class": "vehicle",
    "point_num_in_lidar": 26,
    "speed": 6.355287432313019e-13,
    "if_vehicle": true,
    "motion_state": false,
    "pose": [
      [
        0.9987220451904583,
        -0.05009050448593839,
        -0.006724419003356295,
        -31.525463333779044
      ],
      [
        0.050332437437179786,
        0.9978220059658175,
        0.0426367230446311,
        -39.20577925027828
      ],
      [
        0.0045740782919508356,
        -0.042920691638140926,
        0.999068011717462,
        1.7791891200951682
      ],
      [
        0.0,
        0.0,
        0.0,
        1.0
      ]
    ],
    "location": [
      -31.525463333779044,
      -39.20577925027828,
      1.7791891200951682
    ],
    "rotation": [
      -0.04293432997437673,
      -0.0045740942420585485,
      0.05035424055893726
    ]
  },
  {
    "label_id": "9s8YOLhpbgSWdr7GIkOUUQ",
    "size": [
      1.9175413712082303,
      4.427614966261043,
      1.4400000000000048
    ],
    "obj_class": "vehicle",
    "point_num_in_lidar": 1643,
    "speed": 1.449228509952941e-12,
    "if_vehicle": true,
    "motion_state": false,
    "pose": [
      [
        -0.04823714463149956,
        -0.9988132758763608,
        -0.006724419003356295,
        -18.652471023929138
      ],
      [
        0.9979136871430091,
        -0.04848074731952863,
        0.0426367230446311,
        9.999034006292277
      ],
      [
        -0.042912129875413464,
        -0.00465371598541674,
        0.999068011717462,
        0.5761387631606141
      ],
      [
        0.0,
        0.0,
        0.0,
        1.0
      ]
    ],
    "location": [
      -18.652471023929138,
      9.999034006292277,
      0.5761387631606141
    ],
    "rotation": [
      -0.004658023551227837,
      0.04292531089745782,
      1.619096724063011
    ]
  },
  {
    "label_id": "9yvoP8LddkU2qWg-ZQW66A",
    "size": [
      0.35880279056130865,
      0.07909095543237712,
      0.6700000000000017
    ],
    "obj_class": "sign",
    "point_num_in_lidar": 33,
    "speed": 0.00243264668834884,
    "if_vehicle": false,
    "motion_state": false,
    "pose": [
      [
        0.9999772542043569,
        -0.0005227456192244033,
        -0.006724419003356295,
        -40.46113350347059
      ],
      [
        0.000808995676745089,
        0.9990903139226256,
        0.0426367230446311,
        2.622963676309155
      ],
      [
        0.0066960137328208455,
        -0.04264119326434417,
        0.999068011717462,
        2.7939713429431876
      ],
      [
        0.0,
        0.0,
        0.0,
        1.0
      ]
    ],
    "location": [
      -40.46113350347059,
      2.622963676309155,
      2.7939713429431876
    ],
    "rotation": [
      -0.04265508290466526,
      -0.00669606377157858,
      0.0008090139019131344
    ]
  },
  {
    "label_id": "DQe9EgHTvbMojU92WrDD-w",
    "size": [
      2.2950943813663667,
      6.332258661657688,
      2.200000000000003
    ],
    "obj_class": "vehicle",
    "point_num_in_lidar": 394,
    "speed": 0.3302017015698036,
    "if_vehicle": true,
    "motion_state": false,
    "pose": [
      [
        -0.9325039093961006,
        0.36109727380590434,
        -0.006724419003356295,
        -44.047486983159615
      ],
      [
        -0.36104441659219166,
        -0.9315734212050166,
        0.0426367230446311,
        0.18647187406713783
      ],
      [
        0.009131714438861014,
        0.042186724858945535,
        0.999068011717462,
        1.1383750035708715
      ],
      [
        0.0,
        0.0,
        0.0,
        1.0
      ]
    ],
    "location": [
      -44.047486983159615,
      0.18647187406713783,
      1.1383750035708715
    ],
    "rotation": [
      0.042201008931033984,
      -0.009131841356508357,
      -2.772188899923605
    ]
  },
  {
    "label_id": "FYseW0mhs-5FpUAHNuYuAA",
    "size": [
      1.950581446795013,
      4.170013394086709,
      1.9500000000000028
    ],
    "obj_class": "vehicle",
    "point_num_in_lidar": 71,
    "speed": 8.526512829121202e-13,
    "if_vehicle": true,
    "motion_state": false,
    "pose": [
      [
        0.0812579922396907,
        0.996670417382919,
        -0.006724419003356295,
        -24.17604185784785
      ],
      [
        -0.9957632612165696,
        0.08147169729026904,
        0.0426367230446311,
        -70.72635088365132
      ],
      [
        0.04304261038222677,
        0.0032313548862822647,
        0.999068011717462,
        3.233138742497566
      ],
      [
        0.0,
        0.0,
        0.0,
        1.0
      ]
    ],
    "location": [
      -24.17604185784785,
      -70.72635088365132,
      3.233138742497566
    ],
    "rotation": [
      0.0032343580022223075,
      -0.04305591207384593,
      -1.4893730182162457
    ]
  },
  {
    "label_id": "Go_3rbTk6d2Upk1krZLsKw",
    "size": [
      2.102583894566866,
      4.719586221317513,
      1.8100000000000023
    ],
    "obj_class": "vehicle",
    "point_num_in_lidar": 454,
    "speed": 0.0019688793953328543,
    "if_vehicle": true,
    "motion_state": false,
    "pose": [
      [
        -0.9981328690228125,
        0.06070879644134188,
        -0.006724419003356295,
        -36.65447038795082
      ],
      [
        -0.06094114405034631,
        -0.9972303078075045,
        0.0426367230446311,
        1.2024778389441053
      ],
      [
        -0.004117370292301251,
        0.04296690848540713,
        0.999068011717462,
        0.8563555621760415
      ],
      [
        0.0,
        0.0,
        0.0,
        1.0
      ]
    ],
    "location": [
      -36.65447038795082,
      1.2024778389441053,
      0.8563555621760415
    ],
    "rotation": [
      0.042980504622530114,
      0.004117381925840055,
      -3.0806132080611244
    ]
  },
  {
    "label_id": "HILMjKmKIoQMgeZ6T8zTSg",
    "size": [
      0.752779733044492,
      0.1029191474772233,
      0.7700000000000031
    ],
    "obj_class": "sign",
    "point_num_in_lidar": 89,
    "speed": 0.005435982606730989,
    "if_vehicle": false,
    "motion_state": false,
    "pose": [
      [
        0.990538304134945,
        0.13707169740881744,
        -0.006724419003356295,
        -12.167204055824186
      ],
      [
        -0.1366661334819079,
        0.989699185514023,
        0.0426367230446311,
        4.233109296179464
      ],
      [
        0.012499440010353972,
        -0.04131430699339925,
        0.999068011717462,
        2.4455492848874343
      ],
      [
        0.0,
        0.0,
        0.0,
        1.0
      ]
    ],
    "location": [
      -12.167204055824186,
      4.233109296179464,
      2.4455492848874343
    ],
    "rotation": [
      -0.04132929959642214,
      -0.012499765510325259,
      -0.13710596125605556
    ]
  },
  {
    "label_id": "Ko333JMTQxrLsIbw6vT5jw",
    "size": [
      2.002767809712555,
      4.87247641867594,
      1.6600000000000037
    ],
    "obj_class": "vehicle",
    "point_num_in_lidar": 374,
    "speed": 8.987733679556354e-13,
    "if_vehicle": true,
    "motion_state": false,
    "pose": [
      [
        0.6317601410668543,
        -0.7751347665717593,
        -0.006724419003356295,
        -16.49768922657404
      ],
      [
        0.7746285072325398,
        0.6309776427344335,
        0.0426367230446311,
        -22.47861869105327
      ],
      [
        -0.028806248313088492,
        -0.03214510881988055,
        0.999068011717462,
        0.8762138348268067
      ],
      [
        0.0,
        0.0,
        0.0,
        1.0
      ]
    ],
    "location": [
      -16.49768922657404,
      -22.47861869105327,
      0.8762138348268067
    ],
    "rotation": [
      -0.032163999575956705,
      0.02881023370531577,
      0.8866361394457232
    ]
  },
  {
    "label_id": "Kv6PR2TsyeCAv99_HjOO4w",
    "size": [
      2.0503811492887225,
      4.811895084353816,
      1.4500000000000028
    ],
    "obj_class": "vehicle",
    "point_num_in_lidar": 327,
    "speed": 7.105427357601002e-13,
    "if_vehicle": true,
    "motion_state": false,
    "pose": [
      [
        -0.7491881005454583,
        0.6623231629575972,
        -0.006724419003356295,
        -30.42423540184791
      ],
      [
        -0.6619506151038276,
        -0.7483338112177478,
        0.0426367230446311,
        16.41323353707594
      ],
      [
        0.02320717916406048,
        0.036394158846777505,
        0.999068011717462,
        0.576338056092851
      ],
      [
        0.0,
        0.0,
        0.0,
        1.0
      ]
    ],
    "location": [
      -30.42423540184791,
      16.41323353707594,
      0.576338056092851
    ],
    "rotation": [
      0.036412008781406914,
      -0.02320926279640603,
      -2.4179365458530646
    ]
  },
  {
    "label_id": "NkwybbFSpKDWgnn8QF5B7w",
    "size": [
      1.8052124283528161,
      3.74252247910149,
      1.6600000000000037
    ],
    "obj_class": "vehicle",
    "point_num_in_lidar": 92,
    "speed": 1.449228509952941e-12,
    "if_vehicle": true,
    "motion_state": false,
    "pose": [
      [
        0.6766284234904955,
        -0.7362939349973175,
        -0.006724419003356295,
        -15.236838825013365
      ],
      [
        0.7358349847590493,
        0.6758172719401784,
        0.0426367230446311,
        -32.92616896157051
      ],
      [
        -0.026848682079691297,
        -0.033797281451337764,
        0.999068011717462,
        1.345190687800219
      ],
      [
        0.0,
        0.0,
        0.0,
        1.0
      ]
    ],
    "location": [
      -15.236838825013365,
      -32.92616896157051,
      1.345190687800219
    ],
    "rotation": [
      -0.03381591392692195,
      0.02685190877964004,
      0.8272908744203393
    ]
  },
  {
    "label_id": "OXd0i5MfXfgVle65_zBBXw",
    "size": [
      2.0389075321438446,
      4.734929776064892,
      1.470000000000006
    ],
    "obj_class": "vehicle",
    "point_num_in_lidar": 1028,
    "speed": 5.123796534383003e-13,
    "if_vehicle": true,
    "motion_state": false,
    "pose": [
      [
        -0.6583150378970714,
        0.7527124903093112,
        -0.006724419003356295,
        -29.42500382864364
      ],
      [
        -0.7522337291058621,
        -0.6575154193199608,
        0.0426367230446311,
        10.160813417949612
      ],
      [
        0.027671784800877744,
        0.03312673072989829,
        0.999068011717462,
        0.707741291154079
      ],
      [
        0.0,
        0.0,
        0.0,
        1.0
      ]
    ],
    "location": [
      -29.42500382864364,
      10.160813417949612,
      0.707741291154079
    ],
    "rotation": [
      0.033145489781180384,
      -0.02767531752687971,
      -2.2897095367670346
    ]
  },
  {
    "label_id": "Pj9fE-MT-gyTk6PlD0A62w",
    "size": [
      0.48762013515254127,
      0.07714707792519968,
      0.480000000000004
    ],
    "obj_class": "sign",
    "point_num_in_lidar": 28,
    "speed": 0.002361320957311164,
    "if_vehicle": false,
    "motion_state": false,
    "pose": [
      [
        0.20772044868327447,
        0.9781651176503313,
        -0.006724419003356295,
        -17.291705625420036
      ],
      [
        -0.9772381128442273,
        0.20781669964819627,
        0.0426367230446311,
        19.03664754710553
      ],
      [
        0.04310320177750529,
        -0.002285160704401514,
        0.999068011717462,
        2.1195034208410135
      ],
      [
        0.0,
        0.0,
        0.0,
        1.0
      ]
    ],
    "location": [
      -17.291705625420036,
      19.03664754710553,
      2.1195034208410135
    ],
    "rotation": [
      -0.0022872884453470316,
      -0.04311655975432196,
      -1.3613547845371754
    ]
  },
  {
    "label_id": "QfXrH-AG6fWpRUmyN1WzLw",
    "size": [
      0.4456629209226208,
      0.0696207456306018,
      0.15000000000000568
    ],
    "obj_class": "sign",
    "point_num_in_lidar": 163,
    "speed": 0.005302663208057306,
    "if_vehicle": false,
    "motion_state": false,
    "pose": [
      [
        0.9905383041341562,
        0.1370716974145175,
        -0.006724419003356295,
        -12.167312519251027
      ],
      [
        -0.13666613348760312,
        0.9896991855132367,
        0.0426367230446311,
        4.232729007911985
      ],
      [
        0.012499440010591716,
        -0.041314306993327325,
        0.999068011717462,
        1.9672954160225586
      ],
      [
        0.0,
        0.0,
        0.0,
        1.0
      ]
    ],
    "location": [
      -12.167312519251027,
      4.232729007911985,
      1.9672954160225586
    ],
    "rotation": [
      -0.041329299596350275,
      -0.012499765510563022,
      -0.1371059612618056
    ]
  },
  {
    "label_id": "RqRoUISiOVfgjg-WLH6oig",
    "size": [
      1.883942858399077,
      4.431572760151295,
      1.5400000000000063
    ],
    "obj_class": "vehicle",
    "point_num_in_lidar": 467,
    "speed": 8.526512829121202e-13,
    "if_vehicle": true,
    "motion_state": false,
    "pose": [
      [
        0.07709509885962995,
        0.9970010671613602,
        -0.006724419003356295,
        -27.180027917686857
      ],
      [
        -0.9960948113567295,
        0.07731259041202058,
        0.0426367230446311,
        -22.568215481931475
      ],
      [
        0.04302874062792586,
        0.0034110765004552995,
        0.999068011717462,
        0.8311387631614622
      ],
      [
        0.0,
        0.0,
        0.0,
        1.0
      ]
    ],
    "location": [
      -27.180027917686857,
      -22.568215481931475,
      0.8311387631614622
    ],
    "rotation": [
      0.0034142452826553308,
      -0.04304202945780299,
      -1.493552969312224
    ]
  },
  {
    "label_id": "SYZ9P7-R7Vyu8C5_pRukog",
    "size": [
      2.102648127001639,
      4.699895119369667,
      1.6800000000000068
    ],
    "obj_class": "vehicle",
    "point_num_in_lidar": 90,
    "speed": 7.105427357601002e-13,
    "if_vehicle": true,
    "motion_state": false,
    "pose": [
      [
        0.06786096778544784,
        0.9976721261217484,
        -0.006724419003356295,
        -25.60592454755897
      ],
      [
        -0.9967679228264354,
        0.06808684066902075,
        0.0426367230446311,
        -47.56180423515252
      ],
      [
        0.04299531457607451,
        0.003809315873181291,
        0.999068011717462,
        1.942494524248275
      ],
      [
        0.0,
        0.0,
        0.0,
        1.0
      ]
    ],
    "location": [
      -25.60592454755897,
      -47.56180423515252,
      1.942494524248275
    ],
    "rotation": [
      0.003812850945836158,
      -0.043008572443307094,
      -1.50282021007765
    ]
  },
  {
    "label_id": "SwUfSWt1LE_xpCIjLv06Pg",
    "size": [
      0.8137902785163582,
      0.1125742801911172,
      0.7600000000000051
    ],
    "obj_class": "sign",
    "point_num_in_lidar": 27,
    "speed": 0.00012621634273345936,
    "if_vehicle": false,
    "motion_state": false,
    "pose": [
      [
        -0.10674128394423817,
        -0.9942640899132398,
        -0.006724419003356295,
        -30.63430963731662
      ],
      [
        0.9933517611301672,
        -0.10693170019975658,
        0.0426367230446311,
        6.662710685561251
      ],
      [
        -0.04311121619173744,
        -0.0021286148986023297,
        0.999068011717462,
        2.678375003570288
      ],
      [
        0.0,
        0.0,
        0.0,
        1.0
      ]
    ],
    "location": [
      -30.63430963731662,
      6.662710685561251,
      2.678375003570288
    ],
    "rotation": [
      -0.0021305973694743185,
      0.04312458162526631,
      1.6778412567179517
    ]
  },
  {
    "label_id": "TgdBnuHVxPOTzl8OMUYiRg",
    "size": [
      0.8323629950249496,
      0.11670498628292902,
      0.7900000000000063
    ],
    "obj_class": "sign",
    "point_num_in_lidar": 169,
    "speed": 0.0012953437555117185,
    "if_vehicle": false,
    "motion_state": false,
    "pose": [
      [
        0.1162233162451911,
        0.9932003438128875,
        -0.006724419003356295,
        -15.451579442869843
      ],
      [
        -0.9922862396813256,
        0.11640501873678086,
        0.0426367230446311,
        -18.319039641924974
      ],
      [
        0.043129564107062125,
        0.0017171671008072793,
        0.999068011717462,
        2.8693335327862286
      ],
      [
        0.0,
        0.0,
        0.0,
        1.0
      ]
    ],
    "location": [
      -15.451579442869843,
      -18.319039641924974,
      2.8693335327862286
    ],
    "rotation": [
      0.0017187672808437623,
      -0.043142946622179414,
      -1.4542007651967501
    ]
  },
  {
    "label_id": "VFli2h3FNYZuybkEBpincg",
    "size": [
      1.937688012905819,
      4.437301692662093,
      1.4500000000000028
    ],
    "obj_class": "vehicle",
    "point_num_in_lidar": 258,
    "speed": 0.0,
    "if_vehicle": true,
    "motion_state": false,
    "pose": [
      [
        0.07927309824426162,
        0.9968302554015016,
        -0.006724419003356295,
        -30.329576969248592
      ],
      [
        -0.9959235265982228,
        0.07948860934859947,
        0.0426367230446311,
        31.128344960074173
      ],
      [
        0.0430360902373168,
        0.0033170619534162935,
        0.999068011717462,
        0.2463380560929309
      ],
      [
        0.0,
        0.0,
        0.0,
        1.0
      ]
    ],
    "location": [
      -30.329576969248592,
      31.128344960074173,
      0.2463380560929309
    ],
    "rotation": [
      0.003320144100419399,
      -0.04304938588162167,
      -1.4913662190715111
    ]
  },
  {
    "label_id": "VtnkMTVF6siiRfuCfGB2eg",
    "size": [
      1.8431131976785573,
      4.467267803468969,
      1.6800000000000068
    ],
    "obj_class": "vehicle",
    "point_num_in_lidar": 39,
    "speed": 7.105427357601002e-13,
    "if_vehicle": true,
    "motion_state": false,
    "pose": [
      [
        0.06786096778658915,
        0.9976721261216707,
        -0.006724419003356295,
        -24.93471227612099
      ],
      [
        -0.9967679228263575,
        0.06808684067016103,
        0.0426367230446311,
        -56.443696223976076
      ],
      [
        0.042995314576078865,
        0.003809315873132106,
        0.999068011717462,
        2.3211387631612297
      ],
      [
        0.0,
        0.0,
        0.0,
        1.0
      ]
    ],
    "location": [
      -24.93471227612099,
      -56.443696223976076,
      2.3211387631612297
    ],
    "rotation": [
      0.003812850945786928,
      -0.04300857244331146,
      -1.502820210076505
    ]
  },
  {
    "label_id": "WBKuczfAjn8i-8Q33iEfTg",
    "size": [
      1.9903516921403104,
      3.944358340693,
      1.6600000000000037
    ],
    "obj_class": "vehicle",
    "point_num_in_lidar": 114,
    "speed": 8.644125458514253e-13,
    "if_vehicle": true,
    "motion_state": false,
    "pose": [
      [
        0.6766284234904981,
        -0.7362939349973151,
        -0.006724419003356295,
        -15.211251894696034
      ],
      [
        0.735834984759047,
        0.675817271940181,
        0.0426367230446311,
        -28.97988352584798
      ],
      [
        -0.026848682079691176,
        -0.03379728145133786,
        0.999068011717462,
        1.1683903374971294
      ],
      [
        0.0,
        0.0,
        0.0,
        1.0
      ]
    ],
    "location": [
      -15.211251894696034,
      -28.97988352584798,
      1.1683903374971294
    ],
    "rotation": [
      -0.03381591392692205,
      0.02685190877963992,
      0.8272908744203358
    ]
  },
  {
    "label_id": "YPSwFDE7EZ2S1pXMTp9KTA",
    "size": [
      1.7867230068972633,
      3.904105178604362,
      1.470000000000006
    ],
    "obj_class": "vehicle",
    "point_num_in_lidar": 24,
    "speed": 1.7112135109858137e-12,
    "if_vehicle": true,
    "motion_state": false,
    "pose": [
      [
        0.7879828344478542,
        0.6156604866357699,
        -0.006724419003356295,
        -48.13556505081306
      ],
      [
        -0.6148885818470721,
        0.7874605652107997,
        0.0426367230446311,
        -12.889946398165193
      ],
      [
        0.03154496044730932,
        -0.029462237411557304,
        0.999068011717462,
        0.6283750035706817
      ],
      [
        0.0,
        0.0,
        0.0,
        1.0
      ]
    ],
    "location": [
      -48.13556505081306,
      -12.889946398165193,
      0.6283750035706817
    ],
    "rotation": [
      -0.02948117742759396,
      -0.03155019444172308,
      -0.662632961406129
    ]
  },
  {
    "label_id": "Zwj9I-PqljydaE_gb0MbTw",
    "size": [
      1.9379139095436346,
      4.488067844332695,
      2.0
    ],
    "obj_class": "vehicle",
    "point_num_in_lidar": 25,
    "speed": 2.8421709430404007e-13,
    "if_vehicle": true,
    "motion_state": false,
    "pose": [
      [
        -0.9990868777437016,
        0.04219233235327374,
        -0.006724419003356295,
        -30.91986498436927
      ],
      [
        -0.04244137409190226,
        -0.9981887795468383,
        0.0426367230446311,
        -64.57268496805955
      ],
      [
        -0.004913296808968227,
        0.04288318408635556,
        0.999068011717462,
        3.2762402040107474
      ],
      [
        0.0,
        0.0,
        0.0,
        1.0
      ]
    ],
    "location": [
      -30.91986498436927,
      -64.57268496805955,
      3.2762402040107474
    ],
    "rotation": [
      0.04289685653485455,
      0.004913316577411399,
      -3.099138015012699
    ]
  },
  {
    "label_id": "_JNSNA0qcV06zb9ixxJkPw",
    "size": [
      1.5145666509465412,
      3.585454358480976,
      2.010000000000005
    ],
    "obj_class": "vehicle",
    "point_num_in_lidar": 21,
    "speed": 6.355287432313019e-13,
    "if_vehicle": true,
    "motion_state": false,
    "pose": [
      [
        0.619259334602939,
        0.7851577285464321,
        -0.006724419003356295,
        -79.13723775648941
      ],
      [
        -0.7842838882399309,
        0.6189352894247274,
        0.0426367230446311,
        -13.853823316987473
      ],
      [
        0.03763853284044134,
        -0.021129335260161294,
        0.999068011717462,
        0.5307532261895673
      ],
      [
        0.0,
        0.0,
        0.0,
        1.0
      ]
    ],
    "location": [
      -79.13723775648941,
      -13.853823316987473,
      0.5307532261895673
    ],
    "rotation": [
      -0.021145893572235248,
      -0.03764742533923079,
      -0.9024379119218754
    ]
  },
  {
    "label_id": "bjU_LRF_XLFwrTt9DcYXOQ",
    "size": [
      0.3017444110824622,
      0.07692972936776284,
      0.6400000000000006
    ],
    "obj_class": "sign",
    "point_num_in_lidar": 93,
    "speed": 0.004904177508847837,
    "if_vehicle": false,
    "motion_state": false,
    "pose": [
      [
        -0.6086118216394778,
        -0.7934396213636826,
        -0.006724419003356295,
        -4.686083374330337
      ],
      [
        0.7925614894436541,
        -0.6082995933739164,
        0.0426367230446311,
        -13.541988131697508
      ],
      [
        -0.03792012673413777,
        0.020619698139987555,
        0.999068011717462,
        2.7156726678234335
      ],
      [
        0.0,
        0.0,
        0.0,
        1.0
      ]
    ],
    "location": [
      -4.686083374330337,
      -13.541988131697508,
      2.7156726678234335
    ],
    "rotation": [
      0.020636003641128064,
      0.03792922040558596,
      2.2256584145721483
    ]
  },
  {
    "label_id": "cvsSzEWkCO_fUj4Y4e3xgA",
    "size": [
      0.7530615077667117,
      0.8484543407193996,
      1.7100000000000009
    ],
    "obj_class": "pedestrian",
    "point_num_in_lidar": 183,
    "speed": 0.06467653568210241,
    "if_vehicle": false,
    "motion_state": false,
    "pose": [
      [
        0.16811496749354174,
        0.9857444597327001,
        -0.006724419003356295,
        -6.865467284820625
      ],
      [
        -0.9848220891756414,
        0.1682485141680023,
        0.0426367230446311,
        -16.954688389701914
      ],
      [
        0.043160287028360424,
        -0.0005455149373015674,
        0.999068011717462,
        0.8697896530998293
      ],
      [
        0.0,
        0.0,
        0.0,
        1.0
      ]
    ],
    "location": [
      -6.865467284820625,
      -16.954688389701914,
      0.8697896530998293
    ],
    "rotation": [
      -0.0005460237708443499,
      -0.04317369817858546,
      -1.4017201511907766
    ]
  },
  {
    "label_id": "fCp7_tVCmZB4bn3ObKtBIg",
    "size": [
      1.7569796857704587,
      4.174253658275681,
      1.9600000000000009
    ],
    "obj_class": "vehicle",
    "point_num_in_lidar": 82,
    "speed": 5.684341886080801e-13,
    "if_vehicle": true,
    "motion_state": false,
    "pose": [
      [
        -0.9983059620429721,
        0.05779263221660079,
        -0.006724419003356295,
        -30.938820934677096
      ],
      [
        -0.05802761554012485,
        -0.9974040834500041,
        0.0426367230446311,
        -61.512739822632284
      ],
      [
        -0.0042428745189369435,
        0.042954696818087675,
        0.999068011717462,
        3.016240814362284
      ],
      [
        0.0,
        0.0,
        0.0,
        1.0
      ]
    ],
    "location": [
      -30.938820934677096,
      -61.512739822632284,
      3.016240814362284
    ],
    "rotation": [
      0.042968304123108675,
      0.004242887249066733,
      -3.083531900273593
    ]
  },
  {
    "label_id": "gu9u5G065yI_z557Du54jw",
    "size": [
      1.6400946167437986,
      3.792063663359228,
      1.470000000000006
    ],
    "obj_class": "vehicle",
    "point_num_in_lidar": 59,
    "speed": 7.105427357601002e-13,
    "if_vehicle": true,
    "motion_state": false,
    "pose": [
      [
        0.6660317320759475,
        0.7458930982768112,
        -0.006724419003356295,
        -45.09880705566957
      ],
      [
        -0.7450406676704303,
        0.6656549506803167,
        0.0426367230446311,
        -12.748151910853267
      ],
      [
        0.03627858025216312,
        -0.023387444875501814,
        0.999068011717462,
        0.6283750035706319
      ],
      [
        0.0,
        0.0,
        0.0,
        1.0
      ]
    ],
    "location": [
      -45.09880705566957,
      -12.748151910853267,
      0.6283750035706319
    ],
    "rotation": [
      -0.02340498739728898,
      -0.03628654288955607,
      -0.8413318795863864
    ]
  },
  {
    "label_id": "h14DkRFx53Pkx5pEtWdarQ",
    "size": [
      0.8347280264472847,
      0.12141330286285525,
      0.7900000000000063
    ],
    "obj_class": "sign",
    "point_num_in_lidar": 99,
    "speed": 0.002864692018829499,
    "if_vehicle": false,
    "motion_state": false,
    "pose": [
      [
        -0.9973304867565685,
        0.0727095755383944,
        -0.006724419003356295,
        -33.055751134162165
      ],
      [
        -0.07293105067046428,
        -0.9964251962370871,
        0.0426367230446311,
        -15.17735472053755
      ],
      [
        -0.003600282490076489,
        0.04301332269087015,
        0.999068011717462,
        2.5235446140478786
      ],
      [
        0.0,
        0.0,
        0.0,
        1.0
      ]
    ],
    "location": [
      -33.055751134162165,
      -15.17735472053755,
      2.5235446140478786
    ],
    "rotation": [
      0.04302687626411276,
      0.0036002902679525364,
      -3.068596321121401
    ]
  },
  {
    "label_id": "iMUAR45EX3cmZKOzXxFuBQ",
    "size": [
      2.197391755426741,
      4.821743567278267,
      1.8300000000000054
    ],
    "obj_class": "vehicle",
    "point_num_in_lidar": 5251,
    "speed": 0.01092854438637606,
    "if_vehicle": true,
    "motion_state": false,
    "pose": [
      [
        0.9984757157179631,
        -0.054781632967344264,
        -0.006724419003356295,
        -6.786475096087997
      ],
      [
        0.05501933514863265,
        0.9975745498998146,
        0.0426367230446311,
        -6.796591564470873
      ],
      [
        0.004372399947849628,
        -0.0429417056206821,
        0.999068011717462,
        0.9343967046215553
      ],
      [
        0.0,
        0.0,
        0.0,
        1.0
      ]
    ],
    "location": [
      -6.786475096087997,
      -6.796591564470873,
      0.9343967046215553
    ],
    "rotation": [
      -0.04295532479245098,
      -0.004372413879806688,
      0.05504765818294534
    ]
  },
  {
    "label_id": "ikRDziyyx-FiFVL8BL3knw",
    "size": [
      1.556328020320231,
      3.6606664190336042,
      1.6600000000000037
    ],
    "obj_class": "vehicle",
    "point_num_in_lidar": 40,
    "speed": 0.011897238597164846,
    "if_vehicle": true,
    "motion_state": false,
    "pose": [
      [
        0.7364592055459068,
        -0.6764485351863505,
        -0.006724419003356295,
        -14.144506254630869
      ],
      [
        0.6760598111724115,
        0.7356121543079197,
        0.0426367230446311,
        -43.90594285410225
      ],
      [
        -0.02389498449915878,
        -0.03594631662218311,
        0.999068011717462,
        1.791138763160987
      ],
      [
        0.0,
        0.0,
        0.0,
        1.0
      ]
    ],
    "location": [
      -14.144506254630869,
      -43.90594285410225,
      1.791138763160987
    ],
    "rotation": [
      -0.035964335569074656,
      0.023897258971284255,
      0.7426641384957822
    ]
  },
  {
    "label_id": "jZwVlg9QhLVKBnWwkAyd5g",
    "size": [
      2.18859083032476,
      4.5476016269488415,
      1.5300000000000011
    ],
    "obj_class": "vehicle",
    "point_num_in_lidar": 484,
    "speed": 1.4210854715202004e-13,
    "if_vehicle": true,
    "motion_state": false,
    "pose": [
      [
        -0.031033175791663172,
        -0.9994957349530567,
        -0.006724419003356295,
        -19.445771525122836
      ],
      [
        0.998600473732403,
        -0.03129223081589928,
        0.0426367230446311,
        21.40524269843081
      ],
      [
        -0.042825644907039336,
        -0.005391855080902278,
        0.999068011717462,
        0.3694620076645734
      ],
      [
        0.0,
        0.0,
        0.0,
        1.0
      ]
    ],
    "location": [
      -19.445771525122836,
      21.40524269843081,
      0.3694620076645734
    ],
    "rotation": [
      -0.005396832518103881,
      0.04283874635084854,
      1.6018629967992524
    ]
  },
  {
    "label_id": "kBiJBr1Jrr8D9bj824jixQ",
    "size": [
      1.9804940697809543,
      5.018761515691507,
      2.200000000000003
    ],
    "obj_class": "vehicle",
    "point_num_in_lidar": 79,
    "speed": 1.4281732235759946e-12,
    "if_vehicle": true,
    "motion_state": false,
    "pose": [
      [
        0.9972353620642784,
        -0.07400280290363914,
        -0.006724419003356295,
        -33.313848890713416
      ],
      [
        0.07422310391384394,
        0.9963297851080284,
        0.0426367230446311,
        56.18024702152434
      ],
      [
        0.003544501928661437,
        -0.0430179551930934,
        0.999068011717462,
        -0.20162499642891163
      ],
      [
        0.0,
        0.0,
        0.0,
        1.0
      ]
    ],
    "location": [
      -33.313848890713416,
      56.18024702152434,
      -0.20162499642891163
    ],
    "rotation": [
      -0.043031504507967416,
      -0.0035445093505914707,
      0.07429189099961037
    ]
  },
  {
    "label_id": "l4IU7hYAbEicJJhcNV-PYQ",
    "size": [
      1.7797335311146578,
      3.629981180814881,
      1.4200000000000017
    ],
    "obj_class": "vehicle",
    "point_num_in_lidar": 637,
    "speed": 6.355287432313019e-13,
    "if_vehicle": true,
    "motion_state": false,
    "pose": [
      [
        0.708760479785718,
        0.7054171563571348,
        -0.006724419003356295,
        -7.661596939418814
      ],
      [
        -0.7045883690507397,
        0.7083342008165594,
        0.0426367230446311,
        -10.276480141723368
      ],
      [
        0.034839811887228456,
        -0.0254812768632149,
        0.999068011717462,
        0.649060190101622
      ],
      [
        0.0,
        0.0,
        0.0,
        1.0
      ]
    ],
    "location": [
      -7.661596939418814,
      -10.276480141723368,
      0.649060190101622
    ],
    "rotation": [
      -0.02549951901831902,
      -0.03484686390631415,
      -0.7824462392351901
    ]
  },
  {
    "label_id": "lbLwsu8SH-0HdB69pypZYw",
    "size": [
      2.31735625748139,
      5.409726554449852,
      1.8200000000000074
    ],
    "obj_class": "vehicle",
    "point_num_in_lidar": 953,
    "speed": 0.0034483530873072286,
    "if_vehicle": true,
    "motion_state": false,
    "pose": [
      [
        -0.7345753146782503,
        0.6784938387741017,
        -0.006724419003356295,
        -29.696510277953166
      ],
      [
        -0.6781027608138372,
        -0.733729347664837,
        0.0426367230446311,
        13.423660875263522
      ],
      [
        0.023994850322542314,
        0.03587973133840424,
        0.999068011717462,
        0.8846969498610164
      ],
      [
        0.0,
        0.0,
        0.0,
        1.0
      ]
    ],
    "location": [
      -29.696510277953166,
      13.423660875263522,
      0.8846969498610164
    ],
    "rotation": [
      0.035897774178207636,
      -0.02399715343651431,
      -2.3961487457290627
    ]
  },
  {
    "label_id": "mwo7eouCPfeT1MgWe_mMaw",
    "size": [
      2.022597685363294,
      4.369351698540099,
      1.6400000000000006
    ],
    "obj_class": "vehicle",
    "point_num_in_lidar": 396,
    "speed": 1.1718571004216928e-12,
    "if_vehicle": true,
    "motion_state": false,
    "pose": [
      [
        -0.749188100545112,
        0.6623231629579889,
        -0.006724419003356295,
        -30.311422555171703
      ],
      [
        -0.6619506151042188,
        -0.7483338112174017,
        0.0426367230446311,
        24.832416113662475
      ],
      [
        0.023207179164079505,
        0.036394158846765376,
        0.999068011717462,
        0.5913380560929937
      ],
      [
        0.0,
        0.0,
        0.0,
        1.0
      ]
    ],
    "location": [
      -30.311422555171703,
      24.832416113662475,
      0.5913380560929937
    ],
    "rotation": [
      0.036412008781394785,
      -0.02320926279642506,
      -2.417936545852542
    ]
  },
  {
    "label_id": "nYdzmhTworH_S2TfHST-Dg",
    "size": [
      1.9920168101390336,
      4.1598452828099,
      1.3999999999999986
    ],
    "obj_class": "vehicle",
    "point_num_in_lidar": 194,
    "speed": 2.4851422144693918,
    "if_vehicle": true,
    "motion_state": true,
    "pose": [
      [
        0.9985620977583851,
        -0.053183823757235654,
        -0.006724419003356295,
        -38.96900810016177
      ],
      [
        0.053422967660094446,
        0.9976613134598353,
        0.0426367230446311,
        -6.996321994365644
      ],
      [
        0.0044411087311509905,
        -0.04293465402393934,
        0.999068011717462,
        0.7133750035710236
      ],
      [
        0.0,
        0.0,
        0.0,
        1.0
      ]
    ],
    "location": [
      -38.96900810016177,
      -6.996321994365644,
      0.7133750035710236
    ],
    "rotation": [
      -0.04294827963089199,
      -0.004441123330275837,
      0.05344893960065447
    ]
  },
  {
    "label_id": "nzEXTn_WF_YJ99oOAwWwpQ",
    "size": [
      1.6043040811237639,
      3.624440980069253,
      1.470000000000006
    ],
    "obj_class": "vehicle",
    "point_num_in_lidar": 41,
    "speed": 4.263256414560601e-13,
    "if_vehicle": true,
    "motion_state": false,
    "pose": [
      [
        0.5769588403835287,
        0.8167455409687655,
        -0.006724419003356295,
        -51.86256792527911
      ],
      [
        -0.8158558166605678,
        0.5766813645932505,
        0.0426367230446311,
        -13.221069177512618
      ],
      [
        0.03870120055517495,
        -0.019113477928032946,
        0.999068011717462,
        0.628375003570639
      ],
      [
        0.0,
        0.0,
