[
  {
    "label_id": "-37Tr49YQag_EecI_gdFqA",
    "size": [
      2.0614844075240537,
      4.778170597256613,
      1.470000000000006
    ],
    "obj_class": "vehicle",
    "point_num_in_lidar": 225,
    "speed": 3.1776437161565096e-13,
    "if_vehicle": true,
    "motion_state": false,
    "pose": [
      [
        0.6660321135467983,
        0.7458935254869609,
        -0.006638701756929211,
        -38.09545921678364
      ],
      [
        -0.7450837248287888,
        0.6656784074850535,
        0.04150302161796134,
        -12.743632632787921
      ],
      [
        0.03537607552630359,
        -0.022695956573709004,
        0.9991163229752388,
        0.6283750035708309
      ],
      [
        0.0,
        0.0,
        0.0,
        1.0
      ]
    ],
    "location": [
      -38.09545921678364,
      -12.743632632787921,
      0.6283750035708309
    ],
    "rotation": [
      -0.022712124123285084,
      -0.0353834583483021,
      -0.8413603093069728
    ]
  },
  {
    "label_id": "16PzcXDMMYoq8hgoqYjC-Q",
    "size": [
      0.5305112011630277,
      0.12094541017995653,
      0.5700000000000003
    ],
    "obj_class": "sign",
    "point_num_in_lidar": 34,
    "speed": 0.00476124813837403,
    "if_vehicle": false,
    "motion_state": false,
    "pose": [
      [
        -0.027746720150254565,
        -0.9995929407313189,
        -0.006638701756929211,
        -28.91440084480837
      ],
      [
        0.9987459955616814,
        -0.027998849013573777,
        0.04150302161796134,
        -25.447288360419407
      ],
      [
        -0.04167200343647188,
        -0.0054788040692378085,
        0.9991163229752388,
        3.042721289459749
      ],
      [
        0.0,
        0.0,
        0.0,
        1.0
      ]
    ],
    "location": [
      -28.91440084480837,
      -25.447288360419407,
      3.042721289459749
    ],
    "rotation": [
      -0.005483594880399029,
      0.041684073831631474,
      1.5985707410430121
    ]
  },
  {
    "label_id": "5TfIhDaGwG7wy8E9HfiYNA",
    "size": [
      2.075345501804268,
      4.400591282594326,
      1.4400000000000048
    ],
    "obj_class": "vehicle",
    "point_num_in_lidar": 322,
    "speed": 0.3803647133994898,
    "if_vehicle": true,
    "motion_state": false,
    "pose": [
      [
        -0.999831300047602,
        -0.017125976880304466,
        -0.006638701756929211,
        -35.46910529907018
      ],
      [
        0.01683610535364287,
        -0.9989965188893805,
        0.04150302161796134,
        -1.3930488188689196
      ],
      [
        -0.007342819733809077,
        0.04138425017799894,
        0.9991163229752388,
        0.7183750035710759
      ],
      [
        0.0,
        0.0,
        0.0,
        1.0
      ]
    ],
    "location": [
      -35.46910529907018,
      -1.3930488188689196,
      0.7183750035710759
    ],
    "rotation": [
      0.04139718878235744,
      0.0073428857192140125,
      3.1247552987976746
    ]
  },
  {
    "label_id": "5rFZom3Q5U-Yz4kJWFjfhw",
    "size": [
      1.4719569154579193,
      3.3250731876028397,
      1.470000000000006
    ],
    "obj_class": "vehicle",
    "point_num_in_lidar": 27,
    "speed": 3.1776437161565096e-13,
    "if_vehicle": true,
    "motion_state": false,
    "pose": [
      [
        0.7870447646419806,
        0.6168601673707194,
        -0.006638701756929211,
        -54.96524234788831
      ],
      [
        -0.6161253648733518,
        0.7865538976804184,
        0.04150302161796134,
        -12.831983628664602
      ],
      [
        0.030823257604096724,
        -0.02857446333896604,
        0.9991163229752388,
        0.7583750035707055
      ],
      [
        0.0,
        0.0,
        0.0,
        1.0
      ]
    ],
    "location": [
      -54.96524234788831,
      -12.831983628664602,
      0.7583750035707055
    ],
    "rotation": [
      -0.02859194242381139,
      -0.030828140417160674,
      -0.6641858445386047
    ]
  },
  {
    "label_id": "6HLGrqQfQYMsQDDAwvTpnQ",
    "size": [
      2.126130265646132,
      4.611272155748338,
      1.6300000000000026
    ],
    "obj_class": "vehicle",
    "point_num_in_lidar": 508,
    "speed": 8.987733679556354e-13,
    "if_vehicle": true,
    "motion_state": false,
    "pose": [
      [
        -0.7491885296432872,
        0.6623235423038442,
        -0.006638701756929211,
        -30.089948332832137
      ],
      [
        -0.6619738580129764,
        -0.7483769842158395,
        0.04150302161796134,
        20.67335119054951
      ],
      [
        0.022520176694362095,
        0.035488234755945966,
        0.9991163229752388,
        0.6863380560930352
      ],
      [
        0.0,
        0.0,
        0.0,
        1.0
      ]
    ],
    "location": [
      -30.089948332832137,
      20.67335119054951,
      0.6863380560930352
    ],
    "rotation": [
      0.03550469622642065,
      -0.022522080678230704,
      -2.417919407622683
    ]
  },
  {
    "label_id": "9CUNhZDZ4nxh6om0TTTJvA",
    "size": [
      1.790944775673279,
      4.163788843312304,
      1.7600000000000051
    ],
    "obj_class": "vehicle",
    "point_num_in_lidar": 23,
    "speed": 6.355287432313019e-13,
    "if_vehicle": true,
    "motion_state": false,
    "pose": [
      [
        0.9987226172092007,
        -0.050090533175311654,
        -0.006638701756929211,
        -31.525463333779953
      ],
      [
        0.050323661434690116,
        0.9978702462226168,
        0.04150302161796134,
        -39.20577925027828
      ],
      [
        0.0045456544755553005,
        -0.04178409015196197,
        0.9991163229752388,
        1.7795952332637697
      ],
      [
        0.0,
        0.0,
        0.0,
        1.0
      ]
    ],
    "location": [
      -31.525463333779953,
      -39.20577925027828,
      1.7795952332637697
    ],
    "rotation": [
      -0.04179669033501171,
      -0.004545670130158033,
      0.050345446797839484
    ]
  },
  {
    "label_id": "9NEH2bOd6vqYumlX4lkguA",
    "size": [
      0.4835686032412716,
      0.08727811829444648,
      0.15000000000000568
    ],
    "obj_class": "sign",
    "point_num_in_lidar": 23,
    "speed": 0.0040522598350912565,
    "if_vehicle": false,
    "motion_state": false,
    "pose": [
      [
        0.11622338282175368,
        0.9932009126679509,
        -0.006638701756929211,
        -15.41203574355768
      ],
      [
        -0.9923349557998866,
        0.11639946174366998,
        0.04150302161796134,
        -18.256641655352723
      ],
      [
        0.04199358026062021,
        0.0017641942447671388,
        0.9991163229752388,
        2.3902780897117637
      ],
      [
        0.0,
        0.0,
        0.0,
        1.0
      ]
    ],
    "location": [
      -15.41203574355768,
      -18.256641655352723,
      2.3902780897117637
    ],
    "rotation": [
      0.001765752766400852,
      -0.04200593240392237,
      -1.4542063712396884
    ]
  },
  {
    "label_id": "9s8YOLhpbgSWdr7GIkOUUQ",
    "size": [
      1.9175413712082294,
      4.427614966261043,
      1.4400000000000048
    ],
    "obj_class": "vehicle",
    "point_num_in_lidar": 1526,
    "speed": 1.449228509952941e-12,
    "if_vehicle": true,
    "motion_state": false,
    "pose": [
      [
        -0.04823717225935747,
        -0.9988138479473558,
        -0.006638701756929211,
        -18.652471023930957
      ],
      [
        0.9979619110316071,
        -0.04847188181535305,
        0.04150302161796134,
        9.999034006292277
      ],
      [
        -0.0417755830906475,
        -0.004623183089044525,
        0.9991163229752388,
        0.576138763160607
      ],
      [
        0.0,
        0.0,
        0.0,
        1.0
      ]
    ],
    "location": [
      -18.652471023930957,
      9.999034006292277,
      0.576138763160607
    ],
    "rotation": [
      -0.004627239077674493,
      0.04178774376335356,
      1.6190944213209717
    ]
  },
  {
    "label_id": "9yvoP8LddkU2qWg-ZQW66A",
    "size": [
      0.35880279056130837,
      0.07909095543237712,
      0.6700000000000017
    ],
    "obj_class": "sign",
    "point_num_in_lidar": 35,
    "speed": 0.002432646688600576,
    "if_vehicle": false,
    "motion_state": false,
    "pose": [
      [
        0.9999778269420214,
        -0.0005227459186392435,
        -0.006638701756929211,
        -40.465262367283685
      ],
      [
        0.0007978392160141261,
        0.9991380598541748,
        0.04150302161796134,
        2.623196694661601
      ],
      [
        0.006611284058206767,
        -0.04150739798566181,
        0.9991163229752388,
        2.7939713429433155
      ],
      [
        0.0,
        0.0,
        0.0,
        1.0
      ]
    ],
    "location": [
      -40.465262367283685,
      2.623196694661601,
      2.7939713429433155
    ],
    "rotation": [
      -0.04152023377364409,
      -0.0066113322213413135,
      0.0007978567376428889
    ]
  },
  {
    "label_id": "DQe9EgHTvbMojU92WrDD-w",
    "size": [
      2.295094381366826,
      6.332258661657688,
      2.200000000000003
    ],
    "obj_class": "vehicle",
    "point_num_in_lidar": 313,
    "speed": 0.21336246996737923,
    "if_vehicle": true,
    "motion_state": false,
    "pose": [
      [
        -0.9567166805209292,
        0.290945219675452,
        -0.006638701756929211,
        -43.543396319873864
      ],
      [
        -0.2909645420584512,
        -0.9558332147719574,
        0.04150302161796134,
        0.4772452826255176
      ],
      [
        0.005729614099594905,
        0.04163825989049187,
        0.9991163229752388,
        1.138375003570836
      ],
      [
        0.0,
        0.0,
        0.0,
        1.0
      ]
    ],
    "location": [
      -43.543396319873864,
      0.4772452826255176,
      1.138375003570836
    ],
    "rotation": [
      0.04165098504288111,
      -0.00572964544914284,
      -2.846352816775188
    ]
  },
  {
    "label_id": "Dv2qrMqPdIlySEkg-zfx5g",
    "size": [
      2.018910425950332,
      4.819514428686471,
      1.4200000000000017
    ],
    "obj_class": "vehicle",
    "point_num_in_lidar": 39,
    "speed": 1.8198773652309366e-12,
    "if_vehicle": true,
    "motion_state": false,
    "pose": [
      [
        0.05453023848023887,
        0.998490050391225,
        -0.006638701756929211,
        -30.9046237017119
      ],
      [
        -0.9976366513684638,
        0.054759574896974667,
        0.04150302161796134,
        42.10468166671126
      ],
      [
        0.04180388663278355,
        0.0043598425237388536,
        0.9991163229752388,
        -0.005390923412370796
      ],
      [
        0.0,
        0.0,
        0.0,
        1.0
      ]
    ],
    "location": [
      -30.9046237017119,
      42.10468166671126,
      -0.005390923412370796
    ],
    "rotation": [
      0.004363670926617914,
      -0.041816072052305746,
      -1.5161912461222247
    ]
  },
  {
    "label_id": "FYseW0mhs-5FpUAHNuYuAA",
    "size": [
      1.9505814467950107,
      4.170013394086709,
      1.9500000000000028
    ],
    "obj_class": "vehicle",
    "point_num_in_lidar": 73,
    "speed": 8.526512829121202e-13,
    "if_vehicle": true,
    "motion_state": false,
    "pose": [
      [
        0.08125803878027123,
        0.9966709882265895,
        -0.006638701756929211,
        -24.17604185784876
      ],
      [
        -0.9958117520308633,
        0.08146443220081748,
        0.04150302161796134,
        -70.7263508836495
      ],
      [
        0.04190567563954184,
        0.0032384430876473097,
        0.9991163229752388,
        3.235027642586438
      ],
      [
        0.0,
        0.0,
        0.0,
        1.0
      ]
    ],
    "location": [
      -24.17604185784876,
      -70.7263508836495,
      3.235027642586438
    ],
    "rotation": [
      0.003241296005422337,
      -0.04191795033456807,
      -1.489376919177863
    ]
  },
  {
    "label_id": "Go_3rbTk6d2Upk1krZLsKw",
    "size": [
      2.1025838945668656,
      4.719586221317513,
      1.8100000000000023
    ],
    "obj_class": "vehicle",
    "point_num_in_lidar": 404,
    "speed": 0.0019688793954080195,
    "if_vehicle": true,
    "motion_state": false,
    "pose": [
      [
        -0.9981334407041041,
        0.06070883121234656,
        -0.006638701756929211,
        -36.65120759285219
      ],
      [
        -0.06093288156553406,
        -0.9972786386665964,
        0.04150302161796134,
        1.2032240684220596
      ],
      [
        -0.004101035516456719,
        0.04183006899505643,
        0.9991163229752388,
        0.86861517799057
      ],
      [
        0.0,
        0.0,
        0.0,
        1.0
      ]
    ],
    "location": [
      -36.65120759285219,
      1.2032240684220596,
      0.86861517799057
    ],
    "rotation": [
      0.041842629408607085,
      0.004101047012082769,
      -3.0806214900975544
    ]
  },
  {
    "label_id": "HILMjKmKIoQMgeZ6T8zTSg",
    "size": [
      0.7527797330444932,
      0.1029191474772233,
      0.7700000000000031
    ],
    "obj_class": "sign",
    "point_num_in_lidar": 118,
    "speed": 0.005435982606974897,
    "if_vehicle": false,
    "motion_state": false,
    "pose": [
      [
        0.9905388714664446,
        0.13707177591672487,
        -0.006638701756929211,
        -12.172616883251067
      ],
      [
        -0.13668375331941982,
        0.9897449422831597,
        0.04150302161796134,
        4.240599144524822
      ],
      [
        0.012259514366331195,
        -0.04020295352259756,
        0.9991163229752388,
        2.4492664809595865
      ],
      [
        0.0,
        0.0,
        0.0,
        1.0
      ]
    ],
    "location": [
      -12.172616883251067,
      4.240599144524822,
      2.4492664809595865
    ],
    "rotation": [
      -0.04021681521259497,
      -0.012259821479136191,
      -0.13712333950851482
    ]
  },
  {
    "label_id": "Ko333JMTQxrLsIbw6vT5jw",
    "size": [
      2.002767809712559,
      4.87247641867594,
      1.6600000000000037
    ],
    "obj_class": "vehicle",
    "point_num_in_lidar": 346,
    "speed": 8.987733679556354e-13,
    "if_vehicle": true,
    "motion_state": false,
    "pose": [
      [
        0.6317605029079135,
        -0.7751352105307326,
        -0.006638701756929211,
        -16.49768922657495
      ],
      [
        0.7746584489405713,
        0.6310164710065558,
        0.04150302161796134,
        -22.47861869105145
      ],
      [
        -0.02798132324477751,
        -0.031362696215563084,
        0.9991163229752388,
        0.8960837588229609
      ],
      [
        0.0,
        0.0,
        0.0,
        1.0
      ]
    ],
    "location": [
      -16.49768922657495,
      -22.47861869105145,
      0.8960837588229609
    ],
    "rotation": [
      -0.03138013102623167,
      0.027984975882116837,
      0.8866547901705388
    ]
  },
  {
    "label_id": "Kv6PR2TsyeCAv99_HjOO4w",
    "size": [
      2.0503811492887265,
      4.811895084353816,
      1.4500000000000028
    ],
    "obj_class": "vehicle",
    "point_num_in_lidar": 298,
    "speed": 7.105427357601002e-13,
    "if_vehicle": true,
    "motion_state": false,
    "pose": [
      [
        -0.7491885296434614,
        0.6623235423036472,
        -0.006638701756929211,
        -30.424235401849728
      ],
      [
        -0.6619738580127796,
        -0.7483769842160135,
        0.04150302161796134,
        16.41323353707776
      ],
      [
        0.022520176694352766,
        0.035488234755951885,
        0.9991163229752388,
        0.5763380560928368
      ],
      [
        0.0,
        0.0,
        0.0,
        1.0
      ]
    ],
    "location": [
      -30.424235401849728,
      16.41323353707776,
      0.5763380560928368
    ],
    "rotation": [
      0.03550469622642657,
      -0.02252208067822137,
      -2.417919407622946
    ]
  },
  {
    "label_id": "NkwybbFSpKDWgnn8QF5B7w",
    "size": [
      1.8052124283528157,
      3.74252247910149,
      1.6600000000000037
    ],
    "obj_class": "vehicle",
    "point_num_in_lidar": 113,
    "speed": 1.449228509952941e-12,
    "if_vehicle": true,
    "motion_state": false,
    "pose": [
      [
        0.6766288110298947,
        -0.7362943567101772,
        -0.006638701756929211,
        -15.236838825015184
      ],
      [
        0.7358625704578504,
        0.6758578079712805,
        0.04150302161796134,
        -32.92616896157051
      ],
      [
        -0.026071622186512152,
        -0.03296731231086617,
        0.9991163229752388,
        1.3451906878000202
      ],
      [
        0.0,
        0.0,
        0.0,
        1.0
      ]
    ],
    "location": [
      -15.236838825015184,
      -32.92616896157051,
      1.3451906878000202
    ],
    "rotation": [
      -0.03298450319376791,
      0.026074576698702667,
      0.8273092674036204
    ]
  },
  {
    "label_id": "OXd0i5MfXfgVle65_zBBXw",
    "size": [
      2.0389075321438415,
      4.734929776064892,
      1.470000000000006
    ],
    "obj_class": "vehicle",
    "point_num_in_lidar": 1032,
    "speed": 5.123796534383003e-13,
    "if_vehicle": true,
    "motion_state": false,
    "pose": [
      [
        -0.6583154149474649,
        0.7527129214259111,
        -0.006638701756929211,
        -29.425003828646368
      ],
      [
        -0.7522623034200053,
        -0.6575552646354579,
        0.04150302161796134,
        10.160813417951431
      ],
      [
        0.02687454735944495,
        0.03231612397338783,
        0.9991163229752388,
        0.7107501646715946
      ],
      [
        0.0,
        0.0,
        0.0,
        1.0
      ]
    ],
    "location": [
      -29.425003828646368,
      10.160813417951431,
      0.7107501646715946
    ],
    "rotation": [
      0.03233343386025974,
      -0.026877783395946327,
      -2.28969099570209
    ]
  },
  {
    "label_id": "QfXrH-AG6fWpRUmyN1WzLw",
    "size": [
      0.44566292092262105,
      0.0696207456306018,
      0.15000000000000568
    ],
    "obj_class": "sign",
    "point_num_in_lidar": 188,
    "speed": 0.005302663205925912,
    "if_vehicle": false,
    "motion_state": false,
    "pose": [
      [
        0.9905388714656558,
        0.1370717759224258,
        -0.006638701756929211,
        -12.172827337712988
      ],
      [
        -0.1366837533251162,
        0.9897449422823731,
        0.04150302161796134,
        4.239859639823408
      ],
      [
        0.01225951436656258,
        -0.04020295352252701,
        0.9991163229752388,
        1.97035239781858
      ],
      [
        0.0,
        0.0,
        0.0,
        1.0
      ]
    ],
    "location": [
      -12.172827337712988,
      4.239859639823408,
      1.97035239781858
    ],
    "rotation": [
      -0.04021681521252447,
      -0.012259821479367593,
      -0.137123339514266
    ]
  },
  {
    "label_id": "RqRoUISiOVfgjg-WLH6oig",
    "size": [
      1.883942858399079,
      4.431572760151295,
      1.5400000000000063
    ],
    "obj_class": "vehicle",
    "point_num_in_lidar": 456,
    "speed": 8.526512829121202e-13,
    "if_vehicle": true,
    "motion_state": false,
    "pose": [
      [
        0.07709514301590245,
        0.9970016381944115,
        -0.006638701756929211,
        -27.180027917687767
      ],
      [
        -0.9961432714085253,
        0.07730512288393374,
        0.04150302161796134,
        -22.568215481929656
      ],
      [
        0.04189178619823472,
        0.0034134166988241676,
        0.9991163229752388,
        0.8311387631614053
      ],
      [
        0.0,
        0.0,
        0.0,
        1.0
      ]
    ],
    "location": [
      -27.180027917687767,
      -22.568215481929656,
      0.8311387631614053
    ],
    "rotation": [
      0.003416422432423399,
      -0.0419040486857032,
      -1.4935566680303964
    ]
  },
  {
    "label_id": "SYZ9P7-R7Vyu8C5_pRukog",
    "size": [
      2.102648127001643,
      4.699895119369667,
      1.6800000000000068
    ],
    "obj_class": "vehicle",
    "point_num_in_lidar": 45,
    "speed": 7.105427357601002e-13,
    "if_vehicle": true,
    "motion_state": false,
    "pose": [
      [
        0.06786100665286891,
        0.9976726975391488,
        -0.006638701756929211,
        -25.60592454756079
      ],
      [
        -0.9968163116623516,
        0.068078924789134,
        0.04150302161796134,
        -47.5618042351507
      ],
      [
        0.04185838721122456,
        0.0038011293734379115,
        0.9991163229752388,
        1.9626641821432713
      ],
      [
        0.0,
        0.0,
        0.0,
        1.0
      ]
    ],
    "location": [
      -25.60592454756079,
      -47.5618042351507,
      1.9626641821432713
    ],
    "rotation": [
      0.0038044729595653527,
      -0.041870620377179826,
      -1.5028234609017468
    ]
  },
  {
    "label_id": "SwUfSWt1LE_xpCIjLv06Pg",
    "size": [
      0.8137902785163602,
      0.1125742801911172,
      0.7600000000000051
    ],
    "obj_class": "sign",
    "point_num_in_lidar": 30,
    "speed": 0.0001262163395231917,
    "if_vehicle": false,
    "motion_state": false,
    "pose": [
      [
        -0.10674134508037462,
        -0.9942646593786862,
        -0.006638701756929211,
        -30.634523466221253
      ],
      [
        0.9934004220093664,
        -0.10692567861927124,
        0.04150302161796134,
        6.662692935176892
      ],
      [
        -0.04197483534267918,
        -0.002164800774526741,
        0.9991163229752388,
        2.6783750035701956
      ],
      [
        0.0,
        0.0,
        0.0,
        1.0
      ]
    ],
    "location": [
      -30.634523466221253,
      6.662692935176892,
      2.6783750035701956
    ],
    "rotation": [
      -0.0021667120605385836,
      0.041987170943521654,
      1.6778361140134233
    ]
  },
  {
    "label_id": "TgdBnuHVxPOTzl8OMUYiRg",
    "size": [
      0.8323629950249491,
      0.11670498628292902,
      0.7900000000000063
    ],
    "obj_class": "sign",
    "point_num_in_lidar": 172,
    "speed": 0.0012953437543578243,
    "if_vehicle": false,
    "motion_state": false,
    "pose": [
      [
        0.11622338281218333,
        0.9932009126690708,
        -0.006638701756929211,
        -15.453037414011305
      ],
      [
        -0.9923349558010083,
        0.11639946173410799,
        0.04150302161796134,
        -18.32068989716572
      ],
      [
        0.04199358026060321,
        0.001764194245171783,
        0.9991163229752388,
        2.872312774553663
      ],
      [
        0.0,
        0.0,
        0.0,
        1.0
      ]
    ],
    "location": [
      -15.453037414011305,
      -18.32068989716572,
      2.872312774553663
    ],
    "rotation": [
      0.0017657527668058527,
      -0.042005932403905356,
      -1.4542063712493327
    ]
  },
  {
    "label_id": "VFli2h3FNYZuybkEBpincg",
    "size": [
      1.9376880129058187,
      4.437301692662093,
      1.4500000000000028
    ],
    "obj_class": "vehicle",
    "point_num_in_lidar": 127,
    "speed": 0.0,
    "if_vehicle": true,
    "motion_state": false,
    "pose": [
      [
        0.07927314364798389,
        0.9968308263367203,
        -0.006638701756929211,
        -30.329576969248592
      ],
      [
        -0.9959720028489389,
        0.0794812477107166,
        0.04150302161796134,
        31.128344960074173
      ],
      [
        0.041899143633723226,
        0.003321886090619525,
        0.9991163229752388,
        0.24633805609293802
      ],
      [
        0.0,
        0.0,
        0.0,
        1.0
      ]
    ],
    "location": [
      -30.329576969248592,
      31.128344960074173,
      0.24633805609293802
    ],
    "rotation": [
      0.003324811910049728,
      -0.04191141258669998,
      -1.4913700235781173
    ]
  },
  {
    "label_id": "VtnkMTVF6siiRfuCfGB2eg",
    "size": [
      1.8431131976785537,
      4.467267803468969,
      1.6800000000000068
    ],
    "obj_class": "vehicle",
    "point_num_in_lidar": 58,
    "speed": 7.105427357601002e-13,
    "if_vehicle": true,
    "motion_state": false,
    "pose": [
      [
        0.06786100665400846,
        0.9976726975390713,
        -0.006638701756929211,
        -24.93471227612281
      ],
      [
        -0.9968163116622739,
        0.06807892479027255,
        0.04150302161796134,
        -56.44369622397426
      ],
      [
        0.041858387211228906,
        0.0038011293733901017,
        0.9991163229752388,
        2.3211387631610805
      ],
      [
        0.0,
        0.0,
        0.0,
        1.0
      ]
    ],
    "location": [
      -24.93471227612281,
      -56.44369622397426,
      2.3211387631610805
    ],
    "rotation": [
      0.003804472959517501,
      -0.04187062037718417,
      -1.5028234609006035
    ]
  },
  {
    "label_id": "WBKuczfAjn8i-8Q33iEfTg",
    "size": [
      1.9903516921403077,
      3.944358340693,
      1.6600000000000037
    ],
    "obj_class": "vehicle",
    "point_num_in_lidar": 119,
    "speed": 8.644125458514253e-13,
    "if_vehicle": true,
    "motion_state": false,
    "pose": [
      [
        0.6766288110298945,
        -0.7362943567101774,
        -0.006638701756929211,
        -15.211251894696034
      ],
      [
        0.7358625704578506,
        0.6758578079712803,
        0.04150302161796134,
        -28.979883525846162
      ],
      [
        -0.026071622186512163,
        -0.032967312310866165,
        0.9991163229752388,
        1.1683903374970797
      ],
      [
        0.0,
        0.0,
        0.0,
        1.0
      ]
    ],
    "location": [
      -15.211251894696034,
      -28.979883525846162,
      1.1683903374970797
    ],
    "rotation": [
      -0.0329845031937679,
      0.026074576698702678,
      0.8273092674036208
    ]
  },
  {
    "label_id": "Zwj9I-PqljydaE_gb0MbTw",
    "size": [
      1.9379139095436304,
      4.488067844332695,
      2.0
    ],
    "obj_class": "vehicle",
    "point_num_in_lidar": 31,
    "speed": 2.8421709430404007e-13,
    "if_vehicle": true,
    "motion_state": false,
    "pose": [
      [
        -0.9990874499714023,
        0.04219235651896168,
        -0.006638701756929211,
        -30.91986498437018
      ],
      [
        -0.04243221694197646,
        -0.9982369489064047,
        0.04150302161796134,
        -64.57268496805955
      ],
      [
        -0.004875887101817405,
        0.04174684286756007,
        0.9991163229752388,
        3.2762402040107474
      ],
      [
        0.0,
        0.0,
        0.0,
        1.0
      ]
    ],
    "location": [
      -30.91986498437018,
      -64.57268496805955,
      3.2762402040107474
    ],
    "rotation": [
      0.04175947513830015,
      0.004875906422137598,
      -3.099147188306926
    ]
  },
  {
    "label_id": "bjU_LRF_XLFwrTt9DcYXOQ",
    "size": [
      0.301744411082462,
      0.07692972936776284,
      0.6400000000000006
    ],
    "obj_class": "sign",
    "point_num_in_lidar": 90,
    "speed": 0.004995738798912172,
    "if_vehicle": false,
    "motion_state": false,
    "pose": [
      [
        -0.608612170222309,
        -0.7934400758067831,
        -0.006638701756929211,
        -4.693712690868779
      ],
      [
        0.7926061744788296,
        -0.6083197772344855,
        0.04150302161796134,
        -13.545718835508524
      ],
      [
        -0.036968614192667164,
        0.019997368054625306,
        0.9991163229752388,
        2.718371042857882
      ],
      [
        0.0,
        0.0,
        0.0,
        1.0
      ]
    ],
    "location": [
      -4.693712690868779,
      -13.545718835508524,
      2.718371042857882
    ],
    "rotation": [
      0.02001238284785703,
      0.03697704007696008,
      2.225631457202283
    ]
  },
  {
    "label_id": "cvsSzEWkCO_fUj4Y4e3xgA",
    "size": [
      0.7530615077649634,
      0.8484543407193996,
      1.7100000000000009
    ],
    "obj_class": "pedestrian",
    "point_num_in_lidar": 44,
    "speed": 0.1809032110606856,
    "if_vehicle": false,
    "motion_state": false,
    "pose": [
      [
        0.9992390028276872,
        -0.03843621816609929,
        -0.006638701756929211,
        -7.097163713410737
      ],
      [
        0.03867927415800901,
        0.998389409472671,
        0.04150302161796134,
        -16.75247110305827
      ],
      [
        0.00503279033330544,
        -0.04172821810117715,
        0.9991163229752388,
        0.866824787076439
      ],
      [
        0.0,
        0.0,
        0.0,
        1.0
      ]
    ],
    "location": [
      -7.097163713410737,
      -16.75247110305827,
      0.866824787076439
    ],
    "rotation": [
      -0.041740866373318836,
      -0.005032811579453996,
      0.038689415474688765
    ]
  },
  {
    "label_id": "d7PjA3YiGitjAwIkY7FdsQ",
    "size": [
      1.8954930258720804,
      4.444050083225241,
      1.4400000000000048
    ],
    "obj_class": "vehicle",
    "point_num_in_lidar": 28,
    "speed": 4.207576985275342,
    "if_vehicle": true,
    "motion_state": true,
    "pose": [
      [
        -0.9667262867584767,
        0.2557268349805121,
        -0.006638701756929211,
        -73.41976625489406
      ],
      [
        -0.2557784862169548,
        -0.9658441205417891,
        0.04150302161796134,
        -4.1389064406757825
      ],
      [
        0.0042014853005285,
        0.04182009906382174,
        0.9991163229752388,
        0.5183750035707462
      ],
      [
        0.0,
        0.0,
        0.0,
        1.0
      ]
    ],
    "location": [
      -73.41976625489406,
      -4.1389064406757825,
      0.5183750035707462
    ],
    "rotation": [
      0.04183266811588368,
      -0.0042014976617316775,
      -2.882937427490498
    ]
  },
  {
    "label_id": "fCp7_tVCmZB4bn3ObKtBIg",
    "size": [
      1.7569796857704612,
      4.174253658275681,
      1.9600000000000009
    ],
    "obj_class": "vehicle",
    "point_num_in_lidar": 34,
    "speed": 5.684341886080801e-13,
    "if_vehicle": true,
    "motion_state": false,
    "pose": [
      [
        -0.998306533823403,
        0.057792665317368166,
        -0.006638701756929211,
        -30.938820934677096
      ],
      [
        -0.05801921189874239,
        -0.9974523899651692,
        0.04150302161796134,
        -61.512739822632284
      ],
      [
        -0.004223218695688672,
        0.04181790989859257,
        0.9991163229752388,
        3.0162408143623693
      ],
      [
        0.0,
        0.0,
        0.0,
        1.0
      ]
    ],
    "location": [
      -30.938820934677096,
      -61.512739822632284,
      3.0162408143623693
    ],
    "rotation": [
      0.041830480846358556,
      0.00422323124971254,
      -3.0835403230088683
    ]
  },
  {
    "label_id": "gu9u5G065yI_z557Du54jw",
    "size": [
      1.640094616743803,
      3.792063663359228,
      1.470000000000006
    ],
    "obj_class": "vehicle",
    "point_num_in_lidar": 51,
    "speed": 7.105427357601002e-13,
    "if_vehicle": true,
    "motion_state": false,
    "pose": [
      [
        0.6660321135460826,
        0.7458935254875997,
        -0.006638701756929211,
        -45.09880705567048
      ],
      [
        -0.7450837248294273,
        0.6656784074843387,
        0.04150302161796134,
        -12.748151910855086
      ],
      [
        0.035376075526325365,
        -0.02269595657367507,
        0.9991163229752388,
        0.6283750035709232
      ],
      [
        0.0,
        0.0,
        0.0,
        1.0
      ]
    ],
    "location": [
      -45.09880705567048,
      -12.748151910855086,
      0.6283750035709232
    ],
    "rotation": [
      -0.02271212412325114,
      -0.03538345834832389,
      -0.8413603093079325
    ]
  },
  {
    "label_id": "h14DkRFx53Pkx5pEtWdarQ",
    "size": [
      0.8347280264472838,
      0.12141330286285525,
      0.7900000000000063
    ],
    "obj_class": "sign",
    "point_num_in_lidar": 95,
    "speed": 0.0028646920182807904,
    "if_vehicle": false,
    "motion_state": false,
    "pose": [
      [
        -0.9973310579782958,
        0.07270961718284519,
        -0.006638701756929211,
        -33.059372660293775
      ],
      [
        -0.07292337008888108,
        -0.9964736229782799,
        0.04150302161796134,
        -15.18061055661019
      ],
      [
        -0.003597622377826205,
        0.04187636896466771,
        0.9991163229752388,
        2.5297407223448687
      ],
      [
        0.0,
        0.0,
        0.0,
        1.0
      ]
    ],
    "location": [
      -33.059372660293775,
      -15.18061055661019,
      2.5297407223448687
    ],
    "rotation": [
      0.041888889152392444,
      0.0035976301384745874,
      -3.0686040229591285
    ]
  },
  {
    "label_id": "iMUAR45EX3cmZKOzXxFuBQ",
    "size": [
      2.1973917554267417,
      4.821743567278267,
      1.8300000000000054
    ],
    "obj_class": "vehicle",
    "point_num_in_lidar": 5347,
    "speed": 0.01092854438597611,
    "if_vehicle": true,
    "motion_state": false,
    "pose": [
      [
        0.9984762875956203,
        -0.05478166434356329,
        -0.006638701756929211,
        -6.796685176203937
      ],
      [
        0.05501078586048997,
        0.9976228308512143,
        0.04150302161796134,
        -6.781070451386768
      ],
      [
        0.00434931584040584,
        -0.0418049831498449,
        0.9991163229752388,
        0.9343967046215624
      ],
      [
        0.0,
        0.0,
        0.0,
        1.0
      ]
    ],
    "location": [
      -6.796685176203937,
      -6.781070451386768,
      0.9343967046215624
    ],
    "rotation": [
      -0.04181756528334421,
      -0.00434932955286308,
      0.05503909029908231
    ]
  },
  {
    "label_id": "jZwVlg9QhLVKBnWwkAyd5g",
    "size": [
      2.1885908303247597,
      4.5476016269488415,
      1.5300000000000011
    ],
    "obj_class": "vehicle",
    "point_num_in_lidar": 478,
    "speed": 1.4210854715202004e-13,
    "if_vehicle": true,
    "motion_state": false,
    "pose": [
      [
        -0.031033193565936024,
        -0.9994963074149308,
        -0.006638701756929211,
        -19.445771525124655
      ],
      [
        0.9986485378332685,
        -0.03128253634304999,
        0.04150302161796134,
        21.40524269843081
      ],
      [
        -0.04168979228269621,
        -0.005341758499227084,
        0.9991163229752388,
        0.36946200766450943
      ],
      [
        0.0,
        0.0,
        0.0,
        1.0
      ]
    ],
    "location": [
      -19.445771525124655,
      21.40524269843081,
      0.36946200766450943
    ],
    "rotation": [
      -0.005346432121486274,
      0.04170187815027589,
      1.6018615203299271
    ]
  },
  {
    "label_id": "kBiJBr1Jrr8D9bj824jixQ",
    "size": [
      1.9804940697809559,
      5.018761515691507,
      2.200000000000003
    ],
    "obj_class": "vehicle",
    "point_num_in_lidar": 41,
    "speed": 1.4281732235759946e-12,
    "if_vehicle": true,
    "motion_state": false,
    "pose": [
      [
        0.9972359332315223,
        -0.0740028452887961,
        -0.006638701756929211,
        -33.313848890715235
      ],
      [
        0.07421548613611355,
        0.9963782217682999,
        0.04150302161796134,
        56.18024702152252
      ],
      [
        0.0035433161636076616,
        -0.041880998973318886,
        0.9991163229752388,
        -0.201624996428869
      ],
      [
        0.0,
        0.0,
        0.0,
        1.0
      ]
    ],
    "location": [
      -33.313848890715235,
      56.18024702152252,
      -0.201624996428869
    ],
    "rotation": [
      -0.04189351512858788,
      -0.0035433235780914407,
      0.07428425179252847
    ]
  },
  {
    "label_id": "l4IU7hYAbEicJJhcNV-PYQ",
    "size": [
      1.7797335311146567,
      3.629981180814881,
      1.4200000000000017
    ],
    "obj_class": "vehicle",
    "point_num_in_lidar": 258,
    "speed": 6.355287432313019e-13,
    "if_vehicle": true,
    "motion_state": false,
    "pose": [
      [
        0.7087608857287728,
        0.7054175603852997,
        -0.006638701756929211,
        -7.661596939420633
      ],
      [
        -0.7046299716196434,
        0.7083601501297766,
        0.04150302161796134,
        -10.276480141723368
      ],
      [
        0.03397955203156582,
        -0.02473789013179038,
        0.9991163229752388,
        0.6516229662879311
      ],
      [
        0.0,
        0.0,
        0.0,
        1.0
      ]
    ],
    "location": [
      -7.661596939420633,
      -10.276480141723368,
      0.6516229662879311
    ],
    "rotation": [
      -0.02475471200414923,
      -0.033986094286172226,
      -0.7824754740893911
    ]
  },
  {
    "label_id": "lbLwsu8SH-0HdB69pypZYw",
    "size": [
      2.317356257481389,
      5.409726554449852,
      1.8200000000000074
    ],
    "obj_class": "vehicle",
    "point_num_in_lidar": 853,
    "speed": 0.003448353060182295,
    "if_vehicle": true,
    "motion_state": false,
    "pose": [
      [
        -0.7345757354067705,
        0.6784942273819176,
        -0.006638701756929211,
        -29.70063765165014
      ],
      [
        -0.6781269391251817,
        -0.7337720038467611,
        0.04150302161796134,
        13.419498052802737
      ],
      [
        0.023288267095570733,
        0.03498899512880841,
        0.9991163229752388,
        0.8893866358692506
      ],
      [
        0.0,
        0.0,
        0.0,
        1.0
      ]
    ],
    "location": [
      -29.70063765165014,
      13.419498052802737,
      0.8893866358692506
    ],
    "rotation": [
      0.03500563586272826,
      -0.02329037264907965,
      -2.39613126046046
    ]
  },
  {
    "label_id": "mwo7eouCPfeT1MgWe_mMaw",
    "size": [
      2.0225976853632956,
      4.369351698540099,
      1.6400000000000006
    ],
    "obj_class": "vehicle",
    "point_num_in_lidar": 409,
    "speed": 1.1718571004216928e-12,
    "if_vehicle": true,
    "motion_state": false,
    "pose": [
      [
        -0.7491885296431158,
        0.662323542304038,
        -0.006638701756929211,
        -30.311422555172612
      ],
      [
        -0.6619738580131701,
        -0.7483769842156681,
        0.04150302161796134,
        24.832416113664294
      ],
      [
        0.022520176694371282,
        0.03548823475594014,
        0.9991163229752388,
        0.5985670973687789
      ],
      [
        0.0,
        0.0,
        0.0,
        1.0
      ]
    ],
    "location": [
      -30.311422555172612,
      24.832416113664294,
      0.5985670973687789
    ],
    "rotation": [
      0.03550469622641482,
      -0.022522080678239895,
      -2.4179194076224246
    ]
  },
  {
    "label_id": "nYdzmhTworH_S2TfHST-Dg",
    "size": [
      1.9920168101375622,
      4.1598452828099,
      1.3999999999999986
    ],
    "obj_class": "vehicle",
    "point_num_in_lidar": 105,
    "speed": 4.442447137813901,
    "if_vehicle": true,
    "motion_state": true,
    "pose": [
      [
        0.9985756627662469,
        -0.05293933669714217,
        -0.006638701756929211,
        -44.778596955543435
      ],
      [
        0.05317003249079642,
        0.9977226302141827,
        0.04150302161796134,
        -7.306602464104799
      ],
      [
        0.004426440542748902,
        -0.04179688730707024,
        0.9991163229752388,
        0.7023753812845115
      ],
      [
        0.0,
        0.0,
        0.0,
        1.0
      ]
    ],
    "location": [
      -44.778596955543435,
      -7.306602464104799,
      0.7023753812845115
    ],
    "rotation": [
      -0.04180947643892933,
      -0.004426454997695245,
      0.053195638462220446
    ]
  },
  {
    "label_id": "nzEXTn_WF_YJ99oOAwWwpQ",
    "size": [
      1.604304081123768,
      3.624440980069253,
      1.470000000000006
    ],
    "obj_class": "vehicle",
    "point_num_in_lidar": 44,
    "speed": 4.263256414560601e-13,
    "if_vehicle": true,
    "motion_state": false,
    "pose": [
      [
        0.5769591708371057,
        0.816746008760338,
        -0.006638701756929211,
        -51.86256792528093
      ],
      [
        -0.8159012604144165,
        0.5766997767042621,
        0.04150302161796134,
        -13.221069177512618
      ],
      [
        0.03772596507879122,
        -0.0185290238089395,
