[
  {
    "label_id": "-uTt3c5-5aG3V5_GjZgxAg",
    "size": [
      0.6643286981054984,
      0.12261025073905987,
      0.8299999999999272
    ],
    "obj_class": "sign",
    "point_num_in_lidar": 93,
    "speed": 0.04773374146490902,
    "if_vehicle": false,
    "motion_state": false,
    "pose": [
      [
        0.9771345663724846,
        -0.21119553059000462,
        -0.02458631853008632,
        244.0868758282868
      ],
      [
        0.2115243704885941,
        0.9773036895356308,
        0.01161632943089844,
        5.139425753566684
      ],
      [
        0.021574982953884728,
        -0.01655132257100944,
        0.9996302185466833,
        2.5696418356683353
      ],
      [
        0.0,
        0.0,
        0.0,
        1.0
      ]
    ],
    "location": [
      244.0868758282868,
      5.139425753566684,
      2.5696418356683353
    ],
    "rotation": [
      -0.016555932387026386,
      -0.02157665709136332,
      0.21318474639956653
    ]
  },
  {
    "label_id": "7UinvUKcQIjYBcah9e8Ezw",
    "size": [
      0.6501502356826776,
      0.09364605791737626,
      0.7699999999999818
    ],
    "obj_class": "sign",
    "point_num_in_lidar": 35,
    "speed": 0.07470766897537577,
    "if_vehicle": false,
    "motion_state": false,
    "pose": [
      [
        0.9962129054787979,
        0.0833988003428641,
        -0.02458631853008632,
        243.11951529255748
      ],
      [
        -0.08313369308406121,
        0.9964706969925197,
        0.01161632943089844,
        15.738825959449969
      ],
      [
        0.025468333901079655,
        -0.00952838583460704,
        0.9996302185466833,
        2.7153690150439616
      ],
      [
        0.0,
        0.0,
        0.0,
        1.0
      ]
    ],
    "location": [
      243.11951529255748,
      15.738825959449969,
      2.7153690150439616
    ],
    "rotation": [
      -0.009531621892803368,
      -0.02547108798487376,
      -0.0832568198202057
    ]
  },
  {
    "label_id": "LL8s1dqamsnFCpdiiZBxaQ",
    "size": [
      2.434646783186801,
      5.560345418052805,
      2.0799999999999272
    ],
    "obj_class": "vehicle",
    "point_num_in_lidar": 94,
    "speed": 30.30758715257301,
    "if_vehicle": true,
    "motion_state": true,
    "pose": [
      [
        -0.9996968710043093,
        0.001295779815640985,
        -0.02458631853008632,
        213.09673391841352
      ],
      [
        -0.0015817730226758264,
        -0.9999312770809089,
        0.01161632943089844,
        -15.582395653285857
      ],
      [
        -0.024569576681298836,
        0.011651698160002241,
        0.9996302185466833,
        0.3862263603293741
      ],
      [
        0.0,
        0.0,
        0.0,
        1.0
      ]
    ],
    "location": [
      213.09673391841352,
      -15.582395653285857,
      0.3862263603293741
    ],
    "rotation": [
      0.01165548050713578,
      0.024572049314937963,
      -3.1400104022608613
    ]
  },
  {
    "label_id": "StcimCkmv-Nr9M7fkv48Mg",
    "size": [
      2.791255676669004,
      7.724722710341792,
      2.519999999999982
    ],
    "obj_class": "vehicle",
    "point_num_in_lidar": 922,
    "speed": 28.268883942161366,
    "if_vehicle": true,
    "motion_state": true,
    "pose": [
      [
        -0.9996976882350742,
        -0.00021231718151334708,
        -0.02458631853008632,
        242.79268616138324
      ],
      [
        -7.332208615417504e-05,
        -0.9999325254808068,
        0.01161632943089844,
        -7.948601408113973
      ],
      [
        -0.024587125926389074,
        0.011614620398011699,
        0.9996302185466833,
        0.7167763235509028
      ],
      [
        0.0,
        0.0,
        0.0,
        1.0
      ]
    ],
    "location": [
      242.79268616138324,
      -7.948601408113973,
      0.7167763235509028
    ],
    "rotation": [
      0.011618394052047428,
      0.024589603863139936,
      -3.1415193093309384
    ]
  },
  {
    "label_id": "qT1zGYrv0EvrTdS1DNPKog",
    "size": [
      1.7867477203653839,
      0.17873746056648088,
      1.9579331306990753
    ],
    "obj_class": "sign",
    "point_num_in_lidar": 192,
    "speed": 0.10495260918326967,
    "if_vehicle": false,
    "motion_state": false,
    "pose": [
      [
        0.9996977107811827,
        -3.892706985134912e-15,
        -0.02458631853008632,
        235.4526919725813
      ],
      [
        0.00028568913628821893,
        0.9999324873571566,
        0.01161632943089844,
        3.367683261761158
      ],
      [
        0.02458465864274452,
        -0.011619841983854615,
        0.9996302185466833,
        2.6744547811565553
      ],
      [
        0.0,
        0.0,
        0.0,
        1.0
      ]
    ],
    "location": [
      235.4526919725813,
      3.367683261761158,
      2.6744547811565553
    ],
    "rotation": [
      -0.011623616864057577,
      -0.024587135833462493,
      0.00028577551536833036
    ]
  },
  {
    "label_id": "t8hmHL_iaNKj-Fo23qK60A",
    "size": [
      2.0863567857773995,
      5.21793273795102,
      1.900000000000091
    ],
    "obj_class": "vehicle",
    "point_num_in_lidar": 636,
    "speed": 29.035409435181307,
    "if_vehicle": true,
    "motion_state": true,
    "pose": [
      [
        -0.999686095222455,
        0.004819124403638573,
        -0.02458631853008632,
        256.78811452002446
      ],
      [
        -0.005105941980125942,
        -0.9999194918827456,
        0.01161632943089844,
        -11.388647576230142
      ],
      [
        -0.0245283585952301,
        0.01173821932551206,
        0.9996302185466833,
        0.4467760163147432
      ],
      [
        0.0,
        0.0,
        0.0,
        1.0
      ]
    ],
    "location": [
      256.78811452002446,
      -11.388647576230142,
      0.4467760163147432
    ],
    "rotation": [
      0.011742021833154983,
      0.024530818803172618,
      -3.1364851527396556
    ]
  },
  {
    "label_id": "zPi9Ht2yALbDuLbVtJ9k0w",
    "size": [
      2.85270883648435,
      7.096669548272612,
      2.2000000000000455
    ],
    "obj_class": "vehicle",
    "point_num_in_lidar": 882,
    "speed": 0.1077330971878362,
    "if_vehicle": true,
    "motion_state": false,
    "pose": [
      [
        -0.998788058386341,
        0.04263715945018124,
        -0.02458631853008632,
        248.58898081088773
      ],
      [
        -0.04293260186327397,
        -0.9990104366761151,
        0.01161632943089844,
        0.4538498413930938
      ],
      [
        -0.02406670152082855,
        0.01265780574259899,
        0.9996302185466833,
        0.5085689690540676
      ],
      [
        0.0,
        0.0,
        0.0,
        1.0
      ]
    ],
    "location": [
      248.58898081088773,
      0.4538498413930938,
      0.5085689690540676
    ],
    "rotation": [
      0.012661811399057425,
      0.02406902539005577,
      -3.098634401520778
    ]
  }
]