[
  {
    "label_id": "LL8s1dqamsnFCpdiiZBxaQ",
    "size": [
      2.4346467831863685,
      5.560345418052805,
      2.0799999999999272
    ],
    "obj_class": "vehicle",
    "point_num_in_lidar": 54,
    "speed": 30.642610517353788,
    "if_vehicle": true,
    "motion_state": true,
    "pose": [
      [
        -0.9999831478777731,
        0.0020516385498351433,
        -0.0054309059760661174,
        33.21040287900723
      ],
      [
        -0.0022342579249379634,
        -0.9994248918618395,
        0.033836276663890656,
        -15.849183349792838
      ],
      [
        -0.005358362808255172,
        0.03384784049553723,
        0.9994126333210942,
        0.6062208446019213
      ],
      [
        0.0,
        0.0,
        0.0,
        1.0
      ]
    ],
    "location": [
      33.21040287900723,
      -15.849183349792838,
      0.6062208446019213
    ],
    "rotation": [
      0.033854793150920395,
      0.0053583884501850615,
      -3.139358361730147
    ]
  },
  {
    "label_id": "StcimCkmv-Nr9M7fkv48Mg",
    "size": [
      2.7912556766700853,
      7.724722710341792,
      2.519999999999982
    ],
    "obj_class": "vehicle",
    "point_num_in_lidar": 1185,
    "speed": 27.48594434235414,
    "if_vehicle": true,
    "motion_state": true,
    "pose": [
      [
        -0.9999710750790304,
        0.005324872352224636,
        -0.0054309059760661174,
        79.65793763991678
      ],
      [
        -0.00550566340959569,
        -0.9994122242858273,
        0.033836276663890656,
        -8.494694099977096
      ],
      [
        -0.0052475399673176555,
        0.03386519869257563,
        0.9994126333210942,
        0.8397714997356616
      ],
      [
        0.0,
        0.0,
        0.0,
        1.0
      ]
    ],
    "location": [
      79.65793763991678,
      -8.494694099977096,
      0.8397714997356616
    ],
    "rotation": [
      0.03387214164024834,
      0.005247564050917146,
      -3.1360868865583558
    ]
  },
  {
    "label_id": "t8hmHL_iaNKj-Fo23qK60A",
    "size": [
      2.0863567857775847,
      5.21793273795102,
      1.900000000000091
    ],
    "obj_class": "vehicle",
    "point_num_in_lidar": 779,
    "speed": 29.05722159434107,
    "if_vehicle": true,
    "motion_state": true,
    "pose": [
      [
        -0.9999847812047692,
        0.0009708857446760845,
        -0.0054309059760661174,
        85.2932637400645
      ],
      [
        -0.0011541083593773357,
        -0.999426722884384,
        0.033836276663890656,
        -11.910229576599704
      ],
      [
        -0.005394941403287089,
        0.033842029570510704,
        0.9994126333210942,
        0.5717541097326375
      ],
      [
        0.0,
        0.0,
        0.0,
        1.0
      ]
    ],
    "location": [
      85.2932637400645,
      -11.910229576599704,
      0.5717541097326375
    ],
    "rotation": [
      0.03384898547114496,
      0.005394967573944588,
      -3.1404385281784437
    ]
  }
]