[
  {
    "label_id": "LL8s1dqamsnFCpdiiZBxaQ",
    "size": [
      2.43464678318691,
      5.560345418052805,
      2.0799999999999272
    ],
    "obj_class": "vehicle",
    "point_num_in_lidar": 63,
    "speed": 30.449169510521873,
    "if_vehicle": true,
    "motion_state": true,
    "pose": [
      [
        -0.9999978890158052,
        0.0018077400545834718,
        0.0009767496241923003,
        125.167756214978
      ],
      [
        -0.0017974381195724643,
        -0.9999438125502264,
        0.010447055026380204,
        -15.691634572798648
      ],
      [
        0.000995580302945474,
        0.01044527732580436,
        0.9999449509855267,
        0.49622636032927403
      ],
      [
        0.0,
        0.0,
        0.0,
        1.0
      ]
    ],
    "location": [
      125.167756214978,
      -15.691634572798648,
      0.49622636032927403
    ],
    "rotation": [
      0.010445472448598983,
      -0.000995580467412118,
      -3.139795213611569
    ]
  },
  {
    "label_id": "StcimCkmv-Nr9M7fkv48Mg",
    "size": [
      2.7912556766697234,
      7.724722710341792,
      2.519999999999982
    ],
    "obj_class": "vehicle",
    "point_num_in_lidar": 852,
    "speed": 27.544646172954643,
    "if_vehicle": true,
    "motion_state": true,
    "pose": [
      [
        -0.9999956764706923,
        0.002773625802813992,
        0.0009767496241923003,
        161.951373494192
      ],
      [
        -0.002763271640765261,
        -0.9999416099808605,
        0.010447055026380204,
        -8.11270412020076
      ],
      [
        0.0010056688131476349,
        0.01044431083369496,
        0.9999449509855267,
        0.8767760163159437
      ],
      [
        0.0,
        0.0,
        0.0,
        1.0
      ]
    ],
    "location": [
      161.951373494192,
      -8.11270412020076,
      0.8767760163159437
    ],
    "rotation": [
      0.01044450600872635,
      -0.0010056689826648834,
      -3.138829377035093
    ]
  },
  {
    "label_id": "d4mlmsT2sNV2oqOS7SmBSg",
    "size": [
      1.5364414713748895,
      0.1777361243307497,
      1.6199999999998909
    ],
    "obj_class": "sign",
    "point_num_in_lidar": 68,
    "speed": 0.06389901517379142,
    "if_vehicle": false,
    "motion_state": false,
    "pose": [
      [
        0.9925312232690303,
        -0.1219869533854089,
        0.0009767496241923003,
        132.39290430259825
      ],
      [
        0.12197022654380037,
        0.9924787770416705,
        0.010447055026380204,
        -24.871120661749046
      ],
      [
        -0.002243807687012129,
        -0.010249893931952709,
        0.9999449509855267,
        3.5850467927903082
      ],
      [
        0.0,
        0.0,
        0.0,
        1.0
      ]
    ],
    "location": [
      132.39290430259825,
      -24.871120661749046,
      3.5850467927903082
    ],
    "rotation": [
      -0.010250099220522108,
      0.0022438095698227006,
      0.12227499837838904
    ]
  },
  {
    "label_id": "t8hmHL_iaNKj-Fo23qK60A",
    "size": [
      2.0863567857759784,
      5.21793273795102,
      1.900000000000091
    ],
    "obj_class": "vehicle",
    "point_num_in_lidar": 727,
    "speed": 29.05605840676692,
    "if_vehicle": true,
    "motion_state": true,
    "pose": [
      [
        -0.9999895693293736,
        0.004461747709794649,
        0.0009767496241923003,
        172.4604136201615
      ],
      [
        -0.004451302291065313,
        -0.999935520395785,
        0.010447055026380204,
        -11.682159604105436
      ],
      [
        0.0010232987676011655,
        0.010442598248750242,
        0.9999449509855267,
        0.5467760163141975
      ],
      [
        0.0,
        0.0,
        0.0,
        1.0
      ]
    ],
    "location": [
      172.4604136201615,
      -11.682159604105436,
      0.5467760163141975
    ],
    "rotation": [
      0.010442793516295153,
      -0.0010232989461908244,
      -3.1371413342682506
    ]
  }
]