[
  {
    "label_id": "LL8s1dqamsnFCpdiiZBxaQ",
    "size": [
      2.434646783186301,
      5.560345418052805,
      2.0799999999999272
    ],
    "obj_class": "vehicle",
    "point_num_in_lidar": 42,
    "speed": 30.71689825664988,
    "if_vehicle": true,
    "motion_state": true,
    "pose": [
      [
        -0.9999985185327095,
        0.0006528050960208047,
        -0.0015927265593361232,
        8.752630867173139
      ],
      [
        -0.0006675737747812182,
        -0.9999566266645694,
        0.009289732766351965,
        -15.93765556908329
      ],
      [
        -0.00158659309258227,
        0.009290782266398146,
        0.9999555810570973,
        0.6362263603289193
      ],
      [
        0.0,
        0.0,
        0.0,
        1.0
      ]
    ],
    "location": [
      8.752630867173139,
      -15.93765556908329,
      0.6362263603289193
    ],
    "rotation": [
      0.009290927627130383,
      0.0015865937582322438,
      -3.1409250789251915
    ]
  },
  {
    "label_id": "StcimCkmv-Nr9M7fkv48Mg",
    "size": [
      2.7912556766691803,
      7.724722710341792,
      2.519999999999982
    ],
    "obj_class": "vehicle",
    "point_num_in_lidar": 1208,
    "speed": 27.54567175104536,
    "if_vehicle": true,
    "motion_state": true,
    "pose": [
      [
        -0.9999943122702495,
        0.002972986588931847,
        -0.0015927265593361232,
        57.64497982672583
      ],
      [
        -0.0029876580309855768,
        -0.9999523862487752,
        0.009289732766351965,
        -8.58587214616
      ],
      [
        -0.001565032472720833,
        0.009294438451158701,
        0.9999555810570973,
        0.7807757217256039
      ],
      [
        0.0,
        0.0,
        0.0,
        1.0
      ]
    ],
    "location": [
      57.64497982672583,
      -8.58587214616,
      0.7807757217256039
    ],
    "rotation": [
      0.009294583658566115,
      0.0015650331116008253,
      -3.1386049874552024
    ]
  },
  {
    "label_id": "t8hmHL_iaNKj-Fo23qK60A",
    "size": [
      2.086356785776601,
      5.21793273795102,
      1.900000000000091
    ],
    "obj_class": "vehicle",
    "point_num_in_lidar": 797,
    "speed": 29.002300646629124,
    "if_vehicle": true,
    "motion_state": true,
    "pose": [
      [
        -0.9999913425689649,
        0.003844217635101657,
        -0.0015927265593361232,
        62.08709275221372
      ],
      [
        -0.0038588525440805613,
        -0.9999494037810978,
        0.009289732766351965,
        -12.0007823179576
      ],
      [
        -0.0015569342188686836,
        0.009295798438066726,
        0.9999555810570973,
        0.4467760163142884
      ],
      [
        0.0,
        0.0,
        0.0,
        1.0
      ]
    ],
    "location": [
      62.08709275221372,
      -12.0007823179576,
      0.4467760163142884
    ],
    "rotation": [
      0.009295943588378682,
      0.0015569348478822538,
      -3.137733786791727
    ]
  }
]