[
  {
    "label_id": "LL8s1dqamsnFCpdiiZBxaQ",
    "size": [
      2.4346467831874903,
      5.560345418052805,
      2.0799999999999272
    ],
    "obj_class": "vehicle",
    "point_num_in_lidar": 51,
    "speed": 30.64642610797327,
    "if_vehicle": true,
    "motion_state": true,
    "pose": [
      [
        -0.999998514903177,
        0.0017199824988511862,
        0.0001088652562130945,
        20.975185909450374
      ],
      [
        -0.001717191629301987,
        -0.9997595542995289,
        0.02186057729602522,
        -15.884627421190089
      ],
      [
        0.00014643889039425435,
        0.021860357888444645,
        0.9997610230993408,
        0.6133659420547701
      ],
      [
        0.0,
        0.0,
        0.0,
        1.0
      ]
    ],
    "location": [
      20.975185909450374,
      -15.884627421190089,
      0.6133659420547701
    ],
    "rotation": [
      0.021862099584728862,
      -0.00014643889091763544,
      -3.1398754610981507
    ]
  },
  {
    "label_id": "StcimCkmv-Nr9M7fkv48Mg",
    "size": [
      2.7912556766701764,
      7.724722710341792,
      2.519999999999982
    ],
    "obj_class": "vehicle",
    "point_num_in_lidar": 1114,
    "speed": 27.52115252326548,
    "if_vehicle": true,
    "motion_state": true,
    "pose": [
      [
        -0.9999914719449977,
        0.004128460443443265,
        0.0001088652562130945,
        68.65667422015213
      ],
      [
        -0.004125094048598399,
        -0.9997525187562044,
        0.02186057729602522,
        -8.543607709511889
      ],
      [
        0.0001990888427415548,
        0.021859941788399156,
        0.9997610230993408,
        0.8037791596843817
      ],
      [
        0.0,
        0.0,
        0.0,
        1.0
      ]
    ],
    "location": [
      68.65667422015213,
      -8.543607709511889,
      0.8037791596843817
    ],
    "rotation": [
      0.02186168358410897,
      -0.0001990888440567479,
      -3.1374675477603104
    ]
  },
  {
    "label_id": "t8hmHL_iaNKj-Fo23qK60A",
    "size": [
      2.0863567857780505,
      5.21793273795102,
      1.900000000000091
    ],
    "obj_class": "vehicle",
    "point_num_in_lidar": 769,
    "speed": 29.027801630295563,
    "if_vehicle": true,
    "motion_state": true,
    "pose": [
      [
        -0.9999914844859789,
        0.004125421661403821,
        0.0001088652562130945,
        73.67895694374783
      ],
      [
        -0.004122055992691818,
        -0.9997525312869568,
        0.02186057729602522,
        -11.947922231427583
      ],
      [
        0.00019902241457605936,
        0.02185994239329098,
        0.9997610230993408,
        0.47177778930813474
      ],
      [
        0.0,
        0.0,
        0.0,
        1.0
      ]
    ],
    "location": [
      73.67895694374783,
      -11.947922231427583,
      0.47177778930813474
    ],
    "rotation": [
      0.02186168418885626,
      -0.0001990224158899364,
      -3.1374705858421614
    ]
  }
]