[
  {
    "label_id": "LL8s1dqamsnFCpdiiZBxaQ",
    "size": [
      2.434646783187925,
      5.560345418052805,
      2.0799999999999272
    ],
    "obj_class": "vehicle",
    "point_num_in_lidar": 71,
    "speed": 30.3169338404539,
    "if_vehicle": true,
    "motion_state": true,
    "pose": [
      [
        -0.9998967272079538,
        0.0007883552935770811,
        -0.014349683437420675,
        173.68988066649217
      ],
      [
        -0.0010133068440362591,
        -0.9998766120999599,
        0.01567589821178579,
        -15.631621710300351
      ],
      [
        -0.014335554682778254,
        0.015688819950446516,
        0.9997741508963409,
        0.3422266401555589
      ],
      [
        0.0,
        0.0,
        0.0,
        1.0
      ]
    ],
    "location": [
      173.68988066649217,
      -15.631621710300351,
      0.3422266401555589
    ],
    "rotation": [
      0.015691076164019088,
      0.014336045740359888,
      -3.140579242434847
    ]
  },
  {
    "label_id": "StcimCkmv-Nr9M7fkv48Mg",
    "size": [
      2.7912556766682655,
      7.724722710341792,
      2.519999999999982
    ],
    "obj_class": "vehicle",
    "point_num_in_lidar": 870,
    "speed": 27.89108259578681,
    "if_vehicle": true,
    "motion_state": true,
    "pose": [
      [
        -0.9998945818258816,
        0.0022162627306610617,
        -0.014349683437420675,
        206.28364205973412
      ],
      [
        -0.0024411853262483944,
        -0.9998741454950502,
        0.01567589821178579,
        -7.982856003878624
      ],
      [
        -0.014313135556139053,
        0.015709275923862377,
        0.9997741508963409,
        0.8027734978800254
      ],
      [
        0.0,
        0.0,
        0.0,
        1.0
      ]
    ],
    "location": [
      206.28364205973412,
      -7.982856003878624,
      0.8027734978800254
    ],
    "rotation": [
      0.01571153171468596,
      0.014313624313311067,
      -3.1391512157419514
    ]
  },
  {
    "label_id": "qT1zGYrv0EvrTdS1DNPKog",
    "size": [
      1.786747720365384,
      0.17873746056648088,
      1.9579331306990753
    ],
    "obj_class": "sign",
    "point_num_in_lidar": 185,
    "speed": 0.05026566689073979,
    "if_vehicle": false,
    "motion_state": false,
    "pose": [
      [
        0.9998970379920354,
        -3.491260722530484e-15,
        -0.014349683437420675,
        235.45158056165928
      ],
      [
        0.00022496734002890888,
        0.9998771002503006,
        0.01567589821178579,
        3.3631943432837943
      ],
      [
        0.014347919864917895,
        -0.015677512399942427,
        0.9997741508963409,
        2.9322461118624688
      ],
      [
        0.0,
        0.0,
        0.0,
        1.0
      ]
    ],
    "location": [
      235.45158056165928,
      3.3631943432837943,
      2.9322461118624688
    ],
    "rotation": [
      -0.015679768841563014,
      -0.014348412194364706,
      0.0002249905017067342
    ]
  },
  {
    "label_id": "t8hmHL_iaNKj-Fo23qK60A",
    "size": [
      2.0863567857772396,
      5.21793273795102,
      1.900000000000091
    ],
    "obj_class": "vehicle",
    "point_num_in_lidar": 681,
    "speed": 29.10772191029784,
    "if_vehicle": true,
    "motion_state": true,
    "pose": [
      [
        -0.9998894850682696,
        0.0038864167502538965,
        -0.014349683437420675,
        219.02737901885666
      ],
      [
        -0.004111304896590763,
        -0.9998686730702693,
        0.01567589821178579,
        -11.530908089865079
      ],
      [
        -0.014286875864166671,
        0.015733161714745893,
        0.9997741508963409,
        0.5467760163141975
      ],
      [
        0.0,
        0.0,
        0.0,
        1.0
      ]
    ],
    "location": [
      219.02737901885666,
      -11.530908089865079,
      0.5467760163141975
    ],
    "rotation": [
      0.01573541699529634,
      0.01428736193600173,
      -3.1374809174540763
    ]
  },
  {
    "label_id": "zPi9Ht2yALbDuLbVtJ9k0w",
    "size": [
      2.8527088364843474,
      7.096669548272612,
      2.2000000000000455
    ],
    "obj_class": "vehicle",
    "point_num_in_lidar": 2644,
    "speed": 0.080477939312183,
    "if_vehicle": true,
    "motion_state": false,
    "pose": [
      [
        -0.9989872042238919,
        0.04264566076611066,
        -0.014349683437420675,
        248.50492928069434
      ],
      [
        -0.042869573056452906,
        -0.9989576897552825,
        0.01567589821178579,
        0.5659181497812824
      ],
      [
        -0.013666217578021498,
        0.01627518653074767,
        0.9997741508963409,
        0.7411990910234181
      ],
      [
        0.0,
        0.0,
        0.0,
        1.0
      ]
    ],
    "location": [
      248.50492928069434,
      0.5659181497812824,
      0.7411990910234181
    ],
    "rotation": [
      0.016277425352233695,
      0.01366664301011078,
      -3.0987059311856067
    ]
  }
]