[
  {
    "label_id": "LL8s1dqamsnFCpdiiZBxaQ",
    "size": [
      2.434646783187148,
      5.560345418052805,
      2.0799999999999272
    ],
    "obj_class": "vehicle",
    "point_num_in_lidar": 85,
    "speed": 30.31084872136836,
    "if_vehicle": true,
    "motion_state": true,
    "pose": [
      [
        -0.9998412271935155,
        0.0008829582803723821,
        -0.017797212951475343,
        182.7862562082846
      ],
      [
        -0.0010851938487698458,
        -0.9999349197485334,
        0.011356875530034602,
        -15.611737389914197
      ],
      [
        -0.017786027057092653,
        0.01137438579305399,
        0.9997771154559175,
        0.3482270486927064
      ],
      [
        0.0,
        0.0,
        0.0,
        1.0
      ]
    ],
    "location": [
      182.7862562082846,
      -15.611737389914197,
      0.3482270486927064
    ],
    "rotation": [
      0.011376430716349344,
      0.017786964937420293,
      -3.1405072878405837
    ]
  },
  {
    "label_id": "StcimCkmv-Nr9M7fkv48Mg",
    "size": [
      2.7912556766684387,
      7.724722710341792,
      2.519999999999982
    ],
    "obj_class": "vehicle",
    "point_num_in_lidar": 911,
    "speed": 27.979366921313925,
    "if_vehicle": true,
    "motion_state": true,
    "pose": [
      [
        -0.9998403094516054,
        0.0016170364490747384,
        -0.017797212951475343,
        214.66801811673213
      ],
      [
        -0.0018193407515687018,
        -0.9999338535010327,
        0.011356875530034602,
        -7.9628876069527905
      ],
      [
        -0.01777767124646756,
        0.011387441139140126,
        0.9997771154559175,
        0.7487698210493363
      ],
      [
        0.0,
        0.0,
        0.0,
        1.0
      ]
    ],
    "location": [
      214.66801811673213,
      -7.9628876069527905,
      0.7487698210493363
    ],
    "rotation": [
      0.011389487281010705,
      0.017778607805452557,
      -3.1397730242685973
    ]
  },
  {
    "label_id": "qT1zGYrv0EvrTdS1DNPKog",
    "size": [
      1.7867477203653828,
      0.17873746056648088,
      1.9579331306990753
    ],
    "obj_class": "sign",
    "point_num_in_lidar": 276,
    "speed": 0.03494361579034382,
    "if_vehicle": false,
    "motion_state": false,
    "pose": [
      [
        0.9998416170630026,
        3.807277605996347e-15,
        -0.017797212951475343,
        235.44447062781364
      ],
      [
        0.00020215274981385904,
        0.9999354881753427,
        0.011356875530034602,
        3.349888919166915
      ],
      [
        0.017796064820794072,
        -0.011358674550270204,
        0.9997771154559175,
        2.877473048016782
      ],
      [
        0.0,
        0.0,
        0.0,
        1.0
      ]
    ],
    "location": [
      235.44447062781364,
      3.349888919166915,
      2.877473048016782
    ],
    "rotation": [
      -0.011360718001948666,
      -0.017797004290082054,
      0.00020218476967691736
    ]
  },
  {
    "label_id": "t8hmHL_iaNKj-Fo23qK60A",
    "size": [
      2.086356785775916,
      5.21793273795102,
      1.900000000000091
    ],
    "obj_class": "vehicle",
    "point_num_in_lidar": 673,
    "speed": 29.073470699693125,
    "if_vehicle": true,
    "motion_state": true,
    "pose": [
      [
        -0.9998380365243836,
        0.00267580459397125,
        -0.017797212951475343,
        227.7535848217958
      ],
      [
        -0.0028782078404012198,
        -0.9999313662936186,
        0.011356875530034602,
        -11.49118573099895
      ],
      [
        -0.017765602683070796,
        0.011406260208855842,
        0.9997771154559175,
        0.5467760163146522
      ],
      [
        0.0,
        0.0,
        0.0,
        1.0
      ]
    ],
    "location": [
      227.7535848217958,
      -11.49118573099895,
      0.5467760163146522
    ],
    "rotation": [
      0.01140830810044818,
      0.017766537335790457,
      -3.1387139874609247
    ]
  },
  {
    "label_id": "zPi9Ht2yALbDuLbVtJ9k0w",
    "size": [
      2.852708836484347,
      7.096669548272612,
      2.2000000000000455
    ],
    "obj_class": "vehicle",
    "point_num_in_lidar": 4056,
    "speed": 0.09887341472961442,
    "if_vehicle": true,
    "motion_state": false,
    "pose": [
      [
        -0.998931833723884,
        0.04264329706059974,
        -0.017797212951475343,
        248.52432795236928
      ],
      [
        -0.04284926947391212,
        -0.9990169975950096,
        0.011356875530034602,
        0.5400533461952364
      ],
      [
        -0.017295423631434395,
        0.012107342072233736,
        0.9997771154559175,
        0.6875092254488209
      ],
      [
        0.0,
        0.0,
        0.0,
        1.0
      ]
    ],
    "location": [
      248.52432795236928,
      0.5400533461952364,
      0.6875092254488209
    ],
    "rotation": [
      0.012109449273645668,
      0.017296286015708148,
      -3.0987238448471977
    ]
  }
]