[
  {
    "label_id": "LL8s1dqamsnFCpdiiZBxaQ",
    "size": [
      2.434646783187264,
      5.560345418052805,
      2.0799999999999272
    ],
    "obj_class": "vehicle",
    "point_num_in_lidar": 73,
    "speed": 30.631249675931205,
    "if_vehicle": true,
    "motion_state": true,
    "pose": [
      [
        -0.9999919797335596,
        0.003757064931403033,
        0.001387419063419753,
        85.42757202140274
      ],
      [
        -0.0037306444040256324,
        -0.9998204487482694,
        0.018578281867277717,
        -15.81959778593773
      ],
      [
        0.0014569697618795113,
        0.018572956897342147,
        0.9998264461951396,
        0.5530946643621064
      ],
      [
        0.0,
        0.0,
        0.0,
        1.0
      ]
    ],
    "location": [
      85.42757202140274,
      -15.81959778593773,
      0.5530946643621064
    ],
    "rotation": [
      0.01857404458441886,
      -0.0014569702773464077,
      -3.1378619965723766
    ]
  },
  {
    "label_id": "StcimCkmv-Nr9M7fkv48Mg",
    "size": [
      2.791255676669165,
      7.724722710341792,
      2.519999999999982
    ],
    "obj_class": "vehicle",
    "point_num_in_lidar": 885,
    "speed": 27.362973647877617,
    "if_vehicle": true,
    "motion_state": true,
    "pose": [
      [
        -0.9999896350417516,
        0.004336459086277058,
        0.001387419063419753,
        126.29461018140682
      ],
      [
        -0.004309939178378868,
        -0.9998181193932918,
        0.018578281867277717,
        -8.206526487133488
      ],
      [
        0.0014677306780095127,
        0.01857210961238357,
        0.9998264461951396,
        0.8947744125057397
      ],
      [
        0.0,
        0.0,
        0.0,
        1.0
      ]
    ],
    "location": [
      126.29461018140682,
      -8.206526487133488,
      0.8947744125057397
    ],
    "rotation": [
      0.018573197444698205,
      -0.0014677312049824177,
      -3.137282696425678
    ]
  },
  {
    "label_id": "d4mlmsT2sNV2oqOS7SmBSg",
    "size": [
      1.5364414713748888,
      0.1777361243307497,
      1.6199999999998909
    ],
    "obj_class": "sign",
    "point_num_in_lidar": 68,
    "speed": 0.017692378440109204,
    "if_vehicle": false,
    "motion_state": false,
    "pose": [
      [
        0.9925307414482252,
        -0.12198689416727874,
        0.001387419063419753,
        132.44144061604675
      ],
      [
        0.1219403742686923,
        0.9923635385109991,
        0.018578281867277717,
        -24.847915615032434
      ],
      [
        -0.0036431309951263226,
        -0.018270333476702344,
        0.9998264461951396,
        3.8053367519728454
      ],
      [
        0.0,
        0.0,
        0.0,
        1.0
      ]
    ],
    "location": [
      132.44144061604675,
      -24.847915615032434,
      3.8053367519728454
    ],
    "rotation": [
      -0.01827147135152137,
      0.0036431390540251855,
      0.12224542756036924
    ]
  },
  {
    "label_id": "t8hmHL_iaNKj-Fo23qK60A",
    "size": [
      2.0863567857770127,
      5.21793273795102,
      1.900000000000091
    ],
    "obj_class": "vehicle",
    "point_num_in_lidar": 752,
    "speed": 29.03329286304287,
    "if_vehicle": true,
    "motion_state": true,
    "pose": [
      [
        -0.999998729861238,
        0.0007844388142423108,
        0.001387419063419753,
        134.70178811800542
      ],
      [
        -0.0007585283023272289,
        -0.9998271210952794,
        0.018578281867277717,
        -11.833373055595075
      ],
      [
        0.0014017527333303075,
        0.018577205873654988,
        0.9998264461951396,
        0.5467760163144249
      ],
      [
        0.0,
        0.0,
        0.0,
        1.0
      ]
    ],
    "location": [
      134.70178811800542,
      -11.833373055595075,
      0.5467760163144249
    ],
    "rotation": [
      0.018578292831988426,
      -0.0014017531923838768,
      -3.140834124469506
    ]
  }
]