[
  {
    "label_id": "J_2h-y_g6dbyojpXCQeLjw",
    "size": [
      0.8671817935937713,
      0.14377396713985005,
      0.44000000000005457
    ],
    "obj_class": "sign",
    "point_num_in_lidar": 20,
    "speed": 0.06320638287515905,
    "if_vehicle": false,
    "motion_state": false,
    "pose": [
      [
        0.9999923469320494,
        1.4528812248946994e-14,
        0.0039122982161109284,
        -293.28869847939495
      ],
      [
        -4.953259158226692e-05,
        0.9999198496158826,
        0.012660643375158771,
        4.83533225168776
      ],
      [
        -0.003911984643905942,
        -0.01266074026866441,
        0.9999121971613284,
        4.817606513152668
      ],
      [
        0.0,
        0.0,
        0.0,
        1.0
      ]
    ],
    "location": [
      -293.28869847939495,
      4.83533225168776,
      4.817606513152668
    ],
    "rotation": [
      -0.012661175420388741,
      0.003911994621898242,
      -4.9532970620947215e-05
    ]
  },
  {
    "label_id": "LL8s1dqamsnFCpdiiZBxaQ",
    "size": [
      2.4346467831872745,
      5.560345418052805,
      2.0799999999999272
    ],
    "obj_class": "vehicle",
    "point_num_in_lidar": 235,
    "speed": 25.23910849236241,
    "if_vehicle": true,
    "motion_state": true,
    "pose": [
      [
        -0.9999814008900307,
        -0.0046788670295260576,
        0.0039122982161109284,
        -286.9076108153604
      ],
      [
        0.004728059871005496,
        -0.9999086726092455,
        0.012660643375158771,
        -15.925929989505676
      ],
      [
        0.0038527034492623798,
        0.012678905478659358,
        0.9999121971613284,
        2.2390853207984946
      ],
      [
        0.0,
        0.0,
        0.0,
        1.0
      ]
    ],
    "location": [
      -286.9076108153604,
      -15.925929989505676,
      2.2390853207984946
    ],
    "rotation": [
      0.01267933930922059,
      -0.0038527129804802208,
      3.136864541012157
    ]
  },
  {
    "label_id": "StcimCkmv-Nr9M7fkv48Mg",
    "size": [
      2.791255676668824,
      7.724722710341792,
      2.519999999999982
    ],
    "obj_class": "vehicle",
    "point_num_in_lidar": 15041,
    "speed": 26.617248804153984,
    "if_vehicle": true,
    "motion_state": true,
    "pose": [
      [
        -0.9999914486694862,
        -0.0013403397221386727,
        0.0039122982161109284,
        -249.46859712959122
      ],
      [
        0.0013897750974365295,
        -0.9999188850274334,
        0.012660643375158771,
        -8.282451350161864
      ],
      [
        0.0038950113069249,
        0.01266597232444725,
        0.9999121971613284,
        2.237779887326269
      ],
      [
        0.0,
        0.0,
        0.0,
        1.0
      ]
    ],
    "location": [
      -249.46859712959122,
      -8.282451350161864,
      2.237779887326269
    ],
    "rotation": [
      0.012666407096499232,
      -0.003895021155601635,
      3.1402028675026226
    ]
  },
  {
    "label_id": "bJVr4gA80aT7mx-FsRevTQ",
    "size": [
      0.9477387401439057,
      0.1381292931892962,
      0.8599999999999
    ],
    "obj_class": "sign",
    "point_num_in_lidar": 43,
    "speed": 0.03648135676157345,
    "if_vehicle": false,
    "motion_state": false,
    "pose": [
      [
        0.9999923469320494,
        -2.0110094444830048e-14,
        0.0039122982161109284,
        -293.2111017642492
      ],
      [
        -4.9532591547630554e-05,
        0.9999198496158826,
        0.012660643375158771,
        4.84358826020798
      ],
      [
        -0.00391198464390638,
        -0.012660740268664275,
        0.9999121971613284,
        4.120865355409251
      ],
      [
        0.0,
        0.0,
        0.0,
        1.0
      ]
    ],
    "location": [
      -293.2111017642492,
      4.84358826020798,
      4.120865355409251
    ],
    "rotation": [
      -0.012661175420388606,
      0.00391199462189868,
      -4.953297058631059e-05
    ]
  },
  {
    "label_id": "t8hmHL_iaNKj-Fo23qK60A",
    "size": [
      2.08635678577657,
      5.21793273795102,
      1.900000000000091
    ],
    "obj_class": "vehicle",
    "point_num_in_lidar": 192,
    "speed": 28.887385431590687,
    "if_vehicle": true,
    "motion_state": true,
    "pose": [
      [
        -0.9999877738704142,
        -0.0030242407909924314,
        0.0039122982161109284,
        -262.75643553886584
      ],
      [
        0.0030735539050241105,
        -0.9999151270861543,
        0.012660643375158771,
        -12.083267409936525
      ],
      [
        0.00387367733382613,
        0.012672513243951973,
        0.9999121971613284,
        2.0067860653148273
      ],
      [
        0.0,
        0.0,
        0.0,
        1.0
      ]
    ],
    "location": [
      -262.75643553886584,
      -12.083267409936525,
      2.0067860653148273
    ],
    "rotation": [
      0.012672947540376518,
      -0.0038736870215557513,
      3.1385190717852898
    ]
  }
]