[
  {
    "label_id": "LL8s1dqamsnFCpdiiZBxaQ",
    "size": [
      2.4346467831857384,
      5.560345418052805,
      2.0799999999999272
    ],
    "obj_class": "vehicle",
    "point_num_in_lidar": 78,
    "speed": 24.669325922525907,
    "if_vehicle": true,
    "motion_state": true,
    "pose": [
      [
        -0.9999145404383225,
        -0.011794623066974213,
        0.005639032428182166,
        -160.4450182699402
      ],
      [
        0.011884885480817124,
        -0.9997973141303599,
        0.01625054321634302,
        -15.608447249585879
      ],
      [
        0.005446220444120192,
        0.01631617370667429,
        0.9998520496345684,
        1.5362254660649342
      ],
      [
        0.0,
        0.0,
        0.0,
        1.0
      ]
    ],
    "location": [
      -160.4450182699402,
      -15.608447249585879,
      1.5362254660649342
    ],
    "rotation": [
      0.016317139752511867,
      -0.005446247368158187,
      3.1297073120231316
    ]
  },
  {
    "label_id": "StcimCkmv-Nr9M7fkv48Mg",
    "size": [
      2.7912556766687766,
      7.724722710341792,
      2.519999999999982
    ],
    "obj_class": "vehicle",
    "point_num_in_lidar": 2978,
    "speed": 27.73085497553513,
    "if_vehicle": true,
    "motion_state": true,
    "pose": [
      [
        -0.9999804908307586,
        -0.0026868701398938487,
        0.005639032428182166,
        -110.8704246612997
      ],
      [
        0.0027781965118794903,
        -0.9998640914990972,
        0.01625054321634302,
        -8.273644864862035
      ],
      [
        0.005594602936413264,
        0.0162658925219675,
        0.9998520496345684,
        1.424771891466662
      ],
      [
        0.0,
        0.0,
        0.0,
        1.0
      ]
    ],
    "location": [
      -110.8704246612997,
      -8.273644864862035,
      1.424771891466662
    ],
    "rotation": [
      0.01626686447449046,
      -0.005594632121613244,
      3.1388144100246573
    ]
  },
  {
    "label_id": "oIHTf6nRZ0wTZsebBcs5mQ",
    "size": [
      1.417599871679293,
      0.20209116745286218,
      1.888936170212446
    ],
    "obj_class": "sign",
    "point_num_in_lidar": 85,
    "speed": 0.05923602440996953,
    "if_vehicle": false,
    "motion_state": false,
    "pose": [
      [
        0.9995355650482777,
        0.029947546091356074,
        0.005639032428182166,
        -134.4250508365658
      ],
      [
        -0.030035665216265786,
        0.9994167192218619,
        0.01625054321634302,
        5.112970838699766
      ],
      [
        -0.005149079396978505,
        -0.016412367986245423,
        0.9998520496345684,
        3.935623056511531
      ],
      [
        0.0,
        0.0,
        0.0,
        1.0
      ]
    ],
    "location": [
      -134.4250508365658,
      5.112970838699766,
      3.935623056511531
    ],
    "rotation": [
      -0.016413322501753626,
      0.00514910215018964,
      -0.030040581474767934
    ]
  },
  {
    "label_id": "t8hmHL_iaNKj-Fo23qK60A",
    "size": [
      2.08635678577681,
      5.21793273795102,
      1.900000000000091
    ],
    "obj_class": "vehicle",
    "point_num_in_lidar": 416,
    "speed": 28.895574019094568,
    "if_vehicle": true,
    "motion_state": true,
    "pose": [
      [
        -0.9999833629733205,
        -0.0012145327669398362,
        0.005639032428182166,
        -114.7000902688651
      ],
      [
        0.0013060304220250468,
        -0.9998670982334154,
        0.01625054321634302,
        -12.106263444629803
      ],
      [
        0.005618546173593813,
        0.016257637603523965,
        0.9998520496345684,
        1.1151011384297362
      ],
      [
        0.0,
        0.0,
        0.0,
        1.0
      ]
    ],
    "location": [
      -114.7000902688651,
      -12.106263444629803,
      1.1151011384297362
    ],
    "rotation": [
      0.01625861051791163,
      -0.005618575735115244,
      3.1402866021815523
    ]
  }
]