[
  {
    "label_id": "LL8s1dqamsnFCpdiiZBxaQ",
    "size": [
      2.4346467831880805,
      5.560345418052805,
      2.0799999999999272
    ],
    "obj_class": "vehicle",
    "point_num_in_lidar": 87,
    "speed": 24.75102796152606,
    "if_vehicle": true,
    "motion_state": true,
    "pose": [
      [
        -0.9999580078939608,
        -0.008445052761945071,
        0.0035585857568936046,
        -155.49961276281465
      ],
      [
        0.008496064751647266,
        -0.9998577224202698,
        0.014572295642291008,
        -15.598044288233723
      ],
      [
        0.0034350156443630417,
        0.014601917695922024,
        0.9998874860038626,
        1.5162204343421308
      ],
      [
        0.0,
        0.0,
        0.0,
        1.0
      ]
    ],
    "location": [
      -155.49961276281465,
      -15.598044288233723,
      1.5162204343421308
    ],
    "rotation": [
      0.01460252279585167,
      -0.003435022399547518,
      3.133096436496555
    ]
  },
  {
    "label_id": "StcimCkmv-Nr9M7fkv48Mg",
    "size": [
      2.791255676669348,
      7.724722710341792,
      2.519999999999982
    ],
    "obj_class": "vehicle",
    "point_num_in_lidar": 2760,
    "speed": 27.722389377767982,
    "if_vehicle": true,
    "motion_state": true,
    "pose": [
      [
        -0.9999895762950387,
        -0.002860728697339336,
        0.0035585857568936046,
        -105.31766632121253
      ],
      [
        0.0029122999285050785,
        -0.999889577257829,
        0.014572295642291008,
        -8.291408613937165
      ],
      [
        0.003516505423766063,
        0.014582507414026006,
        0.9998874860038626,
        1.3967760163152434
      ],
      [
        0.0,
        0.0,
        0.0,
        1.0
      ]
    ],
    "location": [
      -105.31766632121253,
      -8.291408613937165,
      1.3967760163152434
    ],
    "rotation": [
      0.014583114463380252,
      -0.0035165126712129466,
      3.1386803315377807
    ]
  },
  {
    "label_id": "oIHTf6nRZ0wTZsebBcs5mQ",
    "size": [
      1.4175998716792915,
      0.20209116745286218,
      1.888936170212446
    ],
    "obj_class": "sign",
    "point_num_in_lidar": 81,
    "speed": 0.060883033072091315,
    "if_vehicle": false,
    "motion_state": false,
    "pose": [
      [
        0.9995451284401833,
        0.02994783262455349,
        0.0035585857568936046,
        -134.43315927326876
      ],
      [
        -0.029996676113665674,
        0.9994437691145237,
        0.014572295642291008,
        5.103096231336167
      ],
      [
        -0.0031201976907361635,
        -0.014672412863814332,
        0.9998874860038626,
        3.9088895043464618
      ],
      [
        0.0,
        0.0,
        0.0,
        1.0
      ]
    ],
    "location": [
      -134.43315927326876,
      5.103096231336167,
      3.9088895043464618
    ],
    "rotation": [
      -0.014673010791087633,
      0.0031202027536086055,
      -0.030001322525678734
    ]
  },
  {
    "label_id": "t8hmHL_iaNKj-Fo23qK60A",
    "size": [
      2.0863567857777308,
      5.21793273795102,
      1.900000000000091
    ],
    "obj_class": "vehicle",
    "point_num_in_lidar": 449,
    "speed": 28.91043771999914,
    "if_vehicle": true,
    "motion_state": true,
    "pose": [
      [
        -0.9999932330980684,
        0.0009328587691192092,
        0.0035585857568936046,
        -108.92267261135567
      ],
      [
        -0.0008809085520571614,
        -0.9998934304213807,
        0.014572295642291008,
        -12.104575133876097
      ],
      [
        0.003571800413685121,
        0.014569062244369003,
        0.9998874860038626,
        1.04843057460198
      ],
      [
        0.0,
        0.0,
        0.0,
        1.0
      ]
    ],
    "location": [
      -108.92267261135567,
      -12.104575133876097,
      1.04843057460198
    ],
    "rotation": [
      0.014569670637614171,
      -0.0035718080084230553,
      -3.1407117393045403
    ]
  }
]