[
  {
    "label_id": "LL8s1dqamsnFCpdiiZBxaQ",
    "size": [
      2.4346467831872376,
      5.560345418052805,
      2.0799999999999272
    ],
    "obj_class": "vehicle",
    "point_num_in_lidar": 26,
    "speed": 24.79931768432662,
    "if_vehicle": true,
    "motion_state": true,
    "pose": [
      [
        -0.9999760286418645,
        0.0003783871422652127,
        0.006913679542444866,
        -236.63821072038445
      ],
      [
        -0.0002968862258960242,
        -0.999930503543888,
        0.011785581913302656,
        -15.747351954596525
      ],
      [
        0.00691765857887808,
        0.011783246820671365,
        0.9999066461896077,
        1.9962255436964824
      ],
      [
        0.0,
        0.0,
        0.0,
        1.0
      ]
    ],
    "location": [
      -236.63821072038445,
      -15.747351954596525,
      1.9962255436964824
    ],
    "rotation": [
      0.011783801479118233,
      -0.0069177137530054104,
      -3.1412957602556837
    ]
  },
  {
    "label_id": "StcimCkmv-Nr9M7fkv48Mg",
    "size": [
      2.791255676669324,
      7.724722710341792,
      2.519999999999982
    ],
    "obj_class": "vehicle",
    "point_num_in_lidar": 6610,
    "speed": 27.052133681126453,
    "if_vehicle": true,
    "motion_state": true,
    "pose": [
      [
        -0.9999746068813372,
        0.0017281862455989915,
        0.006913679542444866,
        -195.92215007405684
      ],
      [
        -0.0016466239522538518,
        -0.9999291918373643,
        0.011785581913302656,
        -8.256400891653357
      ],
      [
        0.006933557678058364,
        0.011773898410289823,
        0.9999066461896077,
        1.8947837723219436
      ],
      [
        0.0,
        0.0,
        0.0,
        1.0
      ]
    ],
    "location": [
      -195.92215007405684,
      -8.256400891653357,
      1.8947837723219436
    ],
    "rotation": [
      0.011774453493078443,
      -0.006933613233492156,
      -3.1399459893118737
    ]
  },
  {
    "label_id": "t8hmHL_iaNKj-Fo23qK60A",
    "size": [
      2.0863567857766885,
      5.21793273795102,
      1.900000000000091
    ],
    "obj_class": "vehicle",
    "point_num_in_lidar": 23,
    "speed": 29.08885987484328,
    "if_vehicle": true,
    "motion_state": true,
    "pose": [
      [
        -0.9999674771290413,
        0.004152796571583047,
        0.006913679542444866,
        -204.8639977991752
      ],
      [
        -0.004071124401181511,
        -0.9999222599807821,
        0.011785581913302656,
        -12.373783033453947
      ],
      [
        0.006962085197028045,
        0.011757052162855717,
        0.9999066461896077,
        1.6667795750006462
      ],
      [
        0.0,
        0.0,
        0.0,
        1.0
      ]
    ],
    "location": [
      -204.8639977991752,
      -12.373783033453947,
      1.6667795750006462
    ],
    "rotation": [
      0.011757608005132356,
      -0.006962141441031108,
      -3.137521419273301
    ]
  }
]