[
  {
    "label_id": "CC3Vp_-AHLrrhAKyKYFMdA",
    "size": [
      2.18821097382699,
      4.54029305047017,
      1.8399999999999181
    ],
    "obj_class": "vehicle",
    "point_num_in_lidar": 37,
    "speed": 25.561428663881816,
    "if_vehicle": true,
    "motion_state": true,
    "pose": [
      [
        -0.9999600922776087,
        -0.0012574040682530342,
        0.008844930026023849,
        -365.4194834419395
      ],
      [
        0.0013886196263458443,
        -0.9998888478498889,
        0.014844651594267545,
        -8.075918461620859
      ],
      [
        0.008825281167727442,
        0.01485634142146052,
        0.9998506906192941,
        2.0898879067615326
      ],
      [
        0.0,
        0.0,
        0.0,
        1.0
      ]
    ],
    "location": [
      -365.4194834419395,
      -8.075918461620859,
      2.0898879067615326
    ],
    "rotation": [
      0.01485746661354592,
      -0.008825395732111179,
      3.140203979437237
    ]
  },
  {
    "label_id": "EgwNcqvCr6hFU5s2difcyw",
    "size": [
      2.5319589891386185,
      5.7809141479058095,
      1.9700000000000273
    ],
    "obj_class": "vehicle",
    "point_num_in_lidar": 60,
    "speed": 24.311534830156518,
    "if_vehicle": true,
    "motion_state": true,
    "pose": [
      [
        -0.9999544365524767,
        -0.003590547570172888,
        0.008844930026023849,
        -362.08815380875785
      ],
      [
        0.003721596540744564,
        -0.9998828861612907,
        0.014844651594267545,
        -15.761792674155004
      ],
      [
        0.008790593734603527,
        0.014876892481751607,
        0.9998506906192941,
        2.551894045207746
      ],
      [
        0.0,
        0.0,
        0.0,
        1.0
      ]
    ],
    "location": [
      -362.08815380875785,
      -15.761792674155004,
      2.551894045207746
    ],
    "rotation": [
      0.01487801619961055,
      -0.008790706953385824,
      3.1378709046564786
    ]
  },
  {
    "label_id": "LL8s1dqamsnFCpdiiZBxaQ",
    "size": [
      2.4346467831859395,
      5.560345418052805,
      2.0799999999999272
    ],
    "obj_class": "vehicle",
    "point_num_in_lidar": 300,
    "speed": 25.16594329842001,
    "if_vehicle": true,
    "motion_state": true,
    "pose": [
      [
        -0.9999564541450139,
        -0.002976075698879992,
        0.008844930026023849,
        -327.24982193467986
      ],
      [
        0.0031071686123665897,
        -0.9998849842968235,
        0.014844651594267545,
        -15.730557654078439
      ],
      [
        0.00879973391330932,
        0.014871487860177342,
        0.9998506906192941,
        2.489560130595919
      ],
      [
        0.0,
        0.0,
        0.0,
        1.0
      ]
    ],
    "location": [
      -327.24982193467986,
      -15.730557654078439,
      2.489560130595919
    ],
    "rotation": [
      0.014872611966952932,
      -0.008799847485630995,
      3.138485359667852
    ]
  },
  {
    "label_id": "StcimCkmv-Nr9M7fkv48Mg",
    "size": [
      2.7912556766686123,
      7.724722710341792,
      2.519999999999982
    ],
    "obj_class": "vehicle",
    "point_num_in_lidar": 29900,
    "speed": 26.021776710310476,
    "if_vehicle": true,
    "motion_state": true,
    "pose": [
      [
        -0.9999606925622199,
        -0.0006168819338513108,
        0.008844930026023849,
        -291.72478934016544
      ],
      [
        0.0007481431004609151,
        -0.9998895321989054,
        0.014844651594267545,
        -8.212579782640205
      ],
      [
        0.008834795548670218,
        0.014850685362421666,
        0.9998506906192941,
        2.502772371960873
      ],
      [
        0.0,
        0.0,
        0.0,
        1.0
      ]
    ],
    "location": [
      -291.72478934016544,
      -8.212579782640205,
      2.502772371960873
    ],
    "rotation": [
      0.01485181095804051,
      -0.008834910483991812,
      3.1408444812201877
    ]
  },
  {
    "label_id": "t8hmHL_iaNKj-Fo23qK60A",
    "size": [
      2.0863567857757013,
      5.21793273795102,
      1.900000000000091
    ],
    "obj_class": "vehicle",
    "point_num_in_lidar": 921,
    "speed": 29.16057820686592,
    "if_vehicle": true,
    "motion_state": true,
    "pose": [
      [
        -0.9999550938825784,
        -0.0034025624341869464,
        0.008844930026023849,
        -309.09360700607067
      ],
      [
        0.0035336248534612335,
        -0.9998835681290296,
        0.014844651594267545,
        -12.009795579451747
      ],
      [
        0.008793390340409069,
        0.014875239643167053,
        0.9998506906192941,
        2.371783228037657
      ],
      [
        0.0,
        0.0,
        0.0,
        1.0
      ]
    ],
    "location": [
      -309.09360700607067,
      -12.009795579451747,
      2.371783228037657
    ],
    "rotation": [
      0.014876363480056522,
      -0.008793503667285223,
      3.1380588847572457
    ]
  }
]