[
  {
    "label_id": "72Ruk2alY67J-_5Cp0_YSA",
    "size": [
      2.0211462441560126,
      4.7632808137299545,
      1.6200000000000043
    ],
    "obj_class": "vehicle",
    "point_num_in_lidar": 341,
    "speed": 1.897149936107019e-14,
    "if_vehicle": true,
    "motion_state": false,
    "pose": [
      [
        0.12957057634161584,
        0.9915118002564894,
        -0.010761770237136392,
        22.824830465365913
      ],
      [
        -0.9906555342590591,
        0.1289773668472426,
        -0.044344687202079715,
        9.885208739328846
      ],
      [
        -0.04258025585174409,
        0.01640697392230574,
        0.9989583239646751,
        2.562989300955178
      ],
      [
        0.0,
        0.0,
        0.0,
        1.0
      ]
    ],
    "location": [
      22.824830465365913,
      9.885208739328846,
      2.562989300955178
    ],
    "rotation": [
      0.01642260593300739,
      0.04259313324984844,
      -1.4407418121208855
    ]
  },
  {
    "label_id": "B5B-kmXqho_2g4pBQn0dGw",
    "size": [
      1.8456881976468038,
      4.161034296729285,
      1.907634382527773
    ],
    "obj_class": "vehicle",
    "point_num_in_lidar": 375,
    "speed": 0.013761253755783288,
    "if_vehicle": true,
    "motion_state": false,
    "pose": [
      [
        0.15896533007582359,
        0.9872255102737406,
        -0.010761770237136392,
        20.299951112066907
      ],
      [
        -0.9863872428466985,
        0.1583469477641988,
        -0.044344687202079715,
        8.873911028809971
      ],
      [
        -0.04207411298141242,
        0.017664540710546378,
        0.9989583239646751,
        2.3770062344327196
      ],
      [
        0.0,
        0.0,
        0.0,
        1.0
      ]
    ],
    "location": [
      20.299951112066907,
      8.873911028809971,
      2.3770062344327196
    ],
    "rotation": [
      0.017681117894699602,
      0.042086536363539144,
      -1.4110110525336503
    ]
  },
  {
    "label_id": "C0ecke8GcghXZUAZbkXQUQ",
    "size": [
      1.0495355338302355,
      0.13964836255290564,
      1.0222362312174704
    ],
    "obj_class": "sign",
    "point_num_in_lidar": 64,
    "speed": 0.006934965520949693,
    "if_vehicle": false,
    "motion_state": false,
    "pose": [
      [
        -0.9798498400250159,
        0.19944541936157342,
        -0.010761770237136392,
        15.89544613467119
      ],
      [
        -0.19879307407886412,
        -0.9790377226722293,
        -0.044344687202079715,
        14.30289960768448
      ],
      [
        -0.01938052376036438,
        -0.041311769272946414,
        0.9989583239646751,
        4.294801037342163
      ],
      [
        0.0,
        0.0,
        0.0,
        1.0
      ]
    ],
    "location": [
      15.89544613467119,
      14.30289960768448,
      4.294801037342163
    ],
    "rotation": [
      -0.04133129644560194,
      0.01938173720144672,
      -2.941428286904109
    ]
  },
  {
    "label_id": "DAc1kIT_9M97g649quYMWg",
    "size": [
      2.157104036414042,
      4.930898524838149,
      1.7600000000000042
    ],
    "obj_class": "vehicle",
    "point_num_in_lidar": 73,
    "speed": 5.630152802991186e-29,
    "if_vehicle": true,
    "motion_state": false,
    "pose": [
      [
        -0.9974021172216656,
        0.0712264056590099,
        -0.010761770237136392,
        34.63704200997967
      ],
      [
        -0.07068440962920475,
        -0.9965125503235374,
        -0.044344687202079715,
        29.88241296812828
      ],
      [
        -0.01388275178448196,
        -0.04346879552710968,
        0.9989583239646751,
        3.0400921510330203
      ],
      [
        0.0,
        0.0,
        0.0,
        1.0
      ]
    ],
    "location": [
      34.63704200997967,
      29.88241296812828,
      3.0400921510330203
    ],
    "rotation": [
      -0.043486689947959914,
      0.01388319776213176,
      -3.070842421710586
    ]
  },
  {
    "label_id": "Igomu2nuSP6CbWRKi0IzQQ",
    "size": [
      0.8756509835635471,
      0.877486198740949,
      1.094815857252211
    ],
    "obj_class": "sign",
    "point_num_in_lidar": 26,
    "speed": 5.347542221830668e-14,
    "if_vehicle": false,
    "motion_state": false,
    "pose": [
      [
        -0.07845627172973821,
        -0.9968594673912832,
        -0.010761770237136392,
        -7.138473223023283
      ],
      [
        0.9959738536586648,
        -0.07790784007568463,
        -0.044344687202079715,
        -15.15651500801016
      ],
      [
        0.043366994991332154,
        -0.014197560604166467,
        0.9989583239646751,
        0.036060336514376345
      ],
      [
        0.0,
        0.0,
        0.0,
        1.0
      ]
    ],
    "location": [
      -7.138473223023283,
      -15.15651500801016,
      0.036060336514376345
    ],
    "rotation": [
      -0.014211408475605071,
      -0.04338059986597542,
      1.6494074194916502
    ]
  },
  {
    "label_id": "Iwwdev7I0s7EU1ea7W8pPQ",
    "size": [
      0.7022088959207554,
      0.6592307009191769,
      1.2836359497641205
    ],
    "obj_class": "sign",
    "point_num_in_lidar": 67,
    "speed": 0.046838957720656375,
    "if_vehicle": false,
    "motion_state": false,
    "pose": [
      [
        -0.9857050879385518,
        0.16813584957829497,
        -0.010761770237136392,
        20.533159954700395
      ],
      [
        -0.16750970133407808,
        -0.9848726053027964,
        -0.044344687202079715,
        29.095881217863052
      ],
      [
        -0.01805490434812403,
        -0.04190808287988487,
        0.9989583239646751,
        2.1581800310263333
      ],
      [
        0.0,
        0.0,
        0.0,
        1.0
      ]
    ],
    "location": [
      20.533159954700395,
      29.095881217863052,
      2.1581800310263333
    ],
    "rotation": [
      -0.04192719795995008,
      0.018055885413706514,
      -2.9732618187640925
    ]
  },
  {
    "label_id": "MvRm0petZcTntUsaOWaEQA",
    "size": [
      2.2355196123449117,
      5.095232448087598,
      1.8026681047894613
    ],
    "obj_class": "vehicle",
    "point_num_in_lidar": 118,
    "speed": 2.4192048408773433e-30,
    "if_vehicle": true,
    "motion_state": false,
    "pose": [
      [
        -0.983997384750574,
        0.1778576146961214,
        -0.010761770237136392,
        28.1628664125234
      ],
      [
        -0.17722327946963945,
        -0.9831711234220499,
        -0.044344687202079715,
        29.098908272491485
      ],
      [
        -0.01846770202426289,
        -0.04172782002010462,
        0.9989583239646751,
        2.675249612219971
      ],
      [
        0.0,
        0.0,
        0.0,
        1.0
      ]
    ],
    "location": [
      28.1628664125234,
      29.098908272491485,
      2.675249612219971
    ],
    "rotation": [
      -0.04174706279640947,
      0.018468751938892584,
      -2.9633975887104738
    ]
  },
  {
    "label_id": "U0Baavqmz4D7q9SZ3qExwA",
    "size": [
      0.6095680278108483,
      0.07759806835408467,
      0.8100000000000032
    ],
    "obj_class": "sign",
    "point_num_in_lidar": 396,
    "speed": 0.05741646143818638,
    "if_vehicle": false,
    "motion_state": false,
    "pose": [
      [
        0.9907205325126669,
        -0.13548804655459848,
        -0.010761770237136392,
        -9.251498462384887
      ],
      [
        0.13488973533299797,
        0.9898678235091509,
        -0.044344687202079715,
        32.67300123153211
      ],
      [
        0.016660905125824247,
        0.0424815397799502,
        0.9989583239646751,
        4.207469193783438
      ],
      [
        0.0,
        0.0,
        0.0,
        1.0
      ]
    ],
    "location": [
      -9.251498462384887,
      32.67300123153211,
      4.207469193783438
    ],
    "rotation": [
      0.04250023046650155,
      -0.016661676027125042,
      0.1353210782870403
    ]
  },
  {
    "label_id": "Uewd-LzyluP8_XsiaH9KoQ",
    "size": [
      1.9935855898837018,
      4.014706307395386,
      1.270000000000004
    ],
    "obj_class": "vehicle",
    "point_num_in_lidar": 253,
    "speed": 5.330226875058932e-14,
    "if_vehicle": true,
    "motion_state": false,
    "pose": [
      [
        0.9778788793649708,
        -0.2088949056182849,
        -0.010761770237136392,
        27.219412051516414
      ],
      [
        0.208234751122922,
        0.9770730971333335,
        -0.044344687202079715,
        18.83072466282124
      ],
      [
        0.019778415423986995,
        0.04112275847998771,
        0.9989583239646751,
        2.421078568596764
      ],
      [
        0.0,
        0.0,
        0.0,
        1.0
      ]
    ],
    "location": [
      27.219412051516414,
      18.83072466282124,
      2.421078568596764
    ],
    "rotation": [
      0.041142410121416464,
      -0.01977970515663823,
      0.20981145398108994
    ]
  },
  {
    "label_id": "Z3bJL-eNNXFM_LalVkc8mw",
    "size": [
      2.156756926984127,
      4.819571506707183,
      1.5762064264043985
    ],
    "obj_class": "vehicle",
    "point_num_in_lidar": 163,
    "speed": 5.8062616868588134e-30,
    "if_vehicle": true,
    "motion_state": false,
    "pose": [
      [
        0.99460733554802,
        -0.10315247149453818,
        -0.010761770237136392,
        -25.497154581145466
      ],
      [
        0.10258224686356403,
        0.993735594283194,
        -0.044344687202079715,
        43.533300572029475
      ],
      [
        0.015268618224686663,
        0.043001584612616016,
        0.9989583239646751,
        1.873081161139452
      ],
      [
        0.0,
        0.0,
        0.0,
        1.0
      ]
    ],
    "location": [
      -25.497154581145466,
      43.533300572029475,
      1.873081161139452
    ],
    "rotation": [
      0.04301986629772243,
      -0.015269211550882717,
      0.10277504143688476
    ]
  },
  {
    "label_id": "_19zTcFKhyx8bj5ZARF6fw",
    "size": [
      0.35409005057298687,
      0.08913621921783488,
      0.5241381214598029
    ],
    "obj_class": "sign",
    "point_num_in_lidar": 21,
    "speed": 0.0078089718253737265,
    "if_vehicle": false,
    "motion_state": false,
    "pose": [
      [
        -0.9844279871136858,
        0.17545860619718834,
        -0.010761770237136392,
        24.58843905965253
      ],
      [
        -0.17482628685577592,
        -0.9836001820562925,
        -0.044344687202079715,
        16.687665491831126
      ],
      [
        -0.01836593617322255,
        -0.0417727108309758,
        0.9989583239646751,
        4.24694105185837
      ],
      [
        0.0,
        0.0,
        0.0,
        1.0
      ]
    ],
    "location": [
      24.58843905965253,
      16.687665491831126,
      4.24694105185837
    ],
    "rotation": [
      -0.04179192206106067,
      0.018366968824985466,
      -2.9658333645153423
    ]
  },
  {
    "label_id": "aA6RETqJMHUjJusjfdGJOw",
    "size": [
      0.47948701183918074,
      0.07570880272786432,
      0.4900000000000029
    ],
    "obj_class": "sign",
    "point_num_in_lidar": 43,
    "speed": 0.03071300070818411,
    "if_vehicle": false,
    "motion_state": false,
    "pose": [
      [
        -0.9761544861416588,
        0.21681006315869505,
        -0.010761770237136392,
        20.834953559599256
      ],
      [
        -0.21614340250697409,
        -0.9753540784093017,
        -0.044344687202079715,
        29.90231826874856
      ],
      [
        -0.0201109109247303,
        -0.04096117971280577,
        0.9989583239646751,
        3.4500941194849837
      ],
      [
        0.0,
        0.0,
        0.0,
        1.0
      ]
    ],
    "location": [
      20.834953559599256,
      29.90231826874856,
      3.4500941194849837
    ],
    "rotation": [
      -0.04098093542884462,
      0.02011226681027659,
      -2.923685108687813
    ]
  },
  {
    "label_id": "bKRJ8-zMfp6HhSzdwwk84A",
    "size": [
      2.133223537123339,
      5.12838055531279,
      1.9579890078509765
    ],
    "obj_class": "vehicle",
    "point_num_in_lidar": 1165,
    "speed": 4.963587140805226,
    "if_vehicle": true,
    "motion_state": true,
    "pose": [
      [
        -0.016484575466802386,
        -0.9998062027578357,
        -0.010761770237136392,
        3.347627365654816
      ],
      [
        0.9988882824307608,
        -0.01599212116870687,
        -0.044344687202079715,
        15.215902707182067
      ],
      [
        0.044163989790373254,
        -0.011480809530822082,
        0.9989583239646751,
        2.4207107137044237
      ],
      [
        0.0,
        0.0,
        0.0,
        1.0
      ]
    ],
    "location": [
      3.347627365654816,
      15.215902707182067,
      2.4207107137044237
    ],
    "rotation": [
      -0.011492275321506354,
      -0.04417835907378087,
      1.5872977509241863
    ]
  },
  {
    "label_id": "c9nPCP9bzZhCpuh1N5SLEw",
    "size": [
      2.0621342759695476,
      4.46148502338097,
      1.740000000000004
    ],
    "obj_class": "vehicle",
    "point_num_in_lidar": 317,
    "speed": 7.113229329843194e-14,
    "if_vehicle": true,
    "motion_state": false,
    "pose": [
      [
        0.9864104733253509,
        -0.16394682801268337,
        -0.010761770237136392,
        32.15599966290409
      ],
      [
        0.16332422199844124,
        0.9855753381784438,
        -0.044344687202079715,
        19.551079981530165
      ],
      [
        0.017876706146860016,
        0.041984406141161806,
        0.9989583239646751,
        2.957534023850337
      ],
      [
        0.0,
        0.0,
        0.0,
        1.0
      ]
    ],
    "location": [
      32.15599966290409,
      19.551079981530165,
      2.957534023850337
    ],
    "rotation": [
      0.04200346633495004,
      -0.017877658446711908,
      0.16408564465245326
    ]
  },
  {
    "label_id": "cWrnwHWpHiZpv2NMxXOYNQ",
    "size": [
      0.8143112167351383,
      0.1133305424362818,
      0.8722620774366554
    ],
    "obj_class": "sign",
    "point_num_in_lidar": 33,
    "speed": 0.006722990168519445,
    "if_vehicle": false,
    "motion_state": false,
    "pose": [
      [
        -0.9844279871138926,
        0.17545860619602807,
        -0.010761770237136392,
        24.59452784578434
      ],
      [
        -0.17482628685461662,
        -0.9836001820564986,
        -0.044344687202079715,
        16.68820846756148
      ],
      [
        -0.018365936173173315,
        -0.04177271083099745,
        0.9989583239646751,
        4.938503906739081
      ],
      [
        0.0,
        0.0,
        0.0,
        1.0
      ]
    ],
    "location": [
      24.59452784578434,
      16.68820846756148,
      4.938503906739081
    ],
    "rotation": [
      -0.04179192206108231,
      0.01836696882493622,
      -2.9658333645165205
    ]
  },
  {
    "label_id": "chI0ixZCYxKYW00RUnzfZw",
    "size": [
      2.190259994116225,
      5.086278539715913,
      1.5167886578102792
    ],
    "obj_class": "vehicle",
    "point_num_in_lidar": 3107,
    "speed": 0.004574714819189389,
    "if_vehicle": true,
    "motion_state": false,
    "pose": [
      [
        -0.07803821637856545,
        -0.9968922815860374,
        -0.010761770237136392,
        6.9363384688460314
      ],
      [
        0.9960064379379888,
        -0.0774901561685684,
        -0.044344687202079715,
        38.83110370435497
      ],
      [
        0.04337294514477446,
        -0.014179372734912982,
        0.9989583239646751,
        2.605476297560212
      ],
      [
        0.0,
        0.0,
        0.0,
        1.0
      ]
    ],
    "location": [
      6.9363384688460314,
      38.83110370435497,
      2.605476297560212
    ],
    "rotation": [
      -0.014193205312900727,
      -0.043386555623307836,
      1.6489877013685135
    ]
  },
  {
    "label_id": "csqfDiMmc-bQfxhgaeDxNg",
    "size": [
      2.1408995573179053,
      4.846744126654841,
      1.6700000000000044
    ],
    "obj_class": "vehicle",
    "point_num_in_lidar": 422,
    "speed": 1.790180836524724e-14,
    "if_vehicle": true,
    "motion_state": false,
    "pose": [
      [
        -0.9798225627330194,
        0.19957938235364245,
        -0.010761770237136392,
        22.61891960161686
      ],
      [
        -0.19892692604452294,
        -0.9790105345763275,
        -0.044344687202079715,
        27.72764758778976
      ],
      [
        -0.019386171715303054,
        -0.04130911918586489,
        0.9989583239646751,
        2.4350921510330266
      ],
      [
        0.0,
        0.0,
        0.0,
        1.0
      ]
    ],
    "location": [
      22.61891960161686,
      27.72764758778976,
      2.4350921510330266
    ],
    "rotation": [
      -0.04132864812404066,
      0.01938738621769282,
      -2.941291658206479
    ]
  },
  {
    "label_id": "gZx-F_SILPevRRlp_qUVpg",
    "size": [
      0.8564543580672006,
      0.16234088721920514,
      0.7366953327434969
    ],
    "obj_class": "sign",
    "point_num_in_lidar": 48,
    "speed": 0.014559425722669961,
    "if_vehicle": false,
    "motion_state": false,
    "pose": [
      [
        0.1130197745339562,
        0.9935344558019399,
        -0.010761770237136392,
        11.054443062973093
      ],
      [
        -0.9926684174811394,
        0.11244092516712985,
        -0.044344687202079715,
        -4.795443388758258
      ],
      [
        -0.04284791126512582,
        0.015694695979951673,
        0.9989583239646751,
        3.617926614064645
      ],
      [
        0.0,
        0.0,
        0.0,
        1.0
      ]
    ],
    "location": [
      11.054443062973093,
      -4.795443388758258,
      3.617926614064645
    ],
    "rotation": [
      0.015709769315070683,
      0.042861033166361445,
      -1.4574299868962068
    ]
  },
  {
    "label_id": "k5Ip01qDY2VUXAlx7LMOLA",
    "size": [
      2.196784038149049,
      4.739418308262884,
      1.8418654036583062
    ],
    "obj_class": "vehicle",
    "point_num_in_lidar": 3903,
    "speed": 0.07937155060144352,
    "if_vehicle": true,
    "motion_state": false,
    "pose": [
      [
        -0.07209306077792238,
        -0.9973398492434933,
        -0.010761770237136392,
        7.3544977479136975
      ],
      [
        0.9964507536429126,
        -0.07155029197299884,
        -0.044344687202079715,
        33.71828737671456
      ],
      [
        0.04345671584625862,
        -0.013920518292963915,
        0.9989583239646751,
        2.5515232767511002
      ],
      [
        0.0,
        0.0,
        0.0,
        1.0
      ]
    ],
    "location": [
      7.3544977479136975,
      33.71828737671456,
      2.5515232767511002
    ],
    "rotation": [
      -0.013934132196754505,
      -0.043470405384094205,
      1.643020331568982
    ]
  },
  {
    "label_id": "op516gA0LiM91RFRCh0Qwg",
    "size": [
      1.993036858177639,
      4.7185740620167955,
      1.9805953887445877
    ],
    "obj_class": "vehicle",
    "point_num_in_lidar": 63,
    "speed": 0.012757737437832012,
    "if_vehicle": true,
    "motion_state": false,
    "pose": [
      [
        0.042474594262364614,
        0.9990395853736781,
        -0.010761770237136392,
        -4.486522584812391
      ],
      [
        -0.9981347794934953,
        0.04195843994265309,
        -0.044344687202079715,
        -21.56259671144312
      ],
      [
        -0.043850550825719654,
        0.012625219759203603,
        0.9989583239646751,
        0.17378596426347315
      ],
      [
        0.0,
        0.0,
        0.0,
        1.0
      ]
    ],
    "location": [
      -4.486522584812391,
      -21.56259671144312,
      0.17378596426347315
    ],
    "rotation": [
      0.012637712021757041,
      0.04386461615708615,
      -1.5282680182720016
    ]
  },
  {
    "label_id": "qeoKejXYgVWTLgCcGDfo_g",
    "size": [
      0.47948701183918074,
      0.07570880272786432,
      0.5900000000000033
    ],
    "obj_class": "sign",
    "point_num_in_lidar": 46,
    "speed": 0.03645334877748386,
    "if_vehicle": false,
    "motion_state": false,
    "pose": [
      [
        -0.9761544861416588,
        0.21681006315869505,
        -0.010761770237136392,
        20.8335013813451
      ],
      [
        -0.21614340250697409,
        -0.9753540784093017,
        -0.044344687202079715,
        29.912682433743498
      ],
      [
        -0.0201109109247303,
        -0.04096117971280577,
        0.9989583239646751,
        2.9000941194849745
      ],
      [
        0.0,
        0.0,
        0.0,
        1.0
      ]
    ],
    "location": [
      20.8335013813451,
      29.912682433743498,
      2.9000941194849745
    ],
    "rotation": [
      -0.04098093542884462,
      0.02011226681027659,
      -2.923685108687813
    ]
  },
  {
    "label_id": "r-HKQWyS8-4ke1oBbGnZHQ",
    "size": [
      2.0607664981871356,
      3.992494696156682,
      1.354308642745714
    ],
    "obj_class": "vehicle",
    "point_num_in_lidar": 148,
    "speed": 0.07026530958607932,
    "if_vehicle": true,
    "motion_state": false,
    "pose": [
      [
        -0.038896987622814704,
        -0.999185272437116,
        -0.010761770237136392,
        4.237760616309018
      ],
      [
        0.9982786241259952,
        -0.038384076516957064,
        -0.044344687202079715,
        -6.457620891297324
      ],
      [
        0.04389547775090856,
        -0.01246811993472549,
        0.9989583239646751,
        1.0083200087602333
      ],
      [
        0.0,
        0.0,
        0.0,
        1.0
      ]
    ],
    "location": [
      4.237760616309018,
      -6.457620891297324,
      1.0083200087602333
    ],
    "rotation": [
      -0.012480473183852736,
      -0.04390958638340215,
      1.6097406857672005
    ]
  },
  {
    "label_id": "v0FEOUAnA4MWpgnxtYpEyQ",
    "size": [
      0.436911110314555,
      0.09646011325269921,
      0.5200000000000031
    ],
    "obj_class": "sign",
    "point_num_in_lidar": 87,
    "speed": 0.040148366974322475,
    "if_vehicle": false,
    "motion_state": false,
    "pose": [
      [
        0.012011115958943485,
        0.9998699502409221,
        -0.010761770237136392,
        8.876349480415229
      ],
      [
        -0.9989498357813072,
        0.011522773513749725,
        -0.044344687202079715,
        37.96244718367859
      ],
      [
        -0.04421491474514317,
        0.011283097791250815,
        0.9989583239646751,
        3.908729464607121
      ],
      [
        0.0,
        0.0,
        0.0,
        1.0
      ]
    ],
    "location": [
      8.876349480415229,
      37.96244718367859,
      3.908729464607121
    ],
    "rotation": [
      0.011294383106447724,
      0.04422933382226808,
      -1.558773163306909
    ]
  },
  {
    "label_id": "wFMkUYbAaNEsNM4uQIEcrQ",
    "size": [
      2.015615756978452,
      4.674700935570883,
      2.0100000000000042
    ],
    "obj_class": "vehicle",
    "point_num_in_lidar": 358,
    "speed": 0.01322568120334152,
    "if_vehicle": true,
    "motion_state": false,
    "pose": [
      [
        -0.14362850544122757,
        -0.9895731588549087,
        -0.010761770237136392,
        17.2067153289848
      ],
      [
        0.9887253975816781,
        -0.1430232040401218,
        -0.044344687202079715,
        8.471002464293292
      ],
      [
        0.042343129332536,
        -0.017009596703488793,
        0.9989583239646751,
        2.306245449155393
      ],
      [
        0.0,
        0.0,
        0.0,
        1.0
      ]
    ],
    "location": [
      17.2067153289848,
      8.471002464293292,
      2.306245449155393
    ],
    "rotation": [
      -0.017025688376314612,
      -0.042355792671572565,
      1.71505357995009
    ]
  },
  {
    "label_id": "wzDW0bBrRBKQMSmNIPQ14Q",
    "size": [
      2.082302938630896,
      4.474294176516248,
      1.5900000000000043
    ],
    "obj_class": "vehicle",
    "point_num_in_lidar": 59,
    "speed": 0.0028886197747429714,
    "if_vehicle": true,
    "motion_state": false,
    "pose": [
      [
        -0.9878795454092796,
        0.15484892012319026,
        -0.010761770237136392,
        18.494328988763137
      ],
      [
        -0.15423403731412283,
        -0.9870387076760139,
        -0.044344687202079715,
        0.16713857092429407
      ],
      [
        -0.017489010713611995,
        -0.0421473781621867,
        0.9989583239646751,
        1.2294881697289033
      ],
      [
        0.0,
        0.0,
        0.0,
        1.0
      ]
    ],
    "location": [
      18.494328988763137,
      0.16713857092429407,
      1.2294881697289033
    ],
    "rotation": [
      -0.04216631952027026,
      0.017489902383835125,
      -2.9867166075519367
    ]
  },
  {
    "label_id": "yBd--n9qvMYP_1Fg13haag",
    "size": [
      1.8813816673433064,
      4.012285060190761,
      1.7900000000000045
    ],
    "obj_class": "vehicle",
    "point_num_in_lidar": 317,
    "speed": 0.007822852129719544,
    "if_vehicle": true,
    "motion_state": false,
    "pose": [
      [
        0.9944118243991932,
        -0.10502051131294006,
        -0.010761770237136392,
        17.793895643797256
      ],
      [
        0.10444865025173088,
        0.9935411557542755,
        -0.044344687202079715,
        2.6586163588850695
      ],
      [
        0.015349363363341258,
        0.0429728289274435,
        0.9989583239646751,
        1.593200266909339
      ],
      [
        0.0,
        0.0,
        0.0,
        1.0
      ]
    ],
    "location": [
      17.793895643797256,
      2.6586163588850695,
      1.593200266909339
    ],
    "rotation": [
      0.04299113383271735,
      -0.015349966153148004,
      0.10465187688035765
    ]
  },
  {
    "label_id": "zB-lkclZzPFXJnmzyyPMmQ",
    "size": [
      2.107879281750834,
      4.142008958489583,
      1.5372916696767263
    ],
    "obj_class": "vehicle",
    "point_num_in_lidar": 143,
    "speed": 8.993054026809716e-05,
    "if_vehicle": true,
    "motion_state": false,
    "pose": [
      [
        0.9888125392412883,
        -0.14877481823399646,
        -0.010761770237136392,
        37.07215900962412
      ],
      [
        0.14816511454461267,
        0.9879679385227699,
        -0.044344687202079715,
        20.373773615526943
      ],
      [
        0.01722965673417218,
        0.04225406383426099,
        0.9989583239646751,
        3.1535932856383533
      ],
      [
        0.0,
        0.0,
        0.0,
        1.0
      ]
    ],
    "location": [
      37.07215900962412,
      20.373773615526943,
      3.1535932856383533
    ],
    "rotation": [
      0.042272926187975006,
      -0.017230509317130525,
      0.14873489265818307
    ]
  },
  {
    "label_id": "zO-P9ZE6DYp5qSRJJwfdTA",
    "size": [
      1.9095696515532794,
      4.59872335147546,
      1.441329879502749
    ],
    "obj_class": "vehicle",
    "point_num_in_lidar": 2979,
    "speed": 0.012345599576178052,
    "if_vehicle": true,
    "motion_state": false,
    "pose": [
      [
        0.07778677260221878,
        0.9969119330760836,
        -0.010761770237136392,
        -7.1010204704504645
      ],
      [
        -0.99602595122165,
        0.07723893584169189,
        -0.044344687202079715,
        26.407327528869473
      ],
      [
        -0.04337652015939035,
        0.014168432536777315,
        0.9989583239646751,
        2.0377131468376115
      ],
      [
        0.0,
        0.0,
        0.0,
        1.0
      ]
    ],
    "location": [
      -7.1010204704504645,
      26.407327528869473,
      2.0377131468376115
    ],
    "rotation": [
      0.014182255911058995,
      0.043390134005634434,
      -1.4928573895532051
    ]
  }
]