[
  {
    "label_id": "4n22DwAkHW5YGXpo4HZRiA",
    "size": [
      1.987217600706008,
      4.063176975773814,
      1.603586986559588
    ],
    "obj_class": "vehicle",
    "point_num_in_lidar": 61,
    "speed": 0.027796346524546336,
    "if_vehicle": true,
    "motion_state": false,
    "pose": [
      [
        -0.991720042709003,
        0.12774853468480082,
        -0.013102243133883194,
        47.720036046582344
      ],
      [
        -0.1274918805046003,
        -0.9916605459281891,
        -0.018846274295113877,
        32.01859350980965
      ],
      [
        -0.015400561504499102,
        -0.01701979833288867,
        0.9997365398794094,
        3.936044122030647
      ],
      [
        0.0,
        0.0,
        0.0,
        1.0
      ]
    ],
    "location": [
      47.720036046582344,
      32.01859350980965,
      3.936044122030647
    ],
    "rotation": [
      -0.01702263914398971,
      0.01540117034673524,
      -3.013737596604256
    ]
  },
  {
    "label_id": "72Ruk2alY67J-_5Cp0_YSA",
    "size": [
      2.021146244156014,
      4.7632808137299545,
      1.620000000000004
    ],
    "obj_class": "vehicle",
    "point_num_in_lidar": 394,
    "speed": 1.897149936107019e-14,
    "if_vehicle": true,
    "motion_state": false,
    "pose": [
      [
        0.12956695741429744,
        0.9914841071702875,
        -0.013102243133883194,
        22.82483046536592
      ],
      [
        -0.9914250811474673,
        0.12931019455917303,
        -0.018846274295113877,
        9.885208739328846
      ],
      [
        -0.016991527834173303,
        0.015431746881237182,
        0.9997365398794094,
        2.450947763924563
      ],
      [
        0.0,
        0.0,
        0.0,
        1.0
      ]
    ],
    "location": [
      22.82483046536592,
      9.885208739328846,
      2.450947763924563
    ],
    "rotation": [
      0.015434587843123527,
      0.01699234555013113,
      -1.4408452165625865
    ]
  },
  {
    "label_id": "AYQ7lrPVr4ZXBDuzirBKFQ",
    "size": [
      1.9693148807953753,
      4.321744333266535,
      1.7400000000000042
    ],
    "obj_class": "vehicle",
    "point_num_in_lidar": 49,
    "speed": 0.6170679682443783,
    "if_vehicle": true,
    "motion_state": false,
    "pose": [
      [
        -0.0700773529644805,
        -0.9974555107002778,
        -0.013102243133883194,
        5.420518639095079
      ],
      [
        0.997381244261102,
        -0.0698245769150736,
        -0.018846274295113877,
        -21.97022157665822
      ],
      [
        0.017883461568368515,
        -0.014388628575328013,
        0.9997365398794094,
        0.08207030873011067
      ],
      [
        0.0,
        0.0,
        0.0,
        1.0
      ]
    ],
    "location": [
      5.420518639095079,
      -21.97022157665822,
      0.08207030873011067
    ],
    "rotation": [
      -0.01439142677051203,
      -0.01788441494832475,
      1.6409423995958008
    ]
  },
  {
    "label_id": "B5B-kmXqho_2g4pBQn0dGw",
    "size": [
      1.8456881976468031,
      4.161034296729285,
      1.9076343825277733
    ],
    "obj_class": "vehicle",
    "point_num_in_lidar": 441,
    "speed": 0.013761253640947593,
    "if_vehicle": true,
    "motion_state": false,
    "pose": [
      [
        0.15896089014824277,
        0.9871979369043165,
        -0.013102243133883194,
        20.295248085887778
      ],
      [
        -0.9871465638273815,
        0.15870248728040293,
        -0.018846274295113877,
        8.896828293881185
      ],
      [
        -0.016525644528169434,
        0.015929654825972948,
        0.9997365398794094,
        2.377006234432714
      ],
      [
        0.0,
        0.0,
        0.0,
        1.0
      ]
    ],
    "location": [
      20.295248085887778,
      8.896828293881185,
      2.377006234432714
    ],
    "rotation": [
      0.01593250449657047,
      0.016526396804412802,
      -1.4111362656931192
    ]
  },
  {
    "label_id": "C0ecke8GcghXZUAZbkXQUQ",
    "size": [
      1.0495355338302368,
      0.13964836255290564,
      1.0222362312174704
    ],
    "obj_class": "sign",
    "point_num_in_lidar": 229,
    "speed": 0.016005686259475176,
    "if_vehicle": false,
    "motion_state": false,
    "pose": [
      [
        -0.9798224726592621,
        0.1994398488185098,
        -0.013102243133883194,
        15.932857938711123
      ],
      [
        -0.19917955121941164,
        -0.979781773825798,
        -0.018846274295113877,
        14.278495142978272
      ],
      [
        -0.016596037115022638,
        -0.015856304172878703,
        0.9997365398794094,
        4.294801037342154
      ],
      [
        0.0,
        0.0,
        0.0,
        1.0
      ]
    ],
    "location": [
      15.932857938711123,
      14.278495142978272,
      4.294801037342154
    ],
    "rotation": [
      -0.01585915305081768,
      0.01659679904625302,
      -2.941044031805664
    ]
  },
  {
    "label_id": "DAc1kIT_9M97g649quYMWg",
    "size": [
      2.1571040364140424,
      4.930898524838149,
      1.7600000000000042
    ],
    "obj_class": "vehicle",
    "point_num_in_lidar": 149,
    "speed": 8.881784197001252e-14,
    "if_vehicle": true,
    "motion_state": false,
    "pose": [
      [
        -0.9973742596179503,
        0.07122441629389366,
        -0.013102243133883194,
        34.63704200997967
      ],
      [
        -0.07097155500257232,
        -0.9973002839294243,
        -0.018846274295113877,
        29.88241296812828
      ],
      [
        -0.014409185683518157,
        -0.017866902302412554,
        0.9997365398794094,
        3.0400921510330217
      ],
      [
        0.0,
        0.0,
        0.0,
        1.0
      ]
    ],
    "location": [
      34.63704200997967,
      29.88241296812828,
      3.0400921510330217
    ],
    "rotation": [
      -0.01786970842579299,
      0.01440968434708955,
      -3.0705539954684538
    ]
  },
  {
    "label_id": "Igomu2nuSP6CbWRKi0IzQQ",
    "size": [
      0.8756509835635453,
      0.877486198740949,
      1.094815857252211
    ],
    "obj_class": "sign",
    "point_num_in_lidar": 33,
    "speed": 5.347542221830668e-14,
    "if_vehicle": false,
    "motion_state": false,
    "pose": [
      [
        -0.07845408043326485,
        -0.9968316249438675,
        -0.013102243133883194,
        -7.138473223023269
      ],
      [
        0.9967594845894676,
        -0.07820068942235744,
        -0.018846274295113877,
        -15.156515008010047
      ],
      [
        0.017761957783687197,
        -0.01453835223251154,
        0.9997365398794094,
        0.036060336514377234
      ],
      [
        0.0,
        0.0,
        0.0,
        1.0
      ]
    ],
    "location": [
      -7.138473223023269,
      -15.156515008010047,
      0.036060336514377234
    ],
    "rotation": [
      -0.014541158544740456,
      -0.01776289186119328,
      1.6493435291668048
    ]
  },
  {
    "label_id": "Iwwdev7I0s7EU1ea7W8pPQ",
    "size": [
      0.702208895920755,
      0.6592307009191769,
      1.2836359497641205
    ],
    "obj_class": "sign",
    "point_num_in_lidar": 79,
    "speed": 0.009309195359335543,
    "if_vehicle": false,
    "motion_state": false,
    "pose": [
      [
        -0.9856775570347718,
        0.16813115351660657,
        -0.013102243133883194,
        20.54856389398337
      ],
      [
        -0.1678722842429586,
        -0.9856285883273905,
        -0.018846274295113877,
        29.101322159550364
      ],
      [
        -0.016082591240699405,
        -0.016376846122823474,
        0.9997365398794094,
        2.158180031026328
      ],
      [
        0.0,
        0.0,
        0.0,
        1.0
      ]
    ],
    "location": [
      20.54856389398337,
      29.101322159550364,
      2.158180031026328
    ],
    "rotation": [
      -0.01637969688779272,
      0.016083284614415737,
      -2.9728997013922074
    ]
  },
  {
    "label_id": "KclHjYw0mozzMvMK8NDx3Q",
    "size": [
      2.0645906151284135,
      4.380822220647019,
      1.9700000000000042
    ],
    "obj_class": "vehicle",
    "point_num_in_lidar": 37,
    "speed": 0.014201015551775026,
    "if_vehicle": true,
    "motion_state": false,
    "pose": [
      [
        0.044049626152164914,
        0.9989434226525118,
        -0.013102243133883194,
        -3.273462496717002
      ],
      [
        -0.9988625915222368,
        0.04379887216212674,
        -0.018846274295113877,
        -43.70126099125207
      ],
      [
        -0.018252498276551066,
        0.013917511868525924,
        0.9997365398794094,
        -1.3368800214903045
      ],
      [
        0.0,
        0.0,
        0.0,
        1.0
      ]
    ],
    "location": [
      -3.273462496717002,
      -43.70126099125207,
      -1.3368800214903045
    ],
    "rotation": [
      0.013920280344052263,
      0.018253511909723696,
      -1.5267250961500944
    ]
  },
  {
    "label_id": "MDY2OaEN7yUDXekR5XGt2g",
    "size": [
      2.0871033253338735,
      4.843770780187469,
      1.6161237410335256
    ],
    "obj_class": "vehicle",
    "point_num_in_lidar": 47,
    "speed": 0.8569650781834596,
    "if_vehicle": true,
    "motion_state": false,
    "pose": [
      [
        -0.07647005217022977,
        -0.9969857884372991,
        -0.013102243133883194,
        5.214935732297377
      ],
      [
        0.9969131439324185,
        -0.07621680523332379,
        -0.018846274295113877,
        -13.685953770812375
      ],
      [
        0.01779085652416489,
        -0.014502973973728258,
        0.9997365398794094,
        0.5630721460541199
      ],
      [
        0.0,
        0.0,
        0.0,
        1.0
      ]
    ],
    "location": [
      5.214935732297377,
      -13.685953770812375,
      0.5630721460541199
    ],
    "rotation": [
      -0.014505778426562341,
      -0.017791795168764817,
      1.647353244730305
    ]
  },
  {
    "label_id": "MvRm0petZcTntUsaOWaEQA",
    "size": [
      2.235519612344912,
      5.095232448087598,
      1.8026681047894613
    ],
    "obj_class": "vehicle",
    "point_num_in_lidar": 117,
    "speed": 7.771561172376096e-15,
    "if_vehicle": true,
    "motion_state": false,
    "pose": [
      [
        -0.9839699015432216,
        0.17785264710395338,
        -0.013102243133883194,
        28.1628664125234
      ],
      [
        -0.17759330706926865,
        -0.9839234905364307,
        -0.018846274295113877,
        29.098908272491485
      ],
      [
        -0.016243464569580535,
        -0.016217295974447817,
        0.9997365398794094,
        2.6752496122199645
      ],
      [
        0.0,
        0.0,
        0.0,
        1.0
      ]
    ],
    "location": [
      28.1628664125234,
      29.098908272491485,
      2.6752496122199645
    ],
    "rotation": [
      -0.016220147091466214,
      0.0162441789611421,
      -2.9630285002154113
    ]
  },
  {
    "label_id": "P1zDWbP7n8FXjio1YG0jcQ",
    "size": [
      0.7306874758431136,
      0.6050986026232509,
      1.0793929034028356
    ],
    "obj_class": "sign",
    "point_num_in_lidar": 27,
    "speed": 8.881784197001252e-14,
    "if_vehicle": false,
    "motion_state": false,
    "pose": [
      [
        0.02009947888198609,
        0.999712129652098,
        -0.013102243133883194,
        11.19411228310625
      ],
      [
        -0.9996253129604658,
        0.019850733837421076,
        -0.018846274295113877,
        -3.7244017073254554
      ],
      [
        -0.018580759870451997,
        0.013476134185390861,
        0.9997365398794094,
        0.8150378547658059
      ],
      [
        0.0,
        0.0,
        0.0,
        1.0
      ]
    ],
    "location": [
      11.19411228310625,
      -3.7244017073254554,
      0.8150378547658059
    ],
    "rotation": [
      0.013478869205707546,
      0.01858182918787348,
      -1.5506920231199217
    ]
  },
  {
    "label_id": "Txt2kwNOAppKIkBUxjB5uQ",
    "size": [
      0.45869900536278113,
      0.09781657066048581,
      0.5479482083025591
    ],
    "obj_class": "sign",
    "point_num_in_lidar": 41,
    "speed": 0.02910873502439892,
    "if_vehicle": false,
    "motion_state": false,
    "pose": [
      [
        0.0977029387707451,
        0.9951293719815633,
        -0.013102243133883194,
        -8.506532535436378
      ],
      [
        -0.9950621418132785,
        0.09744820098474935,
        -0.018846274295113877,
        8.814337190757442
      ],
      [
        -0.017477691081227254,
        0.014878882498872313,
        0.9997365398794094,
        3.9880474663870875
      ],
      [
        0.0,
        0.0,
        0.0,
        1.0
      ]
    ],
    "location": [
      -8.506532535436378,
      8.814337190757442,
      3.9880474663870875
    ],
    "rotation": [
      0.014881704833812749,
      0.017478581021031416,
      -1.4729222754836528
    ]
  },
  {
    "label_id": "Uewd-LzyluP8_XsiaH9KoQ",
    "size": [
      1.993585589883704,
      4.014706307395386,
      1.270000000000004
    ],
    "obj_class": "vehicle",
    "point_num_in_lidar": 254,
    "speed": 5.330226875058932e-14,
    "if_vehicle": true,
    "motion_state": false,
    "pose": [
      [
        0.9778515670484721,
        -0.20888907114951696,
        -0.013102243133883194,
        27.219412051516414
      ],
      [
        0.20862839280092776,
        0.9778133828407621,
        -0.018846274295113877,
        18.83072466282124
      ],
      [
        0.016748329413679833,
        0.015695358925393407,
        0.9997365398794094,
        2.4210785685967577
      ],
      [
        0.0,
        0.0,
        0.0,
        1.0
      ]
    ],
    "location": [
      27.219412051516414,
      18.83072466282124,
      2.4210785685967577
    ],
    "rotation": [
      0.015698205467095144,
      -0.016749112515183753,
      0.21020220648073107
    ]
  },
  {
    "label_id": "Z5OZAUTb34FY2vz4RawbPg",
    "size": [
      1.844835069243474,
      3.7343130673035665,
      1.7200000000000042
    ],
    "obj_class": "vehicle",
    "point_num_in_lidar": 174,
    "speed": 0.01085699380328797,
    "if_vehicle": true,
    "motion_state": false,
    "pose": [
      [
        -0.04157584449499232,
        -0.9990494384060224,
        -0.013102243133883194,
        10.000042479820706
      ],
      [
        0.9989679865907517,
        -0.04132529143288626,
        -0.018846274295113877,
        -12.138566370881449
      ],
      [
        0.018286905734647124,
        -0.013872271212681421,
        0.9997365398794094,
        0.5507842610677063
      ],
      [
        0.0,
        0.0,
        0.0,
        1.0
      ]
    ],
    "location": [
      10.000042479820706,
      -12.138566370881449,
      0.5507842610677063
    ],
    "rotation": [
      -0.01387503650570821,
      -0.018287925111554644,
      1.6123911177472472
    ]
  },
  {
    "label_id": "_19zTcFKhyx8bj5ZARF6fw",
    "size": [
      0.35409005057298987,
      0.08913621921783488,
      0.5241381214598029
    ],
    "obj_class": "sign",
    "point_num_in_lidar": 40,
    "speed": 0.02412207276151837,
    "if_vehicle": false,
    "motion_state": false,
    "pose": [
      [
        -0.9844004918795347,
        0.1754537056097434,
        -0.013102243133883194,
        24.578547649280125
      ],
      [
        -0.17519447947166653,
        -0.984353448872835,
        -0.018846274295113877,
        16.679727070334593
      ],
      [
        -0.01620388687882373,
        -0.016256841020454854,
        0.9997365398794094,
        4.246941051858366
      ],
      [
        0.0,
        0.0,
        0.0,
        1.0
      ]
    ],
    "location": [
      24.578547649280125,
      16.679727070334593,
      4.246941051858366
    ],
    "rotation": [
      -0.016259692127512625,
      0.016204596060778714,
      -2.9654659883117644
    ]
  },
  {
    "label_id": "_97KU6k1lx7ZVpU6wBMpeg",
    "size": [
      2.2881166653445155,
      5.071750066375591,
      1.921386651855216
    ],
    "obj_class": "vehicle",
    "point_num_in_lidar": 33,
    "speed": 0.0204470696774609,
    "if_vehicle": true,
    "motion_state": false,
    "pose": [
      [
        -0.08023915739548762,
        -0.9966895247996352,
        -0.013102243133883194,
        10.729357026008401
      ],
      [
        0.9966178383530402,
        -0.07998563759642613,
        -0.018846274295113877,
        -29.5788516770167
      ],
      [
        0.017735892900433592,
        -0.014570138399150808,
        0.9997365398794094,
        -0.45071058303195866
      ],
      [
        0.0,
        0.0,
        0.0,
        1.0
      ]
    ],
    "location": [
      10.729357026008401,
      -29.5788516770167,
      -0.45071058303195866
    ],
    "rotation": [
      -0.014572946350936191,
      -0.01773682287143221,
      1.651134499441544
    ]
  },
  {
    "label_id": "aA6RETqJMHUjJusjfdGJOw",
    "size": [
      0.4794870118391815,
      0.07570880272786432,
      0.4900000000000029
    ],
    "obj_class": "sign",
    "point_num_in_lidar": 48,
    "speed": 0.025741824167706314,
    "if_vehicle": false,
    "motion_state": false,
    "pose": [
      [
        -0.9761272219877416,
        0.216804007618297,
        -0.013102243133883194,
        20.816771844373918
      ],
      [
        -0.216543028485289,
        -0.9760911508458687,
        -0.018846274295113877,
        29.89234865677679
      ],
      [
        -0.016874931375068816,
        -0.015559161964346847,
        0.9997365398794094,
        3.4616346278954975
      ],
      [
        0.0,
        0.0,
        0.0,
        1.0
      ]
    ],
    "location": [
      20.816771844373918,
      29.89234865677679,
      3.4616346278954975
    ],
    "rotation": [
      -0.01556200589333897,
      0.01687573237126485,
      -2.9232889825107753
    ]
  },
  {
    "label_id": "aGftulTlWQgnp12qUJWKbw",
    "size": [
      2.132345498741289,
      4.321089978804239,
      1.5900000000000043
    ],
    "obj_class": "vehicle",
    "point_num_in_lidar": 84,
    "speed": 5.333694441429199e-14,
    "if_vehicle": true,
    "motion_state": false,
    "pose": [
      [
        -0.9892941875495946,
        0.14534559403521022,
        -0.013102243133883194,
        19.200777376862234
      ],
      [
        -0.14508792343546653,
        -0.9892392594404942,
        -0.018846274295113877,
        -2.3123379138672817
      ],
      [
        -0.01570047622754575,
        -0.016743532368479787,
        0.9997365398794094,
        1.2420217313249386
      ],
      [
        0.0,
        0.0,
        0.0,
        1.0
      ]
    ],
    "location": [
      19.200777376862234,
      -2.3123379138672817,
      1.2420217313249386
    ],
    "rotation": [
      -0.016746379150101468,
      0.01570112133996996,
      -2.9959727408869945
    ]
  },
  {
    "label_id": "bKRJ8-zMfp6HhSzdwwk84A",
    "size": [
      2.1332235371233668,
      5.12838055531279,
      1.9579890078509767
    ],
    "obj_class": "vehicle",
    "point_num_in_lidar": 6920,
    "speed": 6.660697529136533,
    "if_vehicle": true,
    "motion_state": true,
    "pose": [
      [
        -0.01861717068760767,
        -0.9997408325063296,
        -0.013102243133883194,
        3.184473833286077
      ],
      [
        0.9996536470926342,
        -0.01836855464069924,
        -0.018846274295113877,
        25.090757899310233
      ],
      [
        0.018600720684519335,
        -0.013448569439258368,
        0.9997365398794094,
        2.420710713704424
      ],
      [
        0.0,
        0.0,
        0.0,
        1.0
      ]
    ],
    "location": [
      3.184473833286077,
      25.090757899310233,
      2.420710713704424
    ],
    "rotation": [
      -0.013451302194190266,
      -0.01860179345222013,
      1.5894177951414439
    ]
  },
  {
    "label_id": "c9nPCP9bzZhCpuh1N5SLEw",
    "size": [
      2.062134275969548,
      4.46148502338097,
      1.7400000000000042
    ],
    "obj_class": "vehicle",
    "point_num_in_lidar": 236,
    "speed": 7.113229329843194e-14,
    "if_vehicle": true,
    "motion_state": false,
    "pose": [
      [
        0.9863829227200418,
        -0.16394224895105144,
        -0.013102243133883194,
        32.15599966290409
      ],
      [
        0.16368359004383484,
        0.9863328547176936,
        -0.018846274295113877,
        19.55107998153028
      ],
      [
        0.016012873465737675,
        0.016445020927816842,
        0.9997365398794094,
        2.9575340238503434
      ],
      [
        0.0,
        0.0,
        0.0,
        1.0
      ]
    ],
    "location": [
      32.15599966290409,
      19.55107998153028,
      2.9575340238503434
    ],
    "rotation": [
      0.01644787128851332,
      -0.01601355786050626,
      0.16444473216046013
    ]
  },
  {
    "label_id": "cWrnwHWpHiZpv2NMxXOYNQ",
    "size": [
      0.8143112167351391,
      0.1133305424362818,
      0.8722620774366554
    ],
    "obj_class": "sign",
    "point_num_in_lidar": 83,
    "speed": 0.010540353994319351,
    "if_vehicle": false,
    "motion_state": false,
    "pose": [
      [
        -0.9844004918797429,
        0.17545370560857532,
        -0.013102243133883194,
        24.58501736923114
      ],
      [
        -0.1751944794704985,
        -0.9843534488730429,
        -0.018846274295113877,
        16.692813230118986
      ],
      [
        -0.01620388687880444,
        -0.016256841020474082,
        0.9997365398794094,
        4.954302065130797
      ],
      [
        0.0,
        0.0,
        0.0,
        1.0
      ]
    ],
    "location": [
      24.58501736923114,
      16.692813230118986,
      4.954302065130797
    ],
    "rotation": [
      -0.016259692127531852,
      0.016204596060759423,
      -2.965465988312951
    ]
  },
  {
    "label_id": "csqfDiMmc-bQfxhgaeDxNg",
    "size": [
      2.1408995573179057,
      4.846744126654841,
      1.6700000000000044
    ],
    "obj_class": "vehicle",
    "point_num_in_lidar": 412,
    "speed": 1.790180836524724e-14,
    "if_vehicle": true,
    "motion_state": false,
    "pose": [
      [
        -0.9797951961291265,
        0.19957380806896236,
        -0.013102243133883194,
        22.618919601616852
      ],
      [
        -0.19931350490796135,
        -0.9797545328838736,
        -0.018846274295113877,
        27.72764758778976
      ],
      [
        -0.016598204830356747,
        -0.01585403501811389,
        0.9997365398794094,
        2.4350921510330283
      ],
      [
        0.0,
        0.0,
        0.0,
        1.0
      ]
    ],
    "location": [
      22.618919601616852,
      27.72764758778976,
      2.4350921510330283
    ],
    "rotation": [
      -0.015856883868805734,
      0.016598967060213052,
      -2.940907310381982
    ]
  },
  {
    "label_id": "gZx-F_SILPevRRlp_qUVpg",
    "size": [
      0.8564543580672022,
      0.16234088721920514,
      0.7366953327434969
    ],
    "obj_class": "sign",
    "point_num_in_lidar": 107,
    "speed": 0.01492612516858866,
    "if_vehicle": false,
    "motion_state": false,
    "pose": [
      [
        0.11301661787323718,
        0.993506706222638,
        -0.013102243133883194,
        11.04176761649839
      ],
      [
        -0.9934434070591772,
        0.11276087493384927,
        -0.018846274295113877,
        -4.799938655993742
      ],
      [
        -0.017246479500134273,
        0.01514627923938773,
        0.9997365398794094,
        3.609874506096471
      ],
      [
        0.0,
        0.0,
        0.0,
        1.0
      ]
    ],
    "location": [
      11.04176761649839,
      -4.799938655993742,
      3.609874506096471
    ],
    "rotation": [
      0.015149111740386799,
      0.01724733458310079,
      -1.4575208064645402
    ]
  },
  {
    "label_id": "hky4AvJg64NsQt0WDUJuNQ",
    "size": [
      0.9187259394621068,
      1.0509933451569144,
      1.129999999999999
    ],
    "obj_class": "sign",
    "point_num_in_lidar": 21,
    "speed": 5.3290705182007514e-14,
    "if_vehicle": false,
    "motion_state": false,
    "pose": [
      [
        -0.15759670388358818,
        -0.98741663453169,
        -0.013102243133883194,
        12.761680662018364
      ],
      [
        0.9873649044624969,
        -0.15733837224579894,
        -0.018846274295113877,
        -29.876558422244216
      ],
      [
        0.01654763913048857,
        -0.01590680574952693,
        0.9997365398794094,
        -0.8037230152146444
      ],
      [
        0.0,
        0.0,
        0.0,
        1.0
      ]
    ],
    "location": [
      12.761680662018364,
      -29.876558422244216,
      -0.8037230152146444
    ],
    "rotation": [
      -0.015909655191557234,
      -0.016548394414677044,
      1.7290746502009577
    ]
  },
  {
    "label_id": "nqMf1rffkjVD53zLzdDAHg",
    "size": [
      0.6660627460449671,
      0.16234088722241258,
      0.5449604285819105
    ],
    "obj_class": "sign",
    "point_num_in_lidar": 29,
    "speed": 0.009770654970767708,
    "if_vehicle": false,
    "motion_state": false,
    "pose": [
      [
        0.1118180128179107,
        0.9936423215797091,
        -0.013102243133883194,
        11.05549952499912
      ],
      [
        -0.9935787139452674,
        0.11156234642594193,
        -0.018846274295113877,
        -4.839056242387983
      ],
      [
        -0.017264738756265757,
        0.01512546282346278,
        0.9997365398794094,
        2.916928534680284
      ],
      [
        0.0,
        0.0,
        0.0,
        1.0
      ]
    ],
    "location": [
      11.05549952499912,
      -4.839056242387983,
      2.916928534680284
    ],
    "rotation": [
      0.015128294610327716,
      0.0172655965582417,
      -1.4587272041859232
    ]
  },
  {
    "label_id": "op516gA0LiM91RFRCh0Qwg",
    "size": [
      1.9930368581776376,
      4.7185740620167955,
      1.9805953887445877
    ],
    "obj_class": "vehicle",
    "point_num_in_lidar": 92,
    "speed": 0.0072433969883347014,
    "if_vehicle": true,
    "motion_state": false,
    "pose": [
      [
        0.0424734079400236,
        0.9990116820352107,
        -0.013102243133883194,
        -4.485349356277283
      ],
      [
        -0.9989304553582637,
        0.042222781799938894,
        -0.018846274295113877,
        -21.547051009759343
      ],
      [
        -0.018274435030726975,
        0.013888695196230576,
        0.9997365398794094,
        0.1737859642634776
      ],
      [
        0.0,
        0.0,
        0.0,
        1.0
      ]
    ],
    "location": [
      -4.485349356277283,
      -21.547051009759343,
      0.1737859642634776
    ],
    "rotation": [
      0.013891461651196967,
      0.018275452323363944,
      -1.5283030379188025
    ]
  },
  {
    "label_id": "pxlvHJXKoVATrn0S41cZGw",
    "size": [
      2.0170536919773885,
      4.5101862892036415,
      1.7510405738906096
    ],
    "obj_class": "vehicle",
    "point_num_in_lidar": 26,
    "speed": 0.057293024813307676,
    "if_vehicle": true,
    "motion_state": false,
    "pose": [
      [
        -0.989163173061219,
        0.1462345659696143,
        -0.013102243133883194,
        56.507396041471004
      ],
      [
        -0.14597684611269165,
        -0.9891084765303474,
        -0.018846274295113877,
        33.36202839943837
      ],
      [
        -0.015715516486975688,
        -0.016729416352451,
        0.9997365398794094,
        4.640645238725851
      ],
      [
        0.0,
        0.0,
        0.0,
        1.0
      ]
    ],
    "location": [
      56.507396041471004,
      33.36202839943837,
      4.640645238725851
    ],
    "rotation": [
      -0.01673226337013492,
      0.015716163455268935,
      -2.9950741043776015
    ]
  },
  {
    "label_id": "qeoKejXYgVWTLgCcGDfo_g",
    "size": [
      0.4794870118391815,
      0.07570880272786432,
      0.5900000000000033
    ],
    "obj_class": "sign",
    "point_num_in_lidar": 40,
    "speed": 0.028716278287048747,
    "if_vehicle": false,
    "motion_state": false,
    "pose": [
      [
        -0.9761272219877416,
        0.216804007618297,
        -0.013102243133883194,
        20.81736309257858
      ],
      [
        -0.216543028485289,
        -0.9760911508458687,
        -0.018846274295113877,
        29.89322445888854
      ],
      [
        -0.016874931375068816,
        -0.015559161964346847,
        0.9997365398794094,
        2.911634627895494
      ],
      [
        0.0,
        0.0,
        0.0,
        1.0
      ]
    ],
    "location": [
      20.81736309257858,
      29.89322445888854,
      2.911634627895494
    ],
    "rotation": [
      -0.01556200589333897,
      0.01687573237126485,
      -2.9232889825107753
    ]
  },
  {
    "label_id": "r-HKQWyS8-4ke1oBbGnZHQ",
    "size": [
      2.0607664981870664,
      3.992494696156682,
      1.354308642745714
    ],
    "obj_class": "vehicle",
    "point_num_in_lidar": 278,
    "speed": 2.574859668408745,
    "if_vehicle": true,
    "motion_state": true,
    "pose": [
      [
        -0.047881603675897694,
        -0.9987670815832312,
        -0.013102243133883194,
        4.1888483965303465
      ],
      [
        0.9986872130291236,
        -0.04763054143419978,
        -0.018846274295113877,
        -4.729665905995489
      ],
      [
        0.018198971441978577,
        -0.013987432516373681,
        0.9997365398794094,
        1.164954007928689
      ],
      [
        0.0,
        0.0,
        0.0,
        1.0
      ]
    ],
    "location": [
      4.1888483965303465,
      -4.729665905995489,
      1.164954007928689
    ],
    "rotation": [
      -0.013990205798361178,
      -0.01819997618272668,
      1.6187041856499556
    ]
  },
  {
    "label_id": "w2b6yPYIcJd1yncEZRKzCg",
    "size": [
      2.1256082735303305,
      4.734156701634378,
      2.2
    ],
    "obj_class": "vehicle",
    "point_num_in_lidar": 54,
    "speed": 0.0,
    "if_vehicle": true,
    "motion_state": false,
    "pose": [
      [
        -0.9875157831057916,
        0.15697423145795572,
        -0.013102243133883194,
        40.08204686325948
      ],
      [
        -0.1567159324807492,
        -0.9874638902015012,
        -0.018846274295113877,
        30.749494280395652
      ],
      [
        -0.015896371398671536,
        -0.016557663068849936,
        0.9997365398794094,
        3.4686211854315765
      ],
      [
        0.0,
        0.0,
        0.0,
        1.0
      ]
    ],
    "location": [
      40.08204686325948,
      30.749494280395652,
      3.4686211854315765
    ],
    "rotation": [
      -0.016560512426253914,
      0.015897040962743508,
      -2.984207986315046
    ]
  },
  {
    "label_id": "wFMkUYbAaNEsNM4uQIEcrQ",
    "size": [
      2.0156157569784523,
      4.674700935570883,
      2.0100000000000042
    ],
    "obj_class": "vehicle",
    "point_num_in_lidar": 1036,
    "speed": 0.016015848017629186,
    "if_vehicle": true,
    "motion_state": false,
    "pose": [
      [
        -0.1436244938736588,
        -0.9895455199152771,
        -0.013102243133883194,
        17.186502300258056
      ],
      [
        0.9894901436704836,
        -0.14336691921136804,
        -0.018846274295113877,
        8.461154629215457
      ],
      [
        0.016770818062961254,
        -0.015671327047991568,
        0.9997365398794094,
        2.245768213912135
      ],
      [
        0.0,
        0.0,
        0.0,
        1.0
      ]
    ],
    "location": [
      17.186502300258056,
      8.461154629215457,
      2.245768213912135
    ],
    "rotation": [
      -0.01567417317085831,
      -0.016771604323474295,
      1.7149396560902628
    ]
  },
  {
    "label_id": "yBd--n9qvMYP_1Fg13haag",
    "size": [
      1.8813816673433097,
      4.012285060190761,
      1.7900000000000045
    ],
    "obj_class": "vehicle",
    "point_num_in_lidar": 163,
    "speed": 0.00782285206424531,
    "if_vehicle": true,
    "motion_state": false,
    "pose": [
      [
        0.9943840503148439,
        -0.10501757807294143,
        -0.013102243133883194,
        17.78257028837399
      ],
      [
        0.10476235282381778,
        0.9943186950751811,
        -0.018846274295113877,
        2.6655882110187576
      ],
      [
        0.015006995377611682,
        0.01736781274894456,
        0.9997365398794094,
        1.593200266909339
      ],
      [
        0.0,
        0.0,
        0.0,
        1.0
      ]
    ],
    "location": [
      17.78257028837399,
      2.6655882110187576,
      1.593200266909339
    ],
    "rotation": [
      0.01737064233526587,
      -0.015007558722052441,
      0.10496679995851922
    ]
  },
  {
    "label_id": "zB-lkclZzPFXJnmzyyPMmQ",
    "size": [
      2.1078792817508343,
      4.142008958489583,
      1.5372916696767263
    ],
    "obj_class": "vehicle",
    "point_num_in_lidar": 82,
    "speed": 0.005079693526632212,
    "if_vehicle": true,
    "motion_state": false,
    "pose": [
      [
        0.9887849215458863,
        -0.14877066292907426,
        -0.013102243133883194,
        37.080835495488564
      ],
      [
        0.14851280365753355,
        0.9887308860832517,
        -0.018846274295113877,
        20.375079062773807
      ],
      [
        0.015758365184069797,
        0.016689060988310772,
        0.9997365398794094,
        3.1535932856383497
      ],
      [
        0.0,
        0.0,
        0.0,
        1.0
      ]
    ],
    "location": [
      37.080835495488564,
      20.375079062773807,
      3.1535932856383497
    ],
    "rotation": [
      0.016691908644093673,
      -0.01575901745911993,
      0.14908287885772462
    ]
  }
]