[
  {
    "label_id": "472zhzURK8HtdFNUKxZWPQ",
    "size": [
      0.25769029841027524,
      0.14447754867912832,
      0.7231393673591384
    ],
    "obj_class": "sign",
    "point_num_in_lidar": 23,
    "speed": 0.0037600054054831114,
    "if_vehicle": false,
    "motion_state": false,
    "pose": [
      [
        -0.12348134043535022,
        -0.9921646199746375,
        -0.0190190808103916,
        -9.37350176429976
      ],
      [
        0.9923322127304595,
        -0.12335257867261593,
        -0.007805184961702929,
        32.91907455844682
      ],
      [
        0.005397975709415074,
        -0.01983704124609223,
        0.9997886544929591,
        4.18031084759541
      ],
      [
        0.0,
        0.0,
        0.0,
        1.0
      ]
    ],
    "location": [
      -9.37350176429976,
      32.91907455844682,
      4.18031084759541
    ],
    "rotation": [
      -0.01983863155340177,
      -0.005398001924255714,
      1.6945954528850886
    ]
  },
  {
    "label_id": "5hdqv8nDe8SFqec4R_p10g",
    "size": [
      1.9684681815699343,
      4.640479928340582,
      1.6592291756713298
    ],
    "obj_class": "vehicle",
    "point_num_in_lidar": 139,
    "speed": 0.027977274650347505,
    "if_vehicle": true,
    "motion_state": false,
    "pose": [
      [
        0.9979024980660305,
        -0.061877935637054855,
        -0.0190190808103916,
        -21.12761735023645
      ],
      [
        0.061739054524992856,
        0.9980618058186945,
        -0.007805184961702929,
        51.491652331225964
      ],
      [
        0.01946518687132668,
        0.006614593503982757,
        0.9997886544929591,
        2.468228255291453
      ],
      [
        0.0,
        0.0,
        0.0,
        1.0
      ]
    ],
    "location": [
      -21.12761735023645,
      51.491652331225964,
      2.468228255291453
    ],
    "rotation": [
      0.006615895236361331,
      -0.019466416286419472,
      0.06179006581214469
    ]
  },
  {
    "label_id": "72Ruk2alY67J-_5Cp0_YSA",
    "size": [
      2.0211462441560113,
      4.7632808137299545,
      1.620000000000004
    ],
    "obj_class": "vehicle",
    "point_num_in_lidar": 53,
    "speed": 1.897149936107019e-14,
    "if_vehicle": true,
    "motion_state": false,
    "pose": [
      [
        0.12955464218341586,
        0.9913898674355386,
        -0.0190190808103916,
        22.824830465365906
      ],
      [
        -0.9915582455343264,
        0.1294269091054954,
        -0.007805184961702929,
        9.885208739328846
      ],
      [
        -0.005276400441175903,
        0.019869724344916267,
        0.9997886544929591,
        2.5629893009551785
      ],
      [
        0.0,
        0.0,
        0.0,
        1.0
      ]
    ],
    "location": [
      22.824830465365906,
      9.885208739328846,
      2.5629893009551785
    ],
    "rotation": [
      0.019871308675752954,
      0.005276424924333861,
      -1.440874684560142
    ]
  },
  {
    "label_id": "B5B-kmXqho_2g4pBQn0dGw",
    "size": [
      1.8456881976468005,
      4.161034296729285,
      1.9076343825277733
    ],
    "obj_class": "vehicle",
    "point_num_in_lidar": 46,
    "speed": 0.013761253640790092,
    "if_vehicle": true,
    "motion_state": false,
    "pose": [
      [
        0.15894578104864576,
        0.9871041045664655,
        -0.0190190808103916,
        20.31350562964888
      ],
      [
        -0.9872762025575489,
        0.15882310584817114,
        -0.007805184961702929,
        8.807861540563863
      ],
      [
        -0.004683860627913668,
        0.020017687098585583,
        0.9997886544929591,
        2.377006234432716
      ],
      [
        0.0,
        0.0,
        0.0,
        1.0
      ]
    ],
    "location": [
      20.31350562964888,
      8.807861540563863,
      2.377006234432716
    ],
    "rotation": [
      0.02001924384072803,
      0.00468387775426814,
      -1.4111717933180565
    ]
  },
  {
    "label_id": "B68oxBoB8uF9mptLVH6A2w",
    "size": [
      0.651991026314278,
      0.5549595701117328,
      1.6700000000000044
    ],
    "obj_class": "pedestrian",
    "point_num_in_lidar": 34,
    "speed": 0.2659823188552756,
    "if_vehicle": false,
    "motion_state": false,
    "pose": [
      [
        -0.9673087226643546,
        -0.2528875434310325,
        -0.0190190808103916,
        7.469952689541003
      ],
      [
        0.2530692328702351,
        -0.9674166850236688,
        -0.007805184961702929,
        54.52030485209366
      ],
      [
        -0.01642554205879642,
        -0.012363167686046702,
        0.9997886544929591,
        3.039660690321987
      ],
      [
        0.0,
        0.0,
        0.0,
        1.0
      ]
    ],
    "location": [
      7.469952689541003,
      54.52030485209366,
      3.039660690321987
    ],
    "rotation": [
      -0.012365150901805625,
      0.016426280746065267,
      2.885705909951985
    ]
  },
  {
    "label_id": "IM_cxNqgzXM4-kkGVbsqdQ",
    "size": [
      2.0960938031038605,
      4.466935406550652,
      1.770000000000004
    ],
    "obj_class": "vehicle",
    "point_num_in_lidar": 1546,
    "speed": 4.427067327347988,
    "if_vehicle": true,
    "motion_state": true,
    "pose": [
      [
        -0.7631156409026417,
        0.6459820378113296,
        -0.0190190808103916,
        -11.997358354070357
      ],
      [
        -0.6459658921372478,
        -0.76332636878536,
        -0.007805184961702929,
        57.79037581886803
      ],
      [
        -0.019559775179686743,
        0.006329418778901425,
        0.9997886544929591,
        3.04467578306598
      ],
      [
        0.0,
        0.0,
        0.0,
        1.0
      ]
    ],
    "location": [
      -11.997358354070357,
      57.79037581886803,
      3.04467578306598
    ],
    "rotation": [
      0.006330672182226693,
      0.019561022606588725,
      -2.43914280988217
    ]
  },
  {
    "label_id": "ITXh4FH9PzsxvarppaZn8g",
    "size": [
      0.6186129950284545,
      0.1335933882509024,
      0.7150064582950781
    ],
    "obj_class": "sign",
    "point_num_in_lidar": 68,
    "speed": 0.004674357419101682,
    "if_vehicle": false,
    "motion_state": false,
    "pose": [
      [
        -0.9928925410654534,
        0.11748479246998142,
        -0.0190190808103916,
        8.001678070463953
      ],
      [
        -0.11735502052336262,
        -0.9930593528312771,
        -0.007805184961702929,
        46.9141472126729
      ],
      [
        -0.01980406661642873,
        -0.005517725311272087,
        0.9997886544929591,
        4.7818635895646935
      ],
      [
        0.0,
        0.0,
        0.0,
        1.0
      ]
    ],
    "location": [
      8.001678070463953,
      46.9141472126729,
      4.7818635895646935
    ],
    "rotation": [
      -0.005518835673489012,
      0.019805361374256054,
      -3.023943396636806
    ]
  },
  {
    "label_id": "JAwyZSvzk47A6U7hkunwfQ",
    "size": [
      1.9450720312090186,
      4.501433535322379,
      1.5240725904478127
    ],
    "obj_class": "vehicle",
    "point_num_in_lidar": 111,
    "speed": 5.347542221830668e-14,
    "if_vehicle": true,
    "motion_state": false,
    "pose": [
      [
        0.9985694330016932,
        -0.049973613435537474,
        -0.0190190808103916,
        -43.84712239253845
      ],
      [
        0.04983284246396548,
        0.9987270732786186,
        -0.007805184961702929,
        42.5017649416817
      ],
      [
        0.01938492421028095,
        0.0068462442638473646,
        0.9997886544929591,
        0.371935496085567
      ],
      [
        0.0,
        0.0,
        0.0,
        1.0
      ]
    ],
    "location": [
      -43.84712239253845,
      42.5017649416817,
      0.371935496085567
    ],
    "rotation": [
      0.006847584464265223,
      -0.019386138478198766,
      0.04986286789831186
    ]
  },
  {
    "label_id": "JpYKZOtPQGQOgSSfNX418Q",
    "size": [
      0.8302540052371447,
      0.8450825172515409,
      1.7800000000000042
    ],
    "obj_class": "pedestrian",
    "point_num_in_lidar": 329,
    "speed": 0.029900595962968554,
    "if_vehicle": false,
    "motion_state": false,
    "pose": [
      [
        0.9958807325126179,
        -0.08865574530316203,
        -0.0190190808103916,
        4.767002500897291
      ],
      [
        0.08852119272785476,
        0.99604371265811,
        -0.007805184961702929,
        55.27782006054122
      ],
      [
        0.01963581035173587,
        0.006089441599133865,
        0.9997886544929591,
        2.966217236041239
      ],
      [
        0.0,
        0.0,
        0.0,
        1.0
      ]
    ],
    "location": [
      4.767002500897291,
      55.27782006054122,
      2.966217236041239
    ],
    "rotation": [
      0.006090653533108902,
      -0.01963707238441021,
      0.08865434856517693
    ]
  },
  {
    "label_id": "M7IQ7CTV9NZWHJJ7Vipieg",
    "size": [
      0.7752268853971305,
      0.19134235695333313,
      0.7915074656586774
    ],
    "obj_class": "sign",
    "point_num_in_lidar": 604,
    "speed": 0.02617723171574433,
    "if_vehicle": false,
    "motion_state": false,
    "pose": [
      [
        -0.908015723478645,
        0.41850414631241156,
        -0.0190190808103916,
        7.318699388361338
      ],
      [
        -0.4184322623206306,
        -0.9082144685793948,
        -0.007805184961702929,
        62.0917975484665
      ],
      [
        -0.020539906640286328,
        0.0008709663408657209,
        0.9997886544929591,
        4.770110550656147
      ],
      [
        0.0,
        0.0,
        0.0,
        1.0
      ]
    ],
    "location": [
      7.318699388361338,
      62.0917975484665,
      4.770110550656147
    ],
    "rotation": [
      0.0008711502342274266,
      0.020541351170430034,
      -2.709776917789976
    ]
  },
  {
    "label_id": "NH-RHotJ5MtxTQqK8sfJdg",
    "size": [
      1.023187423519034,
      1.0643236162461247,
      1.7826290879829094
    ],
    "obj_class": "pedestrian",
    "point_num_in_lidar": 168,
    "speed": 2.3131648340258084,
    "if_vehicle": false,
    "motion_state": true,
    "pose": [
      [
        -0.24399950378330937,
        -0.9695888390027116,
        -0.0190190808103916,
        9.630967153755165
      ],
      [
        0.9697709326728174,
        -0.24389222462105561,
        -0.007805184961702929,
        58.61332701994081
      ],
      [
        0.0029292142961249326,
        -0.020348612993665607,
        0.9997886544929591,
        3.0801451800983863
      ],
      [
        0.0,
        0.0,
        0.0,
        1.0
      ]
    ],
    "location": [
      9.630967153755165,
      58.61332701994081,
      3.0801451800983863
    ],
    "rotation": [
      -0.020350104850898994,
      -0.0029292184850622494,
      1.8172852863120215
    ]
  },
  {
    "label_id": "U0Baavqmz4D7q9SZ3qExwA",
    "size": [
      0.609568027810851,
      0.07759806835408467,
      0.8100000000000032
    ],
    "obj_class": "sign",
    "point_num_in_lidar": 21,
    "speed": 4.440892098500626e-15,
    "if_vehicle": false,
    "motion_state": false,
    "pose": [
      [
        0.9905986969991896,
        -0.1354713846856062,
        -0.0190190808103916,
        -9.177884388598088
      ],
      [
        0.13534465917868896,
        0.990767834721898,
        -0.007805184961702929,
        32.71503274327972
      ],
      [
        0.01990087272740165,
        0.005157675042726197,
        0.9997886544929591,
        4.207469193783433
      ],
      [
        0.0,
        0.0,
        0.0,
        1.0
      ]
    ],
    "location": [
      -9.177884388598088,
      32.71503274327972,
      4.207469193783433
    ],
    "rotation": [
      0.005158719562164257,
      -0.019902186567546516,
      0.13578837245148365
    ]
  },
  {
    "label_id": "X0g9BnZDy5pi1LCa55aU2Q",
    "size": [
      2.032024433935465,
      4.776789011447604,
      1.5300000000000038
    ],
    "obj_class": "vehicle",
    "point_num_in_lidar": 3323,
    "speed": 1.790180836524724e-14,
    "if_vehicle": true,
    "motion_state": false,
    "pose": [
      [
        -0.024718237936244326,
        -0.9995135233094421,
        -0.0190190808103916,
        5.340527149414484
      ],
      [
        0.9996675551574111,
        -0.024573527490326673,
        -0.007805184961702929,
        68.06034143315492
      ],
      [
        0.007334022016018666,
        -0.019205688434085173,
        0.9997886544929591,
        3.0026415981025454
      ],
      [
        0.0,
        0.0,
        0.0,
        1.0
      ]
    ],
    "location": [
      5.340527149414484,
      68.06034143315492,
      3.0026415981025454
    ],
    "rotation": [
      -0.01920738595966392,
      -0.007334087764524804,
      1.5955177475289324
    ]
  },
  {
    "label_id": "Ygn2cF0KMyaQFCzjmyyP5Q",
    "size": [
      0.45348595465157965,
      0.06006719629775599,
      0.5500000000000034
    ],
    "obj_class": "sign",
    "point_num_in_lidar": 27,
    "speed": 0.017286697040440047,
    "if_vehicle": false,
    "motion_state": false,
    "pose": [
      [
        0.01691479805171668,
        -0.999676029607591,
        -0.0190190808103916,
        -11.19757841789216
      ],
      [
        0.9998239033479427,
        0.017065795668455723,
        -0.007805184961702929,
        65.66114947705717
      ],
      [
        0.008127232059780052,
        -0.01888370848655218,
        0.9997886544929591,
        4.7749613383261575
      ],
      [
        0.0,
        0.0,
        0.0,
        1.0
      ]
    ],
    "location": [
      -11.19757841789216,
      65.66114947705717,
      4.7749613383261575
    ],
    "rotation": [
      -0.018885454765497946,
      -0.008127321532294007,
      1.5538801633211652
    ]
  },
  {
    "label_id": "Z3bJL-eNNXFM_LalVkc8mw",
    "size": [
      2.15675692698413,
      4.819571506707183,
      1.5762064264043985
    ],
    "obj_class": "vehicle",
    "point_num_in_lidar": 248,
    "speed": 1.0658141036401503e-13,
    "if_vehicle": true,
    "motion_state": false,
    "pose": [
      [
        0.9944850220484428,
        -0.10313978614693614,
        -0.0190190808103916,
        -25.497154581145466
      ],
      [
        0.10300761973343138,
        0.9946499431280165,
        -0.007805184961702929,
        43.533300572029475
      ],
      [
        0.019722352754190473,
        0.005803029294935093,
        0.9997886544929591,
        1.8730811611394484
      ],
      [
        0.0,
        0.0,
        0.0,
        1.0
      ]
    ],
    "location": [
      -25.497154581145466,
      43.533300572029475,
      1.8730811611394484
    ],
    "rotation": [
      0.005804190819069365,
      -0.01972363154923651,
      0.10321080316641643
    ]
  },
  {
    "label_id": "bTdc7atlOXMKYWvvmPKLSg",
    "size": [
      1.9039549406769813,
      4.309394262143698,
      1.7600000000000042
    ],
    "obj_class": "vehicle",
    "point_num_in_lidar": 248,
    "speed": 1.7769118642034838e-13,
    "if_vehicle": true,
    "motion_state": false,
    "pose": [
      [
        -0.9934502154560461,
        0.11267184198131872,
        -0.0190190808103916,
        -25.881011412212317
      ],
      [
        -0.1125412631863576,
        -0.9936163963865193,
        -0.007805184961702929,
        58.514888880983904
      ],
      [
        -0.01977709510404526,
        -0.005613631302833182,
        0.9997886544929591,
        2.1666032918294253
      ],
      [
        0.0,
        0.0,
        0.0,
        1.0
      ]
    ],
    "location": [
      -25.881011412212317,
      58.514888880983904,
      2.1666032918294253
    ],
    "rotation": [
      -0.005614758965911077,
      0.0197783845783928,
      -3.028790303625824
    ]
  },
  {
    "label_id": "cYXxjduOUdkWGK0vKCXkfg",
    "size": [
      1.9497771394722139,
      4.430368407077941,
      1.7000000000000042
    ],
    "obj_class": "vehicle",
    "point_num_in_lidar": 20,
    "speed": 0.05368346722623062,
    "if_vehicle": true,
    "motion_state": false,
    "pose": [
      [
        -0.9973646928704987,
        0.07001388419780472,
        -0.0190190808103916,
        -43.76656874981899
      ],
      [
        -0.0698763068765208,
        -0.9975251279165914,
        -0.007805184961702929,
        57.276030952790734
      ],
      [
        -0.019518482334292982,
        -0.006455632774910007,
        0.9997886544929591,
        0.5952505840491744
      ],
      [
        0.0,
        0.0,
        0.0,
        1.0
      ]
    ],
    "location": [
      -43.76656874981899,
      57.276030952790734,
      0.5952505840491744
    ],
    "rotation": [
      -0.006456907697749451,
      0.019519721876593607,
      -3.0716460103890957
    ]
  },
  {
    "label_id": "chI0ixZCYxKYW00RUnzfZw",
    "size": [
      2.1902599941162544,
      5.086278539715913,
      1.516788657810279
    ],
    "obj_class": "vehicle",
    "point_num_in_lidar": 169,
    "speed": 0.00790307723289201,
    "if_vehicle": true,
    "motion_state": false,
    "pose": [
      [
        -0.07802861949846483,
        -0.996769687091402,
        -0.0190190808103916,
        6.916112413354767
      ],
      [
        0.9969312228256815,
        -0.07789233622767479,
        -0.007805184961702929,
        38.79808322198255
      ],
      [
        0.006298531134742807,
        -0.019569743296816006,
        0.9997886544929591,
        2.6054762975602115
      ],
      [
        0.0,
        0.0,
        0.0,
        1.0
      ]
    ],
    "location": [
      6.916112413354767,
      38.79808322198255,
      2.6054762975602115
    ],
    "rotation": [
      -0.019571380898451094,
      -0.006298572780843449,
      1.6489058956465312
    ]
  },
  {
    "label_id": "hBnUyUpsrVdakvbPwD61Mg",
    "size": [
      2.1218994851560344,
      4.719133328876525,
      1.7132819752882176
    ],
    "obj_class": "vehicle",
    "point_num_in_lidar": 29,
    "speed": 3.210922712242332,
    "if_vehicle": true,
    "motion_state": true,
    "pose": [
      [
        -0.03088431233372516,
        -0.9993420004266811,
        -0.0190190808103916,
        3.365428318062669
      ],
      [
        0.9994969221409196,
        -0.03074055494851016,
        -0.007805184961702929,
        10.736301663845097
      ],
      [
        0.007215392054606456,
        -0.019250570502115556,
        0.9997886544929591,
        2.3058366046661156
      ],
      [
        0.0,
        0.0,
        0.0,
        1.0
      ]
    ],
    "location": [
      3.365428318062669,
      10.736301663845097,
      2.3058366046661156
    ],
    "rotation": [
      -0.019252260917087725,
      -0.007215454663888826,
      1.6016863553860008
    ]
  },
  {
    "label_id": "k5Ip01qDY2VUXAlx7LMOLA",
    "size": [
      2.196784038149049,
      4.739418308262884,
      1.8418654036583062
    ],
    "obj_class": "vehicle",
    "point_num_in_lidar": 123,
    "speed": 0.026820071485465162,
    "if_vehicle": true,
    "motion_state": false,
    "pose": [
      [
        -0.07208419501327352,
        -0.9972171997084768,
        -0.0190190808103916,
        7.331835537707633
      ],
      [
        0.9973779200100906,
        -0.07194695104074418,
        -0.007805184961702929,
        33.67956936838209
      ],
      [
        0.006415099814810909,
        -0.01953184173406626,
        0.9997886544929591,
        2.4935415701393597
      ],
      [
        0.0,
        0.0,
        0.0,
        1.0
      ]
    ],
    "location": [
      7.331835537707633,
      33.67956936838209,
      2.4935415701393597
    ],
    "rotation": [
      -0.019533485814582186,
      -0.006415143816266842,
      1.6429445818926491
    ]
  },
  {
    "label_id": "luIk_3rpiPPWc8UIDuzhLA",
    "size": [
      0.7843751528611677,
      1.1613240716469213,
      1.540000000000004
    ],
    "obj_class": "pedestrian",
    "point_num_in_lidar": 233,
    "speed": 3.50099601070585,
    "if_vehicle": false,
    "motion_state": true,
    "pose": [
      [
        0.019708874832786605,
        -0.9996248470391046,
        -0.0190190808103916,
        -15.317745978033003
      ],
      [
        0.9997722981561965,
        0.019860285173961812,
        -0.007805184961702929,
        65.65700513409968
      ],
      [
        0.008179981192095212,
        -0.01886091871716667,
        0.9997886544929591,
        3.009987601062367
      ],
      [
        0.0,
        0.0,
        0.0,
        1.0
      ]
    ],
    "location": [
      -15.317745978033003,
      65.65700513409968,
      3.009987601062367
    ],
    "rotation": [
      -0.018862668297735957,
      -0.008180072418118188,
      1.5510855162450674
    ]
  },
  {
    "label_id": "p2OIsg8-KkP56hlc4kIVLA",
    "size": [
      1.9954562675447702,
      4.941560946358905,
      1.9100000000000046
    ],
    "obj_class": "vehicle",
    "point_num_in_lidar": 45,
    "speed": 1.7764956118577412e-13,
    "if_vehicle": true,
    "motion_state": false,
    "pose": [
      [
        -0.9981271065024035,
        0.058142530304995,
        -0.0190190808103916,
        -37.825848160659845
      ],
      [
        -0.0580030539050698,
        -0.9982858933318648,
        -0.007805184961702929,
        58.02796161942922
      ],
      [
        -0.019440293280324608,
        -0.006687401912070596,
        0.9997886544929591,
        1.3002505840491603
      ],
      [
        0.0,
        0.0,
        0.0,
        1.0
      ]
    ],
    "location": [
      -37.825848160659845,
      58.02796161942922,
      1.3002505840491603
    ],
    "rotation": [
      -0.006688715812763391,
      0.01944151798409897,
      -3.0835460445400384
    ]
  },
  {
    "label_id": "wFMkUYbAaNEsNM4uQIEcrQ",
    "size": [
      2.0156157569784514,
      4.674700935570883,
      2.0100000000000042
    ],
    "obj_class": "vehicle",
    "point_num_in_lidar": 20,
    "speed": 0.013225681092594104,
    "if_vehicle": true,
    "motion_state": false,
    "pose": [
      [
        -0.1436108424856943,
        -0.9894514644416252,
        -0.0190190808103916,
        17.264970980309357
      ],
      [
        0.9896216383000832,
        -0.14348551179813557,
        -0.007805184961702929,
        8.499384754466405
      ],
      [
        0.0049938891465855775,
        -0.01994260309864824,
        0.9997886544929591,
        2.480545935096032
      ],
      [
        0.0,
        0.0,
        0.0,
        1.0
      ]
    ],
    "location": [
      17.264970980309357,
      8.499384754466405,
      2.480545935096032
    ],
    "rotation": [
      -0.019944173949842506,
      -0.004993909903859511,
      1.7149072573662967
    ]
  },
  {
    "label_id": "wlmF3TF9DxECjoBmVy78JA",
    "size": [
      2.0983179634358535,
      4.960771741545302,
      1.5700000000000038
    ],
    "obj_class": "vehicle",
    "point_num_in_lidar": 1121,
    "speed": 4.076197102228689e-14,
    "if_vehicle": true,
    "motion_state": false,
    "pose": [
      [
        -0.036368984141935554,
        -0.9991574308173918,
        -0.0190190808103916,
        6.114010209600863
      ],
      [
        0.999313139246149,
        -0.03622607924852586,
        -0.007805184961702929,
        55.551106408745454
      ],
      [
        0.007109621824718279,
        -0.019289883998305665,
        0.9997886544929591,
        2.9305248006184934
      ],
      [
        0.0,
        0.0,
        0.0,
        1.0
      ]
    ],
    "location": [
      6.114010209600863,
      55.551106408745454,
      2.9305248006184934
    ],
    "rotation": [
      -0.01929156812118587,
      -0.007109681720760917,
      1.607174253083416
    ]
  },
  {
    "label_id": "zO-P9ZE6DYp5qSRJJwfdTA",
    "size": [
      1.909569651553279,
      4.59872335147546,
      1.441329879502749
    ],
    "obj_class": "vehicle",
    "point_num_in_lidar": 116,
    "speed": 0.012345599473195057,
    "if_vehicle": true,
    "motion_state": false,
    "pose": [
      [
        0.0777772066438364,
        0.9967893361647734,
        -0.0190190808103916,
        -7.105810694404511
      ],
      [
        -0.9969508375198478,
        0.07764088263400837,
        -0.007805184961702929,
        26.467627243129527
      ],
      [
        -0.0063034669156128015,
        0.0195681540264373,
        0.9997886544929591,
        2.037713146837609
      ],
      [
        0.0,
        0.0,
        0.0,
        1.0
      ]
    ],
    "location": [
      -7.105810694404511,
      26.467627243129527,
      2.037713146837609
    ],
    "rotation": [
      0.019569791900870215,
      0.006303508659698005,
      -1.492938939790315
    ]
  }
]