[
  {
    "label_id": "0FthUnFInpdwtS3fei1NLw",
    "size": [
      2.239774383726547,
      4.869392282684742,
      2.1004180595197823
    ],
    "obj_class": "vehicle",
    "point_num_in_lidar": 20,
    "speed": 0.004987041557517153,
    "if_vehicle": true,
    "motion_state": false,
    "pose": [
      [
        0.03601140779722787,
        0.9992887512880729,
        -0.011187942509046674,
        -2.6326200837947766
      ],
      [
        -0.9991815576256043,
        0.03579665293970839,
        -0.018836521419451427,
        -54.83378274745144
      ],
      [
        -0.0184226330727489,
        0.01185711547713205,
        0.9997599788965493,
        -2.089190337573986
      ],
      [
        0.0,
        0.0,
        0.0,
        1.0
      ]
    ],
    "location": [
      -2.6326200837947766,
      -54.83378274745144,
      -2.089190337573986
    ],
    "rotation": [
      0.011859406096294493,
      0.018423675318643782,
      -1.5347710145162168
    ]
  },
  {
    "label_id": "4n22DwAkHW5YGXpo4HZRiA",
    "size": [
      1.9872176007060087,
      4.063176975773814,
      1.603586986559588
    ],
    "obj_class": "vehicle",
    "point_num_in_lidar": 75,
    "speed": 0.03403804401186286,
    "if_vehicle": true,
    "motion_state": false,
    "pose": [
      [
        -0.99174310325479,
        0.12775150523173207,
        -0.011187942509046674,
        47.72003604658233
      ],
      [
        -0.12752780299247465,
        -0.9916561122308112,
        -0.018836521419451427,
        32.01859350980976
      ],
      [
        -0.013500985537047734,
        -0.01725421647886724,
        0.9997599788965493,
        3.936044122030646
      ],
      [
        0.0,
        0.0,
        0.0,
        1.0
      ]
    ],
    "location": [
      47.72003604658233,
      32.01859350980976,
      3.936044122030646
    ],
    "rotation": [
      -0.01725664568249203,
      0.013501395723007533,
      -3.013704904729009
    ]
  },
  {
    "label_id": "72Ruk2alY67J-_5Cp0_YSA",
    "size": [
      2.0211462441560153,
      4.7632808137299545,
      1.620000000000004
    ],
    "obj_class": "vehicle",
    "point_num_in_lidar": 396,
    "speed": 1.897149936107019e-14,
    "if_vehicle": true,
    "motion_state": false,
    "pose": [
      [
        0.12956997024516173,
        0.991507162229846,
        -0.011187942509046674,
        22.824830465365906
      ],
      [
        -0.9914205815821135,
        0.12934610885603917,
        -0.018836521419451427,
        9.885208739328846
      ],
      [
        -0.017229429069231732,
        0.013532603988866977,
        0.9997599788965493,
        2.4443558356369914
      ],
      [
        0.0,
        0.0,
        0.0,
        1.0
      ]
    ],
    "location": [
      22.824830465365906,
      9.885208739328846,
      2.4443558356369914
    ],
    "rotation": [
      0.013535026293521277,
      0.017230281618390568,
      -1.4408416455259725
    ]
  },
  {
    "label_id": "AYQ7lrPVr4ZXBDuzirBKFQ",
    "size": [
      1.9693148807953895,
      4.321744333266535,
      1.7400000000000042
    ],
    "obj_class": "vehicle",
    "point_num_in_lidar": 43,
    "speed": 0.6408813490617041,
    "if_vehicle": true,
    "motion_state": false,
    "pose": [
      [
        -0.06820444842230303,
        -0.9976086322590757,
        -0.011187942509046674,
        5.415342623604531
      ],
      [
        0.9975084168566544,
        -0.06798634981336846,
        -0.018836521419451427,
        -21.90528245118844
      ],
      [
        0.018030848996665814,
        -0.012444801373690995,
        0.9997599788965493,
        0.08207030873010357
      ],
      [
        0.0,
        0.0,
        0.0,
        1.0
      ]
    ],
    "location": [
      5.415342623604531,
      -21.90528245118844,
      0.08207030873010357
    ],
    "rotation": [
      -0.012447146247790428,
      -0.01803182614573695,
      1.6390648812778843
    ]
  },
  {
    "label_id": "B5B-kmXqho_2g4pBQn0dGw",
    "size": [
      1.8456881976468005,
      4.161034296729285,
      1.9076343825277733
    ],
    "obj_class": "vehicle",
    "point_num_in_lidar": 440,
    "speed": 0.01376125375580158,
    "if_vehicle": true,
    "motion_state": false,
    "pose": [
      [
        0.15896458647858697,
        0.9872208922972133,
        -0.011187942509046674,
        20.294971384834497
      ],
      [
        -0.9871409994470023,
        0.15873825207424946,
        -0.018836521419451427,
        8.898176623901463
      ],
      [
        -0.016819853045293147,
        0.014038416588274078,
        0.9997599788965493,
        2.377006234432712
      ],
      [
        0.0,
        0.0,
        0.0,
        1.0
      ]
    ],
    "location": [
      20.294971384834497,
      8.898176623901463,
      2.377006234432712
    ],
    "rotation": [
      0.014040864141255717,
      0.01682064622324934,
      -1.4111317310938343
    ]
  },
  {
    "label_id": "C0ecke8GcghXZUAZbkXQUQ",
    "size": [
      1.0495355338302368,
      0.13964836255290564,
      1.0222362312174704
    ],
    "obj_class": "sign",
    "point_num_in_lidar": 205,
    "speed": 0.011629676357416264,
    "if_vehicle": false,
    "motion_state": false,
    "pose": [
      [
        -0.9798452565498973,
        0.19944448640932685,
        -0.011187942509046674,
        15.935736244248758
      ],
      [
        -0.1992150568143497,
        -0.9797747427849272,
        -0.018836521419451427,
        14.276617566964433
      ],
      [
        -0.014718503834334531,
        -0.016228069560174606,
        0.9997599788965493,
        4.294801037342154
      ],
      [
        0.0,
        0.0,
        0.0,
        1.0
      ]
    ],
    "location": [
      15.935736244248758,
      14.276617566964433,
      4.294801037342154
    ],
    "rotation": [
      -0.01623054021817571,
      0.014719035308411572,
      -2.941013773266382
    ]
  },
  {
    "label_id": "DAc1kIT_9M97g649quYMWg",
    "size": [
      2.157104036414042,
      4.930898524838149,
      1.7600000000000042
    ],
    "obj_class": "vehicle",
    "point_num_in_lidar": 169,
    "speed": 8.881784197001252e-14,
    "if_vehicle": true,
    "motion_state": false,
    "pose": [
      [
        -0.9973974516416969,
        0.0712260724809607,
        -0.011187942509046674,
        34.63704200997966
      ],
      [
        -0.0710076713020786,
        -0.9972978973591946,
        -0.018836521419451427,
        29.88241296812828
      ],
      [
        -0.012499362979958817,
        -0.01799306871732615,
        0.9997599788965493,
        3.0400921510330194
      ],
      [
        0.0,
        0.0,
        0.0,
        1.0
      ]
    ],
    "location": [
      34.63704200997966,
      29.88241296812828,
      3.0400921510330194
    ],
    "rotation": [
      -0.017995445693931068,
      0.012499688473911977,
      -3.0705196137198953
    ]
  },
  {
    "label_id": "Igomu2nuSP6CbWRKi0IzQQ",
    "size": [
      0.8756509835635455,
      0.877486198740949,
      1.094815857252211
    ],
    "obj_class": "sign",
    "point_num_in_lidar": 42,
    "speed": 5.347542221830668e-14,
    "if_vehicle": false,
    "motion_state": false,
    "pose": [
      [
        -0.07845590473230839,
        -0.9968548043496853,
        -0.011187942509046674,
        -7.138473223023269
      ],
      [
        0.9967568362180512,
        -0.07823678746852991,
        -0.018836521419451427,
        -15.15651500801016
      ],
      [
        0.01790196819392549,
        -0.012629494509079376,
        0.9997599788965493,
        0.03606033651437546
      ],
      [
        0.0,
        0.0,
        0.0,
        1.0
      ]
    ],
    "location": [
      -7.138473223023269,
      -15.15651500801016,
      0.03606033651437546
    ],
    "rotation": [
      -0.012631854677119476,
      -0.017902924537034605,
      1.6493455559742154
    ]
  },
  {
    "label_id": "Iwwdev7I0s7EU1ea7W8pPQ",
    "size": [
      0.702208895920756,
      0.6592307009191769,
      1.2836359497641205
    ],
    "obj_class": "sign",
    "point_num_in_lidar": 94,
    "speed": 0.009031910420041223,
    "if_vehicle": false,
    "motion_state": false,
    "pose": [
      [
        -0.9857004770741533,
        0.16813506308382187,
        -0.011187942509046674,
        20.549470179864393
      ],
      [
        -0.16790799576413745,
        -0.9856226917128507,
        -0.018836521419451427,
        29.101642275628365
      ],
      [
        -0.014194169727634435,
        -0.016688623146152357,
        0.9997599788965493,
        2.1581800310263253
      ],
      [
        0.0,
        0.0,
        0.0,
        1.0
      ]
    ],
    "location": [
      20.549470179864393,
      29.101642275628365,
      2.1581800310263253
    ],
    "rotation": [
      -0.016691079555640212,
      0.01419464639795222,
      -2.972868341771942
    ]
  },
  {
    "label_id": "KclHjYw0mozzMvMK8NDx3Q",
    "size": [
      2.064590615128413,
      4.380822220647019,
      1.9700000000000042
    ],
    "obj_class": "vehicle",
    "point_num_in_lidar": 42,
    "speed": 0.014201015789252687,
    "if_vehicle": true,
    "motion_state": false,
    "pose": [
      [
        0.044050650441657596,
        0.9989666511641323,
        -0.011187942509046674,
        -3.2736364562647537
      ],
      [
        -0.9988611889173411,
        0.043835040041622274,
        -0.018836521419451427,
        -43.69985126891345
      ],
      [
        -0.01832663281410341,
        0.01200496257671027,
        0.9997599788965493,
        -1.3363258263933835
      ],
      [
        0.0,
        0.0,
        0.0,
        1.0
      ]
    ],
    "location": [
      -3.2736364562647537,
      -43.69985126891345,
      -1.3363258263933835
    ],
    "rotation": [
      0.012007267632395166,
      0.018327658849710306,
      -1.5267240108783822
    ]
  },
  {
    "label_id": "MDY2OaEN7yUDXekR5XGt2g",
    "size": [
      2.087103325333839,
      4.843770780187469,
      1.6161237410335256
    ],
    "obj_class": "vehicle",
    "point_num_in_lidar": 43,
    "speed": 0.8409116037844038,
    "if_vehicle": true,
    "motion_state": false,
    "pose": [
      [
        -0.07801542037032809,
        -0.9968893740665788,
        -0.011187942509046674,
        5.207290190724805
      ],
      [
        0.9967913091239392,
        -0.07779634641677194,
        -0.018836521419451427,
        -13.590165933543403
      ],
      [
        0.01790754699630391,
        -0.012621582996849194,
        0.9997599788965493,
        0.5630721460541128
      ],
      [
        0.0,
        0.0,
        0.0,
        1.0
      ]
    ],
    "location": [
      5.207290190724805,
      -13.590165933543403,
      0.5630721460541128
    ],
    "rotation": [
      -0.012623942527339343,
      -0.017908504233855285,
      1.6489036538926414
    ]
  },
  {
    "label_id": "MvRm0petZcTntUsaOWaEQA",
    "size": [
      2.2355196123449104,
      5.095232448087598,
      1.8026681047894613
    ],
    "obj_class": "vehicle",
    "point_num_in_lidar": 134,
    "speed": 7.771561172376096e-15,
    "if_vehicle": true,
    "motion_state": false,
    "pose": [
      [
        -0.9839927818743536,
        0.17785678272583555,
        -0.011187942509046674,
        28.162866412523393
      ],
      [
        -0.17762895864472175,
        -0.9839172416985111,
        -0.018836521419451427,
        29.098908272491485
      ],
      [
        -0.014358212631192644,
        -0.016547698535102878,
        0.9997599788965493,
        2.6752496122199645
      ],
      [
        0.0,
        0.0,
        0.0,
        1.0
      ]
    ],
    "location": [
      28.162866412523393,
      29.098908272491485,
      2.6752496122199645
    ],
    "rotation": [
      -0.016550160047303145,
      0.014358706021012359,
      -2.9629974762411133
    ]
  },
  {
    "label_id": "P1zDWbP7n8FXjio1YG0jcQ",
    "size": [
      0.730687475843116,
      0.6050986026232509,
      1.0793929034028356
    ],
    "obj_class": "sign",
    "point_num_in_lidar": 36,
    "speed": 8.881784197001252e-14,
    "if_vehicle": false,
    "motion_state": false,
    "pose": [
      [
        0.020099946256786027,
        0.9997353760385238,
        -0.011187942509046674,
        11.19411228310625
      ],
      [
        -0.9996247774426053,
        0.01988692494169646,
        -0.018836521419451427,
        -3.7244017073253417
      ],
      [
        -0.018609043051603553,
        0.011562357608842217,
        0.9997599788965493,
        0.8150378547658077
      ],
      [
        0.0,
        0.0,
        0.0,
        1.0
      ]
    ],
    "location": [
      11.19411228310625,
      -3.7244017073253417,
      0.8150378547658077
    ],
    "rotation": [
      0.011564617905202095,
      0.018610117260037258,
      -1.5506915449912884
    ]
  },
  {
    "label_id": "Txt2kwNOAppKIkBUxjB5uQ",
    "size": [
      0.4586990053624532,
      0.09781657066048581,
      0.5479482083025591
    ],
    "obj_class": "sign",
    "point_num_in_lidar": 43,
    "speed": 0.03418584038161648,
    "if_vehicle": false,
    "motion_state": false,
    "pose": [
      [
        0.09649549434956553,
        0.9952705408644662,
        -0.011187942509046674,
        -8.508540076963385
      ],
      [
        -0.9951765568835754,
        0.09627463887320699,
        -0.018836521419451427,
        8.813049765535311
      ],
      [
        -0.017670319736349853,
        0.012951617550960604,
        0.9997599788965493,
        3.987912297488786
      ],
      [
        0.0,
        0.0,
        0.0,
        1.0
      ]
    ],
    "location": [
      -8.508540076963385,
      8.813049765535311,
      3.987912297488786
    ],
    "rotation": [
      0.012954002322982076,
      0.017671239429606925,
      -1.474135311353647
    ]
  },
  {
    "label_id": "Uewd-LzyluP8_XsiaH9KoQ",
    "size": [
      1.993585589883705,
      4.014706307395386,
      1.270000000000004
    ],
    "obj_class": "vehicle",
    "point_num_in_lidar": 240,
    "speed": 5.330226875058932e-14,
    "if_vehicle": true,
    "motion_state": false,
    "pose": [
      [
        0.9778743051094798,
        -0.20889392846386443,
        -0.011187942509046674,
        27.21941205151642
      ],
      [
        0.20866382886880877,
        0.9778060093815252,
        -0.018836521419451427,
        18.83072466282124
      ],
      [
        0.014874472375863791,
        0.016085231372624107,
        0.9997599788965493,
        2.421078568596759
      ],
      [
        0.0,
        0.0,
        0.0,
        1.0
      ]
    ],
    "location": [
      27.21941205151642,
      18.83072466282124,
      2.421078568596759
    ],
    "rotation": [
      0.016087705041679178,
      -0.014875020926472107,
      0.21023212139513356
    ]
  },
  {
    "label_id": "Z5OZAUTb34FY2vz4RawbPg",
    "size": [
      1.844835069243473,
      3.7343130673035665,
      1.7200000000000042
    ],
    "obj_class": "vehicle",
    "point_num_in_lidar": 165,
    "speed": 0.010856993894167413,
    "if_vehicle": true,
    "motion_state": false,
    "pose": [
      [
        -0.04157681126144103,
        -0.9990726693828356,
        -0.011187942509046674,
        9.999926662173934
      ],
      [
        0.9989666735513368,
        -0.04136146267471122,
        -0.018836521419451427,
        -12.13748662555497
      ],
      [
        0.018356304069923546,
        -0.011959544208024576,
        0.9997599788965493,
        0.5507842610677072
      ],
      [
        0.0,
        0.0,
        0.0,
        1.0
      ]
    ],
    "location": [
      9.999926662173934,
      -12.13748662555497,
      0.5507842610677072
    ],
    "rotation": [
      -0.01196184488440849,
      -0.018357335097636755,
      1.612392138449334
    ]
  },
  {
    "label_id": "_19zTcFKhyx8bj5ZARF6fw",
    "size": [
      0.3540900505729888,
      0.08913621921783488,
      0.5241381214598029
    ],
    "obj_class": "sign",
    "point_num_in_lidar": 43,
    "speed": 0.024632622562676072,
    "if_vehicle": false,
    "motion_state": false,
    "pose": [
      [
        -0.9844233822232192,
        0.17545778544884225,
        -0.011187942509046674,
        24.57664273921776
      ],
      [
        -0.17523014617266305,
        -0.9843472869537061,
        -0.018836521419451427,
        16.678164489719848
      ],
      [
        -0.014317835189190763,
        -0.01658264732382489,
        0.9997599788965493,
        4.246941051858363
      ],
      [
        0.0,
        0.0,
        0.0,
        1.0
      ]
    ],
    "location": [
      24.57664273921776,
      16.678164489719848,
      4.246941051858363
    ],
    "rotation": [
      -0.01658510763208676,
      0.014318324427992045,
      -2.9654348809832185
    ]
  },
  {
    "label_id": "_97KU6k1lx7ZVpU6wBMpeg",
    "size": [
      2.288116665344516,
      5.071750066375591,
      1.921386651855216
    ],
    "obj_class": "vehicle",
    "point_num_in_lidar": 23,
    "speed": 0.02044707001954123,
    "if_vehicle": true,
    "motion_state": false,
    "pose": [
      [
        -0.08024102320305715,
        -0.9967127009011879,
        -0.011187942509046674,
        10.730897409597432
      ],
      [
        0.996615125338713,
        -0.08002173084179173,
        -0.018836521419451427,
        -29.58019699899876
      ],
      [
        0.017879321615432136,
        -0.012661534478218951,
        0.9997599788965493,
        -0.4507105830319622
      ],
      [
        0.0,
        0.0,
        0.0,
        1.0
      ]
    ],
    "location": [
      10.730897409597432,
      -29.58019699899876,
      -0.4507105830319622
    ],
    "rotation": [
      -0.012663897212019866,
      -0.017880274333366704,
      1.6511365772875528
    ]
  },
  {
    "label_id": "aA6RETqJMHUjJusjfdGJOw",
    "size": [
      0.4794870118391802,
      0.07570880272786432,
      0.4900000000000029
    ],
    "obj_class": "sign",
    "point_num_in_lidar": 44,
    "speed": 0.027230364397518646,
    "if_vehicle": false,
    "motion_state": false,
    "pose": [
      [
        -0.9761499199524184,
        0.21680904897928363,
        -0.011187942509046674,
        20.81339807815978
      ],
      [
        -0.21657840365628642,
        -0.9760834905531951,
        -0.018836521419451427,
        29.89183499647993
      ],
      [
        -0.015004294271367919,
        -0.01596420214697189,
        0.9997599788965493,
        3.463942510629569
      ],
      [
        0.0,
        0.0,
        0.0,
        1.0
      ]
    ],
    "location": [
      20.81339807815978,
      29.89183499647993,
      3.463942510629569
    ],
    "rotation": [
      -0.015966677853315587,
      0.015004857311654107,
      -2.9232593593770746
    ]
  },
  {
    "label_id": "aGftulTlWQgnp12qUJWKbw",
    "size": [
      2.132345498741289,
      4.321089978804239,
      1.5900000000000043
    ],
    "obj_class": "vehicle",
    "point_num_in_lidar": 112,
    "speed": 5.333694441429199e-14,
    "if_vehicle": true,
    "motion_state": false,
    "pose": [
      [
        -0.9893171916867762,
        0.14534897376797906,
        -0.011187942509046674,
        19.200777376862213
      ],
      [
        -0.14512376149330294,
        -0.9892341883046954,
        -0.018836521419451427,
        -2.312337913867168
      ],
      [
        -0.013805364284412206,
        -0.017011658171555817,
        0.9997599788965493,
        1.242726141871918
      ],
      [
        0.0,
        0.0,
        0.0,
        1.0
      ]
    ],
    "location": [
      19.200777376862213,
      -2.312337913867168,
      1.242726141871918
    ],
    "rotation": [
      -0.017014100373622314,
      0.013805802845011978,
      -2.9959406171066196
    ]
  },
  {
    "label_id": "c9nPCP9bzZhCpuh1N5SLEw",
    "size": [
      2.0621342759695476,
      4.46148502338097,
      1.7400000000000042
    ],
    "obj_class": "vehicle",
    "point_num_in_lidar": 227,
    "speed": 7.113229329843194e-14,
    "if_vehicle": true,
    "motion_state": false,
    "pose": [
      [
        0.9864058591613484,
        -0.16394606111333232,
        -0.011187942509046674,
        32.15599966290407
      ],
      [
        0.16371932629294983,
        0.986327109867207,
        -0.018836521419451427,
        19.551079981530393
      ],
      [
        0.014123144492104452,
        0.016748772684179746,
        0.9997599788965493,
        2.9575340238503394
      ],
      [
        0.0,
        0.0,
        0.0,
        1.0
      ]
    ],
    "location": [
      32.15599966290407,
      19.551079981530393,
      2.9575340238503394
    ],
    "rotation": [
      0.016751226714176035,
      -0.014123614042208521,
      0.1644762346478747
    ]
  },
  {
    "label_id": "cWrnwHWpHiZpv2NMxXOYNQ",
    "size": [
      0.8143112167351393,
      0.1133305424362818,
      0.8722620774366554
    ],
    "obj_class": "sign",
    "point_num_in_lidar": 72,
    "speed": 0.010706505585327403,
    "if_vehicle": false,
    "motion_state": false,
    "pose": [
      [
        -0.984423382223425,
        0.17545778544768767,
        -0.011187942509046674,
        24.583959934782683
      ],
      [
        -0.1752301461715086,
        -0.9843472869539116,
        -0.018836521419451427,
        16.692644022472223
      ],
      [
        -0.014317835189171313,
        -0.01658264732384168,
        0.9997599788965493,
        4.9548027103978285
      ],
      [
        0.0,
        0.0,
        0.0,
        1.0
      ]
    ],
    "location": [
      24.583959934782683,
      16.692644022472223,
      4.9548027103978285
    ],
    "rotation": [
      -0.01658510763210355,
      0.014318324427972593,
      -2.9654348809843913
    ]
  },
  {
    "label_id": "csqfDiMmc-bQfxhgaeDxNg",
    "size": [
      2.140899557317906,
      4.846744126654841,
      1.6700000000000044
    ],
    "obj_class": "vehicle",
    "point_num_in_lidar": 426,
    "speed": 1.790180836524724e-14,
    "if_vehicle": true,
    "motion_state": false,
    "pose": [
      [
        -0.9798179793854981,
        0.19957844877474615,
        -0.011187942509046674,
        22.618919601616852
      ],
      [
        -0.19934900954128673,
        -0.9797474969887511,
        -0.018836521419451427,
        27.72764758778976
      ],
      [
        -0.014720722394898921,
        -0.016226057097875238,
        0.9997599788965493,
        2.435092151033025
      ],
      [
        0.0,
        0.0,
        0.0,
        1.0
      ]
    ],
    "location": [
      22.618919601616852,
      27.72764758778976,
      2.435092151033025
    ],
    "rotation": [
      -0.016228527802885754,
      0.01472125410935947,
      -2.9408770566780347
    ]
  },
  {
    "label_id": "gZx-F_SILPevRRlp_qUVpg",
    "size": [
      0.8564543580672003,
      0.16234088721920514,
      0.7366953327434969
    ],
    "obj_class": "sign",
    "point_num_in_lidar": 120,
    "speed": 0.014926125293399673,
    "if_vehicle": false,
    "motion_state": false,
    "pose": [
      [
        0.11301924585771526,
        0.9935298083138561,
        -0.011187942509046674,
        11.041310107168044
      ],
      [
        -0.9934395069659717,
        0.11279685926488214,
        -0.018836521419451427,
        -4.801359768660745
      ],
      [
        -0.01745268073851089,
        0.013243433535560066,
        0.9997599788965493,
        3.607440465674301
      ],
      [
        0.0,
        0.0,
        0.0,
        1.0
      ]
    ],
    "location": [
      11.041310107168044,
      -4.801359768660745,
      3.607440465674301
    ],
    "rotation": [
      0.01324583827723023,
      0.0174535668629551,
      -1.4575177540164994
    ]
  },
  {
    "label_id": "hky4AvJg64NsQt0WDUJuNQ",
    "size": [
      0.9187259394621067,
      1.0509933451569144,
      1.129999999999999
    ],
    "obj_class": "sign",
    "point_num_in_lidar": 21,
    "speed": 5.3290705182007514e-14,
    "if_vehicle": false,
    "motion_state": false,
    "pose": [
      [
        -0.15760036849240577,
        -0.9874395950099795,
        -0.011187942509046674,
        12.76168066201835
      ],
      [
        0.9873593895044821,
        -0.157374144693946,
        -0.018836521419451427,
        -29.876558422244102
      ],
      [
        0.016839234198573656,
        -0.014015162802364207,
        0.9997599788965493,
        -0.8037230152146444
      ],
      [
        0.0,
        0.0,
        0.0,
        1.0
      ]
    ],
    "location": [
      12.76168066201835,
      -29.876558422244102,
      -0.8037230152146444
    ],
    "rotation": [
      -0.014017609350204163,
      -0.016840030121809645,
      1.7290791388972622
    ]
  },
  {
    "label_id": "nqMf1rffkjVD53zLzdDAHg",
    "size": [
      0.6660627460442464,
      0.16234088722241258,
      0.5449604285819105
    ],
    "obj_class": "sign",
    "point_num_in_lidar": 38,
    "speed": 0.009770655052436145,
    "if_vehicle": false,
    "motion_state": false,
    "pose": [
      [
        0.11178635674239663,
        0.9936692811940379,
        -0.011187942509046674,
        11.054824769992166
      ],
      [
        -0.9935787039715984,
        0.11156408236943204,
        -0.018836521419451427,
        -4.839763196600643
      ],
      [
        -0.01746910015943864,
        0.013221767521427941,
        0.9997599788965493,
        2.9158069442961834
      ],
      [
        0.0,
        0.0,
        0.0,
        1.0
      ]
    ],
    "location": [
      11.054824769992166,
      -4.839763196600643,
      2.9158069442961834
    ],
    "rotation": [
      0.013224170857374203,
      0.017469988787454174,
      -1.458758665362821
    ]
  },
  {
    "label_id": "op516gA0LiM91RFRCh0Qwg",
    "size": [
      1.993036858177638,
      4.7185740620167955,
      1.9805953887445877
    ],
    "obj_class": "vehicle",
    "point_num_in_lidar": 106,
    "speed": 0.00948878281878475,
    "if_vehicle": true,
    "motion_state": false,
    "pose": [
      [
        0.04247439557758851,
        0.9990349121340719,
        -0.011187942509046674,
        -4.485488233273557
      ],
      [
        -0.9989291098218964,
        0.04225895184748718,
        -0.018836521419451427,
        -21.54881787782608
      ],
      [
        -0.01834555179743096,
        0.011976031313376049,
        0.9997599788965493,
        0.17378596426347226
      ],
      [
        0.0,
        0.0,
        0.0,
        1.0
      ]
    ],
    "location": [
      -4.485488233273557,
      -21.54881787782608,
      0.17378596426347226
    ],
    "rotation": [
      0.011978333585186057,
      0.0183465810142376,
      -1.5283019938380096
    ]
  },
  {
    "label_id": "pxlvHJXKoVATrn0S41cZGw",
    "size": [
      2.017053691977389,
      4.5101862892036415,
      1.7510405738906096
    ],
    "obj_class": "vehicle",
    "point_num_in_lidar": 28,
    "speed": 0.05729302577184441,
    "if_vehicle": true,
    "motion_state": false,
    "pose": [
      [
        -0.9891861741519103,
        0.14623796637371872,
        -0.011187942509046674,
        56.50863428027118
      ],
      [
        -0.14601267959887354,
        -0.9891033731906749,
        -0.018836521419451427,
        33.36762359086276
      ],
      [
        -0.013820646260696979,
        -0.016999245092293617,
        0.9997599788965493,
        4.640645238725851
      ],
      [
        0.0,
        0.0,
        0.0,
        1.0
      ]
    ],
    "location": [
      56.50863428027118,
      33.36762359086276,
      4.640645238725851
    ],
    "rotation": [
      -0.01700168790547212,
      0.013821086279399328,
      -2.995042009810853
    ]
  },
  {
    "label_id": "qeoKejXYgVWTLgCcGDfo_g",
    "size": [
      0.4794870118391802,
      0.07570880272786432,
      0.5900000000000033
    ],
    "obj_class": "sign",
    "point_num_in_lidar": 34,
    "speed": 0.029676064419671928,
    "if_vehicle": false,
    "motion_state": false,
    "pose": [
      [
        -0.9761499199524184,
        0.21680904897928363,
        -0.011187942509046674,
        20.813932022979813
      ],
      [
        -0.21657840365628642,
        -0.9760834905531951,
        -0.018836521419451427,
        29.892389069587807
      ],
      [
        -0.015004294271367919,
        -0.01596420214697189,
        0.9997599788965493,
        2.9139425106295684
      ],
      [
        0.0,
        0.0,
        0.0,
        1.0
      ]
    ],
    "location": [
      20.813932022979813,
      29.892389069587807,
      2.9139425106295684
    ],
    "rotation": [
      -0.015966677853315587,
      0.015004857311654107,
      -2.9232593593770746
    ]
  },
  {
    "label_id": "r-HKQWyS8-4ke1oBbGnZHQ",
    "size": [
      2.0607664981870615,
      3.992494696156682,
      1.354308642745714
    ],
    "obj_class": "vehicle",
    "point_num_in_lidar": 298,
    "speed": 2.727983439143263,
    "if_vehicle": true,
    "motion_state": true,
    "pose": [
      [
        -0.049965105008489226,
        -0.9986882988319754,
        -0.011187942509046674,
        4.175058231217079
      ],
      [
        0.9985841151377807,
        -0.049748873909972874,
        -0.018836521419451427,
        -4.442015491074585
      ],
      [
        0.01825522599110942,
        -0.012113270441326282,
        0.9997599788965493,
        1.1758688370180144
      ],
      [
        0.0,
        0.0,
        0.0,
        1.0
      ]
    ],
    "location": [
      4.175058231217079,
      -4.442015491074585,
      1.1758688370180144
    ],
    "rotation": [
      -0.012115585739887977,
      -0.018256240078837645,
      1.6207905829541487
    ]
  },
  {
    "label_id": "w2b6yPYIcJd1yncEZRKzCg",
    "size": [
      2.1256082735303328,
      4.734156701634378,
      2.2
    ],
    "obj_class": "vehicle",
    "point_num_in_lidar": 60,
    "speed": 0.0,
    "if_vehicle": true,
    "motion_state": false,
    "pose": [
      [
        -0.9875387458895912,
        0.15697788159236828,
        -0.011187942509046674,
        40.082046863259464
      ],
      [
        -0.15675170839826755,
        -0.98745839779458,
        -0.018836521419451427,
        30.749494280395652
      ],
      [
        -0.014004545013595857,
        -0.016848065637732817,
        0.9997599788965493,
        3.4686211854315694
      ],
      [
        0.0,
        0.0,
        0.0,
        1.0
      ]
    ],
    "location": [
      40.082046863259464,
      30.749494280395652,
      3.4686211854315694
    ],
    "rotation": [
      -0.01685051547433278,
      0.014005002832892174,
      -2.9841762485435956
    ]
  },
  {
    "label_id": "wFMkUYbAaNEsNM4uQIEcrQ",
    "size": [
      2.0156157569784523,
      4.674700935570883,
      2.0100000000000042
    ],
    "obj_class": "vehicle",
    "point_num_in_lidar": 1018,
    "speed": 0.01698237091791587,
    "if_vehicle": true,
    "motion_state": false,
    "pose": [
      [
        -0.14362783358554718,
        -0.9895685298967104,
        -0.011187942509046674,
        17.185313073125215
      ],
      [
        0.9894851348827683,
        -0.14340276603623978,
        -0.018836521419451427,
        8.460575234962562
      ],
      [
        0.01703564690736272,
        -0.01377575156638827,
        0.9997599788965493,
        2.2422100549621584
      ],
      [
        0.0,
        0.0,
        0.0,
        1.0
      ]
    ],
    "location": [
      17.185313073125215,
      8.460575234962562,
      2.2422100549621584
    ],
    "rotation": [
      -0.013778186888608306,
      -0.01703647101011172,
      1.7149436812369923
    ]
  },
  {
    "label_id": "wzDW0bBrRBKQMSmNIPQ14Q",
    "size": [
      2.0823029386308933,
      4.474294176516248,
      1.5900000000000043
    ],
    "obj_class": "vehicle",
    "point_num_in_lidar": 55,
    "speed": 0.0028886197746982546,
    "if_vehicle": true,
    "motion_state": false,
    "pose": [
      [
        -0.9878749243733514,
        0.15484819578141515,
        -0.011187942509046674,
        18.49176458825618
      ],
      [
        -0.15462219635880947,
        -0.9877940887927973,
        -0.018836521419451427,
        0.17166196202447281
      ],
      [
        -0.013968184832789995,
        -0.016878222929212705,
        0.9997599788965493,
        1.2294881697288949
      ],
      [
        0.0,
        0.0,
        0.0,
        1.0
      ]
    ],
    "location": [
      18.49176458825618,
      0.17166196202447281,
      1.2294881697288949
    ],
    "rotation": [
      -0.01688067142650006,
      0.01396863909520219,
      -2.986332344186953
    ]
  },
  {
    "label_id": "yBd--n9qvMYP_1Fg13haag",
    "size": [
      1.8813816673433146,
      4.012285060190761,
      1.7900000000000045
    ],
    "obj_class": "vehicle",
    "point_num_in_lidar": 138,
    "speed": 0.007822852129606995,
    "if_vehicle": true,
    "motion_state": false,
    "pose": [
      [
        0.9944071728070133,
        -0.1050200200551162,
        -0.011187942509046674,
        17.781903964680467
      ],
      [
        0.10479836737611994,
        0.9943150846970564,
        -0.018836521419451427,
        2.6659983977273214
      ],
      [
        0.013102551860707957,
        0.017558693900989457,
        0.9997599788965493,
        1.5932002669093368
      ],
      [
        0.0,
        0.0,
        0.0,
        1.0
      ]
    ],
    "location": [
      17.781903964680467,
      2.6659983977273214,
      1.5932002669093368
    ],
    "rotation": [
      0.017561103910338452,
      -0.013102926790512124,
      0.105000196515569
    ]
  },
  {
    "label_id": "zB-lkclZzPFXJnmzyyPMmQ",
    "size": [
      2.1078792817508334,
      4.142008958489583,
      1.5372916696767263
    ],
    "obj_class": "vehicle",
    "point_num_in_lidar": 68,
    "speed": 0.004925840881260211,
    "if_vehicle": true,
    "motion_state": false,
    "pose": [
      [
        0.988807913841065,
        -0.14877412230524184,
        -0.011187942509046674,
        37.081345973781886
      ],
      [
        0.14854862393905424,
        0.9887256908701361,
        -0.018836521419451427,
        20.375155868348543
      ],
      [
        0.013864193128135312,
        0.01696374798436217,
        0.9997599788965493,
        3.153593285638348
      ],
      [
        0.0,
        0.0,
        0.0,
        1.0
      ]
    ],
    "location": [
      37.081345973781886,
      20.375155868348543,
      3.153593285638348
    ],
    "rotation": [
      0.01696619251620818,
      -0.01386463731950464,
      0.14911488981286022
    ]
  }
]