[
  {
    "label_id": "72Ruk2alY67J-_5Cp0_YSA",
    "size": [
      2.0211462441560126,
      4.7632808137299545,
      1.6200000000000043
    ],
    "obj_class": "vehicle",
    "point_num_in_lidar": 342,
    "speed": 1.897149936107019e-14,
    "if_vehicle": true,
    "motion_state": false,
    "pose": [
      [
        0.12956891388209668,
        0.9914990786319046,
        -0.011894268682777839,
        22.824830465365913
      ],
      [
        -0.9907273771791584,
        0.12895490095543846,
        -0.042777302711587646,
        9.885208739328846
      ],
      [
        -0.04087983198497224,
        0.017326586266698772,
        0.9990138281051083,
        2.556399415346263
      ],
      [
        0.0,
        0.0,
        0.0,
        1.0
      ]
    ],
    "location": [
      22.824830465365913,
      9.885208739328846,
      2.556399415346263
    ],
    "rotation": [
      0.01734195142551377,
      0.04089122668397625,
      -1.4407527868935646
    ]
  },
  {
    "label_id": "B5B-kmXqho_2g4pBQn0dGw",
    "size": [
      1.8456881976468034,
      4.161034296729285,
      1.907634382527773
    ],
    "obj_class": "vehicle",
    "point_num_in_lidar": 387,
    "speed": 0.01376125364108814,
    "if_vehicle": true,
    "motion_state": false,
    "pose": [
      [
        0.15896329046595553,
        0.9872128436445395,
        -0.011894268682777839,
        20.29967449675658
      ],
      [
        -0.9864597213934272,
        0.15832662581234777,
        -0.042777302711587646,
        8.875258941015545
      ],
      [
        -0.040347123226300026,
        0.018533237767283807,
        0.9990138281051083,
        2.3770062344327143
      ],
      [
        0.0,
        0.0,
        0.0,
        1.0
      ]
    ],
    "location": [
      20.29967449675658,
      8.875258941015545,
      2.3770062344327143
    ],
    "rotation": [
      0.018549404978936982,
      0.040358078035260904,
      -1.4110246089881822
    ]
  },
  {
    "label_id": "C0ecke8GcghXZUAZbkXQUQ",
    "size": [
      1.0495355338302341,
      0.13964836255290564,
      1.0222362312174704
    ],
    "obj_class": "sign",
    "point_num_in_lidar": 72,
    "speed": 0.00928601307120738,
    "if_vehicle": false,
    "motion_state": false,
    "pose": [
      [
        -0.9798372680295947,
        0.19944286037058814,
        -0.011894268682777839,
        15.895446134671204
      ],
      [
        -0.19877575111508278,
        -0.9791109759068968,
        -0.042777302711587646,
        14.302899607684253
      ],
      [
        -0.020177436629431007,
        -0.039550503231213244,
        0.9990138281051083,
        4.294801037342152
      ],
      [
        0.0,
        0.0,
        0.0,
        1.0
      ]
    ],
    "location": [
      15.895446134671204,
      14.302899607684253,
      4.294801037342152
    ],
    "rotation": [
      -0.03956888143524929,
      0.020178806016756454,
      -2.941442767248911
    ]
  },
  {
    "label_id": "DAc1kIT_9M97g649quYMWg",
    "size": [
      2.1571040364140415,
      4.930898524838149,
      1.7600000000000042
    ],
    "obj_class": "vehicle",
    "point_num_in_lidar": 138,
    "speed": 4.9263828636593437e-29,
    "if_vehicle": true,
    "motion_state": false,
    "pose": [
      [
        -0.9973893200211758,
        0.0712254917862868,
        -0.011894268682777839,
        34.63704200997967
      ],
      [
        -0.07065777101361433,
        -0.9965829527781964,
        -0.042777302711587646,
        29.88241296812828
      ],
      [
        -0.014900459827943658,
        -0.04182520235088828,
        0.9990138281051083,
        3.040092151033017
      ],
      [
        0.0,
        0.0,
        0.0,
        1.0
      ]
    ],
    "location": [
      34.63704200997967,
      29.88241296812828,
      3.040092151033017
    ],
    "rotation": [
      -0.04184205436379426,
      0.014901011258917381,
      -3.070868091883029
    ]
  },
  {
    "label_id": "Igomu2nuSP6CbWRKi0IzQQ",
    "size": [
      0.8756509835635462,
      0.877486198740949,
      1.094815857252211
    ],
    "obj_class": "sign",
    "point_num_in_lidar": 36,
    "speed": 5.347542221830668e-14,
    "if_vehicle": false,
    "motion_state": false,
    "pose": [
      [
        -0.07845526509397537,
        -0.9968466771532801,
        -0.011894268682777839,
        -7.138473223023269
      ],
      [
        0.9960444474080079,
        -0.07788171261854306,
        -0.042777302711587646,
        -15.156515008010047
      ],
      [
        0.04171606605026631,
        -0.015203324901702666,
        0.9990138281051083,
        0.036060336514376345
      ],
      [
        0.0,
        0.0,
        0.0,
        1.0
      ]
    ],
    "location": [
      -7.138473223023269,
      -15.156515008010047,
      0.036060336514376345
    ],
    "rotation": [
      -0.015217158113632607,
      -0.04172817479449545,
      1.6494008665224433
    ]
  },
  {
    "label_id": "Iwwdev7I0s7EU1ea7W8pPQ",
    "size": [
      0.7022088959207546,
      0.6592307009191769,
      1.2836359497641205
    ],
    "obj_class": "sign",
    "point_num_in_lidar": 87,
    "speed": 0.03944823929143162,
    "if_vehicle": false,
    "motion_state": false,
    "pose": [
      [
        -0.9856924408171794,
        0.16813369230577496,
        -0.011894268682777839,
        20.53406595974542
      ],
      [
        -0.1674900540311914,
        -0.9849452696334704,
        -0.042777302711587646,
        29.096201234744854
      ],
      [
        -0.018907509526632633,
        -0.040173092217020215,
        0.9990138281051083,
        2.1581800310263244
      ],
      [
        0.0,
        0.0,
        0.0,
        1.0
      ]
    ],
    "location": [
      20.53406595974542,
      29.096201234744854,
      2.1581800310263244
    ],
    "rotation": [
      -0.0401910943607359,
      0.01890863626117437,
      -2.9732790725912577
    ]
  },
  {
    "label_id": "MvRm0petZcTntUsaOWaEQA",
    "size": [
      2.235519612344912,
      5.095232448087598,
      1.8026681047894613
    ],
    "obj_class": "vehicle",
    "point_num_in_lidar": 86,
    "speed": 1.8144039911477493e-30,
    "if_vehicle": true,
    "motion_state": false,
    "pose": [
      [
        -0.9839847595399425,
        0.17785533268818043,
        -0.011894268682777839,
        28.162866412523407
      ],
      [
        -0.17720435039813973,
        -0.9832439781522664,
        -0.042777302711587646,
        29.098908272491485
      ],
      [
        -0.019303139462138824,
        -0.039984497767036324,
        0.9990138281051083,
        2.6752496122199627
      ],
      [
        0.0,
        0.0,
        0.0,
        1.0
      ]
    ],
    "location": [
      28.162866412523407,
      29.098908272491485,
      2.6752496122199627
    ],
    "rotation": [
      -0.04000261709206879,
      0.01930433842415662,
      -2.963413983236214
    ]
  },
  {
    "label_id": "U0Baavqmz4D7q9SZ3qExwA",
    "size": [
      0.6095680278108482,
      0.07759806835408467,
      0.8100000000000032
    ],
    "obj_class": "sign",
    "point_num_in_lidar": 369,
    "speed": 0.06341458602163494,
    "if_vehicle": false,
    "motion_state": false,
    "pose": [
      [
        0.9907078210404676,
        -0.13548630817079121,
        -0.011894268682777839,
        -9.249042520982428
      ],
      [
        0.13486769877675767,
        0.9899397992804325,
        -0.042777302711587646,
        32.66756098644112
      ],
      [
        0.017570348770314013,
        0.04077565571350679,
        0.9990138281051083,
        4.207469193783439
      ],
      [
        0.0,
        0.0,
        0.0,
        1.0
      ]
    ],
    "location": [
      -9.249042520982428,
      32.66756098644112,
      4.207469193783439
    ],
    "rotation": [
      0.04079326424871979,
      -0.0175712529406129,
      0.1353009549662432
    ]
  },
  {
    "label_id": "Uewd-LzyluP8_XsiaH9KoQ",
    "size": [
      1.9935855898837067,
      4.014706307395386,
      1.270000000000004
    ],
    "obj_class": "vehicle",
    "point_num_in_lidar": 240,
    "speed": 5.330226875058932e-14,
    "if_vehicle": true,
    "motion_state": false,
    "pose": [
      [
        0.9778663326580238,
        -0.20889222538536253,
        -0.011894268682777839,
        27.21941205151643
      ],
      [
        0.20821813610135473,
        0.9771465141785028,
        -0.042777302711587646,
        18.83072466282124
      ],
      [
        0.020558289141485744,
        0.039353881668165634,
        0.9990138281051083,
        2.4210785685967644
      ],
      [
        0.0,
        0.0,
        0.0,
        1.0
      ]
    ],
    "location": [
      27.21941205151643,
      18.83072466282124,
      2.4210785685967644
    ],
    "rotation": [
      0.039372372244659136,
      -0.020559737554006634,
      0.2097978136123519
    ]
  },
  {
    "label_id": "Z3bJL-eNNXFM_LalVkc8mw",
    "size": [
      2.156756926984128,
      4.819571506707183,
      1.5762064264043985
    ],
    "obj_class": "vehicle",
    "point_num_in_lidar": 118,
    "speed": 8.709395991089049e-30,
    "if_vehicle": true,
    "motion_state": false,
    "pose": [
      [
        0.9945945742060682,
        -0.10315114799337824,
        -0.011894268682777839,
        -25.497154581145466
      ],
      [
        0.10255787803958229,
        0.9938068142374249,
        -0.042777302711587646,
        43.53330057202936
      ],
      [
        0.016233133150075935,
        0.04132622221917725,
        0.9990138281051083,
        1.8730811611394516
      ],
      [
        0.0,
        0.0,
        0.0,
        1.0
      ]
    ],
    "location": [
      -25.497154581145466,
      43.53330057202936,
      1.8730811611394516
    ],
    "rotation": [
      0.04134344524458719,
      -0.016233846179261536,
      0.10275210741788307
    ]
  },
  {
    "label_id": "_19zTcFKhyx8bj5ZARF6fw",
    "size": [
      0.3540900505729882,
      0.08913621921783488,
      0.5241381214598029
    ],
    "obj_class": "sign",
    "point_num_in_lidar": 22,
    "speed": 0.007295283818109373,
    "if_vehicle": false,
    "motion_state": false,
    "pose": [
      [
        -0.9844153563781982,
        0.17545635496979542,
        -0.011894268682777839,
        24.58903322328122
      ],
      [
        -0.17480718025809272,
        -0.9836729904307304,
        -0.042777302711587646,
        16.688172369689823
      ],
      [
        -0.019205620453389378,
        -0.04003143012405709,
        0.9990138281051083,
        4.246941051858357
      ],
      [
        0.0,
        0.0,
        0.0,
        1.0
      ]
    ],
    "location": [
      24.58903322328122,
      16.688172369689823,
      4.246941051858357
    ],
    "rotation": [
      -0.04004952055442131,
      0.019206801333673713,
      -2.9658499712637973
    ]
  },
  {
    "label_id": "_97KU6k1lx7ZVpU6wBMpeg",
    "size": [
      2.2881166653445164,
      5.071750066375591,
      1.921386651855216
    ],
    "obj_class": "vehicle",
    "point_num_in_lidar": 24,
    "speed": 0.01832682589362232,
    "if_vehicle": true,
    "motion_state": false,
    "pose": [
      [
        -0.08024036901094564,
        -0.9967045748633289,
        -0.011894268682777839,
        10.704715375462158
      ],
      [
        0.9959033735664331,
        -0.0796653807605208,
        -0.042777302711587646,
        -29.557330444001195
      ],
      [
        0.04168877186947146,
        -0.015278008862154743,
        0.9990138281051083,
        -0.4507105830319622
      ],
      [
        0.0,
        0.0,
        0.0,
        1.0
      ]
    ],
    "location": [
      10.704715375462158,
      -29.557330444001195,
      -0.4507105830319622
    ],
    "rotation": [
      -0.015291898403166021,
      -0.04170085684915643,
      1.6511930951607912
    ]
  },
  {
    "label_id": "aA6RETqJMHUjJusjfdGJOw",
    "size": [
      0.47948701183918163,
      0.07570880272786432,
      0.4900000000000029
    ],
    "obj_class": "sign",
    "point_num_in_lidar": 20,
    "speed": 0.01948216441423577,
    "if_vehicle": false,
    "motion_state": false,
    "pose": [
      [
        -0.9761419615595957,
        0.21680728137008345,
        -0.011894268682777839,
        20.83389605312874
      ],
      [
        -0.2161273827983126,
        -0.9754276276472145,
        -0.042777302711587646,
        29.902200432255654
      ],
      [
        -0.020876428989084962,
        -0.03918604301840908,
        0.9990138281051083,
        3.4500941194849792
      ],
      [
        0.0,
        0.0,
        0.0,
        1.0
      ]
    ],
    "location": [
      20.83389605312874,
      29.902200432255654,
      3.4500941194849792
    ],
    "rotation": [
      -0.03920462710991142,
      0.020877945699173527,
      -2.923698044727418
    ]
  },
  {
    "label_id": "bKRJ8-zMfp6HhSzdwwk84A",
    "size": [
      2.133223537123404,
      5.12838055531279,
      1.9579890078509765
    ],
    "obj_class": "vehicle",
    "point_num_in_lidar": 1353,
    "speed": 5.060469922914395,
    "if_vehicle": true,
    "motion_state": true,
    "pose": [
      [
        -0.014557278268356445,
        -0.9998232903978179,
        -0.011894268682777839,
        3.3366974248019687
      ],
      [
        0.9989860297584872,
        -0.01403619321953874,
        -0.042777302711587646,
        15.706642252051438
      ],
      [
        0.04260279329800649,
        -0.012504929347431243,
        0.9990138281051083,
        2.4207107137044157
      ],
      [
        0.0,
        0.0,
        0.0,
        1.0
      ]
    ],
    "location": [
      3.3366974248019687,
      15.706642252051438,
      2.4207107137044157
    ],
    "rotation": [
      -0.012516619847851886,
      -0.04261569116585679,
      1.585367349390584
    ]
  },
  {
    "label_id": "bbXGUt1GvNBwGyS4Fx0khw",
    "size": [
      2.227660337375043,
      4.893110129792886,
      2.0000000000000044
    ],
    "obj_class": "vehicle",
    "point_num_in_lidar": 22,
    "speed": 0.01921019308545805,
    "if_vehicle": true,
    "motion_state": false,
    "pose": [
      [
        -0.06772039659017716,
        -0.9976334368184394,
        -0.011894268682777839,
        11.243878385950921
      ],
      [
        0.9968250796798848,
        -0.06715551275891468,
        -0.042777302711587646,
        -39.9969715431497
      ],
      [
        0.04187730180969969,
        -0.014753401232130753,
        0.9990138281051083,
        -0.9700905972380527
      ],
      [
        0.0,
        0.0,
        0.0,
        1.0
      ]
    ],
    "location": [
      11.243878385950921,
      -39.9969715431497,
      -0.9700905972380527
    ],
    "rotation": [
      -0.014766891529046162,
      -0.041889551575336796,
      1.6386281881077545
    ]
  },
  {
    "label_id": "c9nPCP9bzZhCpuh1N5SLEw",
    "size": [
      2.0621342759695453,
      4.46148502338097,
      1.740000000000004
    ],
    "obj_class": "vehicle",
    "point_num_in_lidar": 326,
    "speed": 7.113229329843194e-14,
    "if_vehicle": true,
    "motion_state": false,
    "pose": [
      [
        0.9863978171535087,
        -0.1639447244875392,
        -0.011894268682777839,
        32.15599966290409
      ],
      [
        0.1633042661778773,
        0.9856479183871014,
        -0.042777302711587646,
        19.55107998153028
      ],
      [
        0.01873667427528817,
        0.04025305319946138,
        0.9990138281051083,
        2.9575340238503385
      ],
      [
        0.0,
        0.0,
        0.0,
        1.0
      ]
    ],
    "location": [
      32.15599966290409,
      19.55107998153028,
      2.9575340238503385
    ],
    "rotation": [
      0.04027100479853415,
      -0.01873777074057909,
      0.16406802117195987
    ]
  },
  {
    "label_id": "cWrnwHWpHiZpv2NMxXOYNQ",
    "size": [
      0.8143112167351394,
      0.1133305424362818,
      0.8722620774366554
    ],
    "obj_class": "sign",
    "point_num_in_lidar": 37,
    "speed": 0.00662135091567883,
    "if_vehicle": false,
    "motion_state": false,
    "pose": [
      [
        -0.9844153563784029,
        0.17545635496864656,
        -0.011894268682777839,
        24.594411034864173
      ],
      [
        -0.17480718025694472,
        -0.9836729904309344,
        -0.042777302711587646,
        16.688870522341745
      ],
      [
        -0.019205620453342658,
        -0.0400314301240795,
        0.9990138281051083,
        4.939814279237549
      ],
      [
        0.0,
        0.0,
        0.0,
        1.0
      ]
    ],
    "location": [
      24.594411034864173,
      16.688870522341745,
      4.939814279237549
    ],
    "rotation": [
      -0.04004952055444371,
      0.019206801333626986,
      -2.9658499712649635
    ]
  },
  {
    "label_id": "chI0ixZCYxKYW00RUnzfZw",
    "size": [
      2.190259994116253,
      5.086278539715913,
      1.5167886578102792
    ],
    "obj_class": "vehicle",
    "point_num_in_lidar": 2799,
    "speed": 0.003950787730193889,
    "if_vehicle": true,
    "motion_state": false,
    "pose": [
      [
        -0.0780372151066768,
        -0.9968794909270107,
        -0.011894268682777839,
        6.936751235285186
      ],
      [
        0.9960770207241706,
        -0.07746399910914384,
        -0.042777302711587646,
        38.831777575092474
      ],
      [
        0.04172243813171151,
        -0.015185829286621749,
        0.9990138281051083,
        2.6054762975602124
      ],
      [
        0.0,
        0.0,
        0.0,
        1.0
      ]
    ],
    "location": [
      6.936751235285186,
      38.831777575092474,
      2.6054762975602124
    ],
    "rotation": [
      -0.015199649278176505,
      -0.04173455242848097,
      1.6489811841378887
    ]
  },
  {
    "label_id": "csqfDiMmc-bQfxhgaeDxNg",
    "size": [
      2.1408995573179066,
      4.846744126654841,
      1.6700000000000044
    ],
    "obj_class": "vehicle",
    "point_num_in_lidar": 452,
    "speed": 1.790180836524724e-14,
    "if_vehicle": true,
    "motion_state": false,
    "pose": [
      [
        -0.9798099910875786,
        0.19957682164384932,
        -0.011894268682777839,
        22.618919601616867
      ],
      [
        -0.19890961309607844,
        -0.9790837901787004,
        -0.042777302711587646,
        27.72764758778976
      ],
      [
        -0.020182843777013425,
        -0.03954774420683921,
        0.9990138281051083,
        2.4350921510330283
      ],
      [
        0.0,
        0.0,
        0.0,
        1.0
      ]
    ],
    "location": [
      22.618919601616867,
      27.72764758778976,
      2.4350921510330283
    ],
    "rotation": [
      -0.03956612400881854,
      0.02018421426567341,
      -2.9413061266508436
    ]
  },
  {
    "label_id": "gZx-F_SILPevRRlp_qUVpg",
    "size": [
      0.8564543580672018,
      0.16234088721920514,
      0.7366953327434969
    ],
    "obj_class": "sign",
    "point_num_in_lidar": 61,
    "speed": 0.013929517158537049,
    "if_vehicle": false,
    "motion_state": false,
    "pose": [
      [
        0.1130183244300573,
        0.9935217082256049,
        -0.011894268682777839,
        11.053373277042269
      ],
      [
        -0.9927398758096511,
        0.11241726446662793,
        -0.042777302711587646,
        -4.794406635041696
      ],
      [
        -0.0411630577151514,
        0.016642533891088475,
        0.9990138281051083,
        3.6196582417669356
      ],
      [
        0.0,
        0.0,
        0.0,
        1.0
      ]
    ],
    "location": [
      11.053373277042269,
      -4.794406635041696,
      3.6196582417669356
    ],
    "rotation": [
      0.016657421677435696,
      0.041174691016597514,
      -1.4574395193992427
    ]
  },
  {
    "label_id": "k5Ip01qDY2VUXAlx7LMOLA",
    "size": [
      2.196784038149048,
      4.739418308262884,
      1.8418654036583062
    ],
    "obj_class": "vehicle",
    "point_num_in_lidar": 4019,
    "speed": 0.07598415692914302,
    "if_vehicle": true,
    "motion_state": false,
    "pose": [
      [
        -0.07209213578554934,
        -0.9973270528419349,
        -0.011894268682777839,
        7.356543513828697
      ],
      [
        0.9965211792183358,
        -0.07152371454292966,
        -0.042777302711587646,
        33.70777269932819
      ],
      [
        0.04181223896391111,
        -0.014936797769324819,
        0.9990138281051083,
        2.5480771945236773
      ],
      [
        0.0,
        0.0,
        0.0,
        1.0
      ]
    ],
    "location": [
      7.356543513828697,
      33.70777269932819,
      2.5480771945236773
    ],
    "rotation": [
      -0.01495042857753692,
      -0.0418244316925953,
      1.6430143217362023
    ]
  },
  {
    "label_id": "op516gA0LiM91RFRCh0Qwg",
    "size": [
      1.9930368581776379,
      4.7185740620167955,
      1.9805953887445877
    ],
    "obj_class": "vehicle",
    "point_num_in_lidar": 62,
    "speed": 0.012757737331174341,
    "if_vehicle": true,
    "motion_state": false,
    "pose": [
      [
        0.042474049290695905,
        0.9990267671635998,
        -0.011894268682777839,
        -4.486425850568011
      ],
      [
        -0.9982043856362645,
        0.04192978498930217,
        -0.042777302711587646,
        -21.561324724460746
      ],
      [
        -0.042236946307462234,
        0.013689836426979907,
        0.9990138281051083,
        0.17378596426348114
      ],
      [
        0.0,
        0.0,
        0.0,
        1.0
      ]
    ],
    "location": [
      -4.486425850568011,
      -21.561324724460746,
      0.17378596426348114
    ],
    "rotation": [
      0.01370249263589067,
      0.04224951456752458,
      -1.528271525219689
    ]
  },
  {
    "label_id": "qeoKejXYgVWTLgCcGDfo_g",
    "size": [
      0.47948701183918163,
      0.07570880272786432,
      0.5900000000000033
    ],
    "obj_class": "sign",
    "point_num_in_lidar": 41,
    "speed": 0.02385953998766081,
    "if_vehicle": false,
    "motion_state": false,
    "pose": [
      [
        -0.9761419615595957,
        0.21680728137008345,
        -0.011894268682777839,
        20.832696743523968
      ],
      [
        -0.2161273827983126,
        -0.9754276276472145,
        -0.042777302711587646,
        29.91258249069915
      ],
      [
        -0.020876428989084962,
        -0.03918604301840908,
        0.9990138281051083,
        2.900094119484981
      ],
      [
        0.0,
        0.0,
        0.0,
        1.0
      ]
    ],
    "location": [
      20.832696743523968,
      29.91258249069915,
      2.900094119484981
    ],
    "rotation": [
      -0.03920462710991142,
      0.020877945699173527,
      -2.923698044727418
    ]
  },
  {
    "label_id": "r-HKQWyS8-4ke1oBbGnZHQ",
    "size": [
      2.060766498187136,
      3.992494696156682,
      1.354308642745714
    ],
    "obj_class": "vehicle",
    "point_num_in_lidar": 141,
    "speed": 0.11705691768365115,
    "if_vehicle": true,
    "motion_state": false,
    "pose": [
      [
        -0.038896488553743225,
        -0.9991724523577951,
        -0.011894268682777839,
        4.237760616309018
      ],
      [
        0.9983481272156265,
        -0.038355172503489084,
        -0.042777302711587646,
        -6.457620891297324
      ],
      [
        0.04228569572845799,
        -0.01353850772933201,
        0.9990138281051083,
        1.0078712296973849
      ],
      [
        0.0,
        0.0,
        0.0,
        1.0
      ]
    ],
    "location": [
      4.237760616309018,
      -6.457620891297324,
      1.0078712296973849
    ],
    "rotation": [
      -0.013551042681147828,
      -0.042298307580628414,
      1.6097374781383909
    ]
  },
  {
    "label_id": "v0FEOUAnA4MWpgnxtYpEyQ",
    "size": [
      0.43691111031445384,
      0.09646011325269921,
      0.5200000000000031
    ],
    "obj_class": "sign",
    "point_num_in_lidar": 98,
    "speed": 0.040147104813856326,
    "if_vehicle": false,
    "motion_state": false,
    "pose": [
      [
        0.01143689834632867,
        0.9998638525963011,
        -0.011894268682777839,
        8.876544841081255
      ],
      [
        -0.9990249698005892,
        0.010918428808812058,
        -0.042777302711587646,
        37.95843746138087
      ],
      [
        -0.04264161196704044,
        0.012371911074254782,
        0.9990138281051083,
        3.9067458467939002
      ],
      [
        0.0,
        0.0,
        0.0,
        1.0
      ]
    ],
    "location": [
      8.876544841081255,
      37.95843746138087,
      3.9067458467939002
    ],
    "rotation": [
      0.01238349090413227,
      0.04265454514301684,
      -1.559348766324801
    ]
  },
  {
    "label_id": "w2b6yPYIcJd1yncEZRKzCg",
    "size": [
      2.125608273530332,
      4.734156701634378,
      2.2
    ],
    "obj_class": "vehicle",
    "point_num_in_lidar": 33,
    "speed": 4.7504395389143285e-29,
    "if_vehicle": true,
    "motion_state": false,
    "pose": [
      [
        -0.9875306946455077,
        0.1569766017770257,
        -0.011894268682777839,
        40.082046863259464
      ],
      [
        -0.15634145376638295,
        -0.9867762928885834,
        -0.042777302711587646,
        30.749494280395766
      ],
      [
        -0.018452017970264464,
        -0.040384332204481864,
        0.9990138281051083,
        3.468621185431585
      ],
      [
        0.0,
        0.0,
        0.0,
        1.0
      ]
    ],
    "location": [
      40.082046863259464,
      30.749494280395766,
      3.468621185431585
    ],
    "rotation": [
      -0.040402199703525266,
      0.018453065211911274,
      -2.9845802372450625
    ]
  },
  {
    "label_id": "wFMkUYbAaNEsNM4uQIEcrQ",
    "size": [
      2.0156157569784536,
      4.674700935570883,
      2.0100000000000042
    ],
    "obj_class": "vehicle",
    "point_num_in_lidar": 403,
    "speed": 0.01322568109260946,
    "if_vehicle": true,
    "motion_state": false,
    "pose": [
      [
        -0.1436266626109919,
        -0.9895604621041254,
        -0.011894268682777839,
        17.205526470364617
      ],
      [
        0.9887975520902321,
        -0.14300175996499365,
        -0.042777302711587646,
        8.47042324958079
      ],
      [
        0.040629826083712996,
        -0.017904984981399707,
        0.9990138281051083,
        2.3026883927925637
      ],
      [
        0.0,
        0.0,
        0.0,
        1.0
      ]
    ],
    "location": [
      17.205526470364617,
      8.47042324958079,
      2.3026883927925637
    ],
    "rotation": [
      -0.0179207411252706,
      -0.04064101289864919,
      1.715041373434846
    ]
  },
  {
    "label_id": "wzDW0bBrRBKQMSmNIPQ14Q",
    "size": [
      2.082302938630896,
      4.474294176516248,
      1.5900000000000043
    ],
    "obj_class": "vehicle",
    "point_num_in_lidar": 62,
    "speed": 0.002888619750550026,
    "if_vehicle": true,
    "motion_state": false,
    "pose": [
      [
        -0.9878668703884591,
        0.15484693332905633,
        -0.011894268682777839,
        18.494186540711482
      ],
      [
        -0.1542134134281875,
        -0.9871111008855833,
        -0.042777302711587646,
        0.16738983754476067
      ],
      [
        -0.018364898794663822,
        -0.04042402437955268,
        0.9990138281051083,
        1.2294881697288949
      ],
      [
        0.0,
        0.0,
        0.0,
        1.0
      ]
    ],
    "location": [
      18.494186540711482,
      0.16738983754476067,
      1.2294881697288949
    ],
    "rotation": [
      -0.04044186617720538,
      0.01836593127143451,
      -2.986735032472224
    ]
  },
  {
    "label_id": "yBd--n9qvMYP_1Fg13haag",
    "size": [
      1.8813816673433124,
      4.012285060190761,
      1.7900000000000045
    ],
    "obj_class": "vehicle",
    "point_num_in_lidar": 297,
    "speed": 0.007822852064278636,
    "if_vehicle": true,
    "motion_state": false,
    "pose": [
      [
        0.9943990655657534,
        -0.10501916384383501,
        -0.011894268682777839,
        17.793229526581293
      ],
      [
        0.10442441524681904,
        0.9936124213560743,
        -0.042777302711587646,
        2.6590264184867465
      ],
      [
        0.016310729668420166,
        0.041295657791838504,
        0.9990138281051083,
        1.5932002669093404
      ],
      [
        0.0,
        0.0,
        0.0,
        1.0
      ]
    ],
    "location": [
      17.793229526581293,
      2.6590264184867465,
      1.5932002669093404
    ],
    "rotation": [
      0.04131290287209729,
      -0.01631145297250395,
      0.1046291042359687
    ]
  },
  {
    "label_id": "zB-lkclZzPFXJnmzyyPMmQ",
    "size": [
      2.107879281750834,
      4.142008958489583,
      1.5372916696767263
    ],
    "obj_class": "vehicle",
    "point_num_in_lidar": 140,
    "speed": 0.0019914207716688684,
    "if_vehicle": true,
    "motion_state": false,
    "pose": [
      [
        0.9887998522496599,
        -0.14877290937382529,
        -0.011894268682777839,
        37.07266932973263
      ],
      [
        0.14814404614367782,
        0.9880402036176974,
        -0.042777302711587646,
        20.37385039730134
      ],
      [
        0.01811611943078314,
        0.04053612551227011,
        0.9990138281051083,
        3.153593285638355
      ],
      [
        0.0,
        0.0,
        0.0,
        1.0
      ]
    ],
    "location": [
      37.07266932973263,
      20.37385039730134,
      3.153593285638355
    ],
    "rotation": [
      0.040553894034385,
      -0.018117110510122093,
      0.14871593380355924
    ]
  },
  {
    "label_id": "zO-P9ZE6DYp5qSRJJwfdTA",
    "size": [
      1.9095696515532792,
      4.59872335147546,
      1.441329879502749
    ],
    "obj_class": "vehicle",
    "point_num_in_lidar": 3338,
    "speed": 0.012345599472911733,
    "if_vehicle": true,
    "motion_state": false,
    "pose": [
      [
        0.07778577455648818,
        0.9968991421649178,
        -0.011894268682777839,
        -7.100922713427565
      ],
      [
        -0.9960965274081187,
        0.07721276098034677,
        -0.042777302711587646,
        26.406096955809744
      ],
      [
        -0.0417262670524714,
        0.015175305355832351,
        0.9990138281051083,
        2.0377131468376057
      ],
      [
        0.0,
        0.0,
        0.0,
        1.0
      ]
    ],
    "location": [
      -7.100922713427565,
      26.406096955809744,
      2.0377131468376057
    ],
    "rotation": [
      0.015189117390601081,
      0.041738384686524375,
      -1.4928638852921818
    ]
  }
]