[
  {
    "label_id": "472zhzURK8HtdFNUKxZWPQ",
    "size": [
      0.25769029841059876,
      0.14447754867912832,
      0.7231393673591384
    ],
    "obj_class": "sign",
    "point_num_in_lidar": 35,
    "speed": 0.003760005500199566,
    "if_vehicle": false,
    "motion_state": false,
    "pose": [
      [
        -0.1200100371403955,
        -0.992751775758372,
        -0.0064422600195758566,
        -9.370684596442487
      ],
      [
        0.9927682533925443,
        -0.11998760073933316,
        -0.0037644023078206718,
        32.912921505956774
      ],
      [
        0.002964125752670049,
        -0.006847437288307892,
        0.9999721628931002,
        4.1866793410885865
      ],
      [
        0.0,
        0.0,
        0.0,
        1.0
      ]
    ],
    "location": [
      -9.370684596442487,
      32.912921505956774,
      4.1866793410885865
    ],
    "rotation": [
      -0.006847520881026658,
      -0.002964130093175845,
      1.691096850441771
    ]
  },
  {
    "label_id": "5hdqv8nDe8SFqec4R_p10g",
    "size": [
      1.9684681815699332,
      4.640479928340582,
      1.6592291756713298
    ],
    "obj_class": "vehicle",
    "point_num_in_lidar": 434,
    "speed": 0.02797727535268898,
    "if_vehicle": true,
    "motion_state": false,
    "pose": [
      [
        0.9980623186101367,
        -0.06188784578895866,
        -0.0064422600195758566,
        -21.137028724652822
      ],
      [
        0.06186448628719763,
        0.9980774592243258,
        -0.0037644023078206718,
        51.44218577350853
      ],
      [
        0.006662845261514733,
        0.003358560988885237,
        0.9999721628931002,
        2.4816559755286227
      ],
      [
        0.0,
        0.0,
        0.0,
        1.0
      ]
    ],
    "location": [
      -21.137028724652822,
      51.44218577350853,
      2.4816559755286227
    ],
    "rotation": [
      0.0033586418550268825,
      -0.006662894560344189,
      0.06190539172154728
    ]
  },
  {
    "label_id": "72Ruk2alY67J-_5Cp0_YSA",
    "size": [
      2.0211462441560175,
      4.7632808137299545,
      1.620000000000004
    ],
    "obj_class": "vehicle",
    "point_num_in_lidar": 79,
    "speed": 1.897149936107019e-14,
    "if_vehicle": true,
    "motion_state": false,
    "pose": [
      [
        0.12957539119791497,
        0.9915486449396961,
        -0.0064422600195758566,
        22.824830465365913
      ],
      [
        -0.9915653381131743,
        0.12955311469729724,
        -0.0037644023078206718,
        9.885208739328732
      ],
      [
        -0.0028979731561015283,
        0.0068756956361859176,
        0.9999721628931002,
        2.562989300955178
      ],
      [
        0.0,
        0.0,
        0.0,
        1.0
      ]
    ],
    "location": [
      22.824830465365913,
      9.885208739328732,
      2.562989300955178
    ],
    "rotation": [
      0.006875778685072943,
      0.0028979772124332684,
      -1.4408550292240998
    ]
  },
  {
    "label_id": "B5B-kmXqho_2g4pBQn0dGw",
    "size": [
      1.8456881976468058,
      4.161034296729285,
      1.9076343825277733
    ],
    "obj_class": "vehicle",
    "point_num_in_lidar": 80,
    "speed": 0.013761253986479321,
    "if_vehicle": true,
    "motion_state": false,
    "pose": [
      [
        0.15897123724427875,
        0.9872621956779584,
        -0.0064422600195758566,
        20.30852662463589
      ],
      [
        -0.987279543187922,
        0.1589494664285245,
        -0.0037644023078206718,
        8.832123616369472
      ],
      [
        -0.0026924582951288116,
        0.006958743221584137,
        0.9999721628931002,
        2.3770062344327134
      ],
      [
        0.0,
        0.0,
        0.0,
        1.0
      ]
    ],
    "location": [
      20.30852662463589,
      8.832123616369472,
      2.3770062344327134
    ],
    "rotation": [
      0.006958824608495988,
      0.0026924615482266227,
      -1.4111471916419658
    ]
  },
  {
    "label_id": "B68oxBoB8uF9mptLVH6A2w",
    "size": [
      0.6519910263142865,
      0.5549595701117328,
      1.6700000000000044
    ],
    "obj_class": "pedestrian",
    "point_num_in_lidar": 57,
    "speed": 0.09187349083037669,
    "if_vehicle": false,
    "motion_state": false,
    "pose": [
      [
        -0.052373205601998506,
        -0.9986068018098069,
        -0.0064422600195758566,
        7.333439503345929
      ],
      [
        0.9986217191134229,
        -0.05234970286655406,
        -0.0037644023078206718,
        54.348142653114564
      ],
      [
        0.0034219073515243804,
        -0.006630534591760646,
        0.9999721628931002,
        3.0442701809339785
      ],
      [
        0.0,
        0.0,
        0.0,
        1.0
      ]
    ],
    "location": [
      7.333439503345929,
      54.348142653114564,
      3.0442701809339785
    ],
    "rotation": [
      -0.00663062199799748,
      -0.003421914029668365,
      1.6231938119240739
    ]
  },
  {
    "label_id": "IM_cxNqgzXM4-kkGVbsqdQ",
    "size": [
      2.096093803103967,
      4.466935406550652,
      1.770000000000004
    ],
    "obj_class": "vehicle",
    "point_num_in_lidar": 435,
    "speed": 7.234510330563959,
    "if_vehicle": true,
    "motion_state": true,
    "pose": [
      [
        -0.9911758676402602,
        0.13239673973862562,
        -0.0064422600195758566,
        -21.639339980588275
      ],
      [
        -0.13237451083574306,
        -0.9911926241433914,
        -0.0037644023078206718,
        54.99861381828862
      ],
      [
        -0.0068839152068374656,
        -0.002878393704833133,
        0.9999721628931002,
        2.8175595993264553
      ],
      [
        0.0,
        0.0,
        0.0,
        1.0
      ]
    ],
    "location": [
      -21.639339980588275,
      54.99861381828862,
      2.8175595993264553
    ],
    "rotation": [
      -0.0028784658832843894,
      0.006883969577490304,
      -3.008825297629801
    ]
  },
  {
    "label_id": "ITXh4FH9PzsxvarppaZn8g",
    "size": [
      0.6186129950284559,
      0.1335933882509024,
      0.7150064582950781
    ],
    "obj_class": "sign",
    "point_num_in_lidar": 201,
    "speed": 0.024644867916981658,
    "if_vehicle": false,
    "motion_state": false,
    "pose": [
      [
        -0.993051559232522,
        0.11750360841989936,
        -0.0064422600195758566,
        8.00493522211616
      ],
      [
        -0.11748113049511663,
        -0.9930679801770139,
        -0.0037644023078206718,
        46.92190408661986
      ],
      [
        -0.006839933000128453,
        -0.002981401591316558,
        0.9999721628931002,
        4.767674143443639
      ],
      [
        0.0,
        0.0,
        0.0,
        1.0
      ]
    ],
    "location": [
      8.00493522211616,
      46.92190408661986,
      4.767674143443639
    ],
    "rotation": [
      -0.0029814757528812204,
      0.006839986335268033,
      -3.0238368211724116
    ]
  },
  {
    "label_id": "JpYKZOtPQGQOgSSfNX418Q",
    "size": [
      0.8302540052371432,
      0.8450825172515409,
      1.7800000000000042
    ],
    "obj_class": "pedestrian",
    "point_num_in_lidar": 623,
    "speed": 0.012589490595001836,
    "if_vehicle": false,
    "motion_state": false,
    "pose": [
      [
        0.9960402292578849,
        -0.08866994409460371,
        -0.0064422600195758566,
        4.757045801096922
      ],
      [
        0.08864699964191695,
        0.9960559917643941,
        -0.0037644023078206718,
        55.22797991380662
      ],
      [
        0.006750641035186792,
        0.0031784091160521363,
        0.9999721628931002,
        2.9954939350476404
      ],
      [
        0.0,
        0.0,
        0.0,
        1.0
      ]
    ],
    "location": [
      4.757045801096922,
      55.22797991380662,
      2.9954939350476404
    ],
    "rotation": [
      0.003178486892336118,
      -0.0067506923086557355,
      0.08876554237645598
    ]
  },
  {
    "label_id": "M7IQ7CTV9NZWHJJ7Vipieg",
    "size": [
      0.7752268853971298,
      0.19134235695333313,
      0.7915074656586774
    ],
    "obj_class": "sign",
    "point_num_in_lidar": 673,
    "speed": 0.020401894924938543,
    "if_vehicle": false,
    "motion_state": false,
    "pose": [
      [
        -0.9081611480739985,
        0.41857117246026027,
        -0.0064422600195758566,
        7.304948470516521
      ],
      [
        -0.418554867762076,
        -0.908183710461675,
        -0.0037644023078206718,
        62.08256814588947
      ],
      [
        -0.007426425895933914,
        -0.0007222446311003483,
        0.9999721628931002,
        4.7701105506561445
      ],
      [
        0.0,
        0.0,
        0.0,
        1.0
      ]
    ],
    "location": [
      7.304948470516521,
      62.08256814588947,
      4.7701105506561445
    ],
    "rotation": [
      -0.0007222646112673412,
      0.007426494161089408,
      -2.7097264284202063
    ]
  },
  {
    "label_id": "NH-RHotJ5MtxTQqK8sfJdg",
    "size": [
      1.023187423519216,
      1.0643236162461247,
      1.7826290879829094
    ],
    "obj_class": "pedestrian",
    "point_num_in_lidar": 241,
    "speed": 1.4282634296668484,
    "if_vehicle": false,
    "motion_state": true,
    "pose": [
      [
        -0.4144663603548738,
        -0.9100418305880362,
        -0.0064422600195758566,
        8.599392451542144
      ],
      [
        0.910064319126457,
        -0.41444995394880046,
        -0.0037644023078206718,
        62.193415446027984
      ],
      [
        0.0007557691988395394,
        -0.00742308910178482,
        0.9999721628931002,
        3.2022345398113745
      ],
      [
        0.0,
        0.0,
        0.0,
        1.0
      ]
    ],
    "location": [
      8.599392451542144,
      62.193415446027984,
      3.2022345398113745
    ],
    "rotation": [
      -0.007423159395008363,
      -0.0007557692707871585,
      1.9981528059395657
    ]
  },
  {
    "label_id": "U0Baavqmz4D7q9SZ3qExwA",
    "size": [
      0.6095680278108457,
      0.07759806835408467,
      0.8100000000000032
    ],
    "obj_class": "sign",
    "point_num_in_lidar": 45,
    "speed": 4.440892098500626e-15,
    "if_vehicle": false,
    "motion_state": false,
    "pose": [
      [
        0.9907573477922819,
        -0.13549308130470505,
        -0.0064422600195758566,
        -9.177884388598088
      ],
      [
        0.13547090486702076,
        0.9907741736691441,
        -0.0037644023078206718,
        32.715032743279494
      ],
      [
        0.0068928753154142,
        0.0028568704522789813,
        0.9999721628931002,
        4.207469193783431
      ],
      [
        0.0,
        0.0,
        0.0,
        1.0
      ]
    ],
    "location": [
      -9.177884388598088,
      32.715032743279494,
      4.207469193783431
    ],
    "rotation": [
      0.002856942208575092,
      -0.006892929898653162,
      0.1358919817083642
    ]
  },
  {
    "label_id": "Z3bJL-eNNXFM_LalVkc8mw",
    "size": [
      2.1567569269841282,
      4.819571506707183,
      1.5762064264043985
    ],
    "obj_class": "vehicle",
    "point_num_in_lidar": 333,
    "speed": 1.0658141036401503e-13,
    "if_vehicle": true,
    "motion_state": false,
    "pose": [
      [
        0.9946442952616449,
        -0.10315630465127215,
        -0.0064422600195758566,
        -25.497154581145466
      ],
      [
        0.10313359202627705,
        0.9946603900181319,
        -0.0037644023078206718,
        43.53330057202936
      ],
      [
        0.006796182694965042,
        0.003079827863957469,
        0.9999721628931002,
        1.8730811611394471
      ],
      [
        0.0,
        0.0,
        0.0,
        1.0
      ]
    ],
    "location": [
      -25.497154581145466,
      43.53330057202936,
      1.8730811611394471
    ],
    "rotation": [
      0.003079903861345954,
      -0.006796235013179241,
      0.10331969806539407
    ]
  },
  {
    "label_id": "bKRJ8-zMfp6HhSzdwwk84A",
    "size": [
      2.133223537123401,
      5.12838055531279,
      1.9579890078509767
    ],
    "obj_class": "vehicle",
    "point_num_in_lidar": 50,
    "speed": 2.5007281047184815,
    "if_vehicle": true,
    "motion_state": true,
    "pose": [
      [
        -0.05143738393286111,
        -0.9986554424925463,
        -0.0064422600195758566,
        3.5796484868651532
      ],
      [
        0.9986703377650994,
        -0.05141386722866776,
        -0.0037644023078206718,
        3.5778765731661224
      ],
      [
        0.0034281193511375876,
        -0.006627324996505537,
        0.9999721628931002,
        2.420710713704421
      ],
      [
        0.0,
        0.0,
        0.0,
        1.0
      ]
    ],
    "location": [
      3.5796484868651532,
      3.5778765731661224,
      2.420710713704421
    ],
    "rotation": [
      -0.006627412454437936,
      -0.0034281260657175053,
      1.6222567226355311
    ]
  },
  {
    "label_id": "bTdc7atlOXMKYWvvmPKLSg",
    "size": [
      1.9039549406769825,
      4.309394262143698,
      1.7600000000000042
    ],
    "obj_class": "vehicle",
    "point_num_in_lidar": 273,
    "speed": 1.7769118642034838e-13,
    "if_vehicle": true,
    "motion_state": false,
    "pose": [
      [
        -0.9936093229382742,
        0.11268988710609526,
        -0.0064422600195758566,
        -25.881011412212303
      ],
      [
        -0.11266732986912413,
        -0.9936256347616172,
        -0.0037644023078206718,
        58.51488888098379
      ],
      [
        -0.006825404772340686,
        -0.0030145129936127515,
        0.9999721628931002,
        2.1666032918294236
      ],
      [
        0.0,
        0.0,
        0.0,
        1.0
      ]
    ],
    "location": [
      -25.881011412212303,
      58.51488888098379,
      2.1666032918294236
    ],
    "rotation": [
      -0.0030145877793065763,
      0.006825457768340462,
      -3.028682945311479
    ]
  },
  {
    "label_id": "chI0ixZCYxKYW00RUnzfZw",
    "size": [
      2.1902599941162264,
      5.086278539715913,
      1.516788657810279
    ],
    "obj_class": "vehicle",
    "point_num_in_lidar": 361,
    "speed": 0.007903077431360952,
    "if_vehicle": true,
    "motion_state": false,
    "pose": [
      [
        -0.078041116286928,
        -0.9969293262084983,
        -0.0064422600195758566,
        6.923542086235059
      ],
      [
        0.9969448430924126,
        -0.07801800501621142,
        -0.0037644023078206718,
        38.81021269440896
      ],
      [
        0.0032502307817903705,
        -0.00671635606263199,
        0.9999721628931002,
        2.605476297560211
      ],
      [
        0.0,
        0.0,
        0.0,
        1.0
      ]
    ],
    "location": [
      6.923542086235059,
      38.81021269440896,
      2.605476297560211
    ],
    "rotation": [
      -0.006716442035706885,
      -0.0032502365043906444,
      1.648917291600767
    ]
  },
  {
    "label_id": "hBnUyUpsrVdakvbPwD61Mg",
    "size": [
      2.1218994851560127,
      4.719133328876525,
      1.7132819752882174
    ],
    "obj_class": "vehicle",
    "point_num_in_lidar": 85,
    "speed": 5.455036902288179,
    "if_vehicle": true,
    "motion_state": true,
    "pose": [
      [
        -0.03239296376652675,
        -0.9994544477785171,
        -0.0064422600195758566,
        3.165744016290134
      ],
      [
        0.9994688921000907,
        -0.03236916742027729,
        -0.0037644023078206718,
        18.453422997277585
      ],
      [
        0.003553818036640475,
        -0.006560778631946056,
        0.9999721628931002,
        2.3804408712188962
      ],
      [
        0.0,
        0.0,
        0.0,
        1.0
      ]
    ],
    "location": [
      3.165744016290134,
      18.453422997277585,
      2.3804408712188962
    ],
    "rotation": [
      -0.006560867131046042,
      -0.0035538255172464445,
      1.6031951629144616
    ]
  },
  {
    "label_id": "k5Ip01qDY2VUXAlx7LMOLA",
    "size": [
      2.1967840381490493,
      4.739418308262884,
      1.8418654036583062
    ],
    "obj_class": "vehicle",
    "point_num_in_lidar": 263,
    "speed": 0.026820072158543127,
    "if_vehicle": true,
    "motion_state": false,
    "pose": [
      [
        -0.07209573976367364,
        -0.9973769104976157,
        -0.0064422600195758566,
        7.335409982054671
      ],
      [
        0.9973922893094479,
        -0.07207253638747156,
        -0.0037644023078206718,
        33.72770798407009
      ],
      [
        0.0032902179239658416,
        -0.006696857838401905,
        0.9999721628931002,
        2.5287288824797463
      ],
      [
        0.0,
        0.0,
        0.0,
        1.0
      ]
    ],
    "location": [
      7.335409982054671,
      33.72770798407009,
      2.5287288824797463
    ],
    "rotation": [
      -0.006696944145724326,
      -0.003290223860389088,
      1.6429550608447574
    ]
  },
  {
    "label_id": "p2OIsg8-KkP56hlc4kIVLA",
    "size": [
      1.9954562675447716,
      4.941560946358905,
      1.9100000000000046
    ],
    "obj_class": "vehicle",
    "point_num_in_lidar": 31,
    "speed": 1.7764956118577412e-13,
    "if_vehicle": true,
    "motion_state": false,
    "pose": [
      [
        -0.9982869630190044,
        0.058151842207559,
        -0.0064422600195758566,
        -37.825848160659845
      ],
      [
        -0.05812842620078558,
        -0.9983020160966741,
        -0.0037644023078206718,
        58.02796161942899
      ],
      [
        -0.0066502280947717375,
        -0.0033834753113418433,
        0.9999721628931002,
        1.3002505840491598
      ],
      [
        0.0,
        0.0,
        0.0,
        1.0
      ]
    ],
    "location": [
      -37.825848160659845,
      58.02796161942899,
      1.3002505840491598
    ],
    "rotation": [
      -0.003383556587903272,
      0.006650277114061767,
      -3.0834301547560896
    ]
  },
  {
    "label_id": "tReFCtpyXZbI7c8Dvs-O-g",
    "size": [
      2.296894800848467,
      4.865316304081679,
      1.770000000000004
    ],
    "obj_class": "vehicle",
    "point_num_in_lidar": 122,
    "speed": 8.884559321017419e-14,
    "if_vehicle": true,
    "motion_state": false,
    "pose": [
      [
        0.9968682837958163,
        -0.07881701623268873,
        -0.0064422600195758566,
        -32.14481340428809
      ],
      [
        0.07879391704597294,
        0.9968838186628455,
        -0.0037644023078206718,
        43.1276814946865
      ],
      [
        0.006718883726935632,
        0.003245002366543155,
        0.9999721628931002,
        1.6193790316427163
      ],
      [
        0.0,
        0.0,
        0.0,
        1.0
      ]
    ],
    "location": [
      -32.14481340428809,
      43.1276814946865,
      1.6193790316427163
    ],
    "rotation": [
      0.003245081309654323,
      -0.006718934280170238,
      0.07887746155694465
    ]
  },
  {
    "label_id": "uek0tHD8C0uN8SyClf2LCw",
    "size": [
      0.496272363276996,
      0.0968182875673449,
      0.5969548872180814
    ],
    "obj_class": "sign",
    "point_num_in_lidar": 25,
    "speed": 0.01548209507072301,
    "if_vehicle": false,
    "motion_state": false,
    "pose": [
      [
        0.9907573477921381,
        -0.1354930813057575,
        -0.0064422600195758566,
        -9.196966721651606
      ],
      [
        0.13547090486807323,
        0.9907741736690002,
        -0.0037644023078206718,
        32.77275785321535
      ],
      [
        0.006892875315417235,
        0.0028568704522716594,
        0.9999721628931002,
        4.934649644911303
      ],
      [
        0.0,
        0.0,
        0.0,
        1.0
      ]
    ],
    "location": [
      -9.196966721651606,
      32.77275785321535,
      4.934649644911303
    ],
    "rotation": [
      0.00285694220856777,
      -0.006892929898656198,
      0.13589198170942646
    ]
  },
  {
    "label_id": "v0FEOUAnA4MWpgnxtYpEyQ",
    "size": [
      0.43691111031467156,
      0.09646011325269921,
      0.5200000000000031
    ],
    "obj_class": "sign",
    "point_num_in_lidar": 25,
    "speed": 1.0667388882858399e-13,
    "if_vehicle": false,
    "motion_state": false,
    "pose": [
      [
        0.01947514198392667,
        0.9997895859282322,
        -0.0064422600195758566,
        8.873809515992832
      ],
      [
        -0.9998037215434249,
        0.019451160972612073,
        -0.0037644023078206718,
        38.014579233529616
      ],
      [
        -0.003638300787935118,
        0.006514307812151789,
        0.9999721628931002,
        3.7902285869537957
      ],
      [
        0.0,
        0.0,
        0.0,
        1.0
      ]
    ],
    "location": [
      8.873809515992832,
      38.014579233529616,
      3.7902285869537957
    ],
    "rotation": [
      0.006514397003830198,
      0.0036383088148219133,
      -1.5513198245841882
    ]
  },
  {
    "label_id": "wFMkUYbAaNEsNM4uQIEcrQ",
    "size": [
      2.0156157569784545,
      4.674700935570883,
      2.0100000000000042
    ],
    "obj_class": "vehicle",
    "point_num_in_lidar": 32,
    "speed": 0.013225681424514368,
    "if_vehicle": true,
    "motion_state": false,
    "pose": [
      [
        -0.1436338426916553,
        -0.9896099314979963,
        -0.0064422600195758566,
        17.243571828460063
      ],
      [
        0.9896269391259699,
        -0.1436118053344803,
        -0.0037644023078206718,
        8.488959037416748
      ],
      [
        0.0028001053181278806,
        -0.006916129633136085,
        0.9999721628931002,
        2.416519828079064
      ],
      [
        0.0,
        0.0,
        0.0,
        1.0
      ]
    ],
    "location": [
      17.243571828460063,
      8.488959037416748,
      2.416519828079064
    ],
    "rotation": [
      -0.006916211884762728,
      -0.0028001089772203202,
      1.7149292579723168
    ]
  },
  {
    "label_id": "wlmF3TF9DxECjoBmVy78JA",
    "size": [
      2.098317963435853,
      4.960771741545302,
      1.5700000000000038
    ],
    "obj_class": "vehicle",
    "point_num_in_lidar": 2738,
    "speed": 4.076197102228689e-14,
    "if_vehicle": true,
    "motion_state": false,
    "pose": [
      [
        -0.03637480887014861,
        -0.9993174523471009,
        -0.0064422600195758566,
        6.114010209600863
      ],
      [
        0.9993319913652338,
        -0.036351070262938455,
        -0.0037644023078206718,
        55.55110640874523
      ],
      [
        0.0035276498772371795,
        -0.006574885948712695,
        0.9999721628931002,
        2.9305248006184925
      ],
      [
        0.0,
        0.0,
        0.0,
        1.0
      ]
    ],
    "location": [
      6.114010209600863,
      55.55110640874523,
      2.9305248006184925
    ],
    "rotation": [
      -0.006574974231966539,
      -0.0035276571938084094,
      1.6071793883401704
    ]
  },
  {
    "label_id": "yBd--n9qvMYP_1Fg13haag",
    "size": [
      1.8813816673433132,
      4.012285060190761,
      1.7900000000000045
    ],
    "obj_class": "vehicle",
    "point_num_in_lidar": 77,
    "speed": 0.01601582522352037,
    "if_vehicle": true,
    "motion_state": false,
    "pose": [
      [
        0.994448776847603,
        -0.10502441388623096,
        -0.0064422600195758566,
        17.814546332116052
      ],
      [
        0.10500173153290693,
        0.9944649142379814,
        -0.0037644023078206718,
        2.6459038620108686
      ],
      [
        0.006801955703877123,
        0.003067056813533877,
        0.9999721628931002,
        1.5932002669093386
      ],
      [
        0.0,
        0.0,
        0.0,
        1.0
      ]
    ],
    "location": [
      17.814546332116052,
      2.6459038620108686,
      1.5932002669093386
    ],
    "rotation": [
      0.0030671325760484305,
      -0.006802008155531386,
      0.10519808482215202
    ]
  },
  {
    "label_id": "zO-P9ZE6DYp5qSRJJwfdTA",
    "size": [
      1.9095696515532787,
      4.59872335147546,
      1.441329879502749
    ],
    "obj_class": "vehicle",
    "point_num_in_lidar": 184,
    "speed": 0.012345599782865134,
    "if_vehicle": true,
    "motion_state": false,
    "pose": [
      [
        0.07778966316690404,
        0.9969489784287958,
        -0.0064422600195758566,
        -7.104051092933176
      ],
      [
        -0.9969644894829731,
        0.07776654798317441,
        -0.0037644023078206718,
        26.445477242012316
      ],
      [
        -0.003251924712244388,
        0.0067155360590831,
        0.9999721628931002,
        2.037713146837608
      ],
      [
        0.0,
        0.0,
        0.0,
        1.0
      ]
    ],
    "location": [
      -7.104051092933176,
      26.445477242012316,
      2.037713146837608
    ],
    "rotation": [
      0.006715622046317638,
      0.0032519304437967377,
      -1.4929275827750874
    ]
  }
]