[
  {
    "label_id": "472zhzURK8HtdFNUKxZWPQ",
    "size": [
      0.2576902984104755,
      0.14447754867912832,
      0.7231393673591384
    ],
    "obj_class": "sign",
    "point_num_in_lidar": 26,
    "speed": 0.0037600054058619836,
    "if_vehicle": false,
    "motion_state": false,
    "pose": [
      [
        -0.12135926139443406,
        -0.992516586635625,
        -0.013518688063759327,
        -9.371780142169527
      ],
      [
        0.9925962206438917,
        -0.12127833332104827,
        -0.006656472814564794,
        32.9153143170015
      ],
      [
        0.004967135719884801,
        -0.01422642330441891,
        0.9998864617758876,
        4.184202748926681
      ],
      [
        0.0,
        0.0,
        0.0,
        1.0
      ]
    ],
    "location": [
      -9.371780142169527,
      32.9153143170015,
      4.184202748926681
    ],
    "rotation": [
      -0.014227078753033388,
      -0.004967156145335647,
      1.6924569862778849
    ]
  },
  {
    "label_id": "5hdqv8nDe8SFqec4R_p10g",
    "size": [
      1.9684681815699334,
      4.640479928340582,
      1.6592291756713298
    ],
    "obj_class": "vehicle",
    "point_num_in_lidar": 533,
    "speed": 0.027977274650366202,
    "if_vehicle": true,
    "motion_state": false,
    "pose": [
      [
        0.9979918239394362,
        -0.06188347455558934,
        -0.013518688063759327,
        -21.133368811026898
      ],
      [
        0.061797936222818935,
        0.9980664839820389,
        -0.006656472814564794,
        51.46142242488486
      ],
      [
        0.013904475129896319,
        0.005807678422430409,
        0.9998864617758876,
        2.4764341775119827
      ],
      [
        0.0,
        0.0,
        0.0,
        1.0
      ]
    ],
    "location": [
      -21.133368811026898,
      51.46142242488486,
      2.4764341775119827
    ],
    "rotation": [
      0.005808272573898329,
      -0.013904923204505919,
      0.06184332434879253
    ]
  },
  {
    "label_id": "72Ruk2alY67J-_5Cp0_YSA",
    "size": [
      2.0211462441560184,
      4.7632808137299545,
      1.620000000000004
    ],
    "obj_class": "vehicle",
    "point_num_in_lidar": 55,
    "speed": 1.897149936107019e-14,
    "if_vehicle": true,
    "motion_state": false,
    "pose": [
      [
        0.12956623908951553,
        0.9914786103397457,
        -0.013518688063759327,
        22.82483046536592
      ],
      [
        -0.9915589111440688,
        0.12948597260111824,
        -0.006656472814564794,
        9.885208739328846
      ],
      [
        -0.004849269943721994,
        0.01426702976478228,
        0.9998864617758876,
        2.562989300955179
      ],
      [
        0.0,
        0.0,
        0.0,
        1.0
      ]
    ],
    "location": [
      22.82483046536592,
      9.885208739328846,
      2.562989300955179
    ],
    "rotation": [
      0.01426768158130415,
      0.0048492889493588626,
      -1.4408632714920442
    ]
  },
  {
    "label_id": "B5B-kmXqho_2g4pBQn0dGw",
    "size": [
      1.845688197646805,
      4.161034296729285,
      1.9076343825277733
    ],
    "obj_class": "vehicle",
    "point_num_in_lidar": 76,
    "speed": 0.013761253640859696,
    "if_vehicle": true,
    "motion_state": false,
    "pose": [
      [
        0.15896000886223025,
        0.9871924638364874,
        -0.013518688063759327,
        20.310462869809484
      ],
      [
        -0.9872751134478195,
        0.15888216305257266,
        -0.006656472814564794,
        8.822688533042992
      ],
      [
        -0.00442334139706774,
        0.014404777269408085,
        0.9998864617758876,
        2.377006234432715
      ],
      [
        0.0,
        0.0,
        0.0,
        1.0
      ]
    ],
    "location": [
      20.310462869809484,
      8.822688533042992,
      2.377006234432715
    ],
    "rotation": [
      0.01440541641366116,
      0.0044233558216735264,
      -1.4111575731317922
    ]
  },
  {
    "label_id": "B68oxBoB8uF9mptLVH6A2w",
    "size": [
      0.6519910263142861,
      0.5549595701117328,
      1.6700000000000044
    ],
    "obj_class": "pedestrian",
    "point_num_in_lidar": 50,
    "speed": 0.1134949628945909,
    "if_vehicle": false,
    "motion_state": false,
    "pose": [
      [
        -0.052369506402247024,
        -0.9985362686814234,
        -0.013518688063759327,
        7.333991635308351
      ],
      [
        0.9986101101277384,
        -0.05228326042181491,
        -0.006656472814564794,
        54.4498125659577
      ],
      [
        0.005939928438236053,
        -0.013848494771811977,
        0.9998864617758876,
        3.046100092240805
      ],
      [
        0.0,
        0.0,
        0.0,
        1.0
      ]
    ],
    "location": [
      7.333991635308351,
      54.4498125659577,
      3.046100092240805
    ],
    "rotation": [
      -0.013849181792320012,
      -0.005939963368292186,
      1.6231907257501397
    ]
  },
  {
    "label_id": "IM_cxNqgzXM4-kkGVbsqdQ",
    "size": [
      2.0960938031038125,
      4.466935406550652,
      1.770000000000004
    ],
    "obj_class": "vehicle",
    "point_num_in_lidar": 835,
    "speed": 5.867862488605066,
    "if_vehicle": true,
    "motion_state": true,
    "pose": [
      [
        -0.9685119632366369,
        0.24859972272822445,
        -0.013518688063759327,
        -17.123191110024962
      ],
      [
        -0.2485297639234844,
        -0.9686013874725795,
        -0.006656472814564794,
        55.721972824349905
      ],
      [
        -0.014749017311415053,
        -0.003087077200824119,
        0.9998864617758876,
        2.9664240115419975
      ],
      [
        0.0,
        0.0,
        0.0,
        1.0
      ]
    ],
    "location": [
      -17.123191110024962,
      55.721972824349905,
      2.9664240115419975
    ],
    "rotation": [
      -0.003087417931939853,
      0.014749552098021876,
      -2.8904026427281324
    ]
  },
  {
    "label_id": "ITXh4FH9PzsxvarppaZn8g",
    "size": [
      0.6186129950284577,
      0.1335933882509024,
      0.7150064582950781
    ],
    "obj_class": "sign",
    "point_num_in_lidar": 119,
    "speed": 0.0057553554226998606,
    "if_vehicle": false,
    "motion_state": false,
    "pose": [
      [
        -0.9929814184794303,
        0.11749530896003153,
        -0.013518688063759327,
        8.003668574633394
      ],
      [
        -0.11741407155134503,
        -0.9930607368995135,
        -0.006656472814564794,
        46.918887578361364
      ],
      [
        -0.014206982660442834,
        -0.005022469609877764,
        0.9998864617758876,
        4.773192162906621
      ],
      [
        0.0,
        0.0,
        0.0,
        1.0
      ]
    ],
    "location": [
      8.003668574633394,
      46.918887578361364,
      4.773192162906621
    ],
    "rotation": [
      -0.005022997672226242,
      0.014207460622860853,
      -3.02389518120115
    ]
  },
  {
    "label_id": "JpYKZOtPQGQOgSSfNX418Q",
    "size": [
      0.8302540052371431,
      0.8450825172515409,
      1.7800000000000042
    ],
    "obj_class": "pedestrian",
    "point_num_in_lidar": 533,
    "speed": 0.027277576684442306,
    "if_vehicle": false,
    "motion_state": false,
    "pose": [
      [
        0.9959698774104531,
        -0.0886636812006016,
        -0.013518688063759327,
        4.760559755211517
      ],
      [
        0.0885801788259749,
        0.9960468077800497,
        -0.006656472814564794,
        55.245569676700256
      ],
      [
        0.014055433474832782,
        0.005432158606927738,
        0.9998864617758876,
        2.9851810751331276
      ],
      [
        0.0,
        0.0,
        0.0,
        1.0
      ]
    ],
    "location": [
      4.760559755211517,
      55.245569676700256,
      2.9851810751331276
    ],
    "rotation": [
      0.005432721986004858,
      -0.014055896303331695,
      0.08870521530205802
    ]
  },
  {
    "label_id": "M7IQ7CTV9NZWHJJ7Vipieg",
    "size": [
      0.7752268853971301,
      0.19134235695333313,
      0.7915074656586774
    ],
    "obj_class": "sign",
    "point_num_in_lidar": 807,
    "speed": 0.016654705131533342,
    "if_vehicle": false,
    "motion_state": false,
    "pose": [
      [
        -0.9080970032607093,
        0.4185416081370573,
        -0.013518688063759327,
        7.319189364621707
      ],
      [
        -0.41848885184083207,
        -0.9081975403262282,
        -0.006656472814564794,
        62.08151753484401
      ],
      [
        -0.015063650084272314,
        -0.0003873027689956677,
        0.9998864617758876,
        4.770110550656147
      ],
      [
        0.0,
        0.0,
        0.0,
        1.0
      ]
    ],
    "location": [
      7.319189364621707,
      62.08151753484401,
      4.770110550656147
    ],
    "rotation": [
      -0.0003873467282853346,
      0.015064219833514414,
      -2.70975953806086
    ]
  },
  {
    "label_id": "NH-RHotJ5MtxTQqK8sfJdg",
    "size": [
      1.023187423519211,
      1.0643236162461247,
      1.7826290879829094
    ],
    "obj_class": "pedestrian",
    "point_num_in_lidar": 236,
    "speed": 2.0154355004072033,
    "if_vehicle": false,
    "motion_state": true,
    "pose": [
      [
        -0.28536380328449384,
        -0.95832392480207,
        -0.013518688063759327,
        9.017290359076028
      ],
      [
        0.9584159526126133,
        -0.28529730658967994,
        -0.006656472814564794,
        60.98357538406401
      ],
      [
        0.002522211859775424,
        -0.014856042697524708,
        0.9998864617758876,
        3.1409012180798257
      ],
      [
        0.0,
        0.0,
        0.0,
        1.0
      ]
    ],
    "location": [
      9.017290359076028,
      60.98357538406401,
      3.1409012180798257
    ],
    "rotation": [
      -0.01485663647072789,
      -0.002522214533980343,
      1.8601832673713155
    ]
  },
  {
    "label_id": "U0Baavqmz4D7q9SZ3qExwA",
    "size": [
      0.6095680278108457,
      0.07759806835408467,
      0.8100000000000032
    ],
    "obj_class": "sign",
    "point_num_in_lidar": 31,
    "speed": 4.440892098500626e-15,
    "if_vehicle": false,
    "motion_state": false,
    "pose": [
      [
        0.990687369082856,
        -0.135483511220826,
        -0.013518688063759327,
        -9.177884388598088
      ],
      [
        0.13540372559562824,
        0.9907681476836508,
        -0.006656472814564794,
        32.71503274327961
      ],
      [
        0.01429572784130712,
        0.0047640028110345865,
        0.9998864617758876,
        4.207469193783432
      ],
      [
        0.0,
        0.0,
        0.0,
        1.0
      ]
    ],
    "location": [
      -9.177884388598088,
      32.71503274327961,
      4.207469193783432
    ],
    "rotation": [
      0.004764507716255995,
      -0.014296214817250403,
      0.13583489624116216
    ]
  },
  {
    "label_id": "Z3bJL-eNNXFM_LalVkc8mw",
    "size": [
      2.156756926984131,
      4.819571506707183,
      1.5762064264043985
    ],
    "obj_class": "vehicle",
    "point_num_in_lidar": 359,
    "speed": 1.0658141036401503e-13,
    "if_vehicle": true,
    "motion_state": false,
    "pose": [
      [
        0.9945740420111696,
        -0.10314901856343103,
        -0.013518688063759327,
        -25.497154581145466
      ],
      [
        0.10306664462905674,
        0.9946521794751051,
        -0.006656472814564794,
        43.53330057202936
      ],
      [
        0.01413300118417882,
        0.00522702925420062,
        0.9998864617758876,
        1.8730811611394484
      ],
      [
        0.0,
        0.0,
        0.0,
        1.0
      ]
    ],
    "location": [
      -25.497154581145466,
      43.53330057202936,
      1.8730811611394484
    ],
    "rotation": [
      0.0052275751697609665,
      -0.014133471718140124,
      0.10326034739047908
    ]
  },
  {
    "label_id": "Z5OZAUTb34FY2vz4RawbPg",
    "size": [
      1.844835069243473,
      3.7343130673035665,
      1.7200000000000042
    ],
    "obj_class": "vehicle",
    "point_num_in_lidar": 22,
    "speed": 0.010856993803287258,
    "if_vehicle": true,
    "motion_state": false,
    "pose": [
      [
        -0.04157561399672339,
        -0.9990438996329591,
        -0.013518688063759327,
        10.006410870721268
      ],
      [
        0.9991168047370769,
        -0.041488575073659294,
        -0.006656472814564794,
        -12.197937636861525
      ],
      [
        0.00608923745383293,
        -0.013783495366818508,
        0.9998864617758876,
        0.5507842610677072
      ],
      [
        0.0,
        0.0,
        0.0,
        1.0
      ]
    ],
    "location": [
      10.006410870721268,
      -12.197937636861525,
      0.5507842610677072
    ],
    "rotation": [
      -0.013784187415650443,
      -0.0060892750847434006,
      1.6123846990544355
    ]
  },
  {
    "label_id": "bKRJ8-zMfp6HhSzdwwk84A",
    "size": [
      2.133223537123406,
      5.12838055531279,
      1.9579890078509767
    ],
    "obj_class": "vehicle",
    "point_num_in_lidar": 25,
    "speed": 1.8459262474858078,
    "if_vehicle": true,
    "motion_state": true,
    "pose": [
      [
        -0.06548293969558172,
        -0.9977621107668199,
        -0.013518688063759327,
        3.661785003310982
      ],
      [
        0.9978370788700099,
        -0.06539767122638789,
        -0.006656472814564794,
        2.014839748118902
      ],
      [
        0.005757485648316297,
        -0.0139253336155979,
        0.9998864617758876,
        2.4207107137044224
      ],
      [
        0.0,
        0.0,
        0.0,
        1.0
      ]
    ],
    "location": [
      3.661785003310982,
      2.014839748118902,
      2.4207107137044224
    ],
    "rotation": [
      -0.01392601454092163,
      -0.005757517457594923,
      1.6363272433636256
    ]
  },
  {
    "label_id": "bTdc7atlOXMKYWvvmPKLSg",
    "size": [
      1.9039549406769818,
      4.309394262143698,
      1.7600000000000042
    ],
    "obj_class": "vehicle",
    "point_num_in_lidar": 343,
    "speed": 1.7769118642034838e-13,
    "if_vehicle": true,
    "motion_state": false,
    "pose": [
      [
        -0.9935391427894804,
        0.11268192764671384,
        -0.013518688063759327,
        -25.88101141221233
      ],
      [
        -0.11260030681375602,
        -0.9936180666006014,
        -0.006656472814564794,
        58.51488888098402
      ],
      [
        -0.014182476884962275,
        -0.005091257870485424,
        0.9998864617758876,
        2.166603291829426
      ],
      [
        0.0,
        0.0,
        0.0,
        1.0
      ]
    ],
    "location": [
      -25.88101141221233,
      58.51488888098402,
      2.166603291829426
    ],
    "rotation": [
      -0.005091791984191763,
      0.014182952378167852,
      -3.0287416403045992
    ]
  },
  {
    "label_id": "chI0ixZCYxKYW00RUnzfZw",
    "size": [
      2.190259994116253,
      5.086278539715913,
      1.516788657810279
    ],
    "obj_class": "vehicle",
    "point_num_in_lidar": 256,
    "speed": 0.007903077232985216,
    "if_vehicle": true,
    "motion_state": false,
    "pose": [
      [
        -0.07803560412331532,
        -0.9968589115627868,
        -0.013518688063759327,
        6.92065282056484
      ],
      [
        0.9969349469183986,
        -0.07795128595782556,
        -0.006656472814564794,
        38.80549576153135
      ],
      [
        0.005581765125741594,
        -0.01399669444466528,
        0.9998864617758876,
        2.6054762975602124
      ],
      [
        0.0,
        0.0,
        0.0,
        1.0
      ]
    ],
    "location": [
      6.92065282056484,
      38.80549576153135,
      2.6054762975602124
    ],
    "rotation": [
      -0.013997369562100938,
      -0.005581794110488494,
      1.6489125684876216
    ]
  },
  {
    "label_id": "hBnUyUpsrVdakvbPwD61Mg",
    "size": [
      2.1218994851561,
      4.719133328876525,
      1.7132819752882176
    ],
    "obj_class": "vehicle",
    "point_num_in_lidar": 54,
    "speed": 4.5185598616088605,
    "if_vehicle": true,
    "motion_state": true,
    "pose": [
      [
        -0.026197717123090214,
        -0.9995653678927523,
        -0.013518688063759327,
        3.270967416175665
      ],
      [
        0.999636925037421,
        -0.026109566664319735,
        -0.006656472814564794,
        14.98416617525288
      ],
      [
        0.006300612610543695,
        -0.013688164158429966,
        0.9998864617758876,
        2.355155105747037
      ],
      [
        0.0,
        0.0,
        0.0,
        1.0
      ]
    ],
    "location": [
      3.270967416175665,
      14.98416617525288,
      2.355155105747037
    ],
    "rotation": [
      -0.013688863371528802,
      -0.006300654297946841,
      1.59699756170391
    ]
  },
  {
    "label_id": "k5Ip01qDY2VUXAlx7LMOLA",
    "size": [
      2.196784038149049,
      4.739418308262884,
      1.8418654036583062
    ],
    "obj_class": "vehicle",
    "point_num_in_lidar": 183,
    "speed": 0.02682007148542727,
    "if_vehicle": true,
    "motion_state": false,
    "pose": [
      [
        -0.07209064753111863,
        -0.9973064642383397,
        -0.013518688063759327,
        7.33401994517034
      ],
      [
        0.9973819955124502,
        -0.07200587751893377,
        -0.006656472814564794,
        33.70898774537875
      ],
      [
        0.005665118370056518,
        -0.013963165513217881,
        0.9998864617758876,
        2.5150451718762645
      ],
      [
        0.0,
        0.0,
        0.0,
        1.0
      ]
    ],
    "location": [
      7.33401994517034,
      33.70898774537875,
      2.5150451718762645
    ],
    "rotation": [
      -0.013963843377202554,
      -0.005665148672802679,
      1.6429507239371128
    ]
  },
  {
    "label_id": "tReFCtpyXZbI7c8Dvs-O-g",
    "size": [
      2.2968948008484666,
      4.865316304081679,
      1.770000000000004
    ],
    "obj_class": "vehicle",
    "point_num_in_lidar": 115,
    "speed": 8.884559321017419e-14,
    "if_vehicle": true,
    "motion_state": false,
    "pose": [
      [
        0.9967978734616237,
        -0.07881144926607812,
        -0.013518688063759327,
        -32.144813404288115
      ],
      [
        0.0787271903054732,
        0.9968739744201746,
        -0.006656472814564794,
        43.127681494686726
      ],
      [
        0.014001034568582434,
        0.005570869618437386,
        0.9998864617758876,
        1.6193790316427195
      ],
      [
        0.0,
        0.0,
        0.0,
        1.0
      ]
    ],
    "location": [
      -32.144813404288115,
      43.127681494686726,
      1.6193790316427195
    ],
    "rotation": [
      0.0055714445484604126,
      -0.014001492043667397,
      0.07881648433846954
    ]
  },
  {
    "label_id": "wFMkUYbAaNEsNM4uQIEcrQ",
    "size": [
      2.015615756978454,
      4.674700935570883,
      2.0100000000000042
    ],
    "obj_class": "vehicle",
    "point_num_in_lidar": 26,
    "speed": 0.013225681092657548,
    "if_vehicle": true,
    "motion_state": false,
    "pose": [
      [
        -0.1436236976132852,
        -0.989540033832347,
        -0.013518688063759327,
        17.25189357233846
      ],
      [
        0.9896214656469154,
        -0.1435445787918161,
        -0.006656472814564794,
        8.49301341058299
      ],
      [
        0.0046463119501982605,
        -0.014334411133971072,
        0.9998864617758876,
        2.4414184253635827
      ],
      [
        0.0,
        0.0,
        0.0,
        1.0
      ]
    ],
    "location": [
      17.25189357233846,
      8.49301341058299,
      2.4414184253635827
    ],
    "rotation": [
      -0.014335056819616986,
      -0.004646328667957357,
      1.7149200041701271
    ]
  },
  {
    "label_id": "wlmF3TF9DxECjoBmVy78JA",
    "size": [
      2.0983179634358526,
      4.960771741545302,
      1.5700000000000038
    ],
    "obj_class": "vehicle",
    "point_num_in_lidar": 2031,
    "speed": 4.076197102228689e-14,
    "if_vehicle": true,
    "motion_state": false,
    "pose": [
      [
        -0.03637223966166732,
        -0.9992468690243813,
        -0.013518688063759327,
        6.114010209600849
      ],
      [
        0.9993193198594519,
        -0.036284822244454486,
        -0.006656472814564794,
        55.551106408745454
      ],
      [
        0.006160936425328046,
        -0.013751596985780783,
        0.9998864617758876,
        2.930524800618494
      ],
      [
        0.0,
        0.0,
        0.0,
        1.0
      ]
    ],
    "location": [
      6.114010209600849,
      55.551106408745454,
      2.930524800618494
    ],
    "rotation": [
      -0.013752291459621155,
      -0.006160975401245765,
      1.6071772817184549
    ]
  },
  {
    "label_id": "yBd--n9qvMYP_1Fg13haag",
    "size": [
      1.8813816673433141,
      4.012285060190761,
      1.7900000000000045
    ],
    "obj_class": "vehicle",
    "point_num_in_lidar": 41,
    "speed": 0.0661210123013628,
    "if_vehicle": true,
    "motion_state": false,
    "pose": [
      [
        0.9943785374068932,
        -0.1050169958509698,
        -0.013518688063759327,
        17.829474552850165
      ],
      [
        0.1049347688315035,
        0.994456829460157,
        -0.006656472814564794,
        2.643946351372165
      ],
      [
        0.014142794448296211,
        0.005200473294759895,
        0.9998864617758876,
        1.5932002669093417
      ],
      [
        0.0,
        0.0,
        0.0,
        1.0
      ]
    ],
    "location": [
      17.829474552850165,
      2.643946351372165,
      1.5932002669093417
    ],
    "rotation": [
      0.005201016916965281,
      -0.014143265961143871,
      0.10513886181545769
    ]
  },
  {
    "label_id": "zO-P9ZE6DYp5qSRJJwfdTA",
    "size": [
      1.9095696515532798,
      4.59872335147546,
      1.441329879502749
    ],
    "obj_class": "vehicle",
    "point_num_in_lidar": 158,
    "speed": 0.01234559947317946,
    "if_vehicle": true,
    "motion_state": false,
    "pose": [
      [
        0.07778416876381006,
        0.996878562395018,
        -0.013518688063759327,
        -7.104735370182837
      ],
      [
        -0.9969545764810502,
        0.07769983142297422,
        -0.006656472814564794,
        26.454090977617625
      ],
      [
        -0.0055852952663909975,
        0.013995286137964429,
        0.9998864617758876,
        2.03771314683761
      ],
      [
        0.0,
        0.0,
        0.0,
        1.0
      ]
    ],
    "location": [
      -7.104735370182837,
      26.454090977617625,
      2.03771314683761
    ],
    "rotation": [
      0.013995961371395237,
      0.005585324306166682,
      -1.4929322894690833
    ]
  }
]