[
  {
    "label_id": "0FthUnFInpdwtS3fei1NLw",
    "size": [
      2.239774383726547,
      4.869392282684742,
      2.1004180595197823
    ],
    "obj_class": "vehicle",
    "point_num_in_lidar": 28,
    "speed": 0.004987041599050521,
    "if_vehicle": true,
    "motion_state": false,
    "pose": [
      [
        0.03601361430377755,
        0.9993499801405019,
        -0.0016238158630463855,
        -2.633299825454486
      ],
      [
        -0.9985834720923237,
        0.03592221371149177,
        -0.03925103598766925,
        -54.830358636026176
      ],
      [
        -0.039167190974310935,
        0.0030350873536430655,
        0.9992280617536407,
        -2.085857209469813
      ],
      [
        0.0,
        0.0,
        0.0,
        1.0
      ]
    ],
    "location": [
      -2.633299825454486,
      -54.830358636026176,
      -2.085857209469813
    ],
    "rotation": [
      0.0030374227225658697,
      0.039177212088333836,
      -1.5347472496479913
    ]
  },
  {
    "label_id": "2ZzcZmYwGNGC34_vckVgMg",
    "size": [
      2.1352331253612538,
      4.64124244299159,
      1.4900000000000038
    ],
    "obj_class": "vehicle",
    "point_num_in_lidar": 28,
    "speed": 8.89911452410874e-14,
    "if_vehicle": true,
    "motion_state": false,
    "pose": [
      [
        -0.08518256175897954,
        -0.9963640370839467,
        -0.0016238158630463855,
        20.650832836124167
      ],
      [
        0.9956029599948675,
        -0.08505352563740505,
        -0.03925103598766925,
        -50.447396535439
      ],
      [
        0.038970209412263375,
        -0.004960179676859166,
        0.9992280617536407,
        -1.6228760025584927
      ],
      [
        0.0,
        0.0,
        0.0,
        1.0
      ]
    ],
    "location": [
      20.650832836124167,
      -50.447396535439,
      -1.6228760025584927
    ],
    "rotation": [
      -0.00496397081444492,
      -0.038980080020932686,
      1.6561472340502732
    ]
  },
  {
    "label_id": "4n22DwAkHW5YGXpo4HZRiA",
    "size": [
      1.9872176007060065,
      4.063176975773814,
      1.603586986559588
    ],
    "obj_class": "vehicle",
    "point_num_in_lidar": 123,
    "speed": 0.03539625031749607,
    "if_vehicle": true,
    "motion_state": false,
    "pose": [
      [
        -0.9918038697670103,
        0.12775933287719565,
        -0.0016238158630463855,
        47.673272896044224
      ],
      [
        -0.12759783294637866,
        -0.991049014530201,
        -0.03925103598766925,
        32.00567931859109
      ],
      [
        -0.0066239672833740505,
        -0.03872213399970587,
        0.9992280617536407,
        3.936044122030648
      ],
      [
        0.0,
        0.0,
        0.0,
        1.0
      ]
    ],
    "location": [
      47.673272896044224,
      32.00567931859109,
      3.936044122030648
    ],
    "rotation": [
      -0.03873266738962957,
      0.0066240157242358514,
      -3.013643195446929
    ]
  },
  {
    "label_id": "72Ruk2alY67J-_5Cp0_YSA",
    "size": [
      2.0211462441560126,
      4.7632808137299545,
      1.620000000000004
    ],
    "obj_class": "vehicle",
    "point_num_in_lidar": 414,
    "speed": 1.897149936107019e-14,
    "if_vehicle": true,
    "motion_state": false,
    "pose": [
      [
        0.1295779093124023,
        0.9915679142853855,
        -0.0016238158630463855,
        22.824830465365913
      ],
      [
        -0.9908133564798739,
        0.1294150253833799,
        -0.03925103598766925,
        9.885208739328732
      ],
      [
        -0.03870992171669973,
        0.006694965627198297,
        0.9992280617536407,
        2.3982225195914717
      ],
      [
        0.0,
        0.0,
        0.0,
        1.0
      ]
    ],
    "location": [
      22.824830465365913,
      9.885208739328732,
      2.3982225195914717
    ],
    "rotation": [
      0.006700037461944796,
      0.03871959577362916,
      -1.4407550186560276
    ]
  },
  {
    "label_id": "AYQ7lrPVr4ZXBDuzirBKFQ",
    "size": [
      1.9693148807954444,
      4.321744333266535,
      1.7400000000000042
    ],
    "obj_class": "vehicle",
    "point_num_in_lidar": 114,
    "speed": 0.6861708902841586,
    "if_vehicle": true,
    "motion_state": false,
    "pose": [
      [
        -0.045214114647902696,
        -0.9989759992405469,
        -0.0016238158630463855,
        5.391595487202451
      ],
      [
        0.998210365306004,
        -0.0451156599148087,
        -0.03925103598766925,
        -21.41853039253931
      ],
      [
        0.039137583372767085,
        -0.0033956106670366493,
        0.9992280617536407,
        0.12492910141070634
      ],
      [
        0.0,
        0.0,
        0.0,
        1.0
      ]
    ],
    "location": [
      5.391595487202451,
      -21.41853039253931,
      0.12492910141070634
    ],
    "rotation": [
      -0.003398220812912195,
      -0.03914758176778024,
      1.6160605646765698
    ]
  },
  {
    "label_id": "B5B-kmXqho_2g4pBQn0dGw",
    "size": [
      1.845688197646804,
      4.161034296729285,
      1.907634382527773
    ],
    "obj_class": "vehicle",
    "point_num_in_lidar": 390,
    "speed": 0.01376125375599009,
    "if_vehicle": true,
    "motion_state": false,
    "pose": [
      [
        0.15897432662545868,
        0.9872813817225689,
        -0.0016238158630463855,
        20.293034904857137
      ],
      [
        -0.9865319951899134,
        0.15878910113891115,
        -0.03925103598766925,
        8.90761285139763
      ],
      [
        -0.038493972782640135,
        0.007841853318683548,
        0.9992280617536407,
        2.3770062344327174
      ],
      [
        0.0,
        0.0,
        0.0,
        1.0
      ]
    ],
    "location": [
      20.293034904857137,
      8.90761285139763,
      2.3770062344327174
    ],
    "rotation": [
      0.007847750310745106,
      0.0385034857652425,
      -1.4110252120795685
    ]
  },
  {
    "label_id": "C0ecke8GcghXZUAZbkXQUQ",
    "size": [
      1.049535533830237,
      0.13964836255290564,
      1.0222362312174704
    ],
    "obj_class": "sign",
    "point_num_in_lidar": 210,
    "speed": 0.009598181797994154,
    "if_vehicle": false,
    "motion_state": false,
    "pose": [
      [
        -0.9799052940521099,
        0.19945670685813197,
        -0.0016238158630463855,
        15.930888633835323
      ],
      [
        -0.19924080826182783,
        -0.9791641621796972,
        -0.03925103598766925,
        14.289350667104372
      ],
      [
        -0.009418864677944451,
        -0.03813876757632525,
        0.9992280617536407,
        4.28456950488721
      ],
      [
        0.0,
        0.0,
        0.0,
        1.0
      ]
    ],
    "location": [
      15.930888633835323,
      14.289350667104372,
      4.28456950488721
    ],
    "rotation": [
      -0.038149712608383395,
      0.009419003949286355,
      -2.941000499180491
    ]
  },
  {
    "label_id": "DAc1kIT_9M97g649quYMWg",
    "size": [
      2.1571040364140432,
      4.930898524838149,
      1.7600000000000042
    ],
    "obj_class": "vehicle",
    "point_num_in_lidar": 241,
    "speed": 8.881784197001252e-14,
    "if_vehicle": true,
    "motion_state": false,
    "pose": [
      [
        -0.9974585646095959,
        0.071230436675675,
        -0.0016238158630463855,
        34.637042009979666
      ],
      [
        -0.07111206421122786,
        -0.9966957562353282,
        -0.03925103598766925,
        29.882412968128165
      ],
      [
        -0.004414318812980255,
        -0.039035809117780006,
        0.9992280617536407,
        3.0400921510330194
      ],
      [
        0.0,
        0.0,
        0.0,
        1.0
      ]
    ],
    "location": [
      34.637042009979666,
      29.882412968128165,
      3.0400921510330194
    ],
    "rotation": [
      -0.03904611030540446,
      0.004414333149496965,
      -3.0704198232198707
    ]
  },
  {
    "label_id": "Igomu2nuSP6CbWRKi0IzQQ",
    "size": [
      0.8756509835635455,
      0.877486198740949,
      1.094815857252211
    ],
    "obj_class": "sign",
    "point_num_in_lidar": 73,
    "speed": 5.347542221830668e-14,
    "if_vehicle": false,
    "motion_state": false,
    "pose": [
      [
        -0.07846071191642501,
        -0.996915884068265,
        -0.0016238158630463855,
        -7.138473223023254
      ],
      [
        0.9961539540133623,
        -0.07833681176457677,
        -0.03925103598766925,
        -15.15651500801016
      ],
      [
        0.03900277668463878,
        -0.004697234819613025,
        0.9992280617536407,
        0.03606033651437546
      ],
      [
        0.0,
        0.0,
        0.0,
        1.0
      ]
    ],
    "location": [
      -7.138473223023254,
      -15.15651500801016,
      0.03606033651437546
    ],
    "rotation": [
      -0.004700828969725802,
      -0.03901267207181774,
      1.6493976952584744
    ]
  },
  {
    "label_id": "KclHjYw0mozzMvMK8NDx3Q",
    "size": [
      2.0645906151284117,
      4.380822220647019,
      1.9700000000000042
    ],
    "obj_class": "vehicle",
    "point_num_in_lidar": 59,
    "speed": 0.014201015432914826,
    "if_vehicle": true,
    "motion_state": false,
    "pose": [
      [
        0.04405334953215671,
        0.9990278602807032,
        -0.0016238158630463855,
        -3.2748539043991656
      ],
      [
        -0.9982621124660324,
        0.04395578447427776,
        -0.03925103598766925,
        -43.68998539001586
      ],
      [
        -0.03914150239646011,
        0.0033501334615645938,
        0.9992280617536407,
        -1.3324473167309643
      ],
      [
        0.0,
        0.0,
        0.0,
        1.0
      ]
    ],
    "location": [
      -3.2748539043991656,
      -43.68998539001586,
      -1.3324473167309643
    ],
    "rotation": [
      0.0033527089932883078,
      0.03915150379671019,
      -1.5266948979587354
    ]
  },
  {
    "label_id": "MDY2OaEN7yUDXekR5XGt2g",
    "size": [
      2.0871033253338966,
      4.843770780187469,
      1.6161237410335256
    ],
    "obj_class": "vehicle",
    "point_num_in_lidar": 210,
    "speed": 0.9247271457992413,
    "if_vehicle": true,
    "motion_state": false,
    "pose": [
      [
        -0.06709426180778946,
        -0.9977453198359342,
        -0.0016238158630463855,
        5.168191186285881
      ],
      [
        0.9969820272340502,
        -0.06697905304032219,
        -0.03925103598766925,
        -13.100310631726302
      ],
      [
        0.03905377580659012,
        -0.004252434515778441,
        0.9992280617536407,
        0.5630721460541146
      ],
      [
        0.0,
        0.0,
        0.0,
        1.0
      ]
    ],
    "location": [
      5.168191186285881,
      -13.100310631726302,
      0.5630721460541146
    ],
    "rotation": [
      -0.004255693976843287,
      -0.03906371007929642,
      1.6379923702624581
    ]
  },
  {
    "label_id": "MvRm0petZcTntUsaOWaEQA",
    "size": [
      2.2355196123449126,
      5.095232448087598,
      1.8026681047894613
    ],
    "obj_class": "vehicle",
    "point_num_in_lidar": 230,
    "speed": 7.771561172376096e-15,
    "if_vehicle": true,
    "motion_state": false,
    "pose": [
      [
        -0.9840530735055307,
        0.17786768044352894,
        -0.0016238158630463855,
        28.162866412523407
      ],
      [
        -0.17766812599528484,
        -0.983307374720244,
        -0.03925103598766925,
        29.098908272491258
      ],
      [
        -0.008578200839453437,
        -0.03833660228059326,
        0.9992280617536407,
        2.675249612219958
      ],
      [
        0.0,
        0.0,
        0.0,
        1.0
      ]
    ],
    "location": [
      28.162866412523407,
      29.098908272491258,
      2.675249612219958
    ],
    "rotation": [
      -0.03834741064101897,
      0.008578306048179326,
      -2.9629696414971716
    ]
  },
  {
    "label_id": "P1zDWbP7n8FXjio1YG0jcQ",
    "size": [
      0.7306874758431148,
      0.6050986026232509,
      1.0793929034028356
    ],
    "obj_class": "sign",
    "point_num_in_lidar": 69,
    "speed": 8.881784197001252e-14,
    "if_vehicle": false,
    "motion_state": false,
    "pose": [
      [
        0.020101177829385926,
        0.9997966322567375,
        -0.0016238158630463855,
        11.194112283106264
      ],
      [
        -0.9990287663925608,
        0.020021990262026335,
        -0.03925103598766925,
        -3.724401707325569
      ],
      [
        -0.03921054156766249,
        0.0024112308128836682,
        0.9992280617536407,
        0.8150378547658006
      ],
      [
        0.0,
        0.0,
        0.0,
        1.0
      ]
    ],
    "location": [
      11.194112283106264,
      -3.724401707325569,
      0.8150378547658006
    ],
    "rotation": [
      0.0024130888882892003,
      0.03922059600829069,
      -1.5506783216335436
    ]
  },
  {
    "label_id": "Uewd-LzyluP8_XsiaH9KoQ",
    "size": [
      1.9935855898837047,
      4.014706307395386,
      1.270000000000004
    ],
    "obj_class": "vehicle",
    "point_num_in_lidar": 250,
    "speed": 5.330226875058932e-14,
    "if_vehicle": true,
    "motion_state": false,
    "pose": [
      [
        0.977934221846704,
        -0.2089067279029674,
        -0.0016238158630463855,
        27.219412051516407
      ],
      [
        0.20868368500191378,
        0.9771952086394595,
        -0.03925103598766925,
        18.83072466282124
      ],
      [
        0.00978659057606728,
        0.03804606745721322,
        0.9992280617536407,
        2.421078568596761
      ],
      [
        0.0,
        0.0,
        0.0,
        1.0
      ]
    ],
    "location": [
      27.219412051516407,
      18.83072466282124,
      2.421078568596761
    ],
    "rotation": [
      0.03805707550248622,
      -0.009786746805094292,
      0.21023903683789893
    ]
  },
  {
    "label_id": "Z5OZAUTb34FY2vz4RawbPg",
    "size": [
      1.8448350692434743,
      3.7343130673035665,
      1.7200000000000042
    ],
    "obj_class": "vehicle",
    "point_num_in_lidar": 300,
    "speed": 0.010856993894240904,
    "if_vehicle": true,
    "motion_state": false,
    "pose": [
      [
        -0.041579358773795407,
        -0.9991338849954008,
        -0.0016238158630463855,
        9.999116117539842
      ],
      [
        0.99836789793173,
        -0.04148369020800086,
        -0.03925103598766925,
        -12.129930076057576
      ],
      [
        0.03914967820223682,
        -0.0032531985373922727,
        0.9992280617536407,
        0.5507842610677063
      ],
      [
        0.0,
        0.0,
        0.0,
        1.0
      ]
    ],
    "location": [
      9.999116117539842,
      -12.129930076057576,
      0.5507842610677063
    ],
    "rotation": [
      -0.0032557002427364016,
      -0.03915968587390482,
      1.612419604190796
    ]
  },
  {
    "label_id": "_19zTcFKhyx8bj5ZARF6fw",
    "size": [
      0.3540900505729893,
      0.08913621921783488,
      0.5241381214598029
    ],
    "obj_class": "sign",
    "point_num_in_lidar": 36,
    "speed": 0.024632623181011348,
    "if_vehicle": false,
    "motion_state": false,
    "pose": [
      [
        -0.9844837002383278,
        0.17546853617413308,
        -0.0016238158630463855,
        24.563311311127066
      ],
      [
        -0.17527079994927125,
        -0.983737517257036,
        -0.03925103598766925,
        16.66722883899581
      ],
      [
        -0.008484730413670384,
        -0.03835739764204194,
        0.9992280617536407,
        4.24694105185837
      ],
      [
        0.0,
        0.0,
        0.0,
        1.0
      ]
    ],
    "location": [
      24.563311311127066,
      16.66722883899581,
      4.24694105185837
    ],
    "rotation": [
      -0.03836819146233059,
      0.00848483222051173,
      -2.9654054259100886
    ]
  },
  {
    "label_id": "_97KU6k1lx7ZVpU6wBMpeg",
    "size": [
      2.2881166653445155,
      5.071750066375591,
      1.921386651855216
    ],
    "obj_class": "vehicle",
    "point_num_in_lidar": 39,
    "speed": 0.020447069506459928,
    "if_vehicle": true,
    "motion_state": false,
    "pose": [
      [
        -0.08024593976572364,
        -0.9967737719127437,
        -0.0016238158630463855,
        10.741677715426775
      ],
      [
        0.9960120649696135,
        -0.08012067528959707,
        -0.03925103598766925,
        -29.589612174873537
      ],
      [
        0.03899430196941869,
        -0.004767076460492003,
        0.9992280617536407,
        -0.45071058303196576
      ],
      [
        0.0,
        0.0,
        0.0,
        1.0
      ]
    ],
    "location": [
      10.741677715426775,
      -29.589612174873537,
      -0.45071058303196576
    ],
    "rotation": [
      -0.004770722998083158,
      -0.03900419090469909,
      1.6511899164770643
    ]
  },
  {
    "label_id": "aGftulTlWQgnp12qUJWKbw",
    "size": [
      2.13234549874129,
      4.321089978804239,
      1.5900000000000043
    ],
    "obj_class": "vehicle",
    "point_num_in_lidar": 216,
    "speed": 5.333694441429199e-14,
    "if_vehicle": true,
    "motion_state": false,
    "pose": [
      [
        -0.989377809557494,
        0.1453578796531445,
        -0.0016238158630463855,
        19.200777376862234
      ],
      [
        -0.1451829957276375,
        -0.9886259423692276,
        -0.03925103598766925,
        -2.3123379138672817
      ],
      [
        -0.007310793853195204,
        -0.038598353556835434,
        0.9992280617536407,
        1.2476559276602486
      ],
      [
        0.0,
        0.0,
        0.0,
        1.0
      ]
    ],
    "location": [
      19.200777376862234,
      -2.3123379138672817,
      1.2476559276602486
    ],
    "rotation": [
      -0.03860897647821304,
      0.007310858978955934,
      -2.995890806675767
    ]
  },
  {
    "label_id": "bbXGUt1GvNBwGyS4Fx0khw",
    "size": [
      2.227660337375043,
      4.893110129792886,
      2.0000000000000044
    ],
    "obj_class": "vehicle",
    "point_num_in_lidar": 35,
    "speed": 0.019210192763941238,
    "if_vehicle": true,
    "motion_state": false,
    "pose": [
      [
        -0.06772509813539693,
        -0.9977026983548725,
        -0.0016238158630463855,
        11.288035838494253
      ],
      [
        0.99693947874922,
        -0.06760940677988614,
        -0.03925103598766925,
        -39.98370920214768
      ],
      [
        0.039051079290901486,
        -0.004277126404271075,
        0.9992280617536407,
        -0.9700905972380518
      ],
      [
        0.0,
        0.0,
        0.0,
        1.0
      ]
    ],
    "location": [
      11.288035838494253,
      -39.98370920214768,
      -0.9700905972380518
    ],
    "rotation": [
      -0.0042804044905345295,
      -0.039061011505035464,
      1.638625122550063
    ]
  },
  {
    "label_id": "c9nPCP9bzZhCpuh1N5SLEw",
    "size": [
      2.0621342759695476,
      4.46148502338097,
      1.740000000000004
    ],
    "obj_class": "vehicle",
    "point_num_in_lidar": 196,
    "speed": 7.113229329843194e-14,
    "if_vehicle": true,
    "motion_state": false,
    "pose": [
      [
        0.9864662986476409,
        -0.16395610648727302,
        -0.0016238158630463855,
        32.15599966290408
      ],
      [
        0.16376710045069967,
        0.9857178566830699,
        -0.03925103598766925,
        19.55107998153028
      ],
      [
        0.008036071328300138,
        0.038453896573284484,
        0.9992280617536407,
        2.957534023850341
      ],
      [
        0.0,
        0.0,
        0.0,
        1.0
      ]
    ],
    "location": [
      32.15599966290408,
      19.55107998153028,
      2.957534023850341
    ],
    "rotation": [
      0.03846462248725627,
      -0.008036157823641966,
      0.16451346916084278
    ]
  },
  {
    "label_id": "cWrnwHWpHiZpv2NMxXOYNQ",
    "size": [
      0.8143112167351383,
      0.1133305424362818,
      0.8722620774366554
    ],
    "obj_class": "sign",
    "point_num_in_lidar": 51,
    "speed": 0.010706505854024193,
    "if_vehicle": false,
    "motion_state": false,
    "pose": [
      [
        -0.9844837002385364,
        0.17546853617296312,
        -0.0016238158630463855,
        24.576559526969014
      ],
      [
        -0.17527079994810218,
        -0.9837375172572443,
        -0.03925103598766925,
        16.69145983030512
      ],
      [
        -0.0084847304136248,
        -0.038357397642052024,
        0.9992280617536407,
        4.958306453964681
      ],
      [
        0.0,
        0.0,
        0.0,
        1.0
      ]
    ],
    "location": [
      24.576559526969014,
      16.69145983030512,
      4.958306453964681
    ],
    "rotation": [
      -0.03836819146234067,
      0.008484832220466145,
      -2.9654054259112765
    ]
  },
  {
    "label_id": "gZx-F_SILPevRRlp_qUVpg",
    "size": [
      0.8564543580672025,
      0.16234088721920514,
      0.7366953327434969
    ],
    "obj_class": "sign",
    "point_num_in_lidar": 131,
    "speed": 0.014926125293284031,
    "if_vehicle": false,
    "motion_state": false,
    "pose": [
      [
        0.113026170821805,
        0.9935906843018422,
        -0.0016238158630463855,
        11.038108248529781
      ],
      [
        -0.9928335154203685,
        0.11287589127855313,
        -0.03925103598766925,
        -4.81130536226317
      ],
      [
        -0.03881617404373092,
        0.006048573110178823,
        0.9992280617536407,
        3.590405942365672
      ],
      [
        0.0,
        0.0,
        0.0,
        1.0
      ]
    ],
    "location": [
      11.038108248529781,
      -4.81130536226317,
      3.590405942365672
    ],
    "rotation": [
      0.006053171909873046,
      0.038825928016767486,
      -1.457442317443589
    ]
  },
  {
    "label_id": "hky4AvJg64NsQt0WDUJuNQ",
    "size": [
      0.9187259394621059,
      1.0509933451569144,
      1.129999999999999
    ],
    "obj_class": "sign",
    "point_num_in_lidar": 26,
    "speed": 5.3290705182007514e-14,
    "if_vehicle": false,
    "motion_state": false,
    "pose": [
      [
        -0.1576100250503193,
        -0.9875000978357827,
        -0.0016238158630463855,
        12.761680662018364
      ],
      [
        0.9867504560880814,
        -0.15742583518551787,
        -0.03925103598766925,
        -29.876558422244216
      ],
      [
        0.03850477130955165,
        -0.007788657808731617,
        0.9992280617536407,
        -0.8037230152146471
      ],
      [
        0.0,
        0.0,
        0.0,
        1.0
      ]
    ],
    "location": [
      12.761680662018364,
      -29.876558422244216,
      -0.8037230152146471
    ],
    "rotation": [
      -0.0077945169618577346,
      -0.038514292303858576,
      1.7291847347909217
    ]
  },
  {
    "label_id": "jnFuMwLMdo78WAAo52s7rQ",
    "size": [
      2.033546815538241,
      4.433718205179106,
      1.7999999999999998
    ],
    "obj_class": "vehicle",
    "point_num_in_lidar": 24,
    "speed": 1.7772239894833365e-14,
    "if_vehicle": true,
    "motion_state": false,
    "pose": [
      [
        -0.9857335659999009,
        0.16830537746359048,
        -0.0016238158630463855,
        63.07065041109385
      ],
      [
        -0.16811307221955066,
        -0.9849859649369623,
        -0.03925103598766925,
        34.29151006158179
      ],
      [
        -0.008205596262484337,
        -0.03841807899986009,
        0.9992280617536407,
        4.869734747462701
      ],
      [
        0.0,
        0.0,
        0.0,
        1.0
      ]
    ],
    "location": [
      63.07065041109385,
      34.29151006158179,
      4.869734747462701
    ],
    "rotation": [
      -0.03842883020209433,
      0.008205688348215945,
      -2.9726717272798964
    ]
  },
  {
    "label_id": "nqMf1rffkjVD53zLzdDAHg",
    "size": [
      0.6660627460449421,
      0.16234088722241258,
      0.5449604285819107
    ],
    "obj_class": "sign",
    "point_num_in_lidar": 76,
    "speed": 0.00977065505244841,
    "if_vehicle": false,
    "motion_state": false,
    "pose": [
      [
        0.11155344734907631,
        0.993757108959015,
        -0.0016238158630463855,
        11.050102527177984
      ],
      [
        -0.9929997181800498,
        0.11140429016979633,
        -0.03925103598766925,
        -4.844710784119229
      ],
      [
        -0.03882509599316332,
        0.005991037070828517,
        0.9992280617536407,
        2.907957544028747
      ],
      [
        0.0,
        0.0,
        0.0,
        1.0
      ]
    ],
    "location": [
      11.050102527177984,
      -4.844710784119229,
      2.907957544028747
    ],
    "rotation": [
      0.005995593511711908,
      0.03883485669668315,
      -1.4589255077003482
    ]
  },
  {
    "label_id": "op516gA0LiM91RFRCh0Qwg",
    "size": [
      1.9930368581776383,
      4.7185740620167955,
      1.9805953887445877
    ],
    "obj_class": "vehicle",
    "point_num_in_lidar": 162,
    "speed": 0.01771926376505171,
    "if_vehicle": true,
    "motion_state": false,
    "pose": [
      [
        0.042476998087119404,
        0.9990961254331585,
        -0.0016238158630463855,
        -4.486460157736474
      ],
      [
        -0.9983302246305494,
        0.04238064137092916,
        -0.03925103598766925,
        -21.561183225168747
      ],
      [
        -0.039146739616773625,
        0.0032883706358794295,
        0.9992280617536407,
        0.17378596426347936
      ],
      [
        0.0,
        0.0,
        0.0,
        1.0
      ]
    ],
    "location": [
      -4.486460157736474,
      -21.561183225168747,
      0.17378596426347936
    ],
    "rotation": [
      0.0032908991357418855,
      0.03915674503403802,
      -1.5282739305984632
    ]
  },
  {
    "label_id": "pxlvHJXKoVATrn0S41cZGw",
    "size": [
      2.0170536919773867,
      4.5101862892036415,
      1.7510405738906096
    ],
    "obj_class": "vehicle",
    "point_num_in_lidar": 53,
    "speed": 0.05729302433417818,
    "if_vehicle": true,
    "motion_state": false,
    "pose": [
      [
        -0.9892467839948657,
        0.1462469267296188,
        -0.0016238158630463855,
        56.51730003927476
      ],
      [
        -0.14607136720821387,
        -0.9884950742698811,
        -0.03925103598766925,
        33.40678128843581
      ],
      [
        -0.007345477366292945,
        -0.038591768116058967,
        0.9992280617536407,
        4.64064523872585
      ],
      [
        0.0,
        0.0,
        0.0,
        1.0
      ]
    ],
    "location": [
      56.51730003927476,
      33.40678128843581,
      4.64064523872585
    ],
    "rotation": [
      -0.03860239576759365,
      0.007345543423372502,
      -2.994992800617247
    ]
  },
  {
    "label_id": "r-HKQWyS8-4ke1oBbGnZHQ",
    "size": [
      2.0607664981871165,
      3.992494696156682,
      1.354308642745714
    ],
    "obj_class": "vehicle",
    "point_num_in_lidar": 799,
    "speed": 3.5708227757767403,
    "if_vehicle": true,
    "motion_state": true,
    "pose": [
      [
        -0.05690356284103962,
        -0.9983783590192842,
        -0.0016238158630463855,
        4.0458924786053245
      ],
      [
        0.9976139298974052,
        -0.056796153466143424,
        -0.03925103598766925,
        -2.1358504373529286
      ],
      [
        0.039095158404217754,
        -0.0038534651174636963,
        0.9992280617536407,
        1.2961961056124212
      ],
      [
        0.0,
        0.0,
        0.0,
        1.0
      ]
    ],
    "location": [
      4.0458924786053245,
      -2.1358504373529286,
      1.2961961056124212
    ],
    "rotation": [
      -0.0038564229348940207,
      -0.039105124304913454,
      1.6277742507930477
    ]
  },
  {
    "label_id": "w2b6yPYIcJd1yncEZRKzCg",
    "size": [
      2.1256082735303314,
      4.734156701634378,
      2.2
    ],
    "obj_class": "vehicle",
    "point_num_in_lidar": 101,
    "speed": 0.0,
    "if_vehicle": true,
    "motion_state": false,
    "pose": [
      [
        -0.9875992547906094,
        0.15698750000899944,
        -0.0016238158630463855,
        40.08204686325947
      ],
      [
        -0.1568037827349598,
        -0.9868494970834722,
        -0.03925103598766925,
        30.74949428039554
      ],
      [
        -0.007764383880270955,
        -0.03850967342139084,
        0.9992280617536407,
        3.4686211854315667
      ],
      [
        0.0,
        0.0,
        0.0,
        1.0
      ]
    ],
    "location": [
      40.08204686325947,
      30.74949428039554,
      3.4686211854315667
    ],
    "rotation": [
      -0.03852035975890141,
      0.007764461895884713,
      -2.984134302614205
    ]
  },
  {
    "label_id": "wFMkUYbAaNEsNM4uQIEcrQ",
    "size": [
      2.0156157569784527,
      4.674700935570883,
      2.0100000000000042
    ],
    "obj_class": "vehicle",
    "point_num_in_lidar": 1416,
    "speed": 0.025047265841458652,
    "if_vehicle": true,
    "motion_state": false,
    "pose": [
      [
        -0.14363663401226628,
        -0.9896291631675317,
        -0.0016238158630463855,
        17.17754533244502
      ],
      [
        0.9888769929056699,
        -0.14346305822661953,
        -0.03925103598766925,
        8.44678437544178
      ],
      [
        0.038611012308226264,
        -0.007243640838444977,
        0.9992280617536407,
        2.217308438285172
      ],
      [
        0.0,
        0.0,
        0.0,
        1.0
      ]
    ],
    "location": [
      17.17754533244502,
      8.44678437544178,
      2.217308438285172
    ],
    "rotation": [
      -0.007249109819662591,
      -0.038620612365584096,
      1.7150398208740585
    ]
  },
  {
    "label_id": "wzDW0bBrRBKQMSmNIPQ14Q",
    "size": [
      2.0823029386308907,
      4.474294176516248,
      1.5900000000000043
    ],
    "obj_class": "vehicle",
    "point_num_in_lidar": 224,
    "speed": 0.0028886197745569874,
    "if_vehicle": true,
    "motion_state": false,
    "pose": [
      [
        -0.9879354538728423,
        0.1548576837070211,
        -0.0016238158630463855,
        18.49076736290551
      ],
      [
        -0.15467558347991614,
        -0.987185301779277,
        -0.03925103598766925,
        0.17342098533754324
      ],
      [
        -0.007681331668946812,
        -0.03852632538737665,
        0.9992280617536407,
        1.2294881697288966
      ],
      [
        0.0,
        0.0,
        0.0,
        1.0
      ]
    ],
    "location": [
      18.49076736290551,
      0.17342098533754324,
      1.2294881697288966
    ],
    "rotation": [
      -0.03853699986308522,
      0.007681407207703806,
      -2.9862889580802814
    ]
  },
  {
    "label_id": "yBd--n9qvMYP_1Fg13haag",
    "size": [
      1.8813816673433148,
      4.012285060190761,
      1.7900000000000045
    ],
    "obj_class": "vehicle",
    "point_num_in_lidar": 590,
    "speed": 0.007822852129694729,
    "if_vehicle": true,
    "motion_state": false,
    "pose": [
      [
        0.9944681025532549,
        -0.1050264548871941,
        -0.0016238158630463855,
        17.77724072803702
      ],
      [
        0.10488227362970858,
        0.993709748795974,
        -0.03925103598766925,
        2.6688690711082472
      ],
      [
        0.005735998813793319,
        0.03886359378223467,
        0.9992280617536407,
        1.5932002669093466
      ],
      [
        0.0,
        0.0,
        0.0,
        1.0
      ]
    ],
    "location": [
      17.77724072803702,
      2.6688690711082472,
      1.5932002669093466
    ],
    "rotation": [
      0.038874023400974865,
      -0.005736030268260891,
      0.10507725604067478
    ]
  }
]