[
  {
    "label_id": "5hdqv8nDe8SFqec4R_p10g",
    "size": [
      1.9684681815699334,
      4.640479928340582,
      1.6592291756713298
    ],
    "obj_class": "vehicle",
    "point_num_in_lidar": 285,
    "speed": 0.02797727488445982,
    "if_vehicle": true,
    "motion_state": false,
    "pose": [
      [
        0.9979357295514996,
        -0.06187999625492182,
        -0.017179806401901882,
        -21.12343351910168
      ],
      [
        0.06159852280571756,
        0.9979653285313252,
        -0.01645676266820321,
        51.51364271383636
      ],
      [
        0.018163195552255127,
        0.015364540762903892,
        0.9997169745555368,
        2.4622589556428065
      ],
      [
        0.0,
        0.0,
        0.0,
        1.0
      ]
    ],
    "location": [
      -21.12343351910168,
      51.51364271383636,
      2.4622589556428065
    ],
    "rotation": [
      0.015367680663135055,
      -0.01816419437864271,
      0.06164772673277968
    ]
  },
  {
    "label_id": "72Ruk2alY67J-_5Cp0_YSA",
    "size": [
      2.021146244156015,
      4.7632808137299545,
      1.620000000000004
    ],
    "obj_class": "vehicle",
    "point_num_in_lidar": 70,
    "speed": 4.8384091049710996e-29,
    "if_vehicle": true,
    "motion_state": false,
    "pose": [
      [
        0.12955895652596577,
        0.9914228820417127,
        -0.017179806401901882,
        22.82483046536592
      ],
      [
        -0.9914715421758046,
        0.12928014549038105,
        -0.01645676266820321,
        9.885208739328846
      ],
      [
        -0.014094603202452042,
        0.019165410146663297,
        0.9997169745555368,
        2.562989300955177
      ],
      [
        0.0,
        0.0,
        0.0,
        1.0
      ]
    ],
    "location": [
      22.82483046536592,
      9.885208739328846,
      2.562989300955177
    ],
    "rotation": [
      0.019168487937490788,
      0.01409506991141182,
      -1.4408591720587887
    ]
  },
  {
    "label_id": "B5B-kmXqho_2g4pBQn0dGw",
    "size": [
      1.8456881976468043,
      4.161034296729285,
      1.9076343825277733
    ],
    "obj_class": "vehicle",
    "point_num_in_lidar": 44,
    "speed": 0.013761253755978673,
    "if_vehicle": true,
    "motion_state": false,
    "pose": [
      [
        0.1589510741553626,
        0.9871369764510137,
        -0.017179806401901882,
        20.315719048781077
      ],
      [
        -0.9871938969336016,
        0.1586738315524394,
        -0.01645676266820321,
        8.79707582280787
      ],
      [
        -0.01351909323534314,
        0.019575620133689128,
        0.9997169745555368,
        2.3770062344327116
      ],
      [
        0.0,
        0.0,
        0.0,
        1.0
      ]
    ],
    "location": [
      20.315719048781077,
      8.79707582280787,
      2.3770062344327116
    ],
    "rotation": [
      0.019578660060853625,
      0.01351950507404852,
      -1.4111534835539692
    ]
  },
  {
    "label_id": "B68oxBoB8uF9mptLVH6A2w",
    "size": [
      0.6519910263143511,
      0.5549595701117328,
      1.6700000000000044
    ],
    "obj_class": "pedestrian",
    "point_num_in_lidar": 40,
    "speed": 0.3497468670176483,
    "if_vehicle": false,
    "motion_state": false,
    "pose": [
      [
        -0.997940450793407,
        -0.06180380993308145,
        -0.017179806401901882,
        7.735210350254945
      ],
      [
        0.06208678424534187,
        -0.9979350711266514,
        -0.01645676266820321,
        54.51221299527617
      ],
      [
        -0.016127240691564595,
        -0.017489508089158452,
        0.9997169745555368,
        3.0358914214709865
      ],
      [
        0.0,
        0.0,
        0.0,
        1.0
      ]
    ],
    "location": [
      7.735210350254945,
      54.51221299527617,
      3.0358914214709865
    ],
    "rotation": [
      -0.017492675031913284,
      0.01612793985673774,
      3.0794578204291687
    ]
  },
  {
    "label_id": "IM_cxNqgzXM4-kkGVbsqdQ",
    "size": [
      2.0960938031038876,
      4.466935406550652,
      1.770000000000004
    ],
    "obj_class": "vehicle",
    "point_num_in_lidar": 2600,
    "speed": 3.6954903187147976,
    "if_vehicle": true,
    "motion_state": true,
    "pose": [
      [
        -0.4721021416712222,
        0.8813764360824711,
        -0.017179806401901882,
        -9.667985472732553
      ],
      [
        -0.8812536077758437,
        -0.4723571252183478,
        -0.01645676266820321,
        60.062885381220894
      ],
      [
        -0.022619606793766147,
        0.007370493471932815,
        0.9997169745555368,
        3.04467578306598
      ],
      [
        0.0,
        0.0,
        0.0,
        1.0
      ]
    ],
    "location": [
      -9.667985472732553,
      60.062885381220894,
      3.04467578306598
    ],
    "rotation": [
      0.007372446525338849,
      0.022621536112202256,
      -2.0626072614762223
    ]
  },
  {
    "label_id": "ITXh4FH9PzsxvarppaZn8g",
    "size": [
      0.6186129950284576,
      0.1335933882509024,
      0.7150064582950781
    ],
    "obj_class": "sign",
    "point_num_in_lidar": 44,
    "speed": 0.004674357458319551,
    "if_vehicle": false,
    "motion_state": false,
    "pose": [
      [
        -0.9929256057126646,
        0.11748870487042976,
        -0.017179806401901882,
        8.00023010209182
      ],
      [
        -0.11720932251506644,
        -0.9929708705083153,
        -0.01645676266820321,
        46.91069889053733
      ],
      [
        -0.018992531050308074,
        -0.014326707571088323,
        0.9997169745555368,
        4.788171514830406
      ],
      [
        0.0,
        0.0,
        0.0,
        1.0
      ]
    ],
    "location": [
      8.00023010209182,
      46.91069889053733,
      4.788171514830406
    ],
    "rotation": [
      -0.014329782622631198,
      0.018993673054741717,
      -3.024091995346678
    ]
  },
  {
    "label_id": "JAwyZSvzk47A6U7hkunwfQ",
    "size": [
      1.9450720312090204,
      4.501433535322379,
      1.5240725904478127
    ],
    "obj_class": "vehicle",
    "point_num_in_lidar": 120,
    "speed": 1.329835271021684e-29,
    "if_vehicle": true,
    "motion_state": false,
    "pose": [
      [
        0.9986026866969858,
        -0.04997527762358629,
        -0.017179806401901882,
        -43.84712239253845
      ],
      [
        0.049693471222519534,
        0.9986289270196108,
        -0.01645676266820321,
        42.5017649416817
      ],
      [
        0.017978682916664844,
        0.01558004319976102,
        0.9997169745555368,
        0.371935496085567
      ],
      [
        0.0,
        0.0,
        0.0,
        1.0
      ]
    ],
    "location": [
      -43.84712239253845,
      42.5017649416817,
      0.371935496085567
    ],
    "rotation": [
      0.015583192488114996,
      -0.01797965160829302,
      0.049721989672564734
    ]
  },
  {
    "label_id": "JpYKZOtPQGQOgSSfNX418Q",
    "size": [
      0.8302540052371423,
      0.8450825172515409,
      1.7800000000000042
    ],
    "obj_class": "pedestrian",
    "point_num_in_lidar": 274,
    "speed": 0.029900596213133384,
    "if_vehicle": false,
    "motion_state": false,
    "pose": [
      [
        0.9959138966705952,
        -0.08865869765783796,
        -0.017179806401901882,
        4.771689198933771
      ],
      [
        0.0883781206598796,
        0.995951044354646,
        -0.01645676266820321,
        55.301280215263205
      ],
      [
        0.018569281273611838,
        0.014871199632372788,
        0.9997169745555368,
        2.9524222188590086
      ],
      [
        0.0,
        0.0,
        0.0,
        1.0
      ]
    ],
    "location": [
      4.771689198933771,
      55.301280215263205,
      2.9524222188590086
    ],
    "rotation": [
      0.014874312698087432,
      -0.018570348610282568,
      0.08850887699295644
    ]
  },
  {
    "label_id": "M7IQ7CTV9NZWHJJ7Vipieg",
    "size": [
      0.7752268853971307,
      0.19134235695333313,
      0.7915074656586774
    ],
    "obj_class": "sign",
    "point_num_in_lidar": 510,
    "speed": 0.03400514126043741,
    "if_vehicle": false,
    "motion_state": false,
    "pose": [
      [
        -0.9080459616145146,
        0.41851808305922045,
        -0.017179806401901882,
        7.297097818074903
      ],
      [
        -0.4182663549455411,
        -0.9081753306950443,
        -0.01645676266820321,
        62.10694109293547
      ],
      [
        -0.02248972912558103,
        -0.007757761879716859,
        0.9997169745555368,
        4.770110550656145
      ],
      [
        0.0,
        0.0,
        0.0,
        1.0
      ]
    ],
    "location": [
      7.297097818074903,
      62.10694109293547,
      4.770110550656145
    ],
    "rotation": [
      -0.007759802390609068,
      0.022491625396084063,
      -2.7099402926871283
    ]
  },
  {
    "label_id": "NH-RHotJ5MtxTQqK8sfJdg",
    "size": [
      1.0231874235190943,
      1.0643236162461247,
      1.7826290879829094
    ],
    "obj_class": "pedestrian",
    "point_num_in_lidar": 173,
    "speed": 2.2966363938459256,
    "if_vehicle": false,
    "motion_state": true,
    "pose": [
      [
        -0.2407953390438608,
        -0.970423855305889,
        -0.017179806401901882,
        10.081759741940246
      ],
      [
        0.9705037193297356,
        -0.24052381530657674,
        -0.01645676266820321,
        56.77781267525029
      ],
      [
        0.011837882492317998,
        -0.020635777756664923,
        0.9997169745555368,
        3.0292348200965473
      ],
      [
        0.0,
        0.0,
        0.0,
        1.0
      ]
    ],
    "location": [
      10.081759741940246,
      56.77781267525029,
      3.0292348200965473
    ],
    "rotation": [
      -0.02063868897335483,
      -0.011838158994276664,
      1.8139989306149216
    ]
  },
  {
    "label_id": "X0g9BnZDy5pi1LCa55aU2Q",
    "size": [
      2.032024433935466,
      4.776789011447604,
      1.5300000000000038
    ],
    "obj_class": "vehicle",
    "point_num_in_lidar": 3386,
    "speed": 1.3601776222675165e-29,
    "if_vehicle": true,
    "motion_state": false,
    "pose": [
      [
        -0.02471906108656831,
        -0.9995468084442026,
        -0.017179806401901882,
        5.340527149414484
      ],
      [
        0.9995659175666468,
        -0.024436681477437147,
        -0.01645676266820321,
        68.0603414331548
      ],
      [
        0.016029487145438913,
        -0.017579144671416882,
        0.9997169745555368,
        3.0039976873331264
      ],
      [
        0.0,
        0.0,
        0.0,
        1.0
      ]
    ],
    "location": [
      5.340527149414484,
      68.0603414331548,
      3.0039976873331264
    ],
    "rotation": [
      -0.017582309416796633,
      -0.016030173672803093,
      1.5955210832260278
    ]
  },
  {
    "label_id": "Ygn2cF0KMyaQFCzjmyyP5Q",
    "size": [
      0.45348595465158065,
      0.06006719629775599,
      0.5500000000000034
    ],
    "obj_class": "sign",
    "point_num_in_lidar": 71,
    "speed": 0.02393565007908139,
    "if_vehicle": false,
    "motion_state": false,
    "pose": [
      [
        0.016915361337064914,
        -0.9997093201540284,
        -0.017179806401901882,
        -11.199529917797108
      ],
      [
        0.9997166567212387,
        0.017198291676539534,
        -0.01645676266820321,
        65.67906144503513
      ],
      [
        0.01674744234041202,
        -0.016896566532256505,
        0.9997169745555368,
        4.774961338326156
      ],
      [
        0.0,
        0.0,
        0.0,
        1.0
      ]
    ],
    "location": [
      -11.199529917797108,
      65.67906144503513,
      4.774961338326156
    ],
    "rotation": [
      -0.016899740998185392,
      -0.016748225317481425,
      1.5538777856680008
    ]
  },
  {
    "label_id": "Z3bJL-eNNXFM_LalVkc8mw",
    "size": [
      2.1567569269841296,
      4.819571506707183,
      1.5762064264043985
    ],
    "obj_class": "vehicle",
    "point_num_in_lidar": 122,
    "speed": 1.451564383474455e-29,
    "if_vehicle": true,
    "motion_state": false,
    "pose": [
      [
        0.9945181397273976,
        -0.10314322083951752,
        -0.017179806401901882,
        -25.497154581145452
      ],
      [
        0.10286321418069132,
        0.9945593668207543,
        -0.01645676266820321,
        43.53330057202925
      ],
      [
        0.01878374088336869,
        0.014599378889215099,
        0.9997169745555368,
        1.8730811611394458
      ],
      [
        0.0,
        0.0,
        0.0,
        1.0
      ]
    ],
    "location": [
      -25.497154581145452,
      43.53330057202925,
      1.8730811611394458
    ],
    "rotation": [
      0.014602474060044765,
      -0.018784845633288656,
      0.10306372808312432
    ]
  },
  {
    "label_id": "bTdc7atlOXMKYWvvmPKLSg",
    "size": [
      1.9039549406769822,
      4.309394262143698,
      1.7600000000000042
    ],
    "obj_class": "vehicle",
    "point_num_in_lidar": 142,
    "speed": 1.451564383474455e-29,
    "if_vehicle": true,
    "motion_state": false,
    "pose": [
      [
        -0.9934832986745599,
        0.11267559410408304,
        -0.017179806401901882,
        -25.881011412212317
      ],
      [
        -0.11239599567540003,
        -0.9935272090479544,
        -0.01645676266820321,
        58.51488888098402
      ],
      [
        -0.01892288061713545,
        -0.014418577415058507,
        0.9997169745555368,
        2.16660329182943
      ],
      [
        0.0,
        0.0,
        0.0,
        1.0
      ]
    ],
    "location": [
      -25.881011412212317,
      58.51488888098402,
      2.16660329182943
    ],
    "rotation": [
      -0.014421659485387983,
      0.018924010102185192,
      -3.028938398370597
    ]
  },
  {
    "label_id": "chI0ixZCYxKYW00RUnzfZw",
    "size": [
      2.1902599941162246,
      5.086278539715913,
      1.5167886578102792
    ],
    "obj_class": "vehicle",
    "point_num_in_lidar": 145,
    "speed": 0.00790307729908349,
    "if_vehicle": true,
    "motion_state": false,
    "pose": [
      [
        -0.0780312179556691,
        -0.996802880852753,
        -0.017179806401901882,
        6.91280954861449
      ],
      [
        0.9968370337841378,
        -0.0777502607000385,
        -0.01645676266820321,
        38.79269105903802
      ],
      [
        0.01506841401065094,
        -0.0184096084892649,
        0.9997169745555368,
        2.6054762975602124
      ],
      [
        0.0,
        0.0,
        0.0,
        1.0
      ]
    ],
    "location": [
      6.91280954861449,
      38.79269105903802,
      2.6054762975602124
    ],
    "rotation": [
      -0.018412739252436628,
      -0.015068984300655782,
      1.6489158368963845
    ]
  },
  {
    "label_id": "hBnUyUpsrVdakvbPwD61Mg",
    "size": [
      2.121899485156037,
      4.719133328876525,
      1.7132819752882176
    ],
    "obj_class": "vehicle",
    "point_num_in_lidar": 26,
    "speed": 2.092725310694709,
    "if_vehicle": true,
    "motion_state": true,
    "pose": [
      [
        -0.0333308294536551,
        -0.9992967077199466,
        -0.017179806401901882,
        3.4351071837713363
      ],
      [
        0.9993182492825894,
        -0.033048624982938285,
        -0.01645676266820321,
        8.595930430625003
      ],
      [
        0.015877419775008058,
        -0.01771661160641557,
        0.9997169745555368,
        2.255727385105748
      ],
      [
        0.0,
        0.0,
        0.0,
        1.0
      ]
    ],
    "location": [
      3.4351071837713363,
      8.595930430625003,
      2.255727385105748
    ],
    "rotation": [
      -0.017719772432462998,
      -0.01587808694699407,
      1.6041375351406304
    ]
  },
  {
    "label_id": "k5Ip01qDY2VUXAlx7LMOLA",
    "size": [
      2.1967840381490493,
      4.739418308262884,
      1.8418654036583062
    ],
    "obj_class": "vehicle",
    "point_num_in_lidar": 109,
    "speed": 0.02682007170979606,
    "if_vehicle": true,
    "motion_state": false,
    "pose": [
      [
        -0.07208659551320391,
        -0.9972504083725956,
        -0.017179806401901882,
        7.330246516711668
      ],
      [
        0.9972828855461415,
        -0.07180543962154926,
        -0.01645676266820321,
        33.658169323055176
      ],
      [
        0.01517790974005487,
        -0.018319438895532343,
        0.9997169745555368,
        2.477899033098046
      ],
      [
        0.0,
        0.0,
        0.0,
        1.0
      ]
    ],
    "location": [
      7.330246516711668,
      33.658169323055176,
      2.477899033098046
    ],
    "rotation": [
      -0.018322574557031145,
      -0.015178492553648212,
      1.642953827836391
    ]
  },
  {
    "label_id": "luIk_3rpiPPWc8UIDuzhLA",
    "size": [
      0.7843751528612799,
      1.1613240716469213,
      1.540000000000004
    ],
    "obj_class": "pedestrian",
    "point_num_in_lidar": 175,
    "speed": 3.4573925002965176,
    "if_vehicle": false,
    "motion_state": true,
    "pose": [
      [
        0.02472693436982309,
        -0.9995466137047653,
        -0.017179806401901882,
        -15.379364913225473
      ],
      [
        0.9995517391281666,
        0.025009913401287637,
        -0.01645676266820321,
        62.88132475669272
      ],
      [
        0.016878966867907973,
        -0.01676518007646982,
        0.9997169745555368,
        2.8842711502786815
      ],
      [
        0.0,
        0.0,
        0.0,
        1.0
      ]
    ],
    "location": [
      -15.379364913225473,
      62.88132475669272,
      2.8842711502786815
    ],
    "rotation": [
      -0.016768354586345718,
      -0.016879768438944374,
      1.5460633477928016
    ]
  },
  {
    "label_id": "p2OIsg8-KkP56hlc4kIVLA",
    "size": [
      1.9954562675447718,
      4.941560946358905,
      1.9100000000000046
    ],
    "obj_class": "vehicle",
    "point_num_in_lidar": 89,
    "speed": 2.6442817694317793e-29,
    "if_vehicle": true,
    "motion_state": false,
    "pose": [
      [
        -0.9981603454676331,
        0.05814446652888219,
        -0.017179806401901882,
        -37.825848160659845
      ],
      [
        -0.05786288426749878,
        -0.9981888907349793,
        -0.01645676266820321,
        58.02796161942911
      ],
      [
        -0.018105561581491236,
        -0.015432414760601284,
        0.9997169745555368,
        1.300250584049162
      ],
      [
        0.0,
        0.0,
        0.0,
        1.0
      ]
    ],
    "location": [
      -37.825848160659845,
      58.02796161942911,
      1.300250584049162
    ],
    "rotation": [
      -0.015435557772646002,
      0.018106550928903356,
      -3.0836879296835717
    ]
  },
  {
    "label_id": "wFMkUYbAaNEsNM4uQIEcrQ",
    "size": [
      2.015615756978454,
      4.674700935570883,
      2.0100000000000042
    ],
    "obj_class": "vehicle",
    "point_num_in_lidar": 25,
    "speed": 0.013225681203288408,
    "if_vehicle": true,
    "motion_state": false,
    "pose": [
      [
        -0.14361562491848665,
        -0.9894844144963909,
        -0.017179806401901882,
        17.27448398380949
      ],
      [
        0.9895370264595006,
        -0.14333753251738335,
        -0.01645676266820321,
        8.504019512118816
      ],
      [
        0.013821199114478159,
        -0.01936350279681711,
        0.9997169745555368,
        2.509008772522659
      ],
      [
        0.0,
        0.0,
        0.0,
        1.0
      ]
    ],
    "location": [
      17.27448398380949,
      8.504019512118816,
      2.509008772522659
    ],
    "rotation": [
      -0.019366563116983797,
      -0.013821639185990558,
      1.7149241431664075
    ]
  },
  {
    "label_id": "wlmF3TF9DxECjoBmVy78JA",
    "size": [
      2.098317963435852,
      4.960771741545302,
      1.5700000000000038
    ],
    "obj_class": "vehicle",
    "point_num_in_lidar": 876,
    "speed": 0.0,
    "if_vehicle": true,
    "motion_state": false,
    "pose": [
      [
        -0.036370195277663796,
        -0.9991907040937968,
        -0.017179806401901882,
        6.114010209600849
      ],
      [
        0.9992131039266114,
        -0.03608805763447604,
        -0.01645676266820321,
        55.55110640874557
      ],
      [
        0.015823458433965504,
        -0.01776482335158337,
        0.9997169745555368,
        2.9305248006184943
      ],
      [
        0.0,
        0.0,
        0.0,
        1.0
      ]
    ],
    "location": [
      6.114010209600849,
      55.55110640874557,
      2.9305248006184943
    ],
    "rotation": [
      -0.017767982644695094,
      -0.01582411882614037,
      1.6071791022998707
    ]
  },
  {
    "label_id": "zO-P9ZE6DYp5qSRJJwfdTA",
    "size": [
      1.9095696515532792,
      4.59872335147546,
      1.441329879502749
    ],
    "obj_class": "vehicle",
    "point_num_in_lidar": 104,
    "speed": 0.012345599576327223,
    "if_vehicle": true,
    "motion_state": false,
    "pose": [
      [
        0.07777979672865828,
        0.9968225305804648,
        -0.017179806401901882,
        -7.1065929261057335
      ],
      [
        -0.9968566126462804,
        0.07749883086773673,
        -0.01645676266820321,
        26.477474037041816
      ],
      [
        -0.015073056897398995,
        0.01840580727086341,
        0.9997169745555368,
        2.0377131468376106
      ],
      [
        0.0,
        0.0,
        0.0,
        1.0
      ]
    ],
    "location": [
      -7.1065929261057335,
      26.477474037041816,
      2.0377131468376106
    ],
    "rotation": [
      0.01840893824656532,
      0.015073627714756298,
      -1.4929290277326601
    ]
  }
]