[
  {
    "label_id": "472zhzURK8HtdFNUKxZWPQ",
    "size": [
      0.257690298410412,
      0.14447754867912832,
      0.7231393673591384
    ],
    "obj_class": "sign",
    "point_num_in_lidar": 109,
    "speed": 0.038149905094508656,
    "if_vehicle": false,
    "motion_state": false,
    "pose": [
      [
        -0.16570977825972008,
        -0.9861169892672018,
        0.010656118791744698,
        -9.383115107506825
      ],
      [
        0.9856018308246653,
        -0.16597208216643336,
        -0.03228465605216281,
        32.89568160980798
      ],
      [
        0.033605066049364654,
        0.005152806995033466,
        0.9994219069621647,
        4.191278899113599
      ],
      [
        0.0,
        0.0,
        0.0,
        1.0
      ]
    ],
    "location": [
      -9.383115107506825,
      32.89568160980798,
      4.191278899113599
    ],
    "rotation": [
      0.005155741836668164,
      -0.0336113943019315,
      1.7373689844894966
    ]
  },
  {
    "label_id": "5hdqv8nDe8SFqec4R_p10g",
    "size": [
      1.9684681815699336,
      4.640479928340582,
      1.6592291756713298
    ],
    "obj_class": "vehicle",
    "point_num_in_lidar": 469,
    "speed": 0.023458352867032056,
    "if_vehicle": true,
    "motion_state": false,
    "pose": [
      [
        0.9980263611984597,
        -0.06188561614186264,
        0.010656118791744698,
        -21.14748614505764
      ],
      [
        0.062200253656005976,
        0.9975413923385446,
        -0.03228465605216281,
        51.387221156531155
      ],
      [
        -0.008631963744725725,
        0.032883751094118924,
        0.9994219069621647,
        2.4965761465244745
      ],
      [
        0.0,
        0.0,
        0.0,
        1.0
      ]
    ],
    "location": [
      -21.14748614505764,
      51.387221156531155,
      2.4965761465244745
    ],
    "rotation": [
      0.032890906233691446,
      0.008632070944071426,
      0.06224275303026857
    ]
  },
  {
    "label_id": "72Ruk2alY67J-_5Cp0_YSA",
    "size": [
      2.0211462441560117,
      4.7632808137299545,
      1.6200000000000043
    ],
    "obj_class": "vehicle",
    "point_num_in_lidar": 271,
    "speed": 1.897149936107019e-14,
    "if_vehicle": true,
    "motion_state": false,
    "pose": [
      [
        0.1295707229566696,
        0.9915129221975789,
        0.010656118791744698,
        22.824830465365892
      ],
      [
        -0.9910076911424807,
        0.12985167338175918,
        -0.03228465605216281,
        9.88520873932896
      ],
      [
        -0.033394368521286556,
        -0.00637714945526076,
        0.9994219069621647,
        2.562989300955179
      ],
      [
        0.0,
        0.0,
        0.0,
        1.0
      ]
    ],
    "location": [
      22.824830465365892,
      9.88520873932896,
      2.562989300955179
    ],
    "rotation": [
      -0.006380751576687319,
      0.03340057844820623,
      -1.4407873627410877
    ]
  },
  {
    "label_id": "B5B-kmXqho_2g4pBQn0dGw",
    "size": [
      1.8456881976468047,
      4.161034296729285,
      1.907634382527773
    ],
    "obj_class": "vehicle",
    "point_num_in_lidar": 249,
    "speed": 0.013761253986305311,
    "if_vehicle": true,
    "motion_state": false,
    "pose": [
      [
        0.1589655099523871,
        0.9872266273646968,
        0.010656118791744698,
        20.30299421817587
      ],
      [
        -0.9867132738804064,
        0.15923132898962974,
        -0.03228465605216281,
        8.859082349002165
      ],
      [
        -0.033569060067086806,
        -0.0053823870468914506,
        0.9994219069621647,
        2.3770062344327236
      ],
      [
        0.0,
        0.0,
        0.0,
        1.0
      ]
    ],
    "location": [
      20.30299421817587,
      8.859082349002165,
      2.3770062344327236
    ],
    "rotation": [
      -0.00538544830174003,
      0.03357536799344397,
      -1.4110627776660651
    ]
  },
  {
    "label_id": "C0ecke8GcghXZUAZbkXQUQ",
    "size": [
      1.0495355338302341,
      0.13964836255290564,
      1.0222362312174704
    ],
    "obj_class": "sign",
    "point_num_in_lidar": 39,
    "speed": 5.691449808321057e-14,
    "if_vehicle": false,
    "motion_state": false,
    "pose": [
      [
        -0.9798509487700618,
        0.19944564504321943,
        0.010656118791744698,
        15.895446134671175
      ],
      [
        -0.19969011955959814,
        -0.9793270940466555,
        -0.03228465605216281,
        14.30289960768448
      ],
      [
        0.0039967917988132035,
        -0.03376207249899162,
        0.9994219069621647,
        4.294801037342157
      ],
      [
        0.0,
        0.0,
        0.0,
        1.0
      ]
    ],
    "location": [
      15.895446134671175,
      14.30289960768448,
      4.294801037342157
    ],
    "rotation": [
      -0.03376875971654434,
      -0.003996802439911334,
      -2.9405493652331467
    ]
  },
  {
    "label_id": "IM_cxNqgzXM4-kkGVbsqdQ",
    "size": [
      2.096093803103914,
      4.466935406550652,
      1.770000000000004
    ],
    "obj_class": "vehicle",
    "point_num_in_lidar": 103,
    "speed": 9.404634038281953,
    "if_vehicle": true,
    "motion_state": true,
    "pose": [
      [
        -0.9974702292457039,
        0.07028220899216997,
        0.010656118791744698,
        -39.24992415094927
      ],
      [
        -0.0705927541613527,
        -0.9969826297601722,
        -0.03228465605216281,
        53.35835867134813
      ],
      [
        0.008354928392131984,
        -0.03295522804764934,
        0.9994219069621647,
        1.334318344609101
      ],
      [
        0.0,
        0.0,
        0.0,
        1.0
      ]
    ],
    "location": [
      -39.24992415094927,
      53.35835867134813,
      1.334318344609101
    ],
    "rotation": [
      -0.03296234702196468,
      -0.008355025597575953,
      -3.070938666160613
    ]
  },
  {
    "label_id": "ITXh4FH9PzsxvarppaZn8g",
    "size": [
      0.6186129950284576,
      0.1335933882509024,
      0.7150064582950781
    ],
    "obj_class": "sign",
    "point_num_in_lidar": 322,
    "speed": 0.04916836678262926,
    "if_vehicle": false,
    "motion_state": false,
    "pose": [
      [
        -0.9930157823445787,
        0.11749937509144716,
        0.010656118791744698,
        8.064038850058125
      ],
      [
        -0.1177864508657477,
        -0.9925140064382187,
        -0.03228465605216281,
        46.9048935527378
      ],
      [
        0.006782920243904682,
        -0.03331431939984749,
        0.9994219069621647,
        4.63835640277097
      ],
      [
        0.0,
        0.0,
        0.0,
        1.0
      ]
    ],
    "location": [
      8.064038850058125,
      46.9048935527378,
      4.63835640277097
    ],
    "rotation": [
      -0.033321251576559435,
      -0.006782972256421918,
      -3.0235294049252177
    ]
  },
  {
    "label_id": "Igomu2nuSP6CbWRKi0IzQQ",
    "size": [
      0.8756509835635465,
      0.877486198740949,
      1.094815857252211
    ],
    "obj_class": "sign",
    "point_num_in_lidar": 23,
    "speed": 5.347542221830668e-14,
    "if_vehicle": false,
    "motion_state": false,
    "pose": [
      [
        -0.07845636050660201,
        -0.9968605953835041,
        0.010656118791744698,
        -7.138473223023283
      ],
      [
        0.9963704666639542,
        -0.07876289826718955,
        -0.03228465605216281,
        -15.15651500800982
      ],
      [
        0.03302260825422794,
        0.008084505439297061,
        0.9994219069621647,
        0.03606033651437812
      ],
      [
        0.0,
        0.0,
        0.0,
        1.0
      ]
    ],
    "location": [
      -7.138473223023283,
      -15.15651500800982,
      0.03606033651437812
    ],
    "rotation": [
      0.008089005307707476,
      -0.03302861301999377,
      1.6493763449667949
    ]
  },
  {
    "label_id": "Iwwdev7I0s7EU1ea7W8pPQ",
    "size": [
      0.7022088959207556,
      0.6592307009191769,
      1.2836359497641205
    ],
    "obj_class": "sign",
    "point_num_in_lidar": 23,
    "speed": 0.1401317722173212,
    "if_vehicle": false,
    "motion_state": false,
    "pose": [
      [
        -0.9857062033090802,
        0.16813603983172243,
        0.010656118791744698,
        20.50245167259243
      ],
      [
        -0.16839707517608757,
        -0.9851904009153423,
        -0.03228465605216281,
        28.997066695819967
      ],
      [
        0.005070091728700566,
        -0.033617644979575666,
        0.9994219069621647,
        2.1581800310263297
      ],
      [
        0.0,
        0.0,
        0.0,
        1.0
      ]
    ],
    "location": [
      20.50245167259243,
      28.997066695819967,
      2.1581800310263297
    ],
    "rotation": [
      -0.03362441268096402,
      -0.005070113450771299,
      -2.972387162765269
    ]
  },
  {
    "label_id": "U0Baavqmz4D7q9SZ3qExwA",
    "size": [
      0.6095680278108494,
      0.07759806835408467,
      0.8100000000000032
    ],
    "obj_class": "sign",
    "point_num_in_lidar": 300,
    "speed": 0.04090406653515704,
    "if_vehicle": false,
    "motion_state": false,
    "pose": [
      [
        0.9907216535583979,
        -0.13548819986556104,
        0.010656118791744698,
        -9.184020026984186
      ],
      [
        0.13576612882236266,
        0.9902147541054835,
        -0.03228465605216281,
        32.71152947082612
      ],
      [
        -0.0061776561172999685,
        0.03343184782518928,
        0.9994219069621647,
        4.207469193783439
      ],
      [
        0.0,
        0.0,
        0.0,
        1.0
      ]
    ],
    "location": [
      -9.184020026984186,
      32.71152947082612,
      4.207469193783439
    ],
    "rotation": [
      0.033438717003425,
      0.0061776954114045116,
      0.1361893252833908
    ]
  },
  {
    "label_id": "Uewd-LzyluP8_XsiaH9KoQ",
    "size": [
      1.9935855898837018,
      4.014706307395386,
      1.270000000000004
    ],
    "obj_class": "vehicle",
    "point_num_in_lidar": 196,
    "speed": 5.330226875058932e-14,
    "if_vehicle": true,
    "motion_state": false,
    "pose": [
      [
        0.9778799858797859,
        -0.2088951419924507,
        0.010656118791744698,
        27.2194120515164
      ],
      [
        0.20913454819373875,
        0.9773537955803898,
        -0.03228465605216281,
        18.830724662821467
      ],
      [
        -0.0036706903370732143,
        0.03379908159343304,
        0.9994219069621647,
        2.421078568596762
      ],
      [
        0.0,
        0.0,
        0.0,
        1.0
      ]
    ],
    "location": [
      27.2194120515164,
      18.830724662821467,
      2.421078568596762
    ],
    "rotation": [
      0.033805747960915074,
      0.0036706985802502767,
      0.21069129426465208
    ]
  },
  {
    "label_id": "Z3bJL-eNNXFM_LalVkc8mw",
    "size": [
      2.1567569269841282,
      4.819571506707183,
      1.5762064264043985
    ],
    "obj_class": "vehicle",
    "point_num_in_lidar": 342,
    "speed": 1.0658141036401503e-13,
    "if_vehicle": true,
    "motion_state": false,
    "pose": [
      [
        0.99460846099185,
        -0.1031525882162921,
        0.010656118791744698,
        -25.49715458114548
      ],
      [
        0.10344687739636083,
        0.9941108814113927,
        -0.03228465605216281,
        43.533300572029475
      ],
      [
        -0.0072631178130324525,
        0.03321293428386353,
        0.9994219069621647,
        1.8730811611394484
      ],
      [
        0.0,
        0.0,
        0.0,
        1.0
      ]
    ],
    "location": [
      -25.49715458114548,
      43.533300572029475,
      1.8730811611394484
    ],
    "rotation": [
      0.033219920066636266,
      0.007263181672945934,
      0.10363501689270184
    ]
  },
  {
    "label_id": "Z5OZAUTb34FY2vz4RawbPg",
    "size": [
      1.8448350692434752,
      3.7343130673035665,
      1.7200000000000042
    ],
    "obj_class": "vehicle",
    "point_num_in_lidar": 56,
    "speed": 0.0108569940761418,
    "if_vehicle": true,
    "motion_state": false,
    "pose": [
      [
        -0.04157705279382665,
        -0.9990784733009092,
        0.010656118791744698,
        10.003284747251627
      ],
      [
        0.9986000031679891,
        -0.04190148752115577,
        -0.03228465605216281,
        -12.168793397618174
      ],
      [
        0.03270141210821602,
        0.009298899410083415,
        0.9994219069621647,
        0.5507842610677054
      ],
      [
        0.0,
        0.0,
        0.0,
        1.0
      ]
    ],
    "location": [
      10.003284747251627,
      -12.168793397618174,
      0.5507842610677054
    ],
    "rotation": [
      0.00930400967326078,
      -0.03270724330025952,
      1.6124076356156154
    ]
  },
  {
    "label_id": "bKRJ8-zMfp6HhSzdwwk84A",
    "size": [
      2.133223537123392,
      5.12838055531279,
      1.9579890078509765
    ],
    "obj_class": "vehicle",
    "point_num_in_lidar": 326,
    "speed": 4.115013055600709,
    "if_vehicle": true,
    "motion_state": true,
    "pose": [
      [
        -0.013767597128807495,
        -0.9998484387153861,
        0.010656118791744698,
        3.431464597085693
      ],
      [
        0.9993791792113341,
        -0.014105216853128441,
        -0.03228465605216281,
        10.250305818224547
      ],
      [
        0.03243006981458848,
        0.010205021113703994,
        0.9994219069621647,
        2.4207107137044317
      ],
      [
        0.0,
        0.0,
        0.0,
        1.0
      ]
    ],
    "location": [
      3.431464597085693,
      10.250305818224547,
      2.4207107137044317
    ],
    "rotation": [
      0.010210569126215586,
      -0.03243575700827042,
      1.584571605053232
    ]
  },
  {
    "label_id": "c9nPCP9bzZhCpuh1N5SLEw",
    "size": [
      2.062134275969545,
      4.46148502338097,
      1.740000000000004
    ],
    "obj_class": "vehicle",
    "point_num_in_lidar": 167,
    "speed": 7.484412893193182e-29,
    "if_vehicle": true,
    "motion_state": false,
    "pose": [
      [
        0.9864115894940555,
        -0.16394701352603902,
        0.010656118791744698,
        32.15599966290408
      ],
      [
        0.16421023776334753,
        0.9858969006936266,
        -0.03228465605216281,
        19.551079981530393
      ],
      [
        -0.005212861547736756,
        0.03359580269310966,
        0.9994219069621647,
        2.957534023850339
      ],
      [
        0.0,
        0.0,
        0.0,
        1.0
      ]
    ],
    "location": [
      32.15599966290408,
      19.551079981530393,
      2.957534023850339
    ],
    "rotation": [
      0.03360258244418122,
      0.005212885157010695,
      0.16495958922605555
    ]
  },
  {
    "label_id": "cYXxjduOUdkWGK0vKCXkfg",
    "size": [
      1.9497771394720944,
      4.430368407077941,
      1.7000000000000044
    ],
    "obj_class": "vehicle",
    "point_num_in_lidar": 53,
    "speed": 0.0025466705986069596,
    "if_vehicle": true,
    "motion_state": false,
    "pose": [
      [
        -0.9941439492637688,
        0.10753722738909234,
        0.010656118791744698,
        -43.653089939011025
      ],
      [
        -0.10782931967310422,
        -0.9936450768772666,
        -0.03228465605216281,
        57.44553086701251
      ],
      [
        0.007116597576976377,
        -0.03324463750798918,
        0.9994219069621647,
        0.5952505840491744
      ],
      [
        0.0,
        0.0,
        0.0,
        1.0
      ]
    ],
    "location": [
      -43.653089939011025,
      57.44553086701251,
      0.5952505840491744
    ],
    "rotation": [
      -0.033251606601529586,
      -0.007116657649499455,
      -3.0335505281305837
    ]
  },
  {
    "label_id": "chI0ixZCYxKYW00RUnzfZw",
    "size": [
      2.1902599941162535,
      5.086278539715913,
      1.5167886578102792
    ],
    "obj_class": "vehicle",
    "point_num_in_lidar": 2899,
    "speed": 0.007903077431367981,
    "if_vehicle": true,
    "motion_state": false,
    "pose": [
      [
        -0.07803830468238576,
        -0.9968934096153889,
        0.010656118791744698,
        6.931797544932351
      ],
      [
        0.9964034094902938,
        -0.07834504795908559,
        -0.03228465605216281,
        38.82369032125098
      ],
      [
        0.03301921498789763,
        0.008098353270463297,
        0.9994219069621647,
        2.605476297560216
      ],
      [
        0.0,
        0.0,
        0.0,
        1.0
      ]
    ],
    "location": [
      6.931797544932351,
      38.82369032125098,
      2.605476297560216
    ],
    "rotation": [
      0.008102860240689605,
      -0.033025217902173304,
      1.6489567644010599
    ]
  },
  {
    "label_id": "csqfDiMmc-bQfxhgaeDxNg",
    "size": [
      2.140899557317904,
      4.846744126654841,
      1.6700000000000044
    ],
    "obj_class": "vehicle",
    "point_num_in_lidar": 171,
    "speed": 1.790180836524724e-14,
    "if_vehicle": true,
    "motion_state": false,
    "pose": [
      [
        -0.9798236714472007,
        0.1995796081868696,
        0.010656118791744698,
        22.618919601616852
      ],
      [
        -0.19982401107966002,
        -0.979299783304188,
        -0.03228465605216281,
        27.727647587789875
      ],
      [
        0.003992175818280766,
        -0.03376261862394801,
        0.9994219069621647,
        2.4350921510330252
      ],
      [
        0.0,
        0.0,
        0.0,
        1.0
      ]
    ],
    "location": [
      22.618919601616852,
      27.727647587789875,
      2.4350921510330252
    ],
    "rotation": [
      -0.033769305534498716,
      -0.003992186422552387,
      -2.9404127223076313
    ]
  },
  {
    "label_id": "gZx-F_SILPevRRlp_qUVpg",
    "size": [
      0.8564543580672,
      0.16234088721920514,
      0.7366953327434969
    ],
    "obj_class": "sign",
    "point_num_in_lidar": 39,
    "speed": 0.014816037583140918,
    "if_vehicle": false,
    "motion_state": false,
    "pose": [
      [
        0.11301990242100823,
        0.9935355800317581,
        0.010656118791744698,
        11.066212014219658
      ],
      [
        -0.9930351038751684,
        0.1133092381724782,
        -0.03228465605216281,
        -4.806848945323964
      ],
      [
        -0.033283391179079407,
        -0.006933091354555074,
        0.9994219069621647,
        3.59887659534754
      ],
      [
        0.0,
        0.0,
        0.0,
        1.0
      ]
    ],
    "location": [
      11.066212014219658,
      -4.806848945323964,
      3.59887659534754
    ],
    "rotation": [
      -0.006936990369007202,
      0.03328953937988294,
      -1.4574713636640726
    ]
  },
  {
    "label_id": "hBnUyUpsrVdakvbPwD61Mg",
    "size": [
      2.121899485156104,
      4.719133328876525,
      1.7132819752882176
    ],
    "obj_class": "vehicle",
    "point_num_in_lidar": 1670,
    "speed": 7.899623603691201,
    "if_vehicle": true,
    "motion_state": true,
    "pose": [
      [
        -0.047457941699116275,
        -0.9988163949905806,
        0.010656118791744698,
        2.6152773184330584
      ],
      [
        0.9983360231905297,
        -0.047779554034248974,
        -0.03228465605216281,
        32.202427780006246
      ],
      [
        0.032755588375137625,
        0.00910622393249671,
        0.9994219069621647,
        2.6682722707301494
      ],
      [
        0.0,
        0.0,
        0.0,
        1.0
      ]
    ],
    "location": [
      2.6152773184330584,
      32.202427780006246,
      2.6682722707301494
    ],
    "rotation": [
      0.00911123909157184,
      -0.032761448606100974,
      1.6182976099017579
    ]
  },
  {
    "label_id": "k5Ip01qDY2VUXAlx7LMOLA",
    "size": [
      2.1967840381490493,
      4.739418308262884,
      1.8418654036583062
    ],
    "obj_class": "vehicle",
    "point_num_in_lidar": 1723,
    "speed": 0.005715846258097942,
    "if_vehicle": true,
    "motion_state": false,
    "pose": [
      [
        -0.07209314235452816,
        -0.9973409777792879,
        0.010656118791744698,
        7.339381715150907
      ],
      [
        0.9968528152584908,
        -0.07240280170556189,
        -0.03228465605216281,
        33.78119706225186
      ],
      [
        0.03297034329016166,
        0.008295079712644055,
        0.9994219069621647,
        2.5678271588609927
      ],
      [
        0.0,
        0.0,
        0.0,
        1.0
      ]
    ],
    "location": [
      7.339381715150907,
      33.78119706225186,
      2.5678271588609927
    ],
    "rotation": [
      0.008299687234851043,
      -0.032976319580472174,
      1.6429913839339585
    ]
  },
  {
    "label_id": "op516gA0LiM91RFRCh0Qwg",
    "size": [
      1.9930368581776388,
      4.7185740620167955,
      1.9805953887445877
    ],
    "obj_class": "vehicle",
    "point_num_in_lidar": 34,
    "speed": 0.012757737651253459,
    "if_vehicle": true,
    "motion_state": false,
    "pose": [
      [
        0.0424746423243207,
        0.9990407158328019,
        0.010656118791744698,
        -4.487586779594665
      ],
      [
        -0.9985619544097204,
        0.04279864704675943,
        -0.03228465605216281,
        -21.576590121104687
      ],
      [
        -0.03270975335982475,
        -0.009269515588727401,
        0.9994219069621647,
        0.17378596426347848
      ],
      [
        0.0,
        0.0,
        0.0,
        1.0
      ]
    ],
    "location": [
      -4.487586779594665,
      -21.576590121104687,
      0.17378596426347848
    ],
    "rotation": [
      -0.009274611392460353,
      0.03271558901658171,
      -1.5282861415021796
    ]
  },
  {
    "label_id": "r-HKQWyS8-4ke1oBbGnZHQ",
    "size": [
      2.0607664981871356,
      3.992494696156682,
      1.354308642745714
    ],
    "obj_class": "vehicle",
    "point_num_in_lidar": 57,
    "speed": 1.7763568394002505e-14,
    "if_vehicle": true,
    "motion_state": false,
    "pose": [
      [
        -0.0388970316365443,
        -0.9991864030610914,
        0.010656118791744698,
        4.237760616309004
      ],
      [
        0.9987088048948237,
        -0.039222748617942914,
        -0.03228465605216281,
        -6.457620891297097
      ],
      [
        0.032676351623436586,
        0.009386582375484691,
        0.9994219069621647,
        1.0132571263263643
      ],
      [
        0.0,
        0.0,
        0.0,
        1.0
      ]
    ],
    "location": [
      4.237760616309004,
      -6.457620891297097,
      1.0132571263263643
    ],
    "rotation": [
      0.00939173569065254,
      -0.03268216941538597,
      1.6097239719423304
    ]
  },
  {
    "label_id": "tReFCtpyXZbI7c8Dvs-O-g",
    "size": [
      2.2968948008484658,
      4.865316304081679,
      1.770000000000004
    ],
    "obj_class": "vehicle",
    "point_num_in_lidar": 59,
    "speed": 5.2782503064646715e-30,
    "if_vehicle": true,
    "motion_state": false,
    "pose": [
      [
        0.9968323694018951,
        -0.07881417667463125,
        0.010656118791744698,
        -32.144813404288115
      ],
      [
        0.07912053848469563,
        0.9963421306827718,
        -0.03228465605216281,
        43.127681494686726
      ],
      [
        -0.008072651515800772,
        0.033025508044762404,
        0.9994219069621647,
        1.6193790316427172
      ],
      [
        0.0,
        0.0,
        0.0,
        1.0
      ]
    ],
    "location": [
      -32.144813404288115,
      43.127681494686726,
      1.6193790316427172
    ],
    "rotation": [
      0.03303259113127128,
      0.008072739197730832,
      0.07920590806736
    ]
  },
  {
    "label_id": "uek0tHD8C0uN8SyClf2LCw",
    "size": [
      0.49627236327699253,
      0.0968182875673449,
      0.5969548872180823
    ],
    "obj_class": "sign",
    "point_num_in_lidar": 27,
    "speed": 0.05392455921263085,
    "if_vehicle": false,
    "motion_state": false,
    "pose": [
      [
        0.990721653558263,
        -0.13548819986654656,
        0.010656118791744698,
        -9.19380736928801
      ],
      [
        0.13576612882334768,
        0.9902147541053484,
        -0.03228465605216281,
        32.747494707699275
      ],
      [
        -0.006177656117266711,
        0.033431847825195427,
        0.9994219069621647,
        4.921101551150328
      ],
      [
        0.0,
        0.0,
        0.0,
        1.0
      ]
    ],
    "location": [
      -9.19380736928801,
      32.747494707699275,
      4.921101551150328
    ],
    "rotation": [
      0.03343871700343115,
      0.0061776954113712534,
      0.13618932528438504
    ]
  },
  {
    "label_id": "v0FEOUAnA4MWpgnxtYpEyQ",
    "size": [
      0.4369111103145966,
      0.09646011325269921,
      0.5200000000000031
    ],
    "obj_class": "sign",
    "point_num_in_lidar": 105,
    "speed": 0.026347708135237225,
    "if_vehicle": false,
    "motion_state": false,
    "pose": [
      [
        0.01832631406840096,
        0.9997752714210142,
        0.010656118791744698,
        8.874200274590265
      ],
      [
        -0.999304477400438,
        0.0186617906705409,
        -0.03228465605216281,
        38.00655902407232
      ],
      [
        -0.03247626302553711,
        -0.010057048473899185,
        0.9994219069621647,
        3.930551682176959
      ],
      [
        0.0,
        0.0,
        0.0,
        1.0
      ]
    ],
    "location": [
      8.874200274590265,
      38.00655902407232,
      3.930551682176959
    ],
    "rotation": [
      -0.010062526107651218,
      0.03248197456398485,
      -1.5524593130154372
    ]
  },
  {
    "label_id": "wFMkUYbAaNEsNM4uQIEcrQ",
    "size": [
      2.0156157569784576,
      4.674700935570883,
      2.0100000000000042
    ],
    "obj_class": "vehicle",
    "point_num_in_lidar": 186,
    "speed": 0.013225681424527343,
    "if_vehicle": true,
    "motion_state": false,
    "pose": [
      [
        -0.14362866796347304,
        -0.9895742786023365,
        0.010656118791744698,
        17.21979422517981
      ],
      [
        0.9890651113355049,
        -0.1439024201411463,
        -0.03228465605216281,
        8.477374533243278
      ],
      [
        0.03348150650618718,
        0.005902593174730312,
        0.9994219069621647,
        2.3453774116435957
      ],
      [
        0.0,
        0.0,
        0.0,
        1.0
      ]
    ],
    "location": [
      17.21979422517981,
      8.477374533243278,
      2.3453774116435957
    ],
    "rotation": [
      0.0059059387289275974,
      -0.033487765188324685,
      1.7150048770995685
    ]
  },
  {
    "label_id": "yBd--n9qvMYP_1Fg13haag",
    "size": [
      1.881381667343319,
      4.012285060190761,
      1.7900000000000045
    ],
    "obj_class": "vehicle",
    "point_num_in_lidar": 194,
    "speed": 0.007822852260539581,
    "if_vehicle": true,
    "motion_state": false,
    "pose": [
      [
        0.9944129496217933,
        -0.10502063014846673,
        0.010656118791744698,
        17.801223746376763
      ],
      [
        0.10531398418022314,
        0.9939148181407104,
        -0.03228465605216281,
        2.654105202661526
      ],
      [
        -0.007200719448258088,
        0.03322651837821267,
        0.9994219069621647,
        1.5932002669093404
      ],
      [
        0.0,
        0.0,
        0.0,
        1.0
      ]
    ],
    "location": [
      17.801223746376763,
      2.654105202661526,
      1.5932002669093404
    ],
    "rotation": [
      0.03323349701821202,
      0.007200781676360008,
      0.10551238143017874
    ]
  },
  {
    "label_id": "zO-P9ZE6DYp5qSRJJwfdTA",
    "size": [
      1.9095696515532798,
      4.59872335147546,
      1.441329879502749
    ],
    "obj_class": "vehicle",
    "point_num_in_lidar": 766,
    "speed": 0.012345599782988562,
    "if_vehicle": true,
    "motion_state": false,
    "pose": [
      [
        0.07778686062152114,
        0.9969130611276714,
        0.010656118791744698,
        -7.102095917045304
      ],
      [
        -0.9964231383865282,
        0.07809372747881338,
        -0.03228465605216281,
        26.420865334824157
      ],
      [
        -0.03301717132932,
        -0.008106681288946574,
        0.9994219069621647,
        2.0377131468376075
      ],
      [
        0.0,
        0.0,
        0.0,
        1.0
      ]
    ],
    "location": [
      -7.102095917045304,
      26.420865334824157,
      2.0377131468376075
    ],
    "rotation": [
      -0.008111192528672838,
      0.03302317312868459,
      -1.4928882436376587
    ]
  }
]