[
  {
    "label_id": "472zhzURK8HtdFNUKxZWPQ",
    "size": [
      0.257690298410228,
      0.14447754867912832,
      0.7231393673591384
    ],
    "obj_class": "sign",
    "point_num_in_lidar": 98,
    "speed": 0.0344192372250878,
    "if_vehicle": false,
    "motion_state": false,
    "pose": [
      [
        -0.15883936152735736,
        -0.9872435908985706,
        0.010961270878757234,
        -9.381048099672668
      ],
      [
        0.986716178343509,
        -0.15911813223112864,
        -0.03275062427584592,
        32.89751009151439
      ],
      [
        0.03407698086336333,
        0.005613575061677597,
        0.9994034456365782,
        4.191278899113597
      ],
      [
        0.0,
        0.0,
        0.0,
        1.0
      ]
    ],
    "location": [
      -9.381048099672668,
      32.89751009151439,
      4.191278899113597
    ],
    "rotation": [
      0.005616866793360885,
      -0.034083579574581045,
      1.7304047987925757
    ]
  },
  {
    "label_id": "5hdqv8nDe8SFqec4R_p10g",
    "size": [
      1.9684681815699339,
      4.640479928340582,
      1.6592291756713298
    ],
    "obj_class": "vehicle",
    "point_num_in_lidar": 479,
    "speed": 0.0251277562278682,
    "if_vehicle": true,
    "motion_state": false,
    "pose": [
      [
        0.9980230690330532,
        -0.061885412001280005,
        0.010961270878757234,
        -21.146963121440052
      ],
      [
        0.062214247765671304,
        0.9975253299964337,
        -0.03275062427584592,
        51.38997018943769
      ],
      [
        -0.008907359473902761,
        0.03336782577480579,
        0.9994034456365782,
        2.4958299202557632
      ],
      [
        0.0,
        0.0,
        0.0,
        1.0
      ]
    ],
    "location": [
      -21.146963121440052,
      51.38997018943769,
      2.4958299202557632
    ],
    "rotation": [
      0.033375345436693175,
      0.008907477264654733,
      0.0622569253843614
    ]
  },
  {
    "label_id": "72Ruk2alY67J-_5Cp0_YSA",
    "size": [
      2.0211462441560153,
      4.7632808137299545,
      1.6200000000000043
    ],
    "obj_class": "vehicle",
    "point_num_in_lidar": 253,
    "speed": 1.897149936107019e-14,
    "if_vehicle": true,
    "motion_state": false,
    "pose": [
      [
        0.12957029554486083,
        0.9915096515178963,
        0.010961270878757234,
        22.824830465365913
      ],
      [
        -0.9909907148660533,
        0.12986454350133905,
        -0.03275062427584592,
        9.88520873932896
      ],
      [
        -0.033896040501601866,
        -0.006619009597280032,
        0.9994034456365782,
        2.562989300955178
      ],
      [
        0.0,
        0.0,
        0.0,
        1.0
      ]
    ],
    "location": [
      22.824830465365913,
      9.88520873932896,
      2.562989300955178
    ],
    "rotation": [
      -0.006622863720200158,
      0.03390253462139448,
      -1.4407855846681772
    ]
  },
  {
    "label_id": "B5B-kmXqho_2g4pBQn0dGw",
    "size": [
      1.8456881976468005,
      4.161034296729285,
      1.907634382527773
    ],
    "obj_class": "vehicle",
    "point_num_in_lidar": 244,
    "speed": 0.013761253755800687,
    "if_vehicle": true,
    "motion_state": false,
    "pose": [
      [
        0.15896498557670663,
        0.987223370824111,
        0.010961270878757234,
        20.303270919229178
      ],
      [
        -0.986695922800146,
        0.15924368916572743,
        -0.03275062427584592,
        8.85773401898166
      ],
      [
        -0.03407769490687272,
        -0.00560923876913975,
        0.9994034456365782,
        2.377006234432716
      ],
      [
        0.0,
        0.0,
        0.0,
        1.0
      ]
    ],
    "location": [
      20.303270919229178,
      8.85773401898166,
      2.377006234432716
    ],
    "rotation": [
      -0.005612528049225735,
      0.03408429403304873,
      -1.411060534284567
    ]
  },
  {
    "label_id": "C0ecke8GcghXZUAZbkXQUQ",
    "size": [
      1.0495355338302401,
      0.13964836255290564,
      1.0222362312174704
    ],
    "obj_class": "sign",
    "point_num_in_lidar": 36,
    "speed": 5.691449808321057e-14,
    "if_vehicle": false,
    "motion_state": false,
    "pose": [
      [
        -0.9798477165594446,
        0.19944498713671677,
        0.010961270878757234,
        15.895446134671204
      ],
      [
        -0.19970175544416588,
        -0.9793092491557817,
        -0.03275062427584592,
        14.302899607684367
      ],
      [
        0.004202526116653349,
        -0.03427960944897077,
        0.9994034456365782,
        4.2948010373421495
      ],
      [
        0.0,
        0.0,
        0.0,
        1.0
      ]
    ],
    "location": [
      15.895446134671204,
      14.302899607684367,
      4.2948010373421495
    ],
    "rotation": [
      -0.03428662950719931,
      -0.004202538487045416,
      -2.940537318157483
    ]
  },
  {
    "label_id": "IM_cxNqgzXM4-kkGVbsqdQ",
    "size": [
      2.0960938031038356,
      4.466935406550652,
      1.770000000000004
    ],
    "obj_class": "vehicle",
    "point_num_in_lidar": 101,
    "speed": 9.37584884402208,
    "if_vehicle": true,
    "motion_state": true,
    "pose": [
      [
        -0.997394890408266,
        0.07129714670451939,
        0.010961270878757234,
        -38.30126009520167
      ],
      [
        -0.07162127259757335,
        -0.9968940715648009,
        -0.03275062427584592,
        53.42119341821024
      ],
      [
        0.0085921998921894,
        -0.03345036548003295,
        0.9994034456365782,
        1.4220606198642995
      ],
      [
        0.0,
        0.0,
        0.0,
        1.0
      ]
    ],
    "location": [
      -38.30126009520167,
      53.42119341821024,
      1.4220606198642995
    ],
    "rotation": [
      -0.033457842220483355,
      -0.008592305616848673,
      -3.0699073570175757
    ]
  },
  {
    "label_id": "ITXh4FH9PzsxvarppaZn8g",
    "size": [
      0.6186129950284576,
      0.1335933882509024,
      0.7150064582950781
    ],
    "obj_class": "sign",
    "point_num_in_lidar": 290,
    "speed": 0.043018625227706615,
    "if_vehicle": false,
    "motion_state": false,
    "pose": [
      [
        -0.9930125067074473,
        0.11749898749910344,
        0.010961270878757234,
        8.068018650012817
      ],
      [
        -0.11779952654948196,
        -0.9924971879830492,
        -0.03275062427584592,
        46.91046677881354
      ],
      [
        0.007030865331511587,
        -0.033813012028289756,
        0.9994034456365782,
        4.629977372900552
      ],
      [
        0.0,
        0.0,
        0.0,
        1.0
      ]
    ],
    "location": [
      8.068018650012817,
      46.91046677881354,
      4.629977372900552
    ],
    "rotation": [
      -0.03382029477608557,
      -0.007030923259006716,
      -3.0235160341011693
    ]
  },
  {
    "label_id": "Igomu2nuSP6CbWRKi0IzQQ",
    "size": [
      0.8756509835635462,
      0.877486198740949,
      1.094815857252211
    ],
    "obj_class": "sign",
    "point_num_in_lidar": 23,
    "speed": 5.347542221830668e-14,
    "if_vehicle": false,
    "motion_state": false,
    "pose": [
      [
        -0.07845610170450505,
        -0.9968573070635812,
        0.010961270878757234,
        -7.138473223023269
      ],
      [
        0.9963541740671534,
        -0.0787766236170529,
        -0.03275062427584592,
        -15.156515008010047
      ],
      [
        0.03351119103065133,
        0.008351821684058704,
        0.9994034456365782,
        0.03606033651437901
      ],
      [
        0.0,
        0.0,
        0.0,
        1.0
      ]
    ],
    "location": [
      -7.138473223023269,
      -15.156515008010047,
      0.03606033651437901
    ],
    "rotation": [
      0.008356612445929579,
      -0.03351746637991479,
      1.6493773664924467
    ]
  },
  {
    "label_id": "U0Baavqmz4D7q9SZ3qExwA",
    "size": [
      0.6095680278108468,
      0.07759806835408467,
      0.8100000000000032
    ],
    "obj_class": "sign",
    "point_num_in_lidar": 267,
    "speed": 0.035327608691506786,
    "if_vehicle": false,
    "motion_state": false,
    "pose": [
      [
        0.9907183854888584,
        -0.13548775293388138,
        0.010961270878757234,
        -9.177884388598073
      ],
      [
        0.135778897356375,
        0.9901977012911257,
        -0.03275062427584592,
        32.71503274327961
      ],
      [
        -0.00641651673705858,
        0.03393495487986048,
        0.9994034456365782,
        4.207469193783433
      ],
      [
        0.0,
        0.0,
        0.0,
        1.0
      ]
    ],
    "location": [
      -9.177884388598073,
      32.71503274327961,
      4.207469193783433
    ],
    "rotation": [
      0.0339421704036745,
      0.006416560767677512,
      0.1362024195590895
    ]
  },
  {
    "label_id": "Uewd-LzyluP8_XsiaH9KoQ",
    "size": [
      1.9935855898837054,
      4.014706307395386,
      1.270000000000004
    ],
    "obj_class": "vehicle",
    "point_num_in_lidar": 176,
    "speed": 5.330226875058932e-14,
    "if_vehicle": true,
    "motion_state": false,
    "pose": [
      [
        0.9778767601707394,
        -0.20889445291510433,
        0.010961270878757234,
        27.21941205151643
      ],
      [
        0.20914601127413576,
        0.9773358391963641,
        -0.03275062427584592,
        18.830724662821353
      ],
      [
        -0.0038714191322179,
        0.03431858044322079,
        0.9994034456365782,
        2.4210785685967604
      ],
      [
        0.0,
        0.0,
        0.0,
        1.0
      ]
    ],
    "location": [
      27.21941205151643,
      18.830724662821353,
      2.4210785685967604
    ],
    "rotation": [
      0.03432557788895758,
      0.003871428803014623,
      0.21070317855787768
    ]
  },
  {
    "label_id": "Z3bJL-eNNXFM_LalVkc8mw",
    "size": [
      2.1567569269841287,
      4.819571506707183,
      1.5762064264043985
    ],
    "obj_class": "vehicle",
    "point_num_in_lidar": 339,
    "speed": 1.0658141036401503e-13,
    "if_vehicle": true,
    "motion_state": false,
    "pose": [
      [
        0.9946051801009882,
        -0.10315224794934728,
        0.010961270878757234,
        -25.497154581145466
      ],
      [
        0.10346019449818815,
        0.9940942534608775,
        -0.03275062427584592,
        43.533300572029475
      ],
      [
        -0.007518235875402658,
        0.033707995773361074,
        0.9994034456365782,
        1.873081161139448
      ],
      [
        0.0,
        0.0,
        0.0,
        1.0
      ]
    ],
    "location": [
      -25.497154581145466,
      43.533300572029475,
      1.873081161139448
    ],
    "rotation": [
      0.03371533560829262,
      0.007518306703836304,
      0.10364860233505686
    ]
  },
  {
    "label_id": "Z5OZAUTb34FY2vz4RawbPg",
    "size": [
      1.844835069243473,
      3.7343130673035665,
      1.7200000000000042
    ],
    "obj_class": "vehicle",
    "point_num_in_lidar": 65,
    "speed": 0.01085699389423972,
    "if_vehicle": true,
    "motion_state": false,
    "pose": [
      [
        -0.041576915644608706,
        -0.9990751776649262,
        0.010961270878757234,
        10.003400564898413
      ],
      [
        0.9985842287303379,
        -0.04191580537910106,
        -0.03275062427584592,
        -12.169873142944425
      ],
      [
        0.033179786263889594,
        0.009584082283542983,
        0.9994034456365782,
        0.550784261067709
      ],
      [
        0.0,
        0.0,
        0.0,
        1.0
      ]
    ],
    "location": [
      10.003400564898413,
      -12.169873142944425,
      0.550784261067709
    ],
    "rotation": [
      0.009589509165406412,
      -0.033185877209772875,
      1.6124081550767213
    ]
  },
  {
    "label_id": "bKRJ8-zMfp6HhSzdwwk84A",
    "size": [
      2.1332235371233814,
      5.12838055531279,
      1.9579890078509765
    ],
    "obj_class": "vehicle",
    "point_num_in_lidar": 318,
    "speed": 4.0410264339700435,
    "if_vehicle": true,
    "motion_state": true,
    "pose": [
      [
        -0.01233004473881765,
        -0.9998639010072629,
        0.010961270878757234,
        3.434769255238038
      ],
      [
        0.9993830768267571,
        -0.012683152676931167,
        -0.03275062427584592,
        9.838319706654943
      ],
      [
        0.03288519042095893,
        0.010550691954198547,
        0.9994034456365782,
        2.4207107137044233
      ],
      [
        0.0,
        0.0,
        0.0,
        1.0
      ]
    ],
    "location": [
      3.434769255238038,
      9.838319706654943,
      2.4207107137044233
    ],
    "rotation": [
      0.010556597606449381,
      -0.03289112051068984,
      1.583133356973394
    ]
  },
  {
    "label_id": "c9nPCP9bzZhCpuh1N5SLEw",
    "size": [
      2.062134275969544,
      4.46148502338097,
      1.740000000000004
    ],
    "obj_class": "vehicle",
    "point_num_in_lidar": 161,
    "speed": 9.355510689482689e-29,
    "if_vehicle": true,
    "motion_state": false,
    "pose": [
      [
        0.986408335642016,
        -0.16394647271798937,
        0.010961270878757234,
        32.155999662904094
      ],
      [
        0.16422251019354578,
        0.9858794874401602,
        -0.03275062427584592,
        19.55107998153028
      ],
      [
        -0.005437142786304842,
        0.0341055762017951,
        0.9994034456365782,
        2.9575340238503376
      ],
      [
        0.0,
        0.0,
        0.0,
        1.0
      ]
    ],
    "location": [
      32.155999662904094,
      19.55107998153028,
      2.9575340238503376
    ],
    "rotation": [
      0.03411269597253991,
      0.005437169575936478,
      0.16497222956783578
    ]
  },
  {
    "label_id": "chI0ixZCYxKYW00RUnzfZw",
    "size": [
      2.1902599941162264,
      5.086278539715913,
      1.5167886578102792
    ],
    "obj_class": "vehicle",
    "point_num_in_lidar": 2669,
    "speed": 0.007903077299148124,
    "if_vehicle": true,
    "motion_state": false,
    "pose": [
      [
        -0.07803804725931943,
        -0.9968901211872224,
        0.010961270878757234,
        6.931384651531758
      ],
      [
        0.9963871226508637,
        -0.07835878014029476,
        -0.03275062427584592,
        38.82301624323986
      ],
      [
        0.033507685618151976,
        0.008365874386470946,
        0.9994034456365782,
        2.605476297560216
      ],
      [
        0.0,
        0.0,
        0.0,
        1.0
      ]
    ],
    "location": [
      6.931384651531758,
      38.82301624323986,
      2.605476297560216
    ],
    "rotation": [
      0.008370672552988942,
      -0.033513958997673336,
      1.6489577800249817
    ]
  },
  {
    "label_id": "csqfDiMmc-bQfxhgaeDxNg",
    "size": [
      2.1408995573179017,
      4.846744126654841,
      1.6700000000000044
    ],
    "obj_class": "vehicle",
    "point_num_in_lidar": 179,
    "speed": 1.4102863005506658e-29,
    "if_vehicle": true,
    "motion_state": false,
    "pose": [
      [
        -0.9798204393265666,
        0.19957894983844526,
        0.010961270878757234,
        22.618919601616867
      ],
      [
        -0.1998356445243488,
        -0.9792819368226294,
        -0.03275062427584592,
        27.727647587789875
      ],
      [
        0.004197839376660049,
        -0.03428018369704109,
        0.9994034456365782,
        2.4350921510330235
      ],
      [
        0.0,
        0.0,
        0.0,
        1.0
      ]
    ],
    "location": [
      22.618919601616867,
      27.727647587789875,
      2.4350921510330235
    ],
    "rotation": [
      -0.03428720342282419,
      -0.00419785170571092,
      -2.940400677525728
    ]
  },
  {
    "label_id": "gZx-F_SILPevRRlp_qUVpg",
    "size": [
      0.8564543580672008,
      0.16234088721920514,
      0.7366953327434969
    ],
    "obj_class": "sign",
    "point_num_in_lidar": 33,
    "speed": 0.014745760934252849,
    "if_vehicle": false,
    "motion_state": false,
    "pose": [
      [
        0.11301952960498933,
        0.9935323026799832,
        0.010961270878757234,
        11.067282131753956
      ],
      [
        -0.99301834455942,
        0.11332238957069107,
        -0.03275062427584592,
        -4.8078860204050216
      ],
      [
        -0.03378096055970055,
        -0.007183282912365035,
        0.9994034456365782,
        3.5971444308894993
      ],
      [
        0.0,
        0.0,
        0.0,
        1.0
      ]
    ],
    "location": [
      11.067282131753956,
      -4.8078860204050216,
      3.5971444308894993
    ],
    "rotation": [
      -0.007187446920082189,
      0.033787388736988375,
      -1.4574698380317102
    ]
  },
  {
    "label_id": "hBnUyUpsrVdakvbPwD61Mg",
    "size": [
      2.1218994851560846,
      4.719133328876525,
      1.7132819752882176
    ],
    "obj_class": "vehicle",
    "point_num_in_lidar": 1234,
    "speed": 7.856212590553834,
    "if_vehicle": true,
    "motion_state": true,
    "pose": [
      [
        -0.04693767379235308,
        -0.9988376771626536,
        0.010961270878757234,
        2.652913722031272
      ],
      [
        0.9983449167064817,
        -0.04727392405830265,
        -0.03275062427584592,
        31.381350102975944
      ],
      [
        0.0332307397644176,
        0.0094058909436945,
        0.9994034456365782,
        2.635636480660358
      ],
      [
        0.0,
        0.0,
        0.0,
        1.0
      ]
    ],
    "location": [
      2.652913722031272,
      31.381350102975944,
      2.635636480660358
    ],
    "rotation": [
      0.009411227553888435,
      -0.033236858823954045,
      1.6177772191170632
    ]
  },
  {
    "label_id": "k5Ip01qDY2VUXAlx7LMOLA",
    "size": [
      2.196784038149048,
      4.739418308262884,
      1.8418654036583062
    ],
    "obj_class": "vehicle",
    "point_num_in_lidar": 1564,
    "speed": 0.009414195041391285,
    "if_vehicle": true,
    "motion_state": false,
    "pose": [
      [
        -0.07209290454262492,
        -0.9973376878747392,
        0.010961270878757234,
        7.339183070539576
      ],
      [
        0.9968366105839052,
        -0.07241663074967059,
        -0.03275062427584592,
        33.778521827816576
      ],
      [
        0.033457210197500545,
        0.00856550848084249,
        0.9994034456365782,
        2.5658716745099555
      ],
      [
        0.0,
        0.0,
        0.0,
        1.0
      ]
    ],
    "location": [
      7.339183070539576,
      33.778521827816576,
      2.5658716745099555
    ],
    "rotation": [
      0.008570411478404106,
      -0.033463455259856174,
      1.6429923161448334
    ]
  },
  {
    "label_id": "op516gA0LiM91RFRCh0Qwg",
    "size": [
      1.9930368581776383,
      4.7185740620167955,
      1.9805953887445877
    ],
    "obj_class": "vehicle",
    "point_num_in_lidar": 29,
    "speed": 0.012757737437902693,
    "if_vehicle": true,
    "motion_state": false,
    "pose": [
      [
        0.042474502214247666,
        0.9990374203213684,
        0.010961270878757234,
        -4.4876835438239056
      ],
      [
        -0.9985461671147815,
        0.04281295072663298,
        -0.03275062427584592,
        -21.577862502366997
      ],
      [
        -0.033188383540488996,
        -0.009554268559367496,
        0.9994034456365782,
        0.1737859642634758
      ],
      [
        0.0,
        0.0,
        0.0,
        1.0
      ]
    ],
    "location": [
      -4.4876835438239056,
      -21.577862502366997,
      0.1737859642634758
    ],
    "rotation": [
      -0.009559680379766905,
      0.033194479223874834,
      -1.5282856102743088
    ]
  },
  {
    "label_id": "r-HKQWyS8-4ke1oBbGnZHQ",
    "size": [
      2.060766498187135,
      3.992494696156682,
      1.354308642745714
    ],
    "obj_class": "vehicle",
    "point_num_in_lidar": 47,
    "speed": 1.7763568394002505e-14,
    "if_vehicle": true,
    "motion_state": false,
    "pose": [
      [
        -0.03889690332784197,
        -0.9991831070690833,
        0.010961270878757234,
        4.237760616309018
      ],
      [
        0.9986930689193333,
        -0.039237108736833816,
        -0.03275062427584592,
        -6.457620891297211
      ],
      [
        0.033153959099755555,
        0.009673047386778126,
        0.9994034456365782,
        1.013706044498056
      ],
      [
        0.0,
        0.0,
        0.0,
        1.0
      ]
    ],
    "location": [
      4.237760616309018,
      -6.457620891297211,
      1.013706044498056
    ],
    "rotation": [
      0.009678519110882215,
      -0.033160035828431945,
      1.6097244564069364
    ]
  },
  {
    "label_id": "tReFCtpyXZbI7c8Dvs-O-g",
    "size": [
      2.2968948008484658,
      4.865316304081679,
      1.770000000000004
    ],
    "obj_class": "vehicle",
    "point_num_in_lidar": 47,
    "speed": 3.518834498945195e-30,
    "if_vehicle": true,
    "motion_state": false,
    "pose": [
      [
        0.9968290811750805,
        -0.07881391669221564,
        0.010961270878757234,
        -32.144813404288115
      ],
      [
        0.0791342579854789,
        0.9963258331603322,
        -0.03275062427584592,
        43.12768149468684
      ],
      [
        -0.008339792367479311,
        0.03351418674237006,
        0.9994034456365782,
        1.619379031642716
      ],
      [
        0.0,
        0.0,
        0.0,
        1.0
      ]
    ],
    "location": [
      -32.144813404288115,
      43.12768149468684,
      1.619379031642716
    ],
    "rotation": [
      0.03352162998289338,
      0.008339889045568394,
      0.07921984521491465
    ]
  },
  {
    "label_id": "uek0tHD8C0uN8SyClf2LCw",
    "size": [
      0.4962723632769915,
      0.0968182875673449,
      0.5969548872180823
    ],
    "obj_class": "sign",
    "point_num_in_lidar": 25,
    "speed": 0.051822737600819395,
    "if_vehicle": false,
    "motion_state": false,
    "pose": [
      [
        0.9907183854887164,
        -0.13548775293491971,
        0.010961270878757234,
        -9.194403502490843
      ],
      [
        0.13577889735741278,
        0.9901977012909833,
        -0.03275062427584592,
        32.75296720350309
      ],
      [
        -0.0064165167370230135,
        0.0339349548798672,
        0.9994034456365782,
        4.922795455535937
      ],
      [
        0.0,
        0.0,
        0.0,
        1.0
      ]
    ],
    "location": [
      -9.194403502490843,
      32.75296720350309,
      4.922795455535937
    ],
    "rotation": [
      0.033942170403681214,
      0.006416560767641945,
      0.13620241956013698
    ]
  },
  {
    "label_id": "v0FEOUAnA4MWpgnxtYpEyQ",
    "size": [
      0.4369111103144841,
      0.09646011325269921,
      0.5200000000000031
    ],
    "obj_class": "sign",
    "point_num_in_lidar": 108,
    "speed": 0.023248762304435306,
    "if_vehicle": false,
    "motion_state": false,
    "pose": [
      [
        0.018900441157632966,
        0.9997612834395867,
        0.010961270878757234,
        8.874004853367978
      ],
      [
        -0.9992781491725187,
        0.019250381707587402,
        -0.03275062427584592,
        38.01056998927072
      ],
      [
        -0.03295381480788373,
        -0.010334357229301783,
        0.9994034456365782,
        3.932535914855743
      ],
      [
        0.0,
        0.0,
        0.0,
        1.0
      ]
    ],
    "location": [
      8.874004853367978,
      38.01056998927072,
      3.932535914855743
    ],
    "rotation": [
      -0.010340157380133887,
      0.03295978211178372,
      -1.5518844874600164
    ]
  },
  {
    "label_id": "wFMkUYbAaNEsNM4uQIEcrQ",
    "size": [
      2.0156157569784514,
      4.674700935570883,
      2.0100000000000042
    ],
    "obj_class": "vehicle",
    "point_num_in_lidar": 188,
    "speed": 0.013225681203311397,
    "if_vehicle": true,
    "motion_state": false,
    "pose": [
      [
        -0.14362819417905687,
        -0.9895710143176112,
        0.010961270878757234,
        17.220983452312666
      ],
      [
        0.9890479541231566,
        -0.143915048046897,
        -0.03275062427584592,
        8.477953927495719
      ],
      [
        0.03398656030935523,
        0.006137309514248046,
        0.9994034456365782,
        2.348935570593562
      ],
      [
        0.0,
        0.0,
        0.0,
        1.0
      ]
    ],
    "location": [
      17.220983452312666,
      8.477953927495719,
      2.348935570593562
    ],
    "rotation": [
      0.0061408957449969066,
      -0.03399310661421822,
      1.7150068750372385
    ]
  },
  {
    "label_id": "wzDW0bBrRBKQMSmNIPQ14Q",
    "size": [
      2.082302938630894,
      4.474294176516248,
      1.5900000000000043
    ],
    "obj_class": "vehicle",
    "point_num_in_lidar": 34,
    "speed": 0.0028886197748031407,
    "if_vehicle": true,
    "motion_state": false,
    "pose": [
      [
        -0.9878774045422681,
        0.1548485845448854,
        0.010961270878757234,
        18.49603858344023
      ],
      [
        -0.15512948426196876,
        -0.9873511228140462,
        -0.03275062427584592,
        0.16412298684281268
      ],
      [
        0.005751235297533758,
        -0.03405401800503901,
        0.9994034456365782,
        1.2294881697288957
      ],
      [
        0.0,
        0.0,
        0.0,
        1.0
      ]
    ],
    "location": [
      18.49603858344023,
      0.16412298684281268,
      1.2294881697288957
    ],
    "rotation": [
      -0.03406116691915809,
      -0.005751267003326919,
      -2.985831533515357
    ]
  },
  {
    "label_id": "yBd--n9qvMYP_1Fg13haag",
    "size": [
      1.881381667343311,
      4.012285060190761,
      1.7900000000000045
    ],
    "obj_class": "vehicle",
    "point_num_in_lidar": 191,
    "speed": 0.007822852129729142,
    "if_vehicle": true,
    "motion_state": false,
    "pose": [
      [
        0.9944096693758604,
        -0.10502028371945545,
        0.010961270878757234,
        17.8018900700703
      ],
      [
        0.10532727002542672,
        0.9938981652053359,
        -0.03275062427584592,
        2.653695015952735
      ],
      [
        -0.0074549071612768705,
        0.03372205819566567,
        0.9994034456365782,
        1.5932002669093377
      ],
      [
        0.0,
        0.0,
        0.0,
        1.0
      ]
    ],
    "location": [
      17.8018900700703,
      2.653695015952735,
      1.5932002669093377
    ],
    "rotation": [
      0.03372939042936758,
      0.007454976214877593,
      0.10552593923069471
    ]
  },
  {
    "label_id": "zO-P9ZE6DYp5qSRJJwfdTA",
    "size": [
      1.90956965155328,
      4.59872335147546,
      1.441329879502749
    ],
    "obj_class": "vehicle",
    "point_num_in_lidar": 690,
    "speed": 0.012345599576441733,
    "if_vehicle": true,
    "motion_state": false,
    "pose": [
      [
        0.07778660402788636,
        0.9969097726346811,
        0.010961270878757234,
        -7.102193704370109
      ],
      [
        -0.9964068550112175,
        0.0781074637675352,
        -0.03275062427584592,
        26.422096289326873
      ],
      [
        -0.033505574468486087,
        -0.00837432560101723,
        0.9994034456365782,
        2.037713146837607
      ],
      [
        0.0,
        0.0,
        0.0,
        1.0
      ]
    ],
    "location": [
      -7.102193704370109,
      26.422096289326873,
      2.037713146837607
    ],
    "rotation": [
      -0.008379128219054151,
      0.033511846661920835,
      -1.492887231561108
    ]
  }
]