[
  {
    "label_id": "472zhzURK8HtdFNUKxZWPQ",
    "size": [
      0.2576902984102498,
      0.14447754867912832,
      0.7231393673591384
    ],
    "obj_class": "sign",
    "point_num_in_lidar": 30,
    "speed": 0.0037600054999582222,
    "if_vehicle": false,
    "motion_state": false,
    "pose": [
      [
        -0.12097158424341418,
        -0.9925654616440972,
        -0.013404482715826593,
        -9.371467151922303
      ],
      [
        0.9926552801262406,
        -0.12094454381441797,
        -0.0028128560249769353,
        32.91463070653958
      ],
      [
        0.0011707446918357138,
        -0.01364630619481629,
        0.9999061994427797,
        4.184910295105612
      ],
      [
        0.0,
        0.0,
        0.0,
        1.0
      ]
    ],
    "location": [
      -9.371467151922303,
      32.91463070653958,
      4.184910295105612
    ],
    "rotation": [
      -0.01364673912296231,
      -0.0011707449592814074,
      1.6920650068735565
    ]
  },
  {
    "label_id": "5hdqv8nDe8SFqec4R_p10g",
    "size": [
      1.968468181569932,
      4.640479928340582,
      1.6592291756713298
    ],
    "obj_class": "vehicle",
    "point_num_in_lidar": 514,
    "speed": 0.027977275352483306,
    "if_vehicle": true,
    "motion_state": false,
    "pose": [
      [
        0.9979933585164112,
        -0.06188356971163709,
        -0.013404482715826593,
        -21.134414424406856
      ],
      [
        0.06185124922068585,
        0.9980814149210591,
        -0.0028128560249769353,
        51.45592663943148
      ],
      [
        0.013552834647207546,
        0.001978127630258887,
        0.9999061994427797,
        2.4779260110446324
      ],
      [
        0.0,
        0.0,
        0.0,
        1.0
      ]
    ],
    "location": [
      -21.134414424406856,
      51.45592663943148,
      2.4779260110446324
    ],
    "rotation": [
      0.001978310616288505,
      -0.01355324957742924,
      0.061896445464804696
    ]
  },
  {
    "label_id": "72Ruk2alY67J-_5Cp0_YSA",
    "size": [
      2.0211462441560166,
      4.7632808137299545,
      1.620000000000004
    ],
    "obj_class": "vehicle",
    "point_num_in_lidar": 53,
    "speed": 1.897149936107019e-14,
    "if_vehicle": true,
    "motion_state": false,
    "pose": [
      [
        0.12956643831896733,
        0.9914801349015816,
        -0.013404482715826593,
        22.824830465365906
      ],
      [
        -0.9915701842857286,
        0.12954017707471685,
        -0.0028128560249769353,
        9.885208739328846
      ],
      [
        -0.0010524718064996996,
        0.013655937133447349,
        0.9999061994427797,
        2.5629893009551794
      ],
      [
        0.0,
        0.0,
        0.0,
        1.0
      ]
    ],
    "location": [
      22.824830465365906,
      9.885208739328846,
      2.5629893009551794
    ],
    "rotation": [
      0.013656369170139373,
      0.00105247200080309,
      -1.4408645345784241
    ]
  },
  {
    "label_id": "B5B-kmXqho_2g4pBQn0dGw",
    "size": [
      1.8456881976468014,
      4.161034296729285,
      1.9076343825277733
    ],
    "obj_class": "vehicle",
    "point_num_in_lidar": 77,
    "speed": 0.013761253986011504,
    "if_vehicle": true,
    "motion_state": false,
    "pose": [
      [
        0.15896025328944902,
        0.9871939818076666,
        -0.013404482715826593,
        20.309909697230204
      ],
      [
        -0.9872847715219897,
        0.15893667846584503,
        -0.0028128560249769353,
        8.825384074625504
      ],
      [
        -0.0006463705801423568,
        0.013681173961662406,
        0.9999061994427797,
        2.3770062344327134
      ],
      [
        0.0,
        0.0,
        0.0,
        1.0
      ]
    ],
    "location": [
      20.309909697230204,
      8.825384074625504,
      2.3770062344327134
    ],
    "rotation": [
      0.013681603650376057,
      0.0006463706251507569,
      -1.4111588670753668
    ]
  },
  {
    "label_id": "B68oxBoB8uF9mptLVH6A2w",
    "size": [
      0.6519910263142873,
      0.5549595701117328,
      1.6700000000000044
    ],
    "obj_class": "pedestrian",
    "point_num_in_lidar": 48,
    "speed": 0.11497802158261283,
    "if_vehicle": false,
    "motion_state": false,
    "pose": [
      [
        -0.05236958692899433,
        -0.9985378040955724,
        -0.013404482715826593,
        7.333034570228776
      ],
      [
        0.9986255484773454,
        -0.05233642870223085,
        -0.0028128560249769353,
        54.4285171173575
      ],
      [
        0.002107200324470325,
        -0.013533367012266205,
        0.9999061994427797,
        3.0468534537648457
      ],
      [
        0.0,
        0.0,
        0.0,
        1.0
      ]
    ],
    "location": [
      7.333034570228776,
      54.4285171173575,
      3.0468534537648457
    ],
    "rotation": [
      -0.013533810205818944,
      -0.002107201883904655,
      1.6231899976517539
    ]
  },
  {
    "label_id": "IM_cxNqgzXM4-kkGVbsqdQ",
    "size": [
      2.096093803103839,
      4.466935406550652,
      1.770000000000004
    ],
    "obj_class": "vehicle",
    "point_num_in_lidar": 729,
    "speed": 6.240046664394929,
    "if_vehicle": true,
    "motion_state": true,
    "pose": [
      [
        -0.9760290919710037,
        0.2172269123966435,
        -0.013404482715826593,
        -18.31037211883502
      ],
      [
        -0.21720876343614817,
        -0.9761211200089476,
        -0.0028128560249769353,
        55.474882738116094
      ],
      [
        -0.013695426711035269,
        0.0001661418033025109,
        0.9999061994427797,
        2.9303091982612477
      ],
      [
        0.0,
        0.0,
        0.0,
        1.0
      ]
    ],
    "location": [
      -18.31037211883502,
      55.474882738116094,
      2.9303091982612477
    ],
    "rotation": [
      0.00016615738742907502,
      0.013695854876971503,
      -2.922617732555332
    ]
  },
  {
    "label_id": "ITXh4FH9PzsxvarppaZn8g",
    "size": [
      0.6186129950284591,
      0.1335933882509024,
      0.7150064582950781
    ],
    "obj_class": "sign",
    "point_num_in_lidar": 124,
    "speed": 0.009141917753585914,
    "if_vehicle": false,
    "motion_state": false,
    "pose": [
      [
        -0.9929829453520826,
        0.1174954896284277,
        -0.013404482715826593,
        8.004030447532884
      ],
      [
        -0.11746813487616681,
        -0.9930726686047187,
        -0.0028128560249769353,
        46.919749375036986
      ],
      [
        -0.013642123317780681,
        -0.001218518476924983,
        0.9999061994427797,
        4.771615700844615
      ],
      [
        0.0,
        0.0,
        0.0,
        1.0
      ]
    ],
    "location": [
      8.004030447532884,
      46.919749375036986,
      4.771615700844615
    ],
    "rotation": [
      -0.00121863218210985,
      0.013642546503532058,
      -3.02384166622003
    ]
  },
  {
    "label_id": "JpYKZOtPQGQOgSSfNX418Q",
    "size": [
      0.8302540052371437,
      0.8450825172515409,
      1.7800000000000042
    ],
    "obj_class": "pedestrian",
    "point_num_in_lidar": 583,
    "speed": 0.023867812172044443,
    "if_vehicle": false,
    "motion_state": false,
    "pose": [
      [
        0.9959714088783523,
        -0.08866381753562717,
        -0.013404482715826593,
        4.759388466500994
      ],
      [
        0.08863387358602355,
        0.9960603015350625,
        -0.0028128560249769353,
        55.239706569207556
      ],
      [
        0.013601071649200314,
        0.0016134329516476276,
        0.9999061994427797,
        2.9886286938534585
      ],
      [
        0.0,
        0.0,
        0.0,
        1.0
      ]
    ],
    "location": [
      4.759388466500994,
      55.239706569207556,
      2.9886286938534585
    ],
    "rotation": [
      0.0016135829063516631,
      -0.013601491025892908,
      0.08875856821289481
    ]
  },
  {
    "label_id": "M7IQ7CTV9NZWHJJ7Vipieg",
    "size": [
      0.7752268853971314,
      0.19134235695333313,
      0.7915074656586774
    ],
    "obj_class": "sign",
    "point_num_in_lidar": 813,
    "speed": 0.019847213615314753,
    "if_vehicle": false,
    "motion_state": false,
    "pose": [
      [
        -0.9080983996095742,
        0.41854225171379217,
        -0.013404482715826593,
        7.31512083433897
      ],
      [
        -0.41854395651997217,
        -0.9081921846732609,
        -0.0028128560249769353,
        62.08181768754662
      ],
      [
        -0.013351145536542073,
        0.003056015176371941,
        0.9999061994427797,
        4.770110550656145
      ],
      [
        0.0,
        0.0,
        0.0,
        1.0
      ]
    ],
    "location": [
      7.31512083433897,
      62.08181768754662,
      4.770110550656145
    ],
    "rotation": [
      0.0030562923429567797,
      0.013351542215513513,
      -2.709710072002267
    ]
  },
  {
    "label_id": "NH-RHotJ5MtxTQqK8sfJdg",
    "size": [
      1.0231874235192349,
      1.0643236162461247,
      1.7826290879829094
    ],
    "obj_class": "pedestrian",
    "point_num_in_lidar": 247,
    "speed": 1.879524181218183,
    "if_vehicle": false,
    "motion_state": true,
    "pose": [
      [
        -0.310078321149283,
        -0.9506165128990571,
        -0.013404482715826593,
        8.902977368428807
      ],
      [
        0.950709859703062,
        -0.31006910601407384,
        -0.0028128560249769353,
        61.37146382584376
      ],
      [
        -0.00148236858652678,
        -0.013615979556015114,
        0.9999061994427797,
        3.177566136087593
      ],
      [
        0.0,
        0.0,
        0.0,
        1.0
      ]
    ],
    "location": [
      8.902977368428807,
      61.37146382584376,
      3.177566136087593
    ],
    "rotation": [
      -0.013616415274713451,
      0.0014823691294242132,
      1.8860720981353796
    ]
  },
  {
    "label_id": "U0Baavqmz4D7q9SZ3qExwA",
    "size": [
      0.6095680278108514,
      0.07759806835408467,
      0.8100000000000032
    ],
    "obj_class": "sign",
    "point_num_in_lidar": 33,
    "speed": 4.440892098500626e-15,
    "if_vehicle": false,
    "motion_state": false,
    "pose": [
      [
        0.9906888924280268,
        -0.13548371954906857,
        -0.013404482715826593,
        -9.177884388598088
      ],
      [
        0.13545799640895034,
        0.9907790969988496,
        -0.0028128560249769353,
        32.71503274327961
      ],
      [
        0.013661977477743241,
        0.0009709208483596264,
        0.9999061994427797,
        4.207469193783432
      ],
      [
        0.0,
        0.0,
        0.0,
        1.0
      ]
    ],
    "location": [
      -9.177884388598088,
      32.71503274327961,
      4.207469193783432
    ],
    "rotation": [
      0.0009710116246424319,
      -0.013662402513947689,
      0.13588846585717412
    ]
  },
  {
    "label_id": "Z3bJL-eNNXFM_LalVkc8mw",
    "size": [
      2.15675692698413,
      4.819571506707183,
      1.5762064264043985
    ],
    "obj_class": "vehicle",
    "point_num_in_lidar": 325,
    "speed": 1.0658141036401503e-13,
    "if_vehicle": true,
    "motion_state": false,
    "pose": [
      [
        0.9945755713327418,
        -0.1031491771720529,
        -0.013404482715826593,
        -25.497154581145466
      ],
      [
        0.10312053008224284,
        0.994664890360839,
        -0.0028128560249769353,
        43.53330057202936
      ],
      [
        0.013623112115361245,
        0.0014153205249838794,
        0.9999061994427797,
        1.8730811611394476
      ],
      [
        0.0,
        0.0,
        0.0,
        1.0
      ]
    ],
    "location": [
      -25.497154581145466,
      43.53330057202936,
      1.8730811611394476
    ],
    "rotation": [
      0.0014154523500021518,
      -0.013623533534266557,
      0.10331379313859304
    ]
  },
  {
    "label_id": "Z5OZAUTb34FY2vz4RawbPg",
    "size": [
      1.8448350692434725,
      3.7343130673035665,
      1.7200000000000042
    ],
    "obj_class": "vehicle",
    "point_num_in_lidar": 22,
    "speed": 0.010856994076073281,
    "if_vehicle": true,
    "motion_state": false,
    "pose": [
      [
        -0.0415756779260748,
        -0.9990454358276747,
        -0.013404482715826593,
        10.006179331500022
      ],
      [
        0.999132816756309,
        -0.041541573412504904,
        -0.0028128560249769353,
        -12.195779041872129
      ],
      [
        0.0022533276705974186,
        -0.013509804969171944,
        0.9999061994427797,
        0.5507842610677054
      ],
      [
        0.0,
        0.0,
        0.0,
        1.0
      ]
    ],
    "location": [
      10.006179331500022,
      -12.195779041872129,
      0.5507842610677054
    ],
    "rotation": [
      -0.0135102502607361,
      -0.0022533295774749052,
      1.612384097205108
    ]
  },
  {
    "label_id": "bKRJ8-zMfp6HhSzdwwk84A",
    "size": [
      2.133223537123391,
      5.12838055531279,
      1.9579890078509767
    ],
    "obj_class": "vehicle",
    "point_num_in_lidar": 30,
    "speed": 2.0594387202055295,
    "if_vehicle": true,
    "motion_state": true,
    "pose": [
      [
        -0.06114732438946694,
        -0.9980387390092282,
        -0.013404482715826593,
        3.639050194271505
      ],
      [
        0.9981267715468048,
        -0.06111493894732571,
        -0.0028128560249769353,
        2.4474773285373885
      ],
      [
        0.001988125137384265,
        -0.013551371677223076,
        0.9999061994427797,
        2.420710713704421
      ],
      [
        0.0,
        0.0,
        0.0,
        1.0
      ]
    ],
    "location": [
      3.639050194271505,
      2.4474773285373885,
      2.420710713704421
    ],
    "rotation": [
      -0.0135518132574784,
      -0.0019881264471109357,
      1.6319819414406387
    ]
  },
  {
    "label_id": "bTdc7atlOXMKYWvvmPKLSg",
    "size": [
      1.9039549406769822,
      4.309394262143698,
      1.7600000000000042
    ],
    "obj_class": "vehicle",
    "point_num_in_lidar": 336,
    "speed": 1.7769118642034838e-13,
    "if_vehicle": true,
    "motion_state": false,
    "pose": [
      [
        -0.9935406705197238,
        0.11268210091375934,
        -0.013404482715826593,
        -25.881011412212317
      ],
      [
        -0.1126543116825749,
        -0.9936302601573224,
        -0.0028128560249769353,
        58.514888880983676
      ],
      [
        -0.013636058174663436,
        -0.0012846140873186117,
        0.9999061994427797,
        2.166603291829424
      ],
      [
        0.0,
        0.0,
        0.0,
        1.0
      ]
    ],
    "location": [
      -25.881011412212317,
      58.514888880983676,
      2.166603291829424
    ],
    "rotation": [
      -0.0012847338893037523,
      0.013636480796202577,
      -3.0286881460229838
    ]
  },
  {
    "label_id": "chI0ixZCYxKYW00RUnzfZw",
    "size": [
      2.190259994116225,
      5.086278539715913,
      1.516788657810279
    ],
    "obj_class": "vehicle",
    "point_num_in_lidar": 278,
    "speed": 0.007903077431359793,
    "if_vehicle": true,
    "motion_state": false,
    "pose": [
      [
        -0.07803572411592362,
        -0.9968604443977225,
        -0.013404482715826593,
        6.921478264865399
      ],
      [
        0.996949012615165,
        -0.0780048337388802,
        -0.0028128560249769353,
        38.80684335839658
      ],
      [
        0.0017584104614815712,
        -0.013583089064903282,
        0.9999061994427797,
        2.605476297560212
      ],
      [
        0.0,
        0.0,
        0.0,
        1.0
      ]
    ],
    "location": [
      6.921478264865399,
      38.80684335839658,
      2.605476297560212
    ],
    "rotation": [
      -0.013583527781764132,
      -0.001758411367652511,
      1.6489115904705538
    ]
  },
  {
    "label_id": "hBnUyUpsrVdakvbPwD61Mg",
    "size": [
      2.1218994851560082,
      4.719133328876525,
      1.7132819752882174
    ],
    "obj_class": "vehicle",
    "point_num_in_lidar": 61,
    "speed": 4.777688827783449,
    "if_vehicle": true,
    "motion_state": true,
    "pose": [
      [
        -0.028146580627112477,
        -0.9995139267874774,
        -0.013404482715826593,
        3.2424645298468135
      ],
      [
        0.9996008415236606,
        -0.028111304953213095,
        -0.0028128560249769353,
        15.948129604176074
      ],
      [
        0.002434671269647835,
        -0.013478304481829097,
        0.9999061994427797,
        2.367823890796273
      ],
      [
        0.0,
        0.0,
        0.0,
        1.0
      ]
    ],
    "location": [
      3.2424645298468135,
      15.948129604176074,
      2.367823890796273
    ],
    "rotation": [
      -0.013478752554833452,
      -0.00243467367495697,
      1.5989467086297646
    ]
  },
  {
    "label_id": "k5Ip01qDY2VUXAlx7LMOLA",
    "size": [
      2.1967840381490498,
      4.739418308262884,
      1.8418654036583062
    ],
    "obj_class": "vehicle",
    "point_num_in_lidar": 197,
    "speed": 0.026820072158491463,
    "if_vehicle": true,
    "motion_state": false,
    "pose": [
      [
        -0.07209075838237376,
        -0.9973079977614615,
        -0.013404482715826593,
        7.334417069614673
      ],
      [
        0.9973963802270125,
        -0.07205934048432223,
        -0.0028128560249769353,
        33.7143359951059
      ],
      [
        0.001839365626225049,
        -0.013572363463642014,
        0.9999061994427797,
        2.5189545184776274
      ],
      [
        0.0,
        0.0,
        0.0,
        1.0
      ]
    ],
    "location": [
      7.334417069614673,
      33.7143359951059,
      2.5189545184776274
    ],
    "rotation": [
      -0.01357280315184758,
      -0.0018393666634037968,
      1.6429497974783376
    ]
  },
  {
    "label_id": "tReFCtpyXZbI7c8Dvs-O-g",
    "size": [
      2.296894800848464,
      4.865316304081679,
      1.770000000000004
    ],
    "obj_class": "vehicle",
    "point_num_in_lidar": 135,
    "speed": 8.884559321017419e-14,
    "if_vehicle": true,
    "motion_state": false,
    "pose": [
      [
        0.9967994062027032,
        -0.07881157045167447,
        -0.013404482715826593,
        -32.144813404288115
      ],
      [
        0.0787807490178293,
        0.9968879984357182,
        -0.0028128560249769353,
        43.12768149468661
      ],
      [
        0.01358445354542944,
        0.0017478380268813392,
        0.9999061994427797,
        1.6193790316427172
      ],
      [
        0.0,
        0.0,
        0.0,
        1.0
      ]
    ],
    "location": [
      -32.144813404288115,
      43.12768149468661,
      1.6193790316427172
    ],
    "rotation": [
      0.0017480002100989163,
      -0.013584871386702098,
      0.07886976101833458
    ]
  },
  {
    "label_id": "uek0tHD8C0uN8SyClf2LCw",
    "size": [
      0.49627236327699525,
      0.0968182875673449,
      0.5969548872180823
    ],
    "obj_class": "sign",
    "point_num_in_lidar": 20,
    "speed": 0.015482095070740129,
    "if_vehicle": false,
    "motion_state": false,
    "pose": [
      [
        0.990688892427892,
        -0.1354837195500541,
        -0.013404482715826593,
        -9.196296455695276
      ],
      [
        0.13545799640993592,
        0.9907790969987147,
        -0.0028128560249769353,
        32.765046593300895
      ],
      [
        0.013661977477744208,
        0.0009709208483460357,
        0.9999061994427797,
        4.934649644911312
      ],
      [
        0.0,
        0.0,
        0.0,
        1.0
      ]
    ],
    "location": [
      -9.196296455695276,
      32.765046593300895,
      4.934649644911312
    ],
    "rotation": [
      0.00097101162462884,
      -0.013662402513948655,
      0.13588846585816897
    ]
  },
  {
    "label_id": "wFMkUYbAaNEsNM4uQIEcrQ",
    "size": [
      2.015615756978457,
      4.674700935570883,
      2.0100000000000042
    ],
    "obj_class": "vehicle",
    "point_num_in_lidar": 34,
    "speed": 0.013225681424508789,
    "if_vehicle": true,
    "motion_state": false,
    "pose": [
      [
        -0.14362391845840516,
        -0.9895415554133007,
        -0.013404482715826593,
        17.249516104552768
      ],
      [
        0.9896319684139534,
        -0.14359893778892202,
        -0.0028128560249769353,
        8.491855102692966
      ],
      [
        0.0008585684465066865,
        -0.013669498020000809,
        0.9999061994427797,
        2.4343050590045934
      ],
      [
        0.0,
        0.0,
        0.0,
        1.0
      ]
    ],
    "location": [
      17.249516104552768,
      8.491855102692966,
      2.4343050590045934
    ],
    "rotation": [
      -0.013669928797182181,
      -0.0008585685519875471,
      1.7149187142625624
    ]
  },
  {
    "label_id": "wlmF3TF9DxECjoBmVy78JA",
    "size": [
      2.0983179634358518,
      4.960771741545302,
      1.5700000000000038
    ],
    "obj_class": "vehicle",
    "point_num_in_lidar": 2257,
    "speed": 4.076197102228689e-14,
    "if_vehicle": true,
    "motion_state": false,
    "pose": [
      [
        -0.036372295589983436,
        -0.9992484055311952,
        -0.013404482715826593,
        6.114010209600849
      ],
      [
        0.9993356076657544,
        -0.03633773647739091,
        -0.0028128560249769353,
        55.551106408745454
      ],
      [
        0.00232365333740357,
        -0.013497886911058197,
        0.9999061994427797,
        2.9305248006184925
      ],
      [
        0.0,
        0.0,
        0.0,
        1.0
      ]
    ],
    "location": [
      6.114010209600849,
      55.551106408745454,
      2.9305248006184925
    ],
    "rotation": [
      -0.013498333258116236,
      -0.0023236554284506695,
      1.6071767451730758
    ]
  },
  {
    "label_id": "yBd--n9qvMYP_1Fg13haag",
    "size": [
      1.8813816673433106,
      4.012285060190761,
      1.7900000000000045
    ],
    "obj_class": "vehicle",
    "point_num_in_lidar": 51,
    "speed": 0.049899504160137165,
    "if_vehicle": true,
    "motion_state": false,
    "pose": [
      [
        0.9943800664278446,
        -0.10501715733191648,
        -0.013404482715826593,
        17.817876908666157
      ],
      [
        0.10498867806513816,
        0.9944694391076668,
        -0.0028128560249769353,
        2.6438535698691794
      ],
      [
        0.01362574655166352,
        0.0013897290404869,
        0.9999061994427797,
        1.5932002669093395
      ],
      [
        0.0,
        0.0,
        0.0,
        1.0
      ]
    ],
    "location": [
      17.817876908666157,
      2.6438535698691794,
      1.5932002669093395
    ],
    "rotation": [
      0.001389858515140333,
      -0.013626168215111596,
      0.1051923178613721
    ]
  },
  {
    "label_id": "zO-P9ZE6DYp5qSRJJwfdTA",
    "size": [
      1.909569651553279,
      4.59872335147546,
      1.441329879502749
    ],
    "obj_class": "vehicle",
    "point_num_in_lidar": 164,
    "speed": 0.01234559978305992,
    "if_vehicle": true,
    "motion_state": false,
    "pose": [
      [
        0.07778428836979237,
        0.9968800952601702,
        -0.013404482715826593,
        -7.104539876649099
      ],
      [
        -0.9969686556834659,
        0.07775337565460061,
        -0.0028128560249769353,
        26.45163008970553
      ],
      [
        -0.0017618364020728844,
        0.013582645117519408,
        0.9999061994427797,
        2.0377131468376093
      ],
      [
        0.0,
        0.0,
        0.0,
        1.0
      ]
    ],
    "location": [
      -7.104539876649099,
      26.45163008970553,
      2.0377131468376093
    ],
    "rotation": [
      0.01358308387464753,
      0.0017618373135506792,
      -1.4929332653831455
    ]
  }
]