[
  {
    "label_id": "472zhzURK8HtdFNUKxZWPQ",
    "size": [
      0.25769029841050173,
      0.14447754867912832,
      0.7231393673591384
    ],
    "obj_class": "sign",
    "point_num_in_lidar": 24,
    "speed": 0.003760005500155734,
    "if_vehicle": false,
    "motion_state": false,
    "pose": [
      [
        -0.12386787017955492,
        -0.9921061060752283,
        -0.019550576089435077,
        -9.373814829557361
      ],
      [
        0.9922803228225929,
        -0.12372155519504059,
        -0.008528641111641266,
        32.91975833274057
      ],
      [
        0.006042489244639642,
        -0.0204560765634171,
        0.9997724927479051,
        4.179603131847951
      ],
      [
        0.0,
        0.0,
        0.0,
        1.0
      ]
    ],
    "location": [
      -9.373814829557361,
      32.91975833274057,
      4.179603131847951
    ],
    "rotation": [
      -0.020457877007851965,
      -0.006042526015478995,
      1.694985439047968
    ]
  },
  {
    "label_id": "5hdqv8nDe8SFqec4R_p10g",
    "size": [
      1.9684681815699314,
      4.640479928340582,
      1.6592291756713298
    ],
    "obj_class": "vehicle",
    "point_num_in_lidar": 215,
    "speed": 0.027977275352413504,
    "if_vehicle": true,
    "motion_state": false,
    "pose": [
      [
        0.9978922660160865,
        -0.061877301168127,
        -0.019550576089435077,
        -21.126571486267707
      ],
      [
        0.061720426321140616,
        0.9980570380772461,
        -0.008528641111641266,
        51.49714943378331
      ],
      [
        0.020040319359145298,
        0.007303995113869828,
        0.9997724927479051,
        2.4667360642301785
      ],
      [
        0.0,
        0.0,
        0.0,
        1.0
      ]
    ],
    "location": [
      -21.126571486267707,
      51.49714943378331,
      2.4667360642301785
    ],
    "rotation": [
      0.007305527233987685,
      -0.020041661015104798,
      0.0617721013873856
    ]
  },
  {
    "label_id": "72Ruk2alY67J-_5Cp0_YSA",
    "size": [
      2.0211462441560104,
      4.7632808137299545,
      1.620000000000004
    ],
    "obj_class": "vehicle",
    "point_num_in_lidar": 55,
    "speed": 1.897149936107019e-14,
    "if_vehicle": true,
    "motion_state": false,
    "pose": [
      [
        0.12955331378752816,
        0.9913797021632232,
        -0.019550576089435077,
        22.824830465365906
      ],
      [
        -0.9915547548324997,
        0.12940799994532806,
        -0.008528641111641266,
        9.885208739328846
      ],
      [
        -0.0059251207356031945,
        0.020490380399311604,
        0.9997724927479051,
        2.5629893009551767
      ],
      [
        0.0,
        0.0,
        0.0,
        1.0
      ]
    ],
    "location": [
      22.824830465365906,
      9.885208739328846,
      2.5629893009551767
    ],
    "rotation": [
      0.020492174267544884,
      0.0059251554050748926,
      -1.4408755495326355
    ]
  },
  {
    "label_id": "B5B-kmXqho_2g4pBQn0dGw",
    "size": [
      1.8456881976468047,
      4.161034296729285,
      1.9076343825277733
    ],
    "obj_class": "vehicle",
    "point_num_in_lidar": 43,
    "speed": 0.013761253986097392,
    "if_vehicle": true,
    "motion_state": false,
    "pose": [
      [
        0.15894415128905248,
        0.9870939832384624,
        -0.019550576089435077,
        20.31405893479996
      ],
      [
        -0.9872732750749135,
        0.158804101343898,
        -0.008528641111641266,
        8.805165352975223
      ],
      [
        -0.005313858659863051,
        0.020657338908556606,
        0.9997724927479051,
        2.377006234432712
      ],
      [
        0.0,
        0.0,
        0.0,
        1.0
      ]
    ],
    "location": [
      20.31405893479996,
      8.805165352975223,
      2.377006234432712
    ],
    "rotation": [
      0.020659100080181226,
      0.005313883668168445,
      -1.4111729370585988
    ]
  },
  {
    "label_id": "B68oxBoB8uF9mptLVH6A2w",
    "size": [
      0.651991026314462,
      0.5549595701117328,
      1.6700000000000044
    ],
    "obj_class": "pedestrian",
    "point_num_in_lidar": 33,
    "speed": 0.3028923568260555,
    "if_vehicle": false,
    "motion_state": false,
    "pose": [
      [
        -0.9784133079021144,
        -0.20573082874137583,
        -0.019550576089435077,
        7.536261156789934
      ],
      [
        0.20592587399353648,
        -0.9785304270694841,
        -0.008528641111641266,
        54.518282069334646
      ],
      [
        -0.017376229166313623,
        -0.012370505430244955,
        0.9997724927479051,
        3.038718457628359
      ],
      [
        0.0,
        0.0,
        0.0,
        1.0
      ]
    ],
    "location": [
      7.536261156789934,
      54.518282069334646,
      3.038718457628359
    ],
    "rotation": [
      -0.012372689060472262,
      0.01737710369562605,
      2.934151111917716
    ]
  },
  {
    "label_id": "IM_cxNqgzXM4-kkGVbsqdQ",
    "size": [
      2.0960938031039027,
      4.466935406550652,
      1.770000000000004
    ],
    "obj_class": "vehicle",
    "point_num_in_lidar": 1728,
    "speed": 4.23710724527592,
    "if_vehicle": true,
    "motion_state": true,
    "pose": [
      [
        -0.6864621151403383,
        0.726902702878194,
        -0.019550576089435077,
        -11.30500650611775
      ],
      [
        -0.7269007062946248,
        -0.6866896136313438,
        -0.008528641111641266,
        58.33429859798173
      ],
      [
        -0.019624669817054484,
        0.00835673855110705,
        0.9997724927479051,
        3.044675783065979
      ],
      [
        0.0,
        0.0,
        0.0,
        1.0
      ]
    ],
    "location": [
      -11.30500650611775,
      58.33429859798173,
      3.044675783065979
    ],
    "rotation": [
      0.00835844554653226,
      0.019625929702626162,
      -2.327590679985293
    ]
  },
  {
    "label_id": "ITXh4FH9PzsxvarppaZn8g",
    "size": [
      0.6186129950284578,
      0.1335933882509024,
      0.7150064582950781
    ],
    "obj_class": "sign",
    "point_num_in_lidar": 53,
    "speed": 0.004674357536548573,
    "if_vehicle": false,
    "motion_state": false,
    "pose": [
      [
        -0.9928823603853932,
        0.11748358783294495,
        -0.019550576089435077,
        8.001316110839014
      ],
      [
        -0.11733615522677376,
        -0.993055632357718,
        -0.008528641111641266,
        46.91328520946149
      ],
      [
        -0.020416785058586805,
        -0.006173947887003481,
        0.9997724927479051,
        4.783440429437157
      ],
      [
        0.0,
        0.0,
        0.0,
        1.0
      ]
    ],
    "location": [
      8.001316110839014,
      46.91328520946149,
      4.783440429437157
    ],
    "rotation": [
      -0.006175274327360749,
      0.02041820376423366,
      -3.023960940191932
    ]
  },
  {
    "label_id": "JAwyZSvzk47A6U7hkunwfQ",
    "size": [
      1.9450720312090206,
      4.501433535322379,
      1.5240725904478127
    ],
    "obj_class": "vehicle",
    "point_num_in_lidar": 104,
    "speed": 5.347542221830668e-14,
    "if_vehicle": true,
    "motion_state": false,
    "pose": [
      [
        0.9985591941132939,
        -0.04997310102825435,
        -0.019550576089435077,
        -43.84712239253845
      ],
      [
        0.04981427243967119,
        0.9987220837360586,
        -0.008528641111641266,
        42.501764941681586
      ],
      [
        0.019951794734186738,
        0.007542455271650371,
        0.9997724927479051,
        0.3719354960855652
      ],
      [
        0.0,
        0.0,
        0.0,
        1.0
      ]
    ],
    "location": [
      -43.84712239253845,
      42.501764941681586,
      0.3719354960855652
    ],
    "rotation": [
      0.00754402850597736,
      -0.01995311868686351,
      0.04984482769239073
    ]
  },
  {
    "label_id": "JpYKZOtPQGQOgSSfNX418Q",
    "size": [
      0.8302540052371448,
      0.8450825172515409,
      1.7800000000000042
    ],
    "obj_class": "pedestrian",
    "point_num_in_lidar": 308,
    "speed": 0.02990059671343684,
    "if_vehicle": false,
    "motion_state": false,
    "pose": [
      [
        0.995870521192962,
        -0.08865483626643914,
        -0.019550576089435077,
        4.768174070315553
      ],
      [
        0.08850244319852912,
        0.996039446924006,
        -0.008528641111641266,
        55.28368457316958
      ],
      [
        0.020229250276494387,
        0.006763148519064163,
        0.9997724927479051,
        2.9627687910743172
      ],
      [
        0.0,
        0.0,
        0.0,
        1.0
      ]
    ],
    "location": [
      4.768174070315553,
      55.28368457316958,
      2.9627687910743172
    ],
    "rotation": [
      0.006764584351086495,
      -0.02023063024158387,
      0.08863657312452088
    ]
  },
  {
    "label_id": "M7IQ7CTV9NZWHJJ7Vipieg",
    "size": [
      0.7752268853971306,
      0.19134235695333313,
      0.7915074656586774
    ],
    "obj_class": "sign",
    "point_num_in_lidar": 561,
    "speed": 0.030786439143541556,
    "if_vehicle": false,
    "motion_state": false,
    "pose": [
      [
        -0.9080064130878481,
        0.4184998551563801,
        -0.019550576089435077,
        7.313299480166364
      ],
      [
        -0.4184131705386937,
        -0.9082167588194718,
        -0.008528641111641266,
        62.09558309501665
      ],
      [
        -0.02132539591890281,
        0.00043615770314356047,
        0.9997724927479051,
        4.770110550656145
      ],
      [
        0.0,
        0.0,
        0.0,
        1.0
      ]
    ],
    "location": [
      7.313299480166364,
      62.09558309501665,
      4.770110550656145
    ],
    "rotation": [
      0.0004362569270883892,
      0.02132701261708682,
      -2.7097903635539655
    ]
  },
  {
    "label_id": "NH-RHotJ5MtxTQqK8sfJdg",
    "size": [
      1.0231874235191238,
      1.0643236162461247,
      1.7826290879829094
    ],
    "obj_class": "pedestrian",
    "point_num_in_lidar": 215,
    "speed": 2.3207998630684927,
    "if_vehicle": false,
    "motion_state": true,
    "pose": [
      [
        -0.24033474642112448,
        -0.9704931656829248,
        -0.019550576089435077,
        9.741949465451086
      ],
      [
        0.9706834643403095,
        -0.24021006293884498,
        -0.008528641111641266,
        58.17275198194909
      ],
      [
        0.0035807427984763953,
        -0.02102714972722474,
        0.9997724927479051,
        3.0442345951296295
      ],
      [
        0.0,
        0.0,
        0.0,
        1.0
      ]
    ],
    "location": [
      9.741949465451086,
      58.17275198194909,
      3.0442345951296295
    ],
    "rotation": [
      -0.021028834363066375,
      -0.003580750450400201,
      1.8135086044806066
    ]
  },
  {
    "label_id": "U0Baavqmz4D7q9SZ3qExwA",
    "size": [
      0.609568027810848,
      0.07759806835408467,
      0.8100000000000032
    ],
    "obj_class": "sign",
    "point_num_in_lidar": 22,
    "speed": 4.440892098500626e-15,
    "if_vehicle": false,
    "motion_state": false,
    "pose": [
      [
        0.9905885398391885,
        -0.13546999562204035,
        -0.019550576089435077,
        -9.177884388598102
      ],
      [
        0.13532572951443445,
        0.9907644569786378,
        -0.008528641111641266,
        32.71503274327961
      ],
      [
        0.02052539087692468,
        0.0058026781738629366,
        0.9997724927479051,
        4.207469193783432
      ],
      [
        0.0,
        0.0,
        0.0,
        1.0
      ]
    ],
    "location": [
      -9.177884388598102,
      32.71503274327961,
      4.207469193783432
    ],
    "rotation": [
      0.005803933455018774,
      -0.02052683234625251,
      0.1357709883637709
    ]
  },
  {
    "label_id": "X0g9BnZDy5pi1LCa55aU2Q",
    "size": [
      2.032024433935466,
      4.776789011447604,
      1.5300000000000038
    ],
    "obj_class": "vehicle",
    "point_num_in_lidar": 3353,
    "speed": 1.790180836524724e-14,
    "if_vehicle": true,
    "motion_state": false,
    "pose": [
      [
        -0.024717984486387484,
        -0.9995032747407593,
        -0.019550576089435077,
        5.340527149414484
      ],
      [
        0.9996620978409819,
        -0.024555089512273986,
        -0.008528641111641266,
        68.06034143315469
      ],
      [
        0.008044338574281515,
        -0.019754780726251923,
        0.9997724927479051,
        3.0029805900023088
      ],
      [
        0.0,
        0.0,
        0.0,
        1.0
      ]
    ],
    "location": [
      5.340527149414484,
      68.06034143315469,
      3.0029805900023088
    ],
    "rotation": [
      -0.019756705175675567,
      -0.00804442533685395,
      1.5955176290515598
    ]
  },
  {
    "label_id": "Ygn2cF0KMyaQFCzjmyyP5Q",
    "size": [
      0.45348595465157926,
      0.06006719629775599,
      0.5500000000000034
    ],
    "obj_class": "sign",
    "point_num_in_lidar": 22,
    "speed": 0.0202450883661295,
    "if_vehicle": false,
    "motion_state": false,
    "pose": [
      [
        0.016914624614865405,
        -0.9996657793726408,
        -0.019550576089435077,
        -11.198066249109516
      ],
      [
        0.9998176831556105,
        0.017083990462884526,
        -0.008528641111641266,
        65.66562706740774
      ],
      [
        0.00885979251931422,
        -0.019402752927218134,
        0.9997724927479051,
        4.774961338326155
      ],
      [
        0.0,
        0.0,
        0.0,
        1.0
      ]
    ],
    "location": [
      -11.198066249109516,
      65.66562706740774,
      4.774961338326155
    ],
    "rotation": [
      -0.01940473225569687,
      -0.008859908433007987,
      1.5538802315191065
    ]
  },
  {
    "label_id": "Z3bJL-eNNXFM_LalVkc8mw",
    "size": [
      2.1567569269841256,
      4.819571506707183,
      1.5762064264043985
    ],
    "obj_class": "vehicle",
    "point_num_in_lidar": 182,
    "speed": 1.0658141036401503e-13,
    "if_vehicle": true,
    "motion_state": false,
    "pose": [
      [
        0.994474825039783,
        -0.10313872859728308,
        -0.019550576089435077,
        -25.497154581145466
      ],
      [
        0.10298881010895299,
        0.9946459507146906,
        -0.008528641111641266,
        43.53330057202936
      ],
      [
        0.02032553454241325,
        0.0064680283089310845,
        0.9997724927479051,
        1.8730811611394467
      ],
      [
        0.0,
        0.0,
        0.0,
        1.0
      ]
    ],
    "location": [
      -25.497154581145466,
      43.53330057202936,
      1.8730811611394467
    ],
    "rotation": [
      0.006469409910317286,
      -0.02032693430837442,
      0.10319314056261607
    ]
  },
  {
    "label_id": "bTdc7atlOXMKYWvvmPKLSg",
    "size": [
      1.903954940676983,
      4.309394262143698,
      1.7600000000000042
    ],
    "obj_class": "vehicle",
    "point_num_in_lidar": 230,
    "speed": 1.7769118642034838e-13,
    "if_vehicle": true,
    "motion_state": false,
    "pose": [
      [
        -0.9934400290578345,
        0.1126706866941893,
        -0.019550576089435077,
        -25.881011412212317
      ],
      [
        -0.11252241614079712,
        -0.9936125845351528,
        -0.008528641111641266,
        58.514888880983904
      ],
      [
        -0.020386626287991663,
        -0.006272815415245011,
        0.9997724927479051,
        2.166603291829424
      ],
      [
        0.0,
        0.0,
        0.0,
        1.0
      ]
    ],
    "location": [
      -25.881011412212317,
      58.514888880983904,
      2.166603291829424
    ],
    "rotation": [
      -0.0062741605220669175,
      0.020388038715190925,
      -3.0288078879302285
    ]
  },
  {
    "label_id": "chI0ixZCYxKYW00RUnzfZw",
    "size": [
      2.190259994116253,
      5.086278539715913,
      1.516788657810279
    ],
    "obj_class": "vehicle",
    "point_num_in_lidar": 142,
    "speed": 0.007903077431338846,
    "if_vehicle": true,
    "motion_state": false,
    "pose": [
      [
        -0.07802781942758133,
        -0.9967594666567997,
        -0.019550576089435077,
        6.915286771230541
      ],
      [
        0.9969267573513929,
        -0.07787363326329189,
        -0.008528641111641266,
        38.79673530215598
      ],
      [
        0.0069785293732720554,
        -0.020155963693813977,
        0.9997724927479051,
        2.6054762975602106
      ],
      [
        0.0,
        0.0,
        0.0,
        1.0
      ]
    ],
    "location": [
      6.915286771230541,
      38.79673530215598,
      2.6054762975602106
    ],
    "rotation": [
      -0.02015781962741815,
      -0.006978586016761523,
      1.6489054464458328
    ]
  },
  {
    "label_id": "hBnUyUpsrVdakvbPwD61Mg",
    "size": [
      2.121899485156003,
      4.719133328876525,
      1.7132819752882176
    ],
    "obj_class": "vehicle",
    "point_num_in_lidar": 30,
    "speed": 2.9330872708102187,
    "if_vehicle": true,
    "motion_state": true,
    "pose": [
      [
        -0.03260413739117882,
        -0.9992771113157491,
        -0.019550576089435077,
        3.3855319405296598
      ],
      [
        0.9994372148498128,
        -0.03244250073649898,
        -0.008528641111641266,
        10.117393510042348
      ],
      [
        0.00788820627430915,
        -0.019817642302098346,
        0.9997724927479051,
        2.29139357182129
      ],
      [
        0.0,
        0.0,
        0.0,
        1.0
      ]
    ],
    "location": [
      3.3855319405296598,
      10.117393510042348,
      2.29139357182129
    ],
    "rotation": [
      -0.019819556439117293,
      -0.00788828808229245,
      1.603407258442847
    ]
  },
  {
    "label_id": "k5Ip01qDY2VUXAlx7LMOLA",
    "size": [
      2.1967840381490493,
      4.739418308262884,
      1.8418654036583062
    ],
    "obj_class": "vehicle",
    "point_num_in_lidar": 118,
    "speed": 0.0268200721586509,
    "if_vehicle": true,
    "motion_state": false,
    "pose": [
      [
        -0.07208345589388278,
        -0.9972069746852785,
        -0.019550576089435077,
        7.331438318089582
      ],
      [
        0.9973733431025339,
        -0.0719282750332855,
        -0.008528641111641266,
        33.67421983690815
      ],
      [
        0.007098581187096218,
        -0.020113997359306076,
        0.9997724927479051,
        2.4896312866350008
      ],
      [
        0.0,
        0.0,
        0.0,
        1.0
      ]
    ],
    "location": [
      7.331438318089582,
      33.67421983690815,
      2.4896312866350008
    ],
    "rotation": [
      -0.02011586076169709,
      -0.007098640804527379,
      1.6429441746153437
    ]
  },
  {
    "label_id": "luIk_3rpiPPWc8UIDuzhLA",
    "size": [
      0.7843751528612616,
      1.1613240716469213,
      1.540000000000004
    ],
    "obj_class": "pedestrian",
    "point_num_in_lidar": 192,
    "speed": 3.5613312800652723,
    "if_vehicle": false,
    "motion_state": true,
    "pose": [
      [
        0.021080819194906755,
        -0.9995866015691901,
        -0.019550576089435077,
        -15.33093536326379
      ],
      [
        0.9997377981609934,
        0.02125081666660212,
        -0.008528641111641266,
        64.97338952705331
      ],
      [
        0.008940581092991815,
        -0.019365659151178032,
        0.9997724927479051,
        2.9699883298955494
      ],
      [
        0.0,
        0.0,
        0.0,
        1.0
      ]
    ],
    "location": [
      -15.33093536326379,
      64.97338952705331,
      2.9699883298955494
    ],
    "rotation": [
      -0.01936764398080522,
      -0.008940700206663451,
      1.5497131031235507
    ]
  },
  {
    "label_id": "p2OIsg8-KkP56hlc4kIVLA",
    "size": [
      1.9954562675447718,
      4.941560946358905,
      1.9100000000000046
    ],
    "obj_class": "vehicle",
    "point_num_in_lidar": 62,
    "speed": 1.7764956118577412e-13,
    "if_vehicle": true,
    "motion_state": false,
    "pose": [
      [
        -0.998116872149424,
        0.05814193413725921,
        -0.019550576089435077,
        -37.82584816065987
      ],
      [
        -0.05798444367650793,
        -0.9982810559017509,
        -0.008528641111641266,
        58.02796161942911
      ],
      [
        -0.02001284143184214,
        -0.007378951311935238,
        0.9997724927479051,
        1.3002505840491585
      ],
      [
        0.0,
        0.0,
        0.0,
        1.0
      ]
    ],
    "location": [
      -37.82584816065987,
      58.02796161942911,
      1.3002505840491585
    ],
    "rotation": [
      -0.007380496446505232,
      0.02001417757594011,
      -3.08356403329147
    ]
  },
  {
    "label_id": "wFMkUYbAaNEsNM4uQIEcrQ",
    "size": [
      2.0156157569784545,
      4.674700935570883,
      2.0100000000000042
    ],
    "obj_class": "vehicle",
    "point_num_in_lidar": 21,
    "speed": 0.013225681424505795,
    "if_vehicle": true,
    "motion_state": false,
    "pose": [
      [
        -0.14360936996376547,
        -0.9894413190448342,
        -0.019550576089435077,
        17.267349017872263
      ],
      [
        0.989618416297938,
        -0.14346655500411884,
        -0.008528641111641266,
        8.50054333995331
      ],
      [
        0.005633736111265189,
        -0.020572402924028947,
        0.9997724927479051,
        2.4876610062243647
      ],
      [
        0.0,
        0.0,
        0.0,
        1.0
      ]
    ],
    "location": [
      17.267349017872263,
      8.50054333995331,
      2.4876610062243647
    ],
    "rotation": [
      -0.02057418087254338,
      -0.005633765913199546,
      1.714906262812991
    ]
  },
  {
    "label_id": "wlmF3TF9DxECjoBmVy78JA",
    "size": [
      2.098317963435852,
      4.960771741545302,
      1.5700000000000038
    ],
    "obj_class": "vehicle",
    "point_num_in_lidar": 1086,
    "speed": 4.076197102228689e-14,
    "if_vehicle": true,
    "motion_state": false,
    "pose": [
      [
        -0.03636861123048986,
        -0.9991471858999237,
        -0.019550576089435077,
        6.114010209600835
      ],
      [
        0.9993078972523316,
        -0.03620757890155259,
        -0.008528641111641266,
        55.55110640874534
      ],
      [
        0.007813488739917742,
        -0.019847219914918734,
        0.9997724927479051,
        2.9305248006184916
      ],
      [
        0.0,
        0.0,
        0.0,
        1.0
      ]
    ],
    "location": [
      6.114010209600835,
      55.55110640874534,
      2.9305248006184916
    ],
    "rotation": [
      -0.019849129145599474,
      -0.007813568245139457,
      1.6071740710639422
    ]
  },
  {
    "label_id": "zO-P9ZE6DYp5qSRJJwfdTA",
    "size": [
      1.90956965155328,
      4.59872335147546,
      1.441329879502749
    ],
    "obj_class": "vehicle",
    "point_num_in_lidar": 106,
    "speed": 0.012345599782813594,
    "if_vehicle": true,
    "motion_state": false,
    "pose": [
      [
        0.07777640915083021,
        0.9967791155286981,
        -0.019550576089435077,
        -7.106006234789689
      ],
      [
        -0.9969463673283434,
        0.0776221807965266,
        -0.008528641111641266,
        26.47008872081085
      ],
      [
        -0.0069836129920330964,
        0.020154202892138273,
        0.9997724927479051,
        2.0377131468376084
      ],
      [
        0.0,
        0.0,
        0.0,
        1.0
      ]
    ],
    "location": [
      -7.106006234789689,
      26.47008872081085,
      2.0377131468376084
    ],
    "rotation": [
      0.02015605914053963,
      0.00698366975940308,
      -1.4929393871924257
    ]
  }
]