[
  {
    "label_id": "472zhzURK8HtdFNUKxZWPQ",
    "size": [
      0.2576902984102372,
      0.14447754867912832,
      0.7231393673591384
    ],
    "obj_class": "sign",
    "point_num_in_lidar": 84,
    "speed": 0.027050664118334993,
    "if_vehicle": false,
    "motion_state": false,
    "pose": [
      [
        -0.1450812238640773,
        -0.989351493420543,
        0.011621572554652269,
        -9.376915719782644
      ],
      [
        0.9890657035091849,
        -0.14533349955474584,
        -0.025044122045939636,
        32.90116560791307
      ],
      [
        0.026466443357253726,
        0.007861066957623942,
        0.9996187928417039,
        4.191278899113595
      ],
      [
        0.0,
        0.0,
        0.0,
        1.0
      ]
    ],
    "location": [
      -9.376915719782644,
      32.90116560791307,
      4.191278899113595
    ],
    "rotation": [
      0.007863902687629081,
      -0.02646953416811998,
      1.7164427744903306
    ]
  },
  {
    "label_id": "5hdqv8nDe8SFqec4R_p10g",
    "size": [
      1.9684681815699334,
      4.640479928340582,
      1.6592291756713298
    ],
    "obj_class": "vehicle",
    "point_num_in_lidar": 458,
    "speed": 0.02745860173278989,
    "if_vehicle": true,
    "motion_state": false,
    "pose": [
      [
        0.9980156271059767,
        -0.061884950542284586,
        0.011621572554652269,
        -21.1459174881127
      ],
      [
        0.0621602295012747,
        0.9977519219822615,
        -0.025044122045939636,
        51.395466079734774
      ],
      [
        -0.01004559209867269,
        0.025716824786159963,
        0.9996187928417039,
        2.4943380582631165
      ],
      [
        0.0,
        0.0,
        0.0,
        1.0
      ]
    ],
    "location": [
      -21.1459174881127,
      51.395466079734774,
      2.4943380582631165
    ],
    "rotation": [
      0.025720958409264028,
      0.010045761063026279,
      0.06220347208659951
    ]
  },
  {
    "label_id": "72Ruk2alY67J-_5Cp0_YSA",
    "size": [
      2.021146244156016,
      4.7632808137299545,
      1.6200000000000043
    ],
    "obj_class": "vehicle",
    "point_num_in_lidar": 234,
    "speed": 1.897149936107019e-14,
    "if_vehicle": true,
    "motion_state": false,
    "pose": [
      [
        0.129569329382133,
        0.9915022581592143,
        0.011621572554652269,
        22.82483046536592
      ],
      [
        -0.991220454152784,
        0.12982604985170274,
        -0.025044122045939636,
        9.885208739328732
      ],
      [
        -0.02634008641999958,
        -0.008274590327135262,
        0.9996187928417039,
        2.562989300955175
      ],
      [
        0.0,
        0.0,
        0.0,
        1.0
      ]
    ],
    "location": [
      22.82483046536592,
      9.885208739328732,
      2.562989300955175
    ],
    "rotation": [
      -0.008277556804199438,
      0.026343133163982613,
      -1.4408163378496366
    ]
  },
  {
    "label_id": "B5B-kmXqho_2g4pBQn0dGw",
    "size": [
      1.8456881976467994,
      4.161034296729285,
      1.907634382527773
    ],
    "obj_class": "vehicle",
    "point_num_in_lidar": 213,
    "speed": 0.013761253641051775,
    "if_vehicle": true,
    "motion_state": false,
    "pose": [
      [
        0.15896380022752268,
        0.9872160094268029,
        0.011621572554652269,
        20.303824102361446
      ],
      [
        -0.9869267041291981,
        0.1592120366920362,
        -0.025044122045939636,
        8.855038425975522
      ],
      [
        -0.0265742524617808,
        -0.007488531484376866,
        0.9996187928417039,
        2.377006234432707
      ],
      [
        0.0,
        0.0,
        0.0,
        1.0
      ]
    ],
    "location": [
      20.303824102361446,
      8.855038425975522,
      2.377006234432707
    ],
    "rotation": [
      -0.007491247118453473,
      0.026577381205336866,
      -1.411098425395859
    ]
  },
  {
    "label_id": "C0ecke8GcghXZUAZbkXQUQ",
    "size": [
      1.0495355338302326,
      0.13964836255290564,
      1.0222362312174704
    ],
    "obj_class": "sign",
    "point_num_in_lidar": 32,
    "speed": 5.691449808321057e-14,
    "if_vehicle": false,
    "motion_state": false,
    "pose": [
      [
        -0.9798404101599395,
        0.19944349994160868,
        0.011621572554652269,
        15.895446134671204
      ],
      [
        -0.19967962416206014,
        -0.9795411372910514,
        -0.025044122045939636,
        14.302899607684253
      ],
      [
        0.006388921043487553,
        -0.026859834057474156,
        0.9996187928417039,
        4.294801037342143
      ],
      [
        0.0,
        0.0,
        0.0,
        1.0
      ]
    ],
    "location": [
      15.895446134671204,
      14.302899607684253,
      4.294801037342143
    ],
    "rotation": [
      -0.026863613181919398,
      -0.006388964508448121,
      -2.940557544934341
    ]
  },
  {
    "label_id": "IM_cxNqgzXM4-kkGVbsqdQ",
    "size": [
      2.096093803103909,
      4.466935406550652,
      1.770000000000004
    ],
    "obj_class": "vehicle",
    "point_num_in_lidar": 59,
    "speed": 9.396625751272225,
    "if_vehicle": true,
    "motion_state": true,
    "pose": [
      [
        -0.997237438744046,
        0.07336504493675486,
        0.011621572554652269,
        -36.382888962559676
      ],
      [
        -0.07363727120838198,
        -0.9969705834376114,
        -0.025044122045939636,
        53.55400333432567
      ],
      [
        0.009749002830972272,
        -0.02583071701476096,
        0.9996187928417039,
        1.5828425976248348
      ],
      [
        0.0,
        0.0,
        0.0,
        1.0
      ]
    ],
    "location": [
      -36.382888962559676,
      53.55400333432567,
      1.5828425976248348
    ],
    "rotation": [
      -0.025834818377406258,
      -0.009749157266748139,
      -3.067885161294265
    ]
  },
  {
    "label_id": "ITXh4FH9PzsxvarppaZn8g",
    "size": [
      0.6186129950284576,
      0.1335933882509024,
      0.7150064582950781
    ],
    "obj_class": "sign",
    "point_num_in_lidar": 337,
    "speed": 0.031051274346792678,
    "if_vehicle": false,
    "motion_state": false,
    "pose": [
      [
        -0.9930051021424726,
        0.11749811134811683,
        0.011621572554652269,
        8.075975100408115
      ],
      [
        -0.11775824096856406,
        -0.9927264419944387,
        -0.025044122045939636,
        46.92160882045391
      ],
      [
        0.008594405331790525,
        -0.026237476911621233,
        0.9996187928417039,
        4.613225944114218
      ],
      [
        0.0,
        0.0,
        0.0,
        1.0
      ]
    ],
    "location": [
      8.075975100408115,
      46.92160882045391,
      4.613225944114218
    ],
    "rotation": [
      -0.0262414575677849,
      -0.008594511137884486,
      -3.0235561614189193
    ]
  },
  {
    "label_id": "U0Baavqmz4D7q9SZ3qExwA",
    "size": [
      0.6095680278108473,
      0.07759806835408467,
      0.8100000000000032
    ],
    "obj_class": "sign",
    "point_num_in_lidar": 215,
    "speed": 0.024298033484313294,
    "if_vehicle": false,
    "motion_state": false,
    "pose": [
      [
        0.9907109980303833,
        -0.1354867426466471,
        0.011621572554652269,
        -9.177884388598088
      ],
      [
        0.13574177604160545,
        0.9904276663078524,
        -0.025044122045939636,
        32.715032743279494
      ],
      [
        -0.008117180465682192,
        0.026389020045892463,
        0.9996187928417039,
        4.207469193783427
      ],
      [
        0.0,
        0.0,
        0.0,
        1.0
      ]
    ],
    "location": [
      -9.177884388598088,
      32.715032743279494,
      4.207469193783427
    ],
    "rotation": [
      0.026392953519272268,
      0.008117269606626688,
      0.13616664393593486
    ]
  },
  {
    "label_id": "Uewd-LzyluP8_XsiaH9KoQ",
    "size": [
      1.993585589883705,
      4.014706307395386,
      1.270000000000004
    ],
    "obj_class": "vehicle",
    "point_num_in_lidar": 122,
    "speed": 5.330226875058932e-14,
    "if_vehicle": true,
    "motion_state": false,
    "pose": [
      [
        0.9778694684680079,
        -0.20889289525843802,
        0.011621572554652269,
        27.21941205151643
      ],
      [
        0.20912611950769405,
        0.9775679301668001,
        -0.025044122045939636,
        18.83072466282124
      ],
      [
        -0.006129337464152705,
        0.026920256684242458,
        0.9996187928417039,
        2.421078568596757
      ],
      [
        0.0,
        0.0,
        0.0,
        1.0
      ]
    ],
    "location": [
      27.21941205151643,
      18.83072466282124,
      2.421078568596757
    ],
    "rotation": [
      0.026924015142553617,
      0.006129375843421036,
      0.21068525142119993
    ]
  },
  {
    "label_id": "Z3bJL-eNNXFM_LalVkc8mw",
    "size": [
      2.1567569269841282,
      4.819571506707183,
      1.5762064264043985
    ],
    "obj_class": "vehicle",
    "point_num_in_lidar": 317,
    "speed": 1.0658141036401503e-13,
    "if_vehicle": true,
    "motion_state": false,
    "pose": [
      [
        0.9945977636599762,
        -0.10315147877723872,
        0.011621572554652269,
        -25.497154581145466
      ],
      [
        0.10341560385399436,
        0.9943228876127018,
        -0.025044122045939636,
        43.53330057202925
      ],
      [
        -0.008972257357426051,
        0.026110679723191442,
        0.9996187928417039,
        1.8730811611394405
      ],
      [
        0.0,
        0.0,
        0.0,
        1.0
      ]
    ],
    "location": [
      -25.497154581145466,
      43.53330057202925,
      1.8730811611394405
    ],
    "rotation": [
      0.026114698931449416,
      0.008972377741669956,
      0.10360501656959463
    ]
  },
  {
    "label_id": "Z5OZAUTb34FY2vz4RawbPg",
    "size": [
      1.8448350692434756,
      3.7343130673035665,
      1.7200000000000042
    ],
    "obj_class": "vehicle",
    "point_num_in_lidar": 53,
    "speed": 0.010856993803481544,
    "if_vehicle": true,
    "motion_state": false,
    "pose": [
      [
        -0.04157660561933356,
        -0.9990677278926245,
        0.011621572554652269,
        10.003632108536763
      ],
      [
        0.9988096753477914,
        -0.04185719033317489,
        -0.025044122045939636,
        -12.172031779113809
      ],
      [
        0.02550722048389338,
        0.010566489524956547,
        0.9996187928417039,
        0.5507842610677018
      ],
      [
        0.0,
        0.0,
        0.0,
        1.0
      ]
    ],
    "location": [
      10.003632108536763,
      -12.172031779113809,
      0.5507842610677018
    ],
    "rotation": [
      0.010570125406828359,
      -0.0255099872047302,
      1.6123984636277624
    ]
  },
  {
    "label_id": "bKRJ8-zMfp6HhSzdwwk84A",
    "size": [
      2.1332235371233117,
      5.12838055531279,
      1.9579890078509765
    ],
    "obj_class": "vehicle",
    "point_num_in_lidar": 248,
    "speed": 3.891075927550434,
    "if_vehicle": true,
    "motion_state": true,
    "pose": [
      [
        -0.009456024442642376,
        -0.9998877550270816,
        0.011621572554652269,
        3.441375956319021
      ],
      [
        0.9996388506332435,
        -0.009744755286620582,
        -0.025044122045939636,
        9.014673519011126
      ],
      [
        0.02515456034972962,
        0.01138055760087252,
        0.9996187928417039,
        2.4207107137044157
      ],
      [
        0.0,
        0.0,
        0.0,
        1.0
      ]
    ],
    "location": [
      3.441375956319021,
      9.014673519011126,
      2.4207107137044157
    ],
    "rotation": [
      0.011384405755694715,
      -0.025157213871361075,
      1.5802554853769128
    ]
  },
  {
    "label_id": "c9nPCP9bzZhCpuh1N5SLEw",
    "size": [
      2.0621342759695453,
      4.46148502338097,
      1.740000000000004
    ],
    "obj_class": "vehicle",
    "point_num_in_lidar": 139,
    "speed": 1.309771074311075e-28,
    "if_vehicle": true,
    "motion_state": false,
    "pose": [
      [
        0.9864009803221546,
        -0.16394525022350986,
        0.011621572554652269,
        32.155999662904094
      ],
      [
        0.16419202310939865,
        0.9861104256107379,
        -0.025044122045939636,
        19.55107998153028
      ],
      [
        -0.007354289002684528,
        0.02661171604688356,
        0.9996187928417039,
        2.9575340238503336
      ],
      [
        0.0,
        0.0,
        0.0,
        1.0
      ]
    ],
    "location": [
      32.155999662904094,
      19.55107998153028,
      2.9575340238503336
    ],
    "rotation": [
      0.026615577983390742,
      0.007354355297779504,
      0.164943363555695
    ]
  },
  {
    "label_id": "chI0ixZCYxKYW00RUnzfZw",
    "size": [
      2.190259994116255,
      5.086278539715913,
      1.5167886578102792
    ],
    "obj_class": "vehicle",
    "point_num_in_lidar": 2166,
    "speed": 0.007903077232793003,
    "if_vehicle": true,
    "motion_state": false,
    "pose": [
      [
        -0.07803746535547786,
        -0.9968826877081624,
        0.011621572554652269,
        6.9305591914840505
      ],
      [
        0.996614559632761,
        -0.07830843810820017,
        -0.025044122045939636,
        38.821668620665946
      ],
      [
        0.02587611889156349,
        0.009627848607276581,
        0.9996187928417039,
        2.6054762975602026
      ],
      [
        0.0,
        0.0,
        0.0,
        1.0
      ]
    ],
    "location": [
      6.9305591914840505,
      38.821668620665946,
      2.6054762975602026
    ],
    "rotation": [
      0.009631222401851422,
      -0.025879007422692647,
      1.6489394350448658
    ]
  },
  {
    "label_id": "csqfDiMmc-bQfxhgaeDxNg",
    "size": [
      2.1408995573179075,
      4.846744126654841,
      1.6700000000000044
    ],
    "obj_class": "vehicle",
    "point_num_in_lidar": 137,
    "speed": 4.2308555392722474e-29,
    "if_vehicle": true,
    "motion_state": false,
    "pose": [
      [
        -0.9798131331304639,
        0.19957746164439738,
        0.011621572554652269,
        22.61891960161686
      ],
      [
        -0.19981354494612072,
        -0.979513827981521,
        -0.025044122045939636,
        27.72764758778976
      ],
      [
        0.006385248713131305,
        -0.026860707298327454,
        0.9996187928417039,
        2.435092151033021
      ],
      [
        0.0,
        0.0,
        0.0,
        1.0
      ]
    ],
    "location": [
      22.61891960161686,
      27.72764758778976,
      2.435092151033021
    ],
    "rotation": [
      -0.02686448612549864,
      -0.006385292103183491,
      -2.9404208716953733
    ]
  },
  {
    "label_id": "gZx-F_SILPevRRlp_qUVpg",
    "size": [
      0.8564543580671998,
      0.16234088721920514,
      0.7366953327434969
    ],
    "obj_class": "sign",
    "point_num_in_lidar": 31,
    "speed": 0.014585010018179669,
    "if_vehicle": false,
    "motion_state": false,
    "pose": [
      [
        0.11301868685584629,
        0.993524894239061,
        0.011621572554652269,
        11.069421519958311
      ],
      [
        -0.993247410050821,
        0.11328007052559842,
        -0.025044122045939636,
        -4.809959349852193
      ],
      [
        -0.02619845126561168,
        -0.008712643053536423,
        0.9996187928417039,
        3.5936814727650095
      ],
      [
        0.0,
        0.0,
        0.0,
        1.0
      ]
    ],
    "location": [
      11.069421519958311,
      -4.809959349852193,
      3.5936814727650095
    ],
    "rotation": [
      -0.008715744940431857,
      0.026201449114765612,
      -1.4574965882149937
    ]
  },
  {
    "label_id": "hBnUyUpsrVdakvbPwD61Mg",
    "size": [
      2.121899485156024,
      4.719133328876525,
      1.7132819752882176
    ],
    "obj_class": "vehicle",
    "point_num_in_lidar": 763,
    "speed": 7.7192544335202475,
    "if_vehicle": true,
    "motion_state": true,
    "pose": [
      [
        -0.045766017271023446,
        -0.998884583280023,
        0.011621572554652269,
        2.7251392247875685
      ],
      [
        0.9986253563199433,
        -0.046045517325950275,
        -0.025044122045939636,
        29.805674896104847
      ],
      [
        0.02555130873389248,
        0.010459427311295604,
        0.9996187928417039,
        2.5730391000847757
      ],
      [
        0.0,
        0.0,
        0.0,
        1.0
      ]
    ],
    "location": [
      2.7251392247875685,
      29.805674896104847,
      2.5730391000847757
    ],
    "rotation": [
      0.010463034209817323,
      -0.02555408982887136,
      1.6165932981310205
    ]
  },
  {
    "label_id": "k5Ip01qDY2VUXAlx7LMOLA",
    "size": [
      2.1967840381490498,
      4.739418308262884,
      1.8418654036583062
    ],
    "obj_class": "vehicle",
    "point_num_in_lidar": 1230,
    "speed": 0.020916067190639785,
    "if_vehicle": true,
    "motion_state": false,
    "pose": [
      [
        -0.07209236696974292,
        -0.9973302510583226,
        0.011621572554652269,
        7.338785938519223
      ],
      [
        0.9970637433690095,
        -0.07236493356540946,
        -0.025044122045939636,
        33.773173476059696
      ],
      [
        0.02581825485345525,
        0.009781958598205227,
        0.9996187928417039,
        2.5619622533292494
      ],
      [
        0.0,
        0.0,
        0.0,
        1.0
      ]
    ],
    "location": [
      7.338785938519223,
      33.773173476059696,
      2.5619622533292494
    ],
    "rotation": [
      0.009785376632594385,
      -0.025821124046067564,
      1.6429753904955464
    ]
  },
  {
    "label_id": "op516gA0LiM91RFRCh0Qwg",
    "size": [
      1.9930368581776374,
      4.7185740620167955,
      1.9805953887445877
    ],
    "obj_class": "vehicle",
    "point_num_in_lidar": 27,
    "speed": 0.012757737331067394,
    "if_vehicle": true,
    "motion_state": false,
    "pose": [
      [
        0.04247418549596801,
        0.9990299708306108,
        0.011621572554652269,
        -4.487876995705591
      ],
      [
        -0.998771666303011,
        0.0427545382533251,
        -0.025044122045939636,
        -21.580406257961272
      ],
      [
        -0.025516703485385005,
        -0.010543568700108486,
        0.9996187928417039,
        0.17378596426346693
      ],
      [
        0.0,
        0.0,
        0.0,
        1.0
      ]
    ],
    "location": [
      -4.487876995705591,
      -21.580406257961272,
      0.17378596426346693
    ],
    "rotation": [
      -0.010547198397282164,
      0.025519473293783262,
      -1.5282955131759233
    ]
  },
  {
    "label_id": "r-HKQWyS8-4ke1oBbGnZHQ",
    "size": [
      2.060766498187136,
      3.992494696156682,
      1.354308642745714
    ],
    "obj_class": "vehicle",
    "point_num_in_lidar": 32,
    "speed": 1.7763568394002505e-14,
    "if_vehicle": true,
    "motion_state": false,
    "pose": [
      [
        -0.03889661328653352,
        -0.9991756564919878,
        0.011621572554652269,
        4.237760616309018
      ],
      [
        0.9989183575000612,
        -0.039177889176523865,
        -0.025044122045939636,
        -6.457620891297438
      ],
      [
        0.0254787857681203,
        0.010634870637539373,
        0.9996187928417039,
        1.014603525578834
      ],
      [
        0.0,
        0.0,
        0.0,
        1.0
      ]
    ],
    "location": [
      4.237760616309018,
      -6.457620891297438,
      1.014603525578834
    ],
    "rotation": [
      0.0106385249044777,
      -0.025481543244685743,
      1.609715395795741
    ]
  },
  {
    "label_id": "tReFCtpyXZbI7c8Dvs-O-g",
    "size": [
      2.2968948008484658,
      4.865316304081679,
      1.770000000000004
    ],
    "obj_class": "vehicle",
    "point_num_in_lidar": 20,
    "speed": 8.884559321017419e-14,
    "if_vehicle": true,
    "motion_state": false,
    "pose": [
      [
        0.9968216481511756,
        -0.07881332900297343,
        0.011621572554652269,
        -32.144813404288115
      ],
      [
        0.07908409298591294,
        0.9965533092552268,
        -0.025044122045939636,
        43.12768149468661
      ],
      [
        -0.00960770595769118,
        0.025883604538887394,
        0.9996187928417039,
        1.6193790316427097
      ],
      [
        0.0,
        0.0,
        0.0,
        1.0
      ]
    ],
    "location": [
      -32.144813404288115,
      43.12768149468661,
      1.6193790316427097
    ],
    "rotation": [
      0.02588769069329707,
      0.009607853775207034,
      0.07917042349159437
    ]
  },
  {
    "label_id": "uek0tHD8C0uN8SyClf2LCw",
    "size": [
      0.496272363276991,
      0.0968182875673449,
      0.5969548872180823
    ],
    "obj_class": "sign",
    "point_num_in_lidar": 53,
    "speed": 0.045144435105994966,
    "if_vehicle": false,
    "motion_state": false,
    "pose": [
      [
        0.9907109980302462,
        -0.13548674264764932,
        0.011621572554652269,
        -9.195595297131646
      ],
      [
        0.1357417760426074,
        0.9904276663077152,
        -0.025044122045939636,
        32.76390786431375
      ],
      [
        -0.008117180465655495,
        0.02638902004590067,
        0.9996187928417039,
        4.926181923793605
      ],
      [
        0.0,
        0.0,
        0.0,
        1.0
      ]
    ],
    "location": [
      -9.195595297131646,
      32.76390786431375,
      4.926181923793605
    ],
    "rotation": [
      0.026392953519280473,
      0.00811726960659999,
      0.1361666439369462
    ]
  },
  {
    "label_id": "v0FEOUAnA4MWpgnxtYpEyQ",
    "size": [
      0.43691111031467367,
      0.09646011325269921,
      0.5200000000000031
    ],
    "obj_class": "sign",
    "point_num_in_lidar": 96,
    "speed": 0.0169096599264941,
    "if_vehicle": false,
    "motion_state": false,
    "pose": [
      [
        0.019474230894847344,
        0.9997428136187881,
        0.011621572554652269,
        8.873809515992818
      ],
      [
        -0.9994910286928409,
        0.019760453270985204,
        -0.025044122045939636,
        38.014579233529844
      ],
      [
        -0.025267328580221585,
        -0.01112794249239652,
        0.9996187928417039,
        3.926503642620885
      ],
      [
        0.0,
        0.0,
        0.0,
        1.0
      ]
    ],
    "location": [
      8.873809515992818,
      38.014579233529844,
      3.926503642620885
    ],
    "rotation": [
      -0.011131726341471236,
      0.025270017956282257,
      -1.5513146440685182
    ]
  },
  {
    "label_id": "wFMkUYbAaNEsNM4uQIEcrQ",
    "size": [
      2.015615756978452,
      4.674700935570883,
      2.0100000000000042
    ],
    "obj_class": "vehicle",
    "point_num_in_lidar": 162,
    "speed": 0.01322568109260388,
    "if_vehicle": true,
    "motion_state": false,
    "pose": [
      [
        -0.1436271231912415,
        -0.9895636354147039,
        0.011621572554652269,
        17.223360965453736
      ],
      [
        0.9892782165545401,
        -0.14387981860433616,
        -0.025044122045939636,
        8.479112257483052
      ],
      [
        0.02645486220861006,
        0.00789995336811693,
        0.9996187928417039,
        2.356049072655584
      ],
      [
        0.0,
        0.0,
        0.0,
        1.0
      ]
    ],
    "location": [
      17.223360965453736,
      8.479112257483052,
      2.356049072655584
    ],
    "rotation": [
      0.007902801509993666,
      -0.026457948962981852,
      1.7149727119154583
    ]
  },
  {
    "label_id": "yBd--n9qvMYP_1Fg13haag",
    "size": [
      1.8813816673433064,
      4.012285060190761,
      1.7900000000000045
    ],
    "obj_class": "vehicle",
    "point_num_in_lidar": 179,
    "speed": 0.007822852064185657,
    "if_vehicle": true,
    "motion_state": false,
    "pose": [
      [
        0.9944022543927068,
        -0.10501950061802535,
        0.011621572554652269,
        17.803222190145434
      ],
      [
        0.1052831089151094,
        0.9941268827107117,
        -0.025044122045939636,
        2.6528749671471132
      ],
      [
        -0.008923196505271364,
        0.026127486710804764,
        0.9996187928417039,
        1.593200266909336
      ],
      [
        0.0,
        0.0,
        0.0,
        1.0
      ]
    ],
    "location": [
      17.803222190145434,
      2.6528749671471132,
      1.593200266909336
    ],
    "rotation": [
      0.02613150085732237,
      0.008923314925441923,
      0.10548280307951727
    ]
  },
  {
    "label_id": "zO-P9ZE6DYp5qSRJJwfdTA",
    "size": [
      1.9095696515532794,
      4.59872335147546,
      1.441329879502749
    ],
    "obj_class": "vehicle",
    "point_num_in_lidar": 561,
    "speed": 0.012345599472983618,
    "if_vehicle": true,
    "motion_state": false,
    "pose": [
      [
        0.07778602399897225,
        0.9969023390090869,
        0.011621572554652269,
        -7.102389201633301
      ],
      [
        -0.9966342792883545,
        0.07805706437171628,
        -0.025044122045939636,
        26.424557224185378
      ],
      [
        -0.025873689683025326,
        -0.009634374908704536,
        0.9996187928417039,
        2.0377131468376066
      ],
      [
        0.0,
        0.0,
        0.0,
        1.0
      ]
    ],
    "location": [
      -7.102389201633301,
      26.424557224185378,
      2.0377131468376066
    ],
    "rotation": [
      -0.00963775058609563,
      0.025876577400555403,
      -1.4929055164524718
    ]
  }
]