[
  {
    "label_id": "472zhzURK8HtdFNUKxZWPQ",
    "size": [
      0.25769029841052055,
      0.14447754867912832,
      0.7231393673591384
    ],
    "obj_class": "sign",
    "point_num_in_lidar": 25,
    "speed": 0.0037600055000399026,
    "if_vehicle": false,
    "motion_state": false,
    "pose": [
      [
        -0.12193398291758434,
        -0.9923878309073684,
        -0.01727706215832306,
        -9.372249643587338
      ],
      [
        0.9925020656582512,
        -0.12176251009177663,
        -0.010655552555091236,
        32.916339767742784
      ],
      [
        0.008470742231857394,
        -0.018446793843871562,
        0.9997939599352074,
        4.183141393382429
      ],
      [
        0.0,
        0.0,
        0.0,
        1.0
      ]
    ],
    "location": [
      -9.372249643587338,
      32.916339767742784,
      4.183141393382429
    ],
    "rotation": [
      -0.01844850215522487,
      -0.008470843535992135,
      1.6930389073583383
    ]
  },
  {
    "label_id": "5hdqv8nDe8SFqec4R_p10g",
    "size": [
      1.968468181569933,
      4.640479928340582,
      1.6592291756713298
    ],
    "obj_class": "vehicle",
    "point_num_in_lidar": 393,
    "speed": 0.027977275352478743,
    "if_vehicle": true,
    "motion_state": false,
    "pose": [
      [
        0.9979340569508475,
        -0.06187989254030696,
        -0.01727706215832306,
        -21.131800337348352
      ],
      [
        0.061701844300412555,
        0.9980377455836393,
        -0.010655552555091236,
        51.469666384832976
      ],
      [
        0.017902524613867796,
        0.009567512191093766,
        0.9997939599352074,
        2.474196350726782
      ],
      [
        0.0,
        0.0,
        0.0,
        1.0
      ]
    ],
    "location": [
      -21.131800337348352,
      51.469666384832976,
      2.474196350726782
    ],
    "rotation": [
      0.009569191795657477,
      -0.01790348104616198,
      0.06175097154920105
    ]
  },
  {
    "label_id": "72Ruk2alY67J-_5Cp0_YSA",
    "size": [
      2.0211462441560153,
      4.7632808137299545,
      1.620000000000004
    ],
    "obj_class": "vehicle",
    "point_num_in_lidar": 44,
    "speed": 1.897149936107019e-14,
    "if_vehicle": true,
    "motion_state": false,
    "pose": [
      [
        0.12955873937731666,
        0.9914212203569872,
        -0.01727706215832306,
        22.82483046536592
      ],
      [
        -0.9915367698226525,
        0.12938814972556664,
        -0.010655552555091236,
        9.885208739328732
      ],
      [
        -0.00832869381238754,
        0.018511362360895203,
        0.9997939599352074,
        2.562989300955178
      ],
      [
        0.0,
        0.0,
        0.0,
        1.0
      ]
    ],
    "location": [
      22.82483046536592,
      9.885208739328732,
      2.562989300955178
    ],
    "rotation": [
      0.018513061923949088,
      0.008328790105005843,
      -1.4408678393428995
    ]
  },
  {
    "label_id": "B5B-kmXqho_2g4pBQn0dGw",
    "size": [
      1.8456881976468007,
      4.161034296729285,
      1.9076343825277733
    ],
    "obj_class": "vehicle",
    "point_num_in_lidar": 63,
    "speed": 0.013761253986043852,
    "if_vehicle": true,
    "motion_state": false,
    "pose": [
      [
        0.15895080774374368,
        0.9871353219497258,
        -0.01727706215832306,
        20.31129265703956
      ],
      [
        -0.9872558876333544,
        0.15878372565544308,
        -0.010655552555091236,
        8.81864508246872
      ],
      [
        -0.007775156004143004,
        0.018750590022399538,
        0.9997939599352074,
        2.3770062344327143
      ],
      [
        0.0,
        0.0,
        0.0,
        1.0
      ]
    ],
    "location": [
      20.31129265703956,
      8.81864508246872,
      2.3770062344327143
    ],
    "rotation": [
      0.01875225582335255,
      0.0077752343449244594,
      -1.4111636012726363
    ]
  },
  {
    "label_id": "B68oxBoB8uF9mptLVH6A2w",
    "size": [
      0.6519910263142872,
      0.5549595701117328,
      1.6700000000000044
    ],
    "obj_class": "pedestrian",
    "point_num_in_lidar": 42,
    "speed": 0.11193142571779102,
    "if_vehicle": false,
    "motion_state": false,
    "pose": [
      [
        -0.0523664750861469,
        -0.9984784701786159,
        -0.01727706215832306,
        7.335427281996402
      ],
      [
        0.9985804572499838,
        -0.052187446748799056,
        -0.010655552555091236,
        54.48175683067416
      ],
      [
        0.009737694052752164,
        -0.01781053035739995,
        0.9997939599352074,
        3.0449700113299403
      ],
      [
        0.0,
        0.0,
        0.0,
        1.0
      ]
    ],
    "location": [
      7.335427281996402,
      54.48175683067416,
      3.0449700113299403
    ],
    "rotation": [
      -0.0178123167349084,
      -0.009737847951702542,
      1.6231892514578992
    ]
  },
  {
    "label_id": "IM_cxNqgzXM4-kkGVbsqdQ",
    "size": [
      2.0960938031039187,
      4.466935406550652,
      1.770000000000004
    ],
    "obj_class": "vehicle",
    "point_num_in_lidar": 1031,
    "speed": 5.3801787126335014,
    "if_vehicle": true,
    "motion_state": true,
    "pose": [
      [
        -0.9547762873419039,
        0.296822748880182,
        -0.01727706215832306,
        -15.507866713725946
      ],
      [
        -0.296674376766565,
        -0.9549192496593184,
        -0.010655552555091236,
        56.142259275674064
      ],
      [
        -0.019661009632782694,
        -0.005048007259948848,
        0.9997939599352074,
        3.0326370430958267
      ],
      [
        0.0,
        0.0,
        0.0,
        1.0
      ]
    ],
    "location": [
      -15.507866713725946,
      56.142259275674064,
      3.0326370430958267
    ],
    "rotation": [
      -0.005049004661769278,
      0.01966227653108398,
      -2.840324236306257
    ]
  },
  {
    "label_id": "ITXh4FH9PzsxvarppaZn8g",
    "size": [
      0.6186129950284587,
      0.1335933882509024,
      0.7150064582950781
    ],
    "obj_class": "sign",
    "point_num_in_lidar": 95,
    "speed": 0.00467435753658047,
    "if_vehicle": false,
    "motion_state": false,
    "pose": [
      [
        -0.9929239415092891,
        0.11748850795220346,
        -0.01727706215832306,
        8.003125746730987
      ],
      [
        -0.11731652526359751,
        -0.9930374072006659,
        -0.010655552555091236,
        46.91759483916337
      ],
      [
        -0.018408673980849836,
        -0.008553268342782916,
        0.9997939599352074,
        4.775556936824751
      ],
      [
        0.0,
        0.0,
        0.0,
        1.0
      ]
    ],
    "location": [
      8.003125746730987,
      46.91759483916337,
      4.775556936824751
    ],
    "rotation": [
      -0.00855482232097188,
      0.018409713859125026,
      -3.0239853186170187
    ]
  },
  {
    "label_id": "JpYKZOtPQGQOgSSfNX418Q",
    "size": [
      0.8302540052371441,
      0.8450825172515409,
      1.7800000000000042
    ],
    "obj_class": "pedestrian",
    "point_num_in_lidar": 449,
    "speed": 0.029900548312169838,
    "if_vehicle": false,
    "motion_state": false,
    "pose": [
      [
        0.9959122274586572,
        -0.08865854906050136,
        -0.01727706215832306,
        4.762316748329226
      ],
      [
        0.08848334975224034,
        0.9960206604365033,
        -0.010655552555091236,
        55.254364638540096
      ],
      [
        0.018153016690307763,
        0.009083262746297604,
        0.9997939599352074,
        2.980009470293409
      ],
      [
        0.0,
        0.0,
        0.0,
        1.0
      ]
    ],
    "location": [
      4.762316748329226,
      55.254364638540096,
      2.980009470293409
    ],
    "rotation": [
      0.009084884699064093,
      -0.018154013838209235,
      0.08861385902771167
    ]
  },
  {
    "label_id": "M7IQ7CTV9NZWHJJ7Vipieg",
    "size": [
      0.7752268853971302,
      0.19134235695333313,
      0.7915074656586774
    ],
    "obj_class": "sign",
    "point_num_in_lidar": 783,
    "speed": 0.009706215871800605,
    "if_vehicle": false,
    "motion_state": false,
    "pose": [
      [
        -0.9080444396745487,
        0.4185173815976012,
        -0.01727706215832306,
        7.32529236863914
      ],
      [
        -0.41838887008640957,
        -0.9082054902870622,
        -0.010655552555091236,
        62.081067290401165
      ],
      [
        -0.020150656663052262,
        -0.0024471847344770766,
        0.9997939599352074,
        4.770110550656147
      ],
      [
        0.0,
        0.0,
        0.0,
        1.0
      ]
    ],
    "location": [
      7.32529236863914,
      62.081067290401165,
      4.770110550656147
    ],
    "rotation": [
      -0.002447684168323131,
      0.020152020604499284,
      -2.7098283556974336
    ]
  },
  {
    "label_id": "NH-RHotJ5MtxTQqK8sfJdg",
    "size": [
      1.0231874235191543,
      1.0643236162461247,
      1.7826290879829094
    ],
    "obj_class": "pedestrian",
    "point_num_in_lidar": 212,
    "speed": 2.145248547619682,
    "if_vehicle": false,
    "motion_state": true,
    "pose": [
      [
        -0.2586199381558369,
        -0.9658246376601958,
        -0.01727706215832306,
        9.187087120844907
      ],
      [
        0.965961586668666,
        -0.25846599830596445,
        -0.010655552555091236,
        60.37543180380044
      ],
      [
        0.005825862067044994,
        -0.01944471671824088,
        0.9997939599352074,
        3.105923042402036
      ],
      [
        0.0,
        0.0,
        0.0,
        1.0
      ]
    ],
    "location": [
      9.187087120844907,
      60.37543180380044,
      3.105923042402036
    ],
    "rotation": [
      -0.019446272312455035,
      -0.005825895023157518,
      1.832394133162452
    ]
  },
  {
    "label_id": "U0Baavqmz4D7q9SZ3qExwA",
    "size": [
      0.6095680278108512,
      0.07759806835408467,
      0.8100000000000032
    ],
    "obj_class": "sign",
    "point_num_in_lidar": 30,
    "speed": 4.440892098500626e-15,
    "if_vehicle": false,
    "motion_state": false,
    "pose": [
      [
        0.9906300248997052,
        -0.13547566899774616,
        -0.01727706215832306,
        -9.177884388598073
      ],
      [
        0.13530577226970972,
        0.9907465908042495,
        -0.010655552555091236,
        32.715032743279494
      ],
      [
        0.018560758543413314,
        0.00821802405508647,
        0.9997939599352074,
        4.207469193783432
      ],
      [
        0.0,
        0.0,
        0.0,
        1.0
      ]
    ],
    "location": [
      -9.177884388598073,
      32.715032743279494,
      4.207469193783432
    ],
    "rotation": [
      0.008219532535408428,
      -0.01856182441098231,
      0.1357455952268113
    ]
  },
  {
    "label_id": "X0g9BnZDy5pi1LCa55aU2Q",
    "size": [
      2.0320244339354665,
      4.776789011447604,
      1.5300000000000038
    ],
    "obj_class": "vehicle",
    "point_num_in_lidar": 2468,
    "speed": 1.790180836524724e-14,
    "if_vehicle": true,
    "motion_state": false,
    "pose": [
      [
        -0.024719019655927044,
        -0.999545133143285,
        -0.01727706215832306,
        5.340527149414484
      ],
      [
        0.9996421275408575,
        -0.024537237932040212,
        -0.010655552555091236,
        68.0603414331548
      ],
      [
        0.01022677431244852,
        -0.01753427398665577,
        0.9997939599352074,
        3.0012857824418644
      ],
      [
        0.0,
        0.0,
        0.0,
        1.0
      ]
    ],
    "location": [
      5.340527149414484,
      68.0603414331548,
      3.0012857824418644
    ],
    "rotation": [
      -0.017536089739371943,
      -0.010226952585297839,
      1.595519157626275
    ]
  },
  {
    "label_id": "Z3bJL-eNNXFM_LalVkc8mw",
    "size": [
      2.1567569269841282,
      4.819571506707183,
      1.5762064264043985
    ],
    "obj_class": "vehicle",
    "point_num_in_lidar": 327,
    "speed": 1.0658141036401503e-13,
    "if_vehicle": true,
    "motion_state": false,
    "pose": [
      [
        0.9945164728548328,
        -0.10314304796524032,
        -0.01727706215832306,
        -25.497154581145452
      ],
      [
        0.10296944527789641,
        0.9946274440909559,
        -0.010655552555091236,
        43.533300572029134
      ],
      [
        0.01828328634421936,
        0.008818113036934376,
        0.9997939599352074,
        1.8730811611394462
      ],
      [
        0.0,
        0.0,
        0.0,
        1.0
      ]
    ],
    "location": [
      -25.497154581145452,
      43.533300572029134,
      1.8730811611394462
    ],
    "rotation": [
      0.00881970160238453,
      -0.018284305115913044,
      0.103169584663794
    ]
  },
  {
    "label_id": "Z5OZAUTb34FY2vz4RawbPg",
    "size": [
      1.8448350692434747,
      3.7343130673035665,
      1.7200000000000042
    ],
    "obj_class": "vehicle",
    "point_num_in_lidar": 28,
    "speed": 0.010856994075965413,
    "if_vehicle": true,
    "motion_state": false,
    "pose": [
      [
        -0.041573207465967404,
        -0.9989860717468332,
        -0.01727706215832306,
        10.006758191424126
      ],
      [
        0.9990861181658004,
        -0.04139308744389442,
        -0.010655552555091236,
        -12.2011756400168
      ],
      [
        0.00992959764460946,
        -0.017704258462105563,
        0.9997939599352074,
        0.5507842610677054
      ],
      [
        0.0,
        0.0,
        0.0,
        1.0
      ]
    ],
    "location": [
      10.006758191424126,
      -12.2011756400168,
      0.5507842610677054
    ],
    "rotation": [
      -0.017706056459272333,
      -0.009929760823122765,
      1.6123835703855913
    ]
  },
  {
    "label_id": "bKRJ8-zMfp6HhSzdwwk84A",
    "size": [
      2.1332235371233277,
      5.12838055531279,
      1.9579890078509767
    ],
    "obj_class": "vehicle",
    "point_num_in_lidar": 22,
    "speed": 1.4942901691758472,
    "if_vehicle": true,
    "motion_state": true,
    "pose": [
      [
        -0.05117545736273402,
        -0.9985402223680788,
        -0.01727706215832306,
        3.6658506751877837
      ],
      [
        0.9986419958227277,
        -0.050996307503039524,
        -0.010655552555091236,
        1.530079500553029
      ],
      [
        0.009758931443240583,
        -0.017798902611200512,
        0.9997939599352074,
        2.420710713704421
      ],
      [
        0.0,
        0.0,
        0.0,
        1.0
      ]
    ],
    "location": [
      3.6658506751877837,
      1.530079500553029,
      2.420710713704421
    ],
    "rotation": [
      -0.017800690279631555,
      -0.009759086351353663,
      1.621996588255758
    ]
  },
  {
    "label_id": "bTdc7atlOXMKYWvvmPKLSg",
    "size": [
      1.9039549406769818,
      4.309394262143698,
      1.7600000000000042
    ],
    "obj_class": "vehicle",
    "point_num_in_lidar": 360,
    "speed": 1.7769118642034838e-13,
    "if_vehicle": true,
    "motion_state": false,
    "pose": [
      [
        -0.9934816335364512,
        0.11267540525297357,
        -0.01727706215832306,
        -25.881011412212317
      ],
      [
        -0.112502874727478,
        -0.9935942644650274,
        -0.010655552555091236,
        58.51488888098379
      ],
      [
        -0.018367008569654827,
        -0.008642376599008877,
        0.9997939599352074,
        2.1666032918294245
      ],
      [
        0.0,
        0.0,
        0.0,
        1.0
      ]
    ],
    "location": [
      -25.881011412212317,
      58.51488888098379,
      2.1666032918294245
    ],
    "rotation": [
      -0.008643942350097866,
      0.018368041402337817,
      -3.028831991663513
    ]
  },
  {
    "label_id": "chI0ixZCYxKYW00RUnzfZw",
    "size": [
      2.1902599941162264,
      5.086278539715913,
      1.5167886578102792
    ],
    "obj_class": "vehicle",
    "point_num_in_lidar": 232,
    "speed": 0.007903077431279415,
    "if_vehicle": true,
    "motion_state": false,
    "pose": [
      [
        -0.07803108717062697,
        -0.9968012101508241,
        -0.01727706215832306,
        6.919414611793499
      ],
      [
        0.9969077682814735,
        -0.07785474128013839,
        -0.010655552555091236,
        38.8034742971422
      ],
      [
        0.009276366477323538,
        -0.018055101828991667,
        0.9997939599352074,
        2.6054762975602133
      ],
      [
        0.0,
        0.0,
        0.0,
        1.0
      ]
    ],
    "location": [
      6.919414611793499,
      38.8034742971422,
      2.6054762975602133
    ],
    "rotation": [
      -0.018056859933129436,
      -0.009276499522538843,
      1.64891018614137
    ]
  },
  {
    "label_id": "hBnUyUpsrVdakvbPwD61Mg",
    "size": [
      2.121899485155987,
      4.719133328876525,
      1.7132819752882176
    ],
    "obj_class": "vehicle",
    "point_num_in_lidar": 45,
    "speed": 4.162855988534374,
    "if_vehicle": true,
    "motion_state": true,
    "pose": [
      [
        -0.024601794013596637,
        -0.9995480252866742,
        -0.01727706215832306,
        3.289769524405642
      ],
      [
        0.9996449983644338,
        -0.02442000091557159,
        -0.010655552555091236,
        13.735430622153558
      ],
      [
        0.010228830641055186,
        -0.017533074482060488,
        0.9997939599352074,
        2.3487713730969
      ],
      [
        0.0,
        0.0,
        0.0,
        1.0
      ]
    ],
    "location": [
      3.289769524405642,
      13.735430622153558,
      2.3487713730969
    ],
    "rotation": [
      -0.017534890356457684,
      -0.010229009021467098,
      1.5954018907045087
    ]
  },
  {
    "label_id": "k5Ip01qDY2VUXAlx7LMOLA",
    "size": [
      2.1967840381490484,
      4.739418308262884,
      1.8418654036583062
    ],
    "obj_class": "vehicle",
    "point_num_in_lidar": 167,
    "speed": 0.02682007215847391,
    "if_vehicle": true,
    "motion_state": false,
    "pose": [
      [
        -0.07208647469170684,
        -0.9972487369205836,
        -0.01727706215832306,
        7.333424238143365
      ],
      [
        0.9973542417305123,
        -0.07190949660441459,
        -0.010655552555091236,
        33.70096509658288
      ],
      [
        0.00938385148414744,
        -0.017999472447833967,
        0.9997939599352074,
        2.5091809515422345
      ],
      [
        0.0,
        0.0,
        0.0,
        1.0
      ]
    ],
    "location": [
      7.333424238143365,
      33.70096509658288,
      2.5091809515422345
    ],
    "rotation": [
      -0.018001237171650357,
      -0.009383989208055063,
      1.6429485626804863
    ]
  },
  {
    "label_id": "p2OIsg8-KkP56hlc4kIVLA",
    "size": [
      1.9954562675447716,
      4.941560946358905,
      1.9100000000000046
    ],
    "obj_class": "vehicle",
    "point_num_in_lidar": 25,
    "speed": 1.7764956118577412e-13,
    "if_vehicle": true,
    "motion_state": false,
    "pose": [
      [
        -0.9981586724905112,
        0.05814436907524003,
        -0.01727706215832306,
        -37.825848160659845
      ],
      [
        -0.05796593399431694,
        -0.9982616939940708,
        -0.010655552555091236,
        58.02796161942911
      ],
      [
        -0.01786658971787228,
        -0.009634451148357677,
        0.9997939599352074,
        1.300250584049162
      ],
      [
        0.0,
        0.0,
        0.0,
        1.0
      ]
    ],
    "location": [
      -37.825848160659845,
      58.02796161942911,
      1.300250584049162
    ],
    "rotation": [
      -0.009636138374243477,
      0.017867540401764557,
      -3.083584939410474
    ]
  },
  {
    "label_id": "tReFCtpyXZbI7c8Dvs-O-g",
    "size": [
      2.296894800848468,
      4.865316304081679,
      1.770000000000004
    ],
    "obj_class": "vehicle",
    "point_num_in_lidar": 86,
    "speed": 8.884559321017419e-14,
    "if_vehicle": true,
    "motion_state": false,
    "pose": [
      [
        0.9967401755827433,
        -0.07880688740496823,
        -0.01727706215832306,
        -32.1448134042881
      ],
      [
        0.0786306245035272,
        0.9968468709335104,
        -0.010655552555091236,
        43.12768149468661
      ],
      [
        0.018062316281894905,
        0.009262311137597587,
        0.9997939599352074,
        1.6193790316427172
      ],
      [
        0.0,
        0.0,
        0.0,
        1.0
      ]
    ],
    "location": [
      -32.1448134042881,
      43.12768149468661,
      1.6193790316427172
    ],
    "rotation": [
      0.009263954915448055,
      -0.01806329855633857,
      0.07872474618768019
    ]
  },
  {
    "label_id": "wFMkUYbAaNEsNM4uQIEcrQ",
    "size": [
      2.0156157569784523,
      4.674700935570883,
      2.0100000000000042
    ],
    "obj_class": "vehicle",
    "point_num_in_lidar": 32,
    "speed": 0.013225681424527546,
    "if_vehicle": true,
    "motion_state": false,
    "pose": [
      [
        -0.1436153842100079,
        -0.9894827560606546,
        -0.01727706215832306,
        17.255459895909624
      ],
      [
        0.9896007148023894,
        -0.143446451550205,
        -0.010655552555091236,
        8.494750931804333
      ],
      [
        0.008065152249737058,
        -0.018627694335731176,
        0.9997939599352074,
        2.4520888396039644
      ],
      [
        0.0,
        0.0,
        0.0,
        1.0
      ]
    ],
    "location": [
      17.255459895909624,
      8.494750931804333,
      2.4520888396039644
    ],
    "rotation": [
      -0.018629377747227113,
      -0.008065239687527157,
      1.7149147571335213
    ]
  },
  {
    "label_id": "wlmF3TF9DxECjoBmVy78JA",
    "size": [
      2.098317963435852,
      4.960771741545302,
      1.5700000000000038
    ],
    "obj_class": "vehicle",
    "point_num_in_lidar": 1720,
    "speed": 4.076197102228689e-14,
    "if_vehicle": true,
    "motion_state": false,
    "pose": [
      [
        -0.03637013431901503,
        -0.9991890293897316,
        -0.01727706215832306,
        6.114010209600849
      ],
      [
        0.9992881364248084,
        -0.03618949571877126,
        -0.010655552555091236,
        55.55110640874534
      ],
      [
        0.01002166304812131,
        -0.017652307124758227,
        0.9997939599352074,
        2.930524800618493
      ],
      [
        0.0,
        0.0,
        0.0,
        1.0
      ]
    ],
    "location": [
      6.114010209600849,
      55.55110640874534,
      2.930524800618493
    ],
    "rotation": [
      -0.01765411065655536,
      -0.01002183080787056,
      1.607176311953122
    ]
  },
  {
    "label_id": "yBd--n9qvMYP_1Fg13haag",
    "size": [
      1.8813816673433115,
      4.012285060190761,
      1.7900000000000045
    ],
    "obj_class": "vehicle",
    "point_num_in_lidar": 28,
    "speed": 0.08868271427321783,
    "if_vehicle": true,
    "motion_state": false,
    "pose": [
      [
        0.994320979566994,
        -0.10501091712822504,
        -0.01727706215832306,
        17.862270023689305
      ],
      [
        0.1048375231900784,
        0.9944322766941524,
        -0.010655552555091236,
        2.645454757997527
      ],
      [
        0.018299817603005725,
        0.008783755049726283,
        0.9997939599352074,
        1.5932002669093404
      ],
      [
        0.0,
        0.0,
        0.0,
        1.0
      ]
    ],
    "location": [
      17.862270023689305,
      2.645454757997527,
      1.5932002669093404
    ],
    "rotation": [
      0.008785339197285722,
      -0.01830083914091526,
      0.10504817840169414
    ]
  },
  {
    "label_id": "zO-P9ZE6DYp5qSRJJwfdTA",
    "size": [
      1.9095696515532787,
      4.59872335147546,
      1.441329879502749
    ],
    "obj_class": "vehicle",
    "point_num_in_lidar": 132,
    "speed": 0.012345599782829895,
    "if_vehicle": true,
    "motion_state": false,
    "pose": [
      [
        0.07777966636501202,
        0.9968208598456018,
        -0.01727706215832306,
        -7.105028620506374
      ],
      [
        -0.9969273734939951,
        0.0776032936034935,
        -0.010655552555091236,
        26.457782435654735
      ],
      [
        -0.009280920132817894,
        0.018052761521859355,
        0.9997939599352074,
        2.0377131468376075
      ],
      [
        0.0,
        0.0,
        0.0,
        1.0
      ]
    ],
    "location": [
      -7.105028620506374,
      26.457782435654735,
      2.0377131468376075
    ],
    "rotation": [
      0.01805451990673373,
      0.009281053374065297,
      -1.4929346623336404
    ]
  }
]