[
  {
    "label_id": "472zhzURK8HtdFNUKxZWPQ",
    "size": [
      0.2576902984103993,
      0.14447754867912832,
      0.7231393673591384
    ],
    "obj_class": "sign",
    "point_num_in_lidar": 42,
    "speed": 0.0038500959836539565,
    "if_vehicle": false,
    "motion_state": false,
    "pose": [
      [
        -0.11904219575567473,
        -0.9928863696005892,
        0.0023691118652346254,
        -9.369902075668946
      ],
      [
        0.9928739403039075,
        -0.11905325489455842,
        -0.005259388215744878,
        32.911212381176824
      ],
      [
        0.0055040253506165515,
        0.0017261403111224517,
        0.9999833629338871,
        4.188448308614484
      ],
      [
        0.0,
        0.0,
        0.0,
        1.0
      ]
    ],
    "location": [
      -9.369902075668946,
      32.911212381176824,
      4.188448308614484
    ],
    "rotation": [
      0.0017261673150484563,
      -0.005504053141090069,
      1.690123305573473
    ]
  },
  {
    "label_id": "5hdqv8nDe8SFqec4R_p10g",
    "size": [
      1.968468181569933,
      4.640479928340582,
      1.6592291756713295
    ],
    "obj_class": "vehicle",
    "point_num_in_lidar": 374,
    "speed": 0.027977275352430955,
    "if_vehicle": true,
    "motion_state": false,
    "pose": [
      [
        0.9980802294326311,
        -0.06188895640319542,
        0.0023691118652346254,
        -21.13964290895474
      ],
      [
        0.061900710340630584,
        0.9980684550144452,
        -0.005259388215744878,
        51.428445516992156
      ],
      [
        -0.002039037771099398,
        0.005395941104380363,
        0.9999833629338871,
        2.485385774588924
      ],
      [
        0.0,
        0.0,
        0.0,
        1.0
      ]
    ],
    "location": [
      -21.13964290895474,
      51.428445516992156,
      2.485385774588924
    ],
    "rotation": [
      0.0053959785070723095,
      0.0020390391840447797,
      0.061940438391266325
    ]
  },
  {
    "label_id": "72Ruk2alY67J-_5Cp0_YSA",
    "size": [
      2.021146244156011,
      4.7632808137299545,
      1.620000000000004
    ],
    "obj_class": "vehicle",
    "point_num_in_lidar": 126,
    "speed": 1.897149936107019e-14,
    "if_vehicle": true,
    "motion_state": false,
    "pose": [
      [
        0.12957771650545166,
        0.9915664388704384,
        0.0023691118652346254,
        22.82483046536592
      ],
      [
        -0.9915538928510921,
        0.12958864304961748,
        -0.005259388215744878,
        9.885208739328846
      ],
      [
        -0.0055220428355718006,
        -0.0016676025773612012,
        0.9999833629338871,
        2.5629893009551803
      ],
      [
        0.0,
        0.0,
        0.0,
        1.0
      ]
    ],
    "location": [
      22.82483046536592,
      9.885208739328846,
      2.5629893009551803
    ],
    "rotation": [
      -0.0016676287759514524,
      0.0055220708998594235,
      -1.4408512404317586
    ]
  },
  {
    "label_id": "B5B-kmXqho_2g4pBQn0dGw",
    "size": [
      1.845688197646804,
      4.161034296729285,
      1.9076343825277733
    ],
    "obj_class": "vehicle",
    "point_num_in_lidar": 96,
    "speed": 0.013761253986339443,
    "if_vehicle": true,
    "motion_state": false,
    "pose": [
      [
        0.1589740900777724,
        0.9872799126858169,
        0.0023691118652346254,
        20.30714361338076
      ],
      [
        -0.9872670476398147,
        0.15898463913271615,
        -0.005259388215744878,
        8.838862859214942
      ],
      [
        -0.005569140733380781,
        -0.001502839620754842,
        0.9999833629338871,
        2.3770062344327143
      ],
      [
        0.0,
        0.0,
        0.0,
        1.0
      ]
    ],
    "location": [
      20.30714361338076,
      8.838862859214942,
      2.3770062344327143
    ],
    "rotation": [
      -0.0015028634925567629,
      0.00556916952190414,
      -1.4111423885731804
    ]
  },
  {
    "label_id": "B68oxBoB8uF9mptLVH6A2w",
    "size": [
      0.6519910263142864,
      0.5549595701117328,
      1.6700000000000044
    ],
    "obj_class": "pedestrian",
    "point_num_in_lidar": 104,
    "speed": 0.05778004917302956,
    "if_vehicle": false,
    "motion_state": false,
    "pose": [
      [
        -0.0523741454703509,
        -0.9986247224033764,
        0.0023691118652346254,
        7.333963036836508
      ],
      [
        0.9986130605384237,
        -0.05238601108768289,
        -0.005259388215744878,
        54.330305535304205
      ],
      [
        0.005376263417399959,
        0.002090370087003371,
        0.9999833629338871,
        3.043107705209179
      ],
      [
        0.0,
        0.0,
        0.0,
        1.0
      ]
    ],
    "location": [
      7.333963036836508,
      54.330305535304205,
      3.043107705209179
    ],
    "rotation": [
      0.0020904018203367985,
      -0.0053762893171764815,
      1.6231952040026212
    ]
  },
  {
    "label_id": "IM_cxNqgzXM4-kkGVbsqdQ",
    "size": [
      2.096093803103908,
      4.466935406550652,
      1.7700000000000042
    ],
    "obj_class": "vehicle",
    "point_num_in_lidar": 282,
    "speed": 8.258943526385444,
    "if_vehicle": true,
    "motion_state": true,
    "pose": [
      [
        -0.9947970429870073,
        0.10184905779277706,
        0.0023691118652346254,
        -25.368297636866757
      ],
      [
        -0.10186033028360135,
        -0.9947848068552877,
        -0.005259388215744878,
        54.58441106689327
      ],
      [
        0.001821092754935946,
        -0.005473342362015314,
        0.9999833629338871,
        2.4967650485361625
      ],
      [
        0.0,
        0.0,
        0.0,
        1.0
      ]
    ],
    "location": [
      -25.368297636866757,
      54.58441106689327,
      2.4967650485361625
    ],
    "rotation": [
      -0.005473378766301561,
      -0.001821093761509689,
      -3.0395551835643713
    ]
  },
  {
    "label_id": "ITXh4FH9PzsxvarppaZn8g",
    "size": [
      0.6186129950284577,
      0.1335933882509024,
      0.7150064582950781
    ],
    "obj_class": "sign",
    "point_num_in_lidar": 309,
    "speed": 0.04070822127315602,
    "if_vehicle": false,
    "motion_state": false,
    "pose": [
      [
        -0.9930693801339547,
        0.11750571709211832,
        0.0023691118652346254,
        8.028376947693346
      ],
      [
        -0.11751679545015267,
        -0.9930569679644381,
        -0.005259388215744878,
        46.923552738113244
      ],
      [
        0.0017346548619015328,
        -0.005501347829758899,
        0.9999833629338871,
        4.716794781850542
      ],
      [
        0.0,
        0.0,
        0.0,
        1.0
      ]
    ],
    "location": [
      8.028376947693346,
      46.923552738113244,
      4.716794781850542
    ],
    "rotation": [
      -0.005501383856691776,
      -0.0017346557318400715,
      -3.0238034968231644
    ]
  },
  {
    "label_id": "JAwyZSvzk47A6U7hkunwfQ",
    "size": [
      1.9450720312090208,
      4.501433535322379,
      1.5240725904478127
    ],
    "obj_class": "vehicle",
    "point_num_in_lidar": 48,
    "speed": 5.347542221830668e-14,
    "if_vehicle": true,
    "motion_state": false,
    "pose": [
      [
        0.9987472831527017,
        -0.049982513983064726,
        0.0023691118652346254,
        -43.84712239253848
      ],
      [
        0.04999440749391248,
        0.9987356497366702,
        -0.005259388215744878,
        42.5017649416817
      ],
      [
        -0.0021032390329881238,
        0.005371242035509735,
        0.9999833629338871,
        0.37193549608556786
      ],
      [
        0.0,
        0.0,
        0.0,
        1.0
      ]
    ],
    "location": [
      -43.84712239253848,
      42.5017649416817,
      0.37193549608556786
    ],
    "rotation": [
      0.005371279743145591,
      0.0021032405836442997,
      0.05001536801350989
    ]
  },
  {
    "label_id": "JpYKZOtPQGQOgSSfNX418Q",
    "size": [
      0.8302540052371437,
      0.8450825172515409,
      1.7800000000000042
    ],
    "obj_class": "pedestrian",
    "point_num_in_lidar": 690,
    "speed": 0.0026227318730913268,
    "if_vehicle": false,
    "motion_state": false,
    "pose": [
      [
        0.9960581037927818,
        -0.08867153532954081,
        0.0023691118652346254,
        4.757045801096922
      ],
      [
        0.0886829688081363,
        0.9960460179524695,
        -0.005259388215744878,
        55.22797991380662
      ],
      [
        -0.0018933864114667035,
        0.005448756126932533,
        0.9999833629338871,
        2.995342704676595
      ],
      [
        0.0,
        0.0,
        0.0,
        1.0
      ]
    ],
    "location": [
      4.757045801096922,
      55.22797991380662,
      2.995342704676595
    ],
    "rotation": [
      0.005448792855421859,
      0.0018933875427391722,
      0.08879978543077587
    ]
  },
  {
    "label_id": "U0Baavqmz4D7q9SZ3qExwA",
    "size": [
      0.6095680278108462,
      0.07759806835408467,
      0.8100000000000032
    ],
    "obj_class": "sign",
    "point_num_in_lidar": 61,
    "speed": 4.440892098500626e-15,
    "if_vehicle": false,
    "motion_state": false,
    "pose": [
      [
        0.9907751275227196,
        -0.13549551280876,
        0.0023691118652346254,
        -9.177884388598088
      ],
      [
        0.13550636425269624,
        0.9907625164905118,
        -0.005259388215744878,
        32.71503274327961
      ],
      [
        -0.001634603730094686,
        0.005531900765511987,
        0.9999833629338871,
        4.207469193783432
      ],
      [
        0.0,
        0.0,
        0.0,
        1.0
      ]
    ],
    "location": [
      -9.177884388598088,
      32.71503274327961,
      4.207469193783432
    ],
    "rotation": [
      0.005531936370922163,
      0.0016346044580198428,
      0.13592470554021457
    ]
  },
  {
    "label_id": "Z3bJL-eNNXFM_LalVkc8mw",
    "size": [
      2.1567569269841282,
      4.819571506707183,
      1.5762064264043985
    ],
    "obj_class": "vehicle",
    "point_num_in_lidar": 314,
    "speed": 1.0658141036401503e-13,
    "if_vehicle": true,
    "motion_state": false,
    "pose": [
      [
        0.9946621447456752,
        -0.10315815585257287,
        0.0023691118652346254,
        -25.497154581145466
      ],
      [
        0.10316941223047596,
        0.9946498937895757,
        -0.005259388215744878,
        43.53330057202936
      ],
      [
        -0.0018138880758822482,
        0.0054757342413674324,
        0.9999833629338871,
        1.8730811611394484
      ],
      [
        0.0,
        0.0,
        0.0,
        1.0
      ]
    ],
    "location": [
      -25.497154581145466,
      43.53330057202936,
      1.8730811611394484
    ],
    "rotation": [
      0.005475770613760779,
      0.001813889070556441,
      0.10335348638166002
    ]
  },
  {
    "label_id": "bKRJ8-zMfp6HhSzdwwk84A",
    "size": [
      2.1332235371234,
      5.12838055531279,
      1.9579890078509767
    ],
    "obj_class": "vehicle",
    "point_num_in_lidar": 72,
    "speed": 2.927062431268333,
    "if_vehicle": true,
    "motion_state": true,
    "pose": [
      [
        -0.046246776299726226,
        -0.9989272360842172,
        0.0023691118652346254,
        3.5100172617006393
      ],
      [
        0.9989156472321539,
        -0.0462587132372189,
        -0.005259388215744878,
        4.902940915005956
      ],
      [
        0.005363338200248714,
        0.0021233131619392514,
        0.9999833629338871,
        2.420710713704422
      ],
      [
        0.0,
        0.0,
        0.0,
        1.0
      ]
    ],
    "location": [
      3.5100172617006393,
      4.902940915005956,
      2.420710713704422
    ],
    "rotation": [
      0.0021233452971211684,
      -0.005363363913673344,
      1.6170602700203098
    ]
  },
  {
    "label_id": "bTdc7atlOXMKYWvvmPKLSg",
    "size": [
      1.9039549406769818,
      4.309394262143698,
      1.7600000000000042
    ],
    "obj_class": "vehicle",
    "point_num_in_lidar": 300,
    "speed": 1.7769118642034838e-13,
    "if_vehicle": true,
    "motion_state": false,
    "pose": [
      [
        -0.99362715384911,
        0.11269190939320864,
        0.0023691118652346254,
        -25.881011412212317
      ],
      [
        -0.11270304777070608,
        -0.9936147955112131,
        -0.005259388215744878,
        58.51488888098379
      ],
      [
        0.0017612941012458598,
        -0.005492877071519815,
        0.9999833629338871,
        2.1666032918294245
      ],
      [
        0.0,
        0.0,
        0.0,
        1.0
      ]
    ],
    "location": [
      -25.881011412212317,
      58.51488888098379,
      2.1666032918294245
    ],
    "rotation": [
      -0.005492913213498325,
      -0.0017612950118822423,
      -3.0286494638007504
    ]
  },
  {
    "label_id": "chI0ixZCYxKYW00RUnzfZw",
    "size": [
      2.1902599941162553,
      5.086278539715913,
      1.5167886578102792
    ],
    "obj_class": "vehicle",
    "point_num_in_lidar": 542,
    "speed": 0.007903077431223463,
    "if_vehicle": true,
    "motion_state": false,
    "pose": [
      [
        -0.07804251678121966,
        -0.9969472166987695,
        0.0023691118652346254,
        6.925605816074352
      ],
      [
        0.9969352534956425,
        -0.07805407851723932,
        -0.005259388215744878,
        38.81358188099159
      ],
      [
        0.00542825128677031,
        0.0019513952448409967,
        0.9999833629338871,
        2.6054762975602137
      ],
      [
        0.0,
        0.0,
        0.0,
        1.0
      ]
    ],
    "location": [
      6.925605816074352,
      38.81358188099159,
      2.6054762975602137
    ],
    "rotation": [
      0.0019514252338206502,
      -0.005428277945186277,
      1.6489194362420907
    ]
  },
  {
    "label_id": "hBnUyUpsrVdakvbPwD61Mg",
    "size": [
      2.12189948515609,
      4.719133328876525,
      1.7132819752882174
    ],
    "obj_class": "vehicle",
    "point_num_in_lidar": 152,
    "speed": 6.173838463144472,
    "if_vehicle": true,
    "motion_state": true,
    "pose": [
      [
        -0.03412654125154673,
        -0.9994147119645461,
        0.0023691118652346254,
        3.0672103283471586
      ],
      [
        0.9994032687582698,
        -0.03413861788182871,
        -0.005259388215744878,
        21.339036767174775
      ],
      [
        0.005337188163434946,
        0.0021882134132669697,
        0.9999833629338871,
        2.3168524510646966
      ],
      [
        0.0,
        0.0,
        0.0,
        1.0
      ]
    ],
    "location": [
      3.0672103283471586,
      21.339036767174775,
      2.3168524510646966
    ],
    "rotation": [
      0.002188246326568255,
      -0.0053372135025742595,
      1.6049299819512548
    ]
  },
  {
    "label_id": "k5Ip01qDY2VUXAlx7LMOLA",
    "size": [
      2.1967840381490484,
      4.739418308262884,
      1.8418654036583062
    ],
    "obj_class": "vehicle",
    "point_num_in_lidar": 374,
    "speed": 0.026820072158668447,
    "if_vehicle": true,
    "motion_state": false,
    "pose": [
      [
        -0.07209703356464672,
        -0.9973948090200532,
        0.0023691118652346254,
        7.336402850459095
      ],
      [
        0.9973829149640793,
        -0.0721086664233383,
        -0.005259388215744878,
        33.741079379987355
      ],
      [
        0.005416520002214956,
        0.0019837254093036313,
        0.9999833629338871,
        2.5385028129894365
      ],
      [
        0.0,
        0.0,
        0.0,
        1.0
      ]
    ],
    "location": [
      7.336402850459095,
      33.741079379987355,
      2.5385028129894365
    ],
    "rotation": [
      0.0019837558110031785,
      -0.005416546488163877,
      1.642957027161724
    ]
  },
  {
    "label_id": "p2OIsg8-KkP56hlc4kIVLA",
    "size": [
      1.995456267544771,
      4.941560946358905,
      1.9100000000000046
    ],
    "obj_class": "vehicle",
    "point_num_in_lidar": 62,
    "speed": 1.7764956118577412e-13,
    "if_vehicle": true,
    "motion_state": false,
    "pose": [
      [
        -0.9983048778728761,
        0.058152885776992416,
        0.0023691118652346254,
        -37.82584816065987
      ],
      [
        -0.058164683701655694,
        -0.9982931475300642,
        -0.005259388215744878,
        58.02796161942922
      ],
      [
        0.002059219538628823,
        -0.0053882715527004445,
        0.9999833629338871,
        1.3002505840491616
      ],
      [
        0.0,
        0.0,
        0.0,
        1.0
      ]
    ],
    "location": [
      -37.82584816065987,
      58.02796161942922,
      1.3002505840491616
    ],
    "rotation": [
      -0.005388309050786876,
      -0.002059220993945578,
      -3.0833949998759995
    ]
  },
  {
    "label_id": "tReFCtpyXZbI7c8Dvs-O-g",
    "size": [
      2.2968948008484658,
      4.865316304081679,
      1.770000000000004
    ],
    "obj_class": "vehicle",
    "point_num_in_lidar": 79,
    "speed": 8.884559321017419e-14,
    "if_vehicle": true,
    "motion_state": false,
    "pose": [
      [
        0.9968861731906449,
        -0.07881843065096951,
        0.0023691118652346254,
        -32.144813404288115
      ],
      [
        0.07882998307236441,
        0.9968742009924857,
        -0.005259388215744878,
        43.127681494686726
      ],
      [
        -0.0019471697723683705,
        0.005429768439950867,
        0.9999833629338871,
        1.619379031642719
      ],
      [
        0.0,
        0.0,
        0.0,
        1.0
      ]
    ],
    "location": [
      -32.144813404288115,
      43.127681494686726,
      1.619379031642719
    ],
    "rotation": [
      0.0054298054143091445,
      0.0019471710028098057,
      0.07891200590451054
    ]
  },
  {
    "label_id": "uek0tHD8C0uN8SyClf2LCw",
    "size": [
      0.49627236327699303,
      0.0968182875673449,
      0.5969548872180823
    ],
    "obj_class": "sign",
    "point_num_in_lidar": 31,
    "speed": 0.012262409579681693,
    "if_vehicle": false,
    "motion_state": false,
    "pose": [
      [
        0.9907751275225845,
        -0.1354955128097482,
        0.0023691118652346254,
        -9.197636957881642
      ],
      [
        0.13550636425368445,
        0.9907625164903767,
        -0.005259388215744878,
        32.78046877113593
      ],
      [
        -0.0016346037300891687,
        0.005531900765513618,
        0.9999833629338871,
        4.934649644911296
      ],
      [
        0.0,
        0.0,
        0.0,
        1.0
      ]
    ],
    "location": [
      -9.197636957881642,
      32.78046877113593,
      4.934649644911296
    ],
    "rotation": [
      0.005531936370923794,
      0.0016346044580143255,
      0.13592470554121197
    ]
  },
  {
    "label_id": "v0FEOUAnA4MWpgnxtYpEyQ",
    "size": [
      0.436911110314671,
      0.09646011325269921,
      0.5200000000000031
    ],
    "obj_class": "sign",
    "point_num_in_lidar": 38,
    "speed": 1.0667388882858399e-13,
    "if_vehicle": false,
    "motion_state": false,
    "pose": [
      [
        0.019475491476931672,
        0.9998075277475671,
        0.0023691118652346254,
        8.873809515992818
      ],
      [
        -0.9997962627649807,
        0.019487734521331453,
        -0.005259388215744878,
        38.01457923352973
      ],
      [
        -0.005304544552529602,
        -0.0022662000185641362,
        0.9999833629338871,
        3.8303070650090563
      ],
      [
        0.0,
        0.0,
        0.0,
        1.0
      ]
    ],
    "location": [
      8.873809515992818,
      38.01457923352973,
      3.8303070650090563
    ],
    "rotation": [
      -0.002266233842449763,
      0.005304569429560921,
      -1.5513193298887777
    ]
  },
  {
    "label_id": "wFMkUYbAaNEsNM4uQIEcrQ",
    "size": [
      2.0156157569784567,
      4.674700935570883,
      2.0100000000000042
    ],
    "obj_class": "vehicle",
    "point_num_in_lidar": 56,
    "speed": 0.013225681424516772,
    "if_vehicle": true,
    "motion_state": false,
    "pose": [
      [
        -0.14363642028647453,
        -0.9896276906373717,
        0.0023691118652346254,
        17.237627815995637
      ],
      [
        0.9896149908180897,
        -0.14364716768425498,
        -0.005259388215744878,
        8.486063100581077
      ],
      [
        0.005545152423481126,
        0.0015890689205547283,
        0.9999833629338871,
        2.3987353859274108
      ],
      [
        0.0,
        0.0,
        0.0,
        1.0
      ]
    ],
    "location": [
      17.237627815995637,
      8.486063100581077,
      2.3987353859274108
    ],
    "rotation": [
      0.0015890940208340162,
      -0.0055451808415933,
      1.7149335250932956
    ]
  },
  {
    "label_id": "wlmF3TF9DxECjoBmVy78JA",
    "size": [
      2.098317963435853,
      4.960771741545302,
      1.5700000000000038
    ],
    "obj_class": "vehicle",
    "point_num_in_lidar": 2947,
    "speed": 4.076197102228689e-14,
    "if_vehicle": true,
    "motion_state": false,
    "pose": [
      [
        -0.036375461637748935,
        -0.9993353856937173,
        0.0023691118652346254,
        6.114010209600849
      ],
      [
        0.9993239153400856,
        -0.036387512486532735,
        -0.005259388215744878,
        55.55110640874557
      ],
      [
        0.005342098838672617,
        0.002176197470765062,
        0.9999833629338871,
        2.930524800618494
      ],
      [
        0.0,
        0.0,
        0.0,
        1.0
      ]
    ],
    "location": [
      6.114010209600849,
      55.55110640874557,
      2.930524800618494
    ],
    "rotation": [
      0.0021762302413758853,
      -0.00534212424781951,
      1.6071803344549744
    ]
  },
  {
    "label_id": "yBd--n9qvMYP_1Fg13haag",
    "size": [
      1.881381667343314,
      4.012285060190761,
      1.7900000000000045
    ],
    "obj_class": "vehicle",
    "point_num_in_lidar": 96,
    "speed": 0.007822852260493824,
    "if_vehicle": true,
    "motion_state": false,
    "pose": [
      [
        0.9944666228229391,
        -0.10502629861186408,
        0.0023691118652346254,
        17.811215903276818
      ],
      [
        0.1050375319583128,
        0.9944543507450216,
        -0.005259388215744878,
        2.6479540632224143
      ],
      [
        -0.001803599524521686,
        0.005479131700283971,
        0.9999833629338871,
        1.5932002669093395
      ],
      [
        0.0,
        0.0,
        0.0,
        1.0
      ]
    ],
    "location": [
      17.811215903276818,
      2.6479540632224143,
      1.5932002669093395
    ],
    "rotation": [
      0.005479168027268488,
      0.0018036005023660158,
      0.10523181348822509
    ]
  },
  {
    "label_id": "zO-P9ZE6DYp5qSRJJwfdTA",
    "size": [
      1.9095696515532792,
      4.59872335147546,
      1.441329879502749
    ],
    "obj_class": "vehicle",
    "point_num_in_lidar": 228,
    "speed": 0.012345599782758888,
    "if_vehicle": true,
    "motion_state": false,
    "pose": [
      [
        0.07779105914872066,
        0.9969668692717378,
        0.0023691118652346254,
        -7.103562330894761
      ],
      [
        -0.9969549089851518,
        0.07780262390179311,
        -0.005259388215744878,
        26.439324667197525
      ],
      [
        -0.005427758923167967,
        -0.0019527643242035345,
        0.9999833629338871,
        2.0377131468376093
      ],
      [
        0.0,
        0.0,
        0.0,
        1.0
      ]
    ],
    "location": [
      -7.103562330894761,
      26.439324667197525,
      2.0377131468376093
    ],
    "rotation": [
      -0.0019527943307437552,
      0.00542778557433046,
      -1.4929254457243106
    ]
  }
]