[
  {
    "label_id": "0FthUnFInpdwtS3fei1NLw",
    "size": [
      2.239774383726547,
      4.869392282684742,
      2.1004180595197823
    ],
    "obj_class": "vehicle",
    "point_num_in_lidar": 26,
    "speed": 0.004987041557393891,
    "if_vehicle": true,
    "motion_state": false,
    "pose": [
      [
        0.03601330085738259,
        0.9993412822451964,
        -0.0044770260086583235,
        -2.633202734882559
      ],
      [
        -0.9987583037600578,
        0.035837260139699255,
        -0.03460551193107009,
        -54.83084771732922
      ],
      [
        -0.03442227232022254,
        0.00571772561479462,
        0.9993910219639289,
        -2.086333295214075
      ],
      [
        0.0,
        0.0,
        0.0,
        1.0
      ]
    ],
    "location": [
      -2.633202734882559,
      -54.83084771732922,
      -2.086333295214075
    ],
    "rotation": [
      0.00572114728440047,
      0.03442907373132524,
      -1.5347538679682111
    ]
  },
  {
    "label_id": "2ZzcZmYwGNGC34_vckVgMg",
    "size": [
      2.135233125361256,
      4.64124244299159,
      1.4900000000000038
    ],
    "obj_class": "vehicle",
    "point_num_in_lidar": 28,
    "speed": 8.89911452410874e-14,
    "if_vehicle": true,
    "motion_state": false,
    "pose": [
      [
        -0.08518182036806242,
        -0.9963553651769537,
        -0.0044770260086583235,
        20.650832836124167
      ],
      [
        0.9957817630564152,
        -0.08497728466034674,
        -0.03460551193107009,
        -50.447396535438884
      ],
      [
        0.03409894196364724,
        -0.007405901353208465,
        0.9993910219639289,
        -1.6169359320833632
      ],
      [
        0.0,
        0.0,
        0.0,
        1.0
      ]
    ],
    "location": [
      20.650832836124167,
      -50.447396535438884,
      -1.6169359320833632
    ],
    "rotation": [
      -0.007410278491375088,
      -0.03410555344527551,
      1.6561312435776474
    ]
  },
  {
    "label_id": "4n22DwAkHW5YGXpo4HZRiA",
    "size": [
      1.9872176007060078,
      4.063176975773814,
      1.603586986559588
    ],
    "obj_class": "vehicle",
    "point_num_in_lidar": 119,
    "speed": 0.04085546513459145,
    "if_vehicle": true,
    "motion_state": false,
    "pose": [
      [
        -0.9917952375496748,
        0.12775822091709715,
        -0.0044770260086583235,
        47.68106632084256
      ],
      [
        -0.12752931651894253,
        -0.9912309175828807,
        -0.03460551193107009,
        32.00783156404373
      ],
      [
        -0.008858905236843708,
        -0.033750629859282046,
        0.9993910219639289,
        3.9360441220306495
      ],
      [
        0.0,
        0.0,
        0.0,
        1.0
      ]
    ],
    "location": [
      47.68106632084256,
      32.00783156404373,
      3.9360441220306495
    ],
    "rotation": [
      -0.03375836594241981,
      0.008859021115714884,
      -3.013710052942883
    ]
  },
  {
    "label_id": "72Ruk2alY67J-_5Cp0_YSA",
    "size": [
      2.0211462441560113,
      4.7632808137299545,
      1.620000000000004
    ],
    "obj_class": "vehicle",
    "point_num_in_lidar": 438,
    "speed": 1.897149936107019e-14,
    "if_vehicle": true,
    "motion_state": false,
    "pose": [
      [
        0.129576781524228,
        0.9915592841217009,
        -0.0044770260086583235,
        22.824830465365892
      ],
      [
        -0.9909953848735898,
        0.1293468426488793,
        -0.03460551193107009,
        9.885208739328846
      ],
      [
        -0.03373432745835997,
        0.008920782971565764,
        0.9993910219639289,
        2.4048119495259215
      ],
      [
        0.0,
        0.0,
        0.0,
        1.0
      ]
    ],
    "location": [
      22.824830465365892,
      9.885208739328846,
      2.4048119495259215
    ],
    "rotation": [
      0.008925981781533815,
      0.03374072904187161,
      -1.4407797555516657
    ]
  },
  {
    "label_id": "AYQ7lrPVr4ZXBDuzirBKFQ",
    "size": [
      1.9693148807954024,
      4.321744333266535,
      1.7400000000000042
    ],
    "obj_class": "vehicle",
    "point_num_in_lidar": 104,
    "speed": 0.6863915378647713,
    "if_vehicle": true,
    "motion_state": false,
    "pose": [
      [
        -0.049064066061311265,
        -0.998785599445471,
        -0.0044770260086583235,
        5.394274097949278
      ],
      [
        0.9982049702202089,
        -0.04888042524017251,
        -0.03460551193107009,
        -21.4899007263283
      ],
      [
        0.03434464804307671,
        -0.006166876737119402,
        0.9993910219639289,
        0.11635717935226442
      ],
      [
        0.0,
        0.0,
        0.0,
        1.0
      ]
    ],
    "location": [
      5.394274097949278,
      -21.4899007263283,
      0.11635717935226442
    ],
    "rotation": [
      -0.006170556200603173,
      -0.03435140352885831,
      1.61990909683727
    ]
  },
  {
    "label_id": "B5B-kmXqho_2g4pBQn0dGw",
    "size": [
      1.8456881976467987,
      4.161034296729285,
      1.9076343825277733
    ],
    "obj_class": "vehicle",
    "point_num_in_lidar": 433,
    "speed": 0.013761253986234592,
    "if_vehicle": true,
    "motion_state": false,
    "pose": [
      [
        0.15897294298401632,
        0.9872727888669465,
        -0.0044770260086583235,
        20.293311501040193
      ],
      [
        -0.9867159685654342,
        0.15872635547370684,
        -0.03460551193107009,
        8.906265032396846
      ],
      [
        -0.03345445825264063,
        0.009918893129576641,
        0.9993910219639289,
        2.377006234432712
      ],
      [
        0.0,
        0.0,
        0.0,
        1.0
      ]
    ],
    "location": [
      20.293311501040193,
      8.906265032396846,
      2.377006234432712
    ],
    "rotation": [
      0.009924611334342585,
      0.03346070177358608,
      -1.4110558639927304
    ]
  },
  {
    "label_id": "C0ecke8GcghXZUAZbkXQUQ",
    "size": [
      1.0495355338302366,
      0.13964836255290564,
      1.0222362312174704
    ],
    "obj_class": "sign",
    "point_num_in_lidar": 228,
    "speed": 0.016673288265497445,
    "if_vehicle": false,
    "motion_state": false,
    "pose": [
      [
        -0.9798967653946563,
        0.19945497087615385,
        -0.0044770260086583235,
        15.933009775194705
      ],
      [
        -0.19918568442282922,
        -0.9793505611705123,
        -0.03460551193107009,
        14.286052786374853
      ],
      [
        -0.011286819308320489,
        -0.03301806971636836,
        0.9993910219639289,
        4.2866158504153145
      ],
      [
        0.0,
        0.0,
        0.0,
        1.0
      ]
    ],
    "location": [
      15.933009775194705,
      14.286052786374853,
      4.2866158504153145
    ],
    "rotation": [
      -0.03302617647807485,
      0.011287058964352661,
      -2.9410528217192247
    ]
  },
  {
    "label_id": "DAc1kIT_9M97g649quYMWg",
    "size": [
      2.157104036414042,
      4.930898524838149,
      1.7600000000000042
    ],
    "obj_class": "vehicle",
    "point_num_in_lidar": 234,
    "speed": 8.881784197001252e-14,
    "if_vehicle": true,
    "motion_state": false,
    "pose": [
      [
        -0.9974498831763254,
        0.07122981671780573,
        -0.0044770260086583235,
        34.63704200997966
      ],
      [
        -0.07103332841110396,
        -0.9968734748195623,
        -0.03460551193107009,
        29.882412968128165
      ],
      [
        -0.006927972746384742,
        -0.034199245774124726,
        0.9993910219639289,
        3.0400921510330177
      ],
      [
        0.0,
        0.0,
        0.0,
        1.0
      ]
    ],
    "location": [
      34.63704200997966,
      29.882412968128165,
      3.0400921510330177
    ],
    "rotation": [
      -0.03420673702941488,
      0.006928028167676184,
      -3.0704977441926635
    ]
  },
  {
    "label_id": "Igomu2nuSP6CbWRKi0IzQQ",
    "size": [
      0.8756509835635463,
      0.877486198740949,
      1.094815857252211
    ],
    "obj_class": "sign",
    "point_num_in_lidar": 59,
    "speed": 5.347542221830668e-14,
    "if_vehicle": false,
    "motion_state": false,
    "pose": [
      [
        -0.07846002902947485,
        -0.9969072073582433,
        -0.0044770260086583235,
        -7.138473223023283
      ],
      [
        0.9963322388059092,
        -0.07825936659591133,
        -0.03460551193107009,
        -15.156515008010047
      ],
      [
        0.03414811503873443,
        -0.00717575481709043,
        0.9993910219639289,
        0.036060336514377234
      ],
      [
        0.0,
        0.0,
        0.0,
        1.0
      ]
    ],
    "location": [
      -7.138473223023283,
      -15.156515008010047,
      0.036060336514377234
    ],
    "rotation": [
      -0.007180003972120581,
      -0.03415475517433191,
      1.6493830069098838
    ]
  },
  {
    "label_id": "KclHjYw0mozzMvMK8NDx3Q",
    "size": [
      2.0645906151284126,
      4.380822220647019,
      1.9700000000000042
    ],
    "obj_class": "vehicle",
    "point_num_in_lidar": 54,
    "speed": 0.014201015551703418,
    "if_vehicle": true,
    "motion_state": false,
    "pose": [
      [
        0.04405296611150668,
        0.9990191651889847,
        -0.0044770260086583235,
        -3.2746800107824043
      ],
      [
        -0.9984376220219346,
        0.04387224037102038,
        -0.03460551193107009,
        -43.69139457806716
      ],
      [
        -0.03437515247911593,
        0.005994506646185942,
        0.9993910219639289,
        -1.3330013017869113
      ],
      [
        0.0,
        0.0,
        0.0,
        1.0
      ]
    ],
    "location": [
      -3.2746800107824043,
      -43.69139457806716,
      -1.3330013017869113
    ],
    "rotation": [
      0.00599808746130773,
      0.034381925987669065,
      -1.5267030235221852
    ]
  },
  {
    "label_id": "MDY2OaEN7yUDXekR5XGt2g",
    "size": [
      2.08710332533388,
      4.843770780187469,
      1.6161237410335256
    ],
    "obj_class": "vehicle",
    "point_num_in_lidar": 158,
    "speed": 0.8830928203195165,
    "if_vehicle": true,
    "motion_state": false,
    "pose": [
      [
        -0.06917266638791737,
        -0.9975946563925167,
        -0.0044770260086583235,
        5.173432634256258
      ],
      [
        0.9970178440519054,
        -0.06897736720170437,
        -0.03460551193107009,
        -13.165978571724622
      ],
      [
        0.034213460317192204,
        -0.006857430350907835,
        0.9993910219639289,
        0.5630721460541093
      ],
      [
        0.0,
        0.0,
        0.0,
        1.0
      ]
    ],
    "location": [
      5.173432634256258,
      -13.165978571724622,
      0.5630721460541093
    ],
    "rotation": [
      -0.006861501237722587,
      -0.0342201386585842,
      1.6400648941973126
    ]
  },
  {
    "label_id": "MvRm0petZcTntUsaOWaEQA",
    "size": [
      2.2355196123449095,
      5.095232448087598,
      1.8026681047894613
    ],
    "obj_class": "vehicle",
    "point_num_in_lidar": 226,
    "speed": 7.771561172376096e-15,
    "if_vehicle": true,
    "motion_state": false,
    "pose": [
      [
        -0.9840445087476597,
        0.1778661323627823,
        -0.0044770260086583235,
        28.162866412523385
      ],
      [
        -0.17760891794941464,
        -0.9834925169053533,
        -0.03460551193107009,
        29.098908272491485
      ],
      [
        -0.010558270143119658,
        -0.03325820424314195,
        0.9993910219639289,
        2.675249612219961
      ],
      [
        0.0,
        0.0,
        0.0,
        1.0
      ]
    ],
    "location": [
      28.162866412523385,
      29.098908272491485,
      2.675249612219961
    ],
    "rotation": [
      -0.03326619343685624,
      0.010558466320461507,
      -2.9630263889231596
    ]
  },
  {
    "label_id": "P1zDWbP7n8FXjio1YG0jcQ",
    "size": [
      0.7306874758431136,
      0.6050986026232509,
      1.0793929034028356
    ],
    "obj_class": "sign",
    "point_num_in_lidar": 49,
    "speed": 8.881784197001252e-14,
    "if_vehicle": false,
    "motion_state": false,
    "pose": [
      [
        0.02010100287771914,
        0.9997879304739719,
        -0.0044770260086583235,
        11.19411228310625
      ],
      [
        -0.9992022235989187,
        0.019934264445039464,
        -0.03460551193107009,
        -3.724401707325569
      ],
      [
        -0.034508926936172996,
        0.005169059837872974,
        0.9993910219639289,
        0.8150378547658015
      ],
      [
        0.0,
        0.0,
        0.0,
        1.0
      ]
    ],
    "location": [
      11.19411228310625,
      -3.724401707325569,
      0.8150378547658015
    ],
    "rotation": [
      0.005172163478767817,
      0.03451577986073802,
      -1.5506819881111826
    ]
  },
  {
    "label_id": "Uewd-LzyluP8_XsiaH9KoQ",
    "size": [
      1.993585589883704,
      4.014706307395386,
      1.270000000000004
    ],
    "obj_class": "vehicle",
    "point_num_in_lidar": 239,
    "speed": 5.330226875058932e-14,
    "if_vehicle": true,
    "motion_state": false,
    "pose": [
      [
        0.9779257103445815,
        -0.20890490967223166,
        -0.0044770260086583235,
        27.219412051516414
      ],
      [
        0.20863036309574767,
        0.9773821310718367,
        -0.03460551193107009,
        18.830724662821126
      ],
      [
        0.011605026565328046,
        0.032907576275254126,
        0.9993910219639289,
        2.4210785685967524
      ],
      [
        0.0,
        0.0,
        0.0,
        1.0
      ]
    ],
    "location": [
      27.219412051516414,
      18.830724662821126,
      2.4210785685967524
    ],
    "rotation": [
      0.032915735853285895,
      -0.011605287068783249,
      0.21018866192813235
    ]
  },
  {
    "label_id": "Z5OZAUTb34FY2vz4RawbPg",
    "size": [
      1.8448350692434747,
      3.7343130673035665,
      1.7200000000000042
    ],
    "obj_class": "vehicle",
    "point_num_in_lidar": 287,
    "speed": 0.010856994075770655,
    "if_vehicle": true,
    "motion_state": false,
    "pose": [
      [
        -0.04157899688565143,
        -0.9991251889808906,
        -0.0044770260086583235,
        9.999231891291473
      ],
      [
        0.9985432000723611,
        -0.041399711753068294,
        -0.03460551193107009,
        -12.131009412158164
      ],
      [
        0.034389891061641434,
        -0.005909366350301209,
        0.9993910219639289,
        0.5507842610677107
      ],
      [
        0.0,
        0.0,
        0.0,
        1.0
      ]
    ],
    "location": [
      9.999231891291473,
      -12.131009412158164,
      0.5507842610677107
    ],
    "rotation": [
      -0.005912898306861937,
      -0.034396673289591416,
      1.6124119435418567
    ]
  },
  {
    "label_id": "_19zTcFKhyx8bj5ZARF6fw",
    "size": [
      0.35409005057298937,
      0.08913621921783488,
      0.5241381214598029
    ],
    "obj_class": "sign",
    "point_num_in_lidar": 36,
    "speed": 0.024632622768853314,
    "if_vehicle": false,
    "motion_state": false,
    "pose": [
      [
        -0.9844751317324738,
        0.1754670089744674,
        -0.0044770260086583235,
        24.565215499224948
      ],
      [
        -0.1752111407977518,
        -0.9839225145733473,
        -0.03460551193107009,
        16.66879082738967
      ],
      [
        -0.01047717236082449,
        -0.0332838410826517,
        0.9993910219639289,
        4.246941051858366
      ],
      [
        0.0,
        0.0,
        0.0,
        1.0
      ]
    ],
    "location": [
      24.565215499224948,
      16.66879082738967,
      4.246941051858366
    ],
    "rotation": [
      -0.033291817498735526,
      0.01047736405215381,
      -2.9654626627652325
    ]
  },
  {
    "label_id": "_97KU6k1lx7ZVpU6wBMpeg",
    "size": [
      2.288116665344516,
      5.071750066375591,
      1.921386651855216
    ],
    "obj_class": "vehicle",
    "point_num_in_lidar": 34,
    "speed": 0.02044706967744585,
    "if_vehicle": true,
    "motion_state": false,
    "pose": [
      [
        -0.08024524134095354,
        -0.9967650964396023,
        -0.0044770260086583235,
        10.74013791564596
      ],
      [
        0.9961904881710256,
        -0.08004354953125344,
        -0.03460551193107009,
        -29.588267362771035
      ],
      [
        0.03413520938423814,
        -0.00723689838175568,
        0.9993910219639289,
        -0.4507105830319649
      ],
      [
        0.0,
        0.0,
        0.0,
        1.0
      ]
    ],
    "location": [
      10.74013791564596,
      -29.588267362771035,
      -0.4507105830319649
    ],
    "rotation": [
      -0.0072411816136459806,
      -0.034141841991495246,
      1.6511748829115198
    ]
  },
  {
    "label_id": "aGftulTlWQgnp12qUJWKbw",
    "size": [
      2.1323454987412904,
      4.321089978804239,
      1.5900000000000043
    ],
    "obj_class": "vehicle",
    "point_num_in_lidar": 178,
    "speed": 5.333694441429199e-14,
    "if_vehicle": true,
    "motion_state": false,
    "pose": [
      [
        -0.9893691984555016,
        0.14535661452316492,
        -0.0044770260086583235,
        19.20077737686222
      ],
      [
        -0.14511772149333102,
        -0.9888090338647664,
        -0.03460551193107009,
        -2.3123379138672817
      ],
      [
        -0.009457063820350208,
        -0.033587931787942234,
        0.9993910219639289,
        1.2469517840861686
      ],
      [
        0.0,
        0.0,
        0.0,
        1.0
      ]
    ],
    "location": [
      19.20077737686222,
      -2.3123379138672817,
      1.2469517840861686
    ],
    "rotation": [
      -0.033595753297259466,
      0.009457204793105637,
      -2.9959541418939812
    ]
  },
  {
    "label_id": "bbXGUt1GvNBwGyS4Fx0khw",
    "size": [
      2.2276603373750437,
      4.893110129792886,
      2.0000000000000044
    ],
    "obj_class": "vehicle",
    "point_num_in_lidar": 30,
    "speed": 0.01921019260329886,
    "if_vehicle": true,
    "motion_state": false,
    "pose": [
      [
        -0.06772450868643334,
        -0.9976940147967706,
        -0.0044770260086583235,
        11.286196300309925
      ],
      [
        0.9971169195721699,
        -0.06753004699313629,
        -0.03460551193107009,
        -39.98426169286631
      ],
      [
        0.03422337835585268,
        -0.006807759675972105,
        0.9993910219639289,
        -0.9700905972380527
      ],
      [
        0.0,
        0.0,
        0.0,
        1.0
      ]
    ],
    "location": [
      11.286196300309925,
      -39.98426169286631,
      -0.9700905972380527
    ],
    "rotation": [
      -0.006811802618991569,
      -0.034230062508865663,
      1.6386125006920815
    ]
  },
  {
    "label_id": "c9nPCP9bzZhCpuh1N5SLEw",
    "size": [
      2.0621342759695476,
      4.46148502338097,
      1.740000000000004
    ],
    "obj_class": "vehicle",
    "point_num_in_lidar": 188,
    "speed": 7.113229329843194e-14,
    "if_vehicle": true,
    "motion_state": false,
    "pose": [
      [
        0.9864577128861374,
        -0.1639546794866453,
        -0.0044770260086583235,
        32.15599966290408
      ],
      [
        0.16370528428422765,
        0.9859021444552236,
        -0.03460551193107009,
        19.551079981530165
      ],
      [
        0.01008764515984793,
        0.03340396133728205,
        0.9993910219639289,
        2.957534023850331
      ],
      [
        0.0,
        0.0,
        0.0,
        1.0
      ]
    ],
    "location": [
      32.15599966290408,
      19.551079981530165,
      2.957534023850331
    ],
    "rotation": [
      0.033411877301287085,
      -0.010087816255128125,
      0.1644538907060165
    ]
  },
  {
    "label_id": "cWrnwHWpHiZpv2NMxXOYNQ",
    "size": [
      0.8143112167351388,
      0.1133305424362818,
      0.8722620774366554
    ],
    "obj_class": "sign",
    "point_num_in_lidar": 48,
    "speed": 0.010706505674874344,
    "if_vehicle": false,
    "motion_state": false,
    "pose": [
      [
        -0.9844751317326823,
        0.17546700897329834,
        -0.0044770260086583235,
        24.57761656064781
      ],
      [
        -0.1752111407965834,
        -0.9839225145735554,
        -0.03460551193107009,
        16.691628973821707
      ],
      [
        -0.010477172360784966,
        -0.03328384108266414,
        0.9993910219639289,
        4.9578059984431375
      ],
      [
        0.0,
        0.0,
        0.0,
        1.0
      ]
    ],
    "location": [
      24.57761656064781,
      16.691628973821707,
      4.9578059984431375
    ],
    "rotation": [
      -0.03329181749874796,
      0.010477364052114283,
      -2.9654626627664196
    ]
  },
  {
    "label_id": "csqfDiMmc-bQfxhgaeDxNg",
    "size": [
      2.1408995573179057,
      4.846744126654841,
      1.6700000000000044
    ],
    "obj_class": "vehicle",
    "point_num_in_lidar": 420,
    "speed": 1.790180836524724e-14,
    "if_vehicle": true,
    "motion_state": false,
    "pose": [
      [
        -0.9798694867963413,
        0.1995889402837549,
        -0.0044770260086583235,
        22.618919601616845
      ],
      [
        -0.19931957915602483,
        -0.9793233193940873,
        -0.03460551193107009,
        27.72764758778976
      ],
      [
        -0.011291333426112049,
        -0.03301652627630596,
        0.9993910219639289,
        2.435092151033033
      ],
      [
        0.0,
        0.0,
        0.0,
        1.0
      ]
    ],
    "location": [
      22.618919601616845,
      27.72764758778976,
      2.435092151033033
    ],
    "rotation": [
      -0.033024633781327264,
      0.011291573369818633,
      -2.9409161677809403
    ]
  },
  {
    "label_id": "gZx-F_SILPevRRlp_qUVpg",
    "size": [
      0.8564543580671995,
      0.16234088721920514,
      0.7366953327434969
    ],
    "obj_class": "sign",
    "point_num_in_lidar": 150,
    "speed": 0.014926125543038604,
    "if_vehicle": false,
    "motion_state": false,
    "pose": [
      [
        0.11302518709256879,
        0.993582036532871,
        -0.0044770260086583235,
        11.038565584463228
      ],
      [
        -0.9930143816064253,
        0.11280468282299845,
        -0.03460551193107009,
        -4.809884788200748
      ],
      [
        -0.03387838552083817,
        0.008357045673867048,
        0.9993910219639289,
        3.5928390602819684
      ],
      [
        0.0,
        0.0,
        0.0,
        1.0
      ]
    ],
    "location": [
      11.038565584463228,
      -4.809884788200748,
      3.5928390602819684
    ],
    "rotation": [
      0.008361943131957204,
      0.033884869494903026,
      -1.4574637652016311
    ]
  },
  {
    "label_id": "hky4AvJg64NsQt0WDUJuNQ",
    "size": [
      0.9187259394621041,
      1.0509933451569144,
      1.129999999999999
    ],
    "obj_class": "sign",
    "point_num_in_lidar": 25,
    "speed": 5.3290705182007514e-14,
    "if_vehicle": false,
    "motion_state": false,
    "pose": [
      [
        -0.15760865328314067,
        -0.9874915030765542,
        -0.0044770260086583235,
        12.761680662018364
      ],
      [
        0.9869343425908301,
        -0.15736283537987805,
        -0.03460551193107009,
        -29.876558422244216
      ],
      [
        0.03346813148475411,
        -0.009872658852246865,
        0.9993910219639289,
        -0.8037230152146444
      ],
      [
        0.0,
        0.0,
        0.0,
        1.0
      ]
    ],
    "location": [
      12.761680662018364,
      -29.876558422244216,
      -0.8037230152146444
    ],
    "rotation": [
      -0.0098783534195975,
      -0.03347438266680723,
      1.7291543593125902
    ]
  },
  {
    "label_id": "jnFuMwLMdo78WAAo52s7rQ",
    "size": [
      2.0335468155382395,
      4.433718205179106,
      1.7999999999999998
    ],
    "obj_class": "vehicle",
    "point_num_in_lidar": 24,
    "speed": 1.7772239894833365e-14,
    "if_vehicle": true,
    "motion_state": false,
    "pose": [
      [
        -0.9857249866157727,
        0.1683039126088644,
        -0.0044770260086583235,
        63.070650411093844
      ],
      [
        -0.16805206946604634,
        -0.9851705235603467,
        -0.03460551193107009,
        34.291510061581675
      ],
      [
        -0.010234877112775046,
        -0.033359144299277686,
        0.9993910219639289,
        4.869734747462701
      ],
      [
        0.0,
        0.0,
        0.0,
        1.0
      ]
    ],
    "location": [
      63.070650411093844,
      34.291510061581675,
      4.869734747462701
    ],
    "rotation": [
      -0.03336708293054294,
      0.010235055809716903,
      -2.9727304224853324
    ]
  },
  {
    "label_id": "nqMf1rffkjVD53zLzdDAHg",
    "size": [
      0.666062746044303,
      0.16234088722241258,
      0.5449604285819107
    ],
    "obj_class": "sign",
    "point_num_in_lidar": 67,
    "speed": 0.009770655215863558,
    "if_vehicle": false,
    "motion_state": false,
    "pose": [
      [
        0.11158672237215392,
        0.9937446148927588,
        -0.0044770260086583235,
        11.050777026451485
      ],
      [
        -0.9931766413509401,
        0.11136704009200636,
        -0.03460551193107009,
        -4.8440040978435945
      ],
      [
        -0.03389044799210881,
        0.008307993306918659,
        0.9993910219639289,
        2.9090787093279933
      ],
      [
        0.0,
        0.0,
        0.0,
        1.0
      ]
    ],
    "location": [
      11.050777026451485,
      -4.8440040978435945,
      2.9090787093279933
    ],
    "rotation": [
      0.008312864286743764,
      0.033896938896928,
      -1.458912184308088
    ]
  },
  {
    "label_id": "op516gA0LiM91RFRCh0Qwg",
    "size": [
      1.9930368581776385,
      4.7185740620167955,
      1.9805953887445877
    ],
    "obj_class": "vehicle",
    "point_num_in_lidar": 143,
    "speed": 0.01771926406181369,
    "if_vehicle": true,
    "motion_state": false,
    "pose": [
      [
        0.04247662838632117,
        0.9990874297472909,
        -0.0044770260086583235,
        -4.486321333374846
      ],
      [
        -0.9985056021495495,
        0.04229682044733234,
        -0.03460551193107009,
        -21.559417026748406
      ],
      [
        -0.03438456800507577,
        0.005940261021029042,
        0.9993910219639289,
        0.17378596426347137
      ],
      [
        0.0,
        0.0,
        0.0,
        1.0
      ]
    ],
    "location": [
      -4.486321333374846,
      -21.559417026748406,
      0.17378596426347137
    ],
    "rotation": [
      0.005943810716773542,
      0.03439134708302375,
      -1.5282817598198544
    ]
  },
  {
    "label_id": "pxlvHJXKoVATrn0S41cZGw",
    "size": [
      2.0170536919773876,
      4.5101862892036415,
      1.7510405738906096
    ],
    "obj_class": "vehicle",
    "point_num_in_lidar": 45,
    "speed": 0.05729302481341234,
    "if_vehicle": true,
    "motion_state": false,
    "pose": [
      [
        -0.989238174033261,
        0.14624565386177155,
        -0.0044770260086583235,
        56.516062269769385
      ],
      [
        -0.14600625753569657,
        -0.9886782243502727,
        -0.03460551193107009,
        33.4011882175995
      ],
      [
        -0.009487243844190982,
        -0.03357941962176383,
        0.9993910219639289,
        4.6406452387258454
      ],
      [
        0.0,
        0.0,
        0.0,
        1.0
      ]
    ],
    "location": [
      56.516062269769385,
      33.4011882175995,
      4.6406452387258454
    ],
    "rotation": [
      -0.03358724555147186,
      0.009487386170940163,
      -2.9950559570287
    ]
  },
  {
    "label_id": "r-HKQWyS8-4ke1oBbGnZHQ",
    "size": [
      2.060766498187098,
      3.992494696156682,
      1.354308642745714
    ],
    "obj_class": "vehicle",
    "point_num_in_lidar": 672,
    "speed": 3.4541255491362954,
    "if_vehicle": true,
    "motion_state": true,
    "pose": [
      [
        -0.05746062542398351,
        -0.9983377348192355,
        -0.0044770260086583235,
        4.0657325355967515
      ],
      [
        0.9977586702652333,
        -0.05727210887108946,
        -0.03460551193107009,
        -2.4919280314315984
      ],
      [
        0.034291579672537965,
        -0.006455445875818205,
        0.9993910219639289,
        1.27649719119669
      ],
      [
        0.0,
        0.0,
        0.0,
        1.0
      ]
    ],
    "location": [
      4.0657325355967515,
      -2.4919280314315984,
      1.27649719119669
    ],
    "rotation": [
      -0.006459289662153658,
      -0.03429830388049892,
      1.6283224892916603
    ]
  },
  {
    "label_id": "w2b6yPYIcJd1yncEZRKzCg",
    "size": [
      2.1256082735303297,
      4.734156701634378,
      2.2
    ],
    "obj_class": "vehicle",
    "point_num_in_lidar": 93,
    "speed": 0.0,
    "if_vehicle": true,
    "motion_state": false,
    "pose": [
      [
        -0.9875906591683624,
        0.15698613366000522,
        -0.0044770260086583235,
        40.08204686325945
      ],
      [
        -0.15674066702469458,
        -0.9870333438362873,
        -0.03460551193107009,
        30.749494280395652
      ],
      [
        -0.009851559473151927,
        -0.03347434829598013,
        0.9993910219639289,
        3.468621185431576
      ],
      [
        0.0,
        0.0,
        0.0,
        1.0
      ]
    ],
    "location": [
      40.08204686325945,
      30.749494280395652,
      3.468621185431576
    ],
    "rotation": [
      -0.033482228389315395,
      0.009851718834380097,
      -2.9841952926146424
    ]
  },
  {
    "label_id": "wFMkUYbAaNEsNM4uQIEcrQ",
    "size": [
      2.0156157569784567,
      4.674700935570883,
      2.0100000000000042
    ],
    "obj_class": "vehicle",
    "point_num_in_lidar": 1356,
    "speed": 0.02400818624409337,
    "if_vehicle": true,
    "motion_state": false,
    "pose": [
      [
        -0.14363538386324165,
        -0.9896205498778695,
        -0.0044770260086583235,
        17.178623104269803
      ],
      [
        0.9890599705794721,
        -0.1433974656028554,
        -0.03460551193107009,
        8.449310786187539
      ],
      [
        0.03360433156295108,
        -0.009398623202410375,
        0.9993910219639289,
        2.2208652486862572
      ],
      [
        0.0,
        0.0,
        0.0,
        1.0
      ]
    ],
    "location": [
      17.178623104269803,
      8.449310786187539,
      2.2208652486862572
    ],
    "rotation": [
      -0.009404073013965427,
      -0.033610659400447496,
      1.7150122662354095
    ]
  },
  {
    "label_id": "wzDW0bBrRBKQMSmNIPQ14Q",
    "size": [
      2.0823029386308893,
      4.474294176516248,
      1.5900000000000043
    ],
    "obj_class": "vehicle",
    "point_num_in_lidar": 233,
    "speed": 0.002888619823170293,
    "if_vehicle": true,
    "motion_state": false,
    "pose": [
      [
        -0.9879268553244688,
        0.15485633589499506,
        -0.0044770260086583235,
        18.49090980110722
      ],
      [
        -0.15461207150788742,
        -0.987369012015279,
        -0.03460551193107009,
        0.17316973609160868
      ],
      [
        -0.009779359526351727,
        -0.03349551231356211,
        0.9993910219639289,
        1.2294881697288997
      ],
      [
        0.0,
        0.0,
        0.0,
        1.0
      ]
    ],
    "location": [
      18.49090980110722,
      0.17316973609160868,
      1.2294881697288997
    ],
    "rotation": [
      -0.03350338155646943,
      0.009779515409324289,
      -2.9863503785727494
    ]
  },
  {
    "label_id": "yBd--n9qvMYP_1Fg13haag",
    "size": [
      1.881381667343313,
      4.012285060190761,
      1.7900000000000045
    ],
    "obj_class": "vehicle",
    "point_num_in_lidar": 432,
    "speed": 0.007822852260621358,
    "if_vehicle": true,
    "motion_state": false,
    "pose": [
      [
        0.9944594471476288,
        -0.10502554078389723,
        -0.0044770260086583235,
        17.77790679919262
      ],
      [
        0.10480961193489724,
        0.9938900360653813,
        -0.03460551193107009,
        2.668459039861091
      ],
      [
        0.008084134145875315,
        0.03394454290464272,
        0.9993910219639289,
        1.5932002669093386
      ],
      [
        0.0,
        0.0,
        0.0,
        1.0
      ]
    ],
    "location": [
      17.77790679919262,
      2.668459039861091,
      1.5932002669093386
    ],
    "rotation": [
      0.03395217483831117,
      -0.00808422220250447,
      0.10500590059594746
    ]
  }
]