[
  {
    "label_id": "0FthUnFInpdwtS3fei1NLw",
    "size": [
      2.2397743837265485,
      4.869392282684742,
      2.1004180595197823
    ],
    "obj_class": "vehicle",
    "point_num_in_lidar": 896,
    "speed": 0.003840514076096276,
    "if_vehicle": true,
    "motion_state": false,
    "pose": [
      [
        0.036007680378311764,
        0.9991853182922951,
        -0.018224891300048455,
        -2.638155578090334
      ],
      [
        -0.9968906127337981,
        0.034634004300717856,
        -0.07077847122770242,
        -54.80589840493542
      ],
      [
        -0.07008960833822787,
        0.02071679162474481,
        0.9973255543441023,
        -2.091486562723813
      ],
      [
        0.0,
        0.0,
        0.0,
        1.0
      ]
    ],
    "location": [
      -2.638155578090334,
      -54.80589840493542,
      -2.091486562723813
    ],
    "rotation": [
      0.02076935921982224,
      0.07014712206006538,
      -1.5346920311183152
    ]
  },
  {
    "label_id": "2ZzcZmYwGNGC34_vckVgMg",
    "size": [
      2.1352331253612515,
      4.64124244299159,
      1.4900000000000038
    ],
    "obj_class": "vehicle",
    "point_num_in_lidar": 221,
    "speed": 8.89911452410874e-14,
    "if_vehicle": true,
    "motion_state": false,
    "pose": [
      [
        -0.08516852631761447,
        -0.9961998672264455,
        -0.018224891300048455,
        20.650832836124195
      ],
      [
        0.9939755919274238,
        -0.08368351488314239,
        -0.07077847122770242,
        -50.447396535438884
      ],
      [
        0.06898438067717666,
        -0.024143195207255705,
        0.9973255543441023,
        -1.919954413889025
      ],
      [
        0.0,
        0.0,
        0.0,
        1.0
      ]
    ],
    "location": [
      20.650832836124195,
      -50.447396535438884,
      -1.919954413889025
    ],
    "rotation": [
      -0.024203210870945638,
      -0.06903921250641791,
      1.6562722763470383
    ]
  },
  {
    "label_id": "BOBPYchErBQE6-5HVkKRGA",
    "size": [
      0.5102401153011138,
      0.08965668545129057,
      0.5251665147398521
    ],
    "obj_class": "sign",
    "point_num_in_lidar": 38,
    "speed": 0.0007493286240932427,
    "if_vehicle": false,
    "motion_state": false,
    "pose": [
      [
        -0.05047298224080978,
        -0.9985591276438368,
        -0.018224891300048455,
        13.792508360283549
      ],
      [
        0.9962845547240827,
        -0.04906622085412332,
        -0.07077847122770242,
        -44.019430362985304
      ],
      [
        0.06978226194352834,
        -0.02172957823507107,
        0.9973255543441023,
        0.4167934212459947
      ],
      [
        0.0,
        0.0,
        0.0,
        1.0
      ]
    ],
    "location": [
      13.792508360283549,
      -44.019430362985304,
      0.4167934212459947
    ],
    "rotation": [
      -0.021784401994817112,
      -0.06983902127469924,
      1.6214142629637016
    ]
  },
  {
    "label_id": "FC_Nzw77TdePKfA1A8_YUw",
    "size": [
      1.979197955930265,
      4.6815017276940125,
      1.6894924373811975
    ],
    "obj_class": "vehicle",
    "point_num_in_lidar": 227,
    "speed": 0.029302881163270067,
    "if_vehicle": true,
    "motion_state": false,
    "pose": [
      [
        0.09148730269258358,
        0.9956394562205424,
        -0.018224891300048455,
        -1.870186063345301
      ],
      [
        -0.993424647494805,
        0.08998820900813684,
        -0.07077847122770242,
        -67.25104192035906
      ],
      [
        -0.06882981327781158,
        0.024580387636708896,
        0.9973255543441023,
        -3.097551881351932
      ],
      [
        0.0,
        0.0,
        0.0,
        1.0
      ]
    ],
    "location": [
      -1.870186063345301,
      -67.25104192035906,
      -3.097551881351932
    ],
    "rotation": [
      0.024641314266888183,
      0.06888427683737931,
      -1.4789625136297262
    ]
  },
  {
    "label_id": "HQ79XKCpGS7EMRFYkBU-8A",
    "size": [
      0.5102401153011138,
      0.08965668545129057,
      0.5251665147398521
    ],
    "obj_class": "sign",
    "point_num_in_lidar": 39,
    "speed": 0.0007493286239008205,
    "if_vehicle": false,
    "motion_state": false,
    "pose": [
      [
        -0.05047298224080978,
        -0.9985591276438368,
        -0.018224891300048455,
        13.78970875978996
      ],
      [
        0.9962845547240827,
        -0.04906622085412332,
        -0.07077847122770242,
        -44.02252417807233
      ],
      [
        0.06978226194352834,
        -0.02172957823507107,
        0.9973255543441023,
        0.8305627039026904
      ],
      [
        0.0,
        0.0,
        0.0,
        1.0
      ]
    ],
    "location": [
      13.78970875978996,
      -44.02252417807233,
      0.8305627039026904
    ],
    "rotation": [
      -0.021784401994817112,
      -0.06983902127469924,
      1.6214142629637016
    ]
  },
  {
    "label_id": "KclHjYw0mozzMvMK8NDx3Q",
    "size": [
      2.064590615128412,
      4.380822220647019,
      1.9700000000000042
    ],
    "obj_class": "vehicle",
    "point_num_in_lidar": 2612,
    "speed": 0.04508632986610542,
    "if_vehicle": true,
    "motion_state": false,
    "pose": [
      [
        0.044046090907954416,
        0.9988632515078477,
        -0.018224891300048455,
        -3.296851875348935
      ],
      [
        -0.9965796730083196,
        0.04265399579523996,
        -0.07077847122770242,
        -43.66453039408316
      ],
      [
        -0.06992064947037649,
        0.02128007119043587,
        0.9973255543441023,
        -1.3404892194047608
      ],
      [
        0.0,
        0.0,
        0.0,
        1.0
      ]
    ],
    "location": [
      -3.296851875348935,
      -43.66453039408316,
      -1.3404892194047608
    ],
    "rotation": [
      0.021333899009183057,
      0.06997774765416928,
      -1.5266278114000504
    ]
  },
  {
    "label_id": "LL6B_Rm4x-qfLkApf2lzsQ",
    "size": [
      0.7653894297313428,
      0.8266685395879885,
      1.0311899151793327
    ],
    "obj_class": "sign",
    "point_num_in_lidar": 252,
    "speed": 2.360366527284141e-14,
    "if_vehicle": false,
    "motion_state": false,
    "pose": [
      [
        -0.01843310873717037,
        -0.9996639804651287,
        -0.018224891300048455,
        -5.069669196648093
      ],
      [
        0.9973454758657124,
        -0.017099993592542388,
        -0.07077847122770242,
        -42.40214562827862
      ],
      [
        0.07044304275426595,
        -0.019481180142638627,
        0.9973255543441023,
        -1.6337060339246952
      ],
      [
        0.0,
        0.0,
        0.0,
        1.0
      ]
    ],
    "location": [
      -5.069669196648093,
      -42.40214562827862,
      -1.6337060339246952
    ],
    "rotation": [
      -0.019530937429539295,
      -0.07050143223813367,
      1.5892763928846074
    ]
  },
  {
    "label_id": "Nqn-60j6K3SDijkPy2jP0A",
    "size": [
      0.7617642865803218,
      1.0236133004027541,
      1.1999999999999993
    ],
    "obj_class": "sign",
    "point_num_in_lidar": 66,
    "speed": 1.9860273225978185e-14,
    "if_vehicle": false,
    "motion_state": false,
    "pose": [
      [
        -0.032881117610551916,
        -0.9992930928620405,
        -0.018224891300048455,
        14.254831837314441
      ],
      [
        0.9969941003924566,
        -0.03151462824317753,
        -0.07077847122770242,
        -58.6382563183073
      ],
      [
        0.07015408674708433,
        -0.020497384343175263,
        0.9973255543441023,
        -2.608640509427598
      ],
      [
        0.0,
        0.0,
        0.0,
        1.0
      ]
    ],
    "location": [
      14.254831837314441,
      -58.6382563183073,
      -2.608640509427598
    ],
    "rotation": [
      -0.020549457455973127,
      -0.0702117595784771,
      1.6037646300241304
    ]
  },
  {
    "label_id": "QDVEnIR7naYiy3U9lHiF0Q",
    "size": [
      2.082181077124263,
      5.2704203782678345,
      2.0460419520279647
    ],
    "obj_class": "vehicle",
    "point_num_in_lidar": 346,
    "speed": 3.554447978966673e-14,
    "if_vehicle": true,
    "motion_state": false,
    "pose": [
      [
        0.1518945477442539,
        0.9882286677195062,
        -0.018224891300048455,
        23.03487676081643
      ],
      [
        -0.986109170047718,
        0.15026347779307614,
        -0.07077847122770242,
        -67.30073489691517
      ],
      [
        -0.06720677877542969,
        0.028722596311262196,
        0.9973255543441023,
        -2.576068504380123
      ],
      [
        0.0,
        0.0,
        0.0,
        1.0
      ]
    ],
    "location": [
      23.03487676081643,
      -67.30073489691517,
      -2.576068504380123
    ],
    "rotation": [
      0.028791660979909425,
      0.06725747459984294,
      -1.4179632948039471
    ]
  },
  {
    "label_id": "R9GNlFkDZMkdo8iVjWgl3A",
    "size": [
      3.7688700330460185,
      12.908695691698984,
      3.736177492803977
    ],
    "obj_class": "vehicle",
    "point_num_in_lidar": 397,
    "speed": 8.252024888576873,
    "if_vehicle": true,
    "motion_state": true,
    "pose": [
      [
        -0.9865542571753523,
        0.16241474990372815,
        -0.018224891300048455,
        60.05636381012143
      ],
      [
        -0.16076119089626137,
        -0.9844522576094208,
        -0.07077847122770242,
        -75.28959442918892
      ],
      [
        -0.02943700308803449,
        -0.06689694687670228,
        0.9973255543441023,
        -0.7971154300799448
      ],
      [
        0.0,
        0.0,
        0.0,
        1.0
      ]
    ],
    "location": [
      60.05636381012143,
      -75.28959442918892,
      -0.7971154300799448
    ],
    "rotation": [
      -0.06697601218777541,
      0.029441256122809675,
      -2.980060210106836
    ]
  },
  {
    "label_id": "SjUOrL45KnzmIi-re1XD_A",
    "size": [
      2.3214774507527793,
      4.913178953138767,
      1.6300000000000043
    ],
    "obj_class": "vehicle",
    "point_num_in_lidar": 354,
    "speed": 2.1317438523750434e-13,
    "if_vehicle": true,
    "motion_state": false,
    "pose": [
      [
        -0.04982136500284405,
        -0.9985918510214046,
        -0.018224891300048455,
        12.564276301109828
      ],
      [
        0.9963163606083861,
        -0.04841608818078648,
        -0.07077847122770242,
        -59.36544086234653
      ],
      [
        0.06979642665146817,
        -0.02168403742192637,
        0.9973255543441023,
        -2.431492298325156
      ],
      [
        0.0,
        0.0,
        0.0,
        1.0
      ]
    ],
    "location": [
      12.564276301109828,
      -59.36544086234653,
      -2.431492298325156
    ],
    "rotation": [
      -0.02173876067965903,
      -0.06985322060413739,
      1.6207602761123219
    ]
  },
  {
    "label_id": "TDnHTGfixp8YOmZl6aYmUg",
    "size": [
      0.7962296755069175,
      1.1287846662723604,
      1.0511899151793331
    ],
    "obj_class": "sign",
    "point_num_in_lidar": 52,
    "speed": 3.580361673049448e-14,
    "if_vehicle": false,
    "motion_state": false,
    "pose": [
      [
        -0.01843310873719168,
        -0.9996639804651283,
        -0.018224891300048455,
        -4.2683393382922645
      ],
      [
        0.9973454758657121,
        -0.01709999359256365,
        -0.07077847122770242,
        -55.671295923906314
      ],
      [
        0.07044304275426554,
        -0.01948118014264013,
        0.9973255543441023,
        -2.4846310973135077
      ],
      [
        0.0,
        0.0,
        0.0,
        1.0
      ]
    ],
    "location": [
      -4.2683393382922645,
      -55.671295923906314,
      -2.4846310973135077
    ],
    "rotation": [
      -0.0195309374295408,
      -0.07050143223813325,
      1.5892763928846287
    ]
  },
  {
    "label_id": "TSkHv1dU9BwYbpsysO-m5g",
    "size": [
      2.2370752438411037,
      4.880771797860977,
      1.4175253135198727
    ],
    "obj_class": "vehicle",
    "point_num_in_lidar": 25,
    "speed": 1.8144039911477493e-30,
    "if_vehicle": true,
    "motion_state": false,
    "pose": [
      [
        0.983750462953676,
        -0.17861377319660957,
        -0.018224891300048455,
        34.06533083671199
      ],
      [
        0.17692587652618094,
        0.9816759354420949,
        -0.07077847122770242,
        -54.86470768051379
      ],
      [
        0.030532947022373153,
        0.06640389896955022,
        0.9973255543441023,
        -2.046761259773718
      ],
      [
        0.0,
        0.0,
        0.0,
        1.0
      ]
    ],
    "location": [
      34.06533083671199,
      -54.86470768051379,
      -2.046761259773718
    ],
    "rotation": [
      0.06648384023137204,
      -0.03053769312559272,
      0.17794602288320974
    ]
  },
  {
    "label_id": "_97KU6k1lx7ZVpU6wBMpeg",
    "size": [
      2.2881166653445177,
      5.071750066375591,
      1.921386651855216
    ],
    "obj_class": "vehicle",
    "point_num_in_lidar": 3887,
    "speed": 0.03757784367548401,
    "if_vehicle": true,
    "motion_state": false,
    "pose": [
      [
        -0.08023271772638381,
        -0.9966095345436647,
        -0.018224891300048455,
        10.818687117008906
      ],
      [
        0.994377930399745,
        -0.078758742654956,
        -0.07077847122770242,
        -29.656869734294332
      ],
      [
        0.06910312974213759,
        -0.02380117879581972,
        0.9973255543441023,
        -0.4834394427707158
      ],
      [
        0.0,
        0.0,
        0.0,
        1.0
      ]
    ],
    "location": [
      10.818687117008906,
      -29.656869734294332,
      -0.4834394427707158
    ],
    "rotation": [
      -0.02386047532179962,
      -0.06915824562821628,
      1.6513082524979321
    ]
  },
  {
    "label_id": "agustPTQy50BIJjPrfHUJg",
    "size": [
      1.911136329831005,
      4.4729556239008765,
      1.3933782373620502
    ],
    "obj_class": "vehicle",
    "point_num_in_lidar": 158,
    "speed": 0.021956372918621098,
    "if_vehicle": true,
    "motion_state": false,
    "pose": [
      [
        0.15873381421234453,
        0.9871531945765574,
        -0.018224891300048455,
        25.335268859832695
      ],
      [
        -0.985045041927256,
        0.1570881070775256,
        -0.07077847122770242,
        -66.55912378809228
      ],
      [
        -0.06700628030365309,
        0.02918727551686779,
        0.9973255543441023,
        -2.6523765819292633
      ],
      [
        0.0,
        0.0,
        0.0,
        1.0
      ]
    ],
    "location": [
      25.335268859832695,
      -66.55912378809228,
      -2.6523765819292633
    ],
    "rotation": [
      0.029257193875607063,
      0.06705652314620786,
      -1.4110261005304483
    ]
  },
  {
    "label_id": "auOooDPcS5q1p_53EHycZg",
    "size": [
      2.0646533219326875,
      4.50592062313768,
      1.5935171151616743
    ],
    "obj_class": "vehicle",
    "point_num_in_lidar": 183,
    "speed": 5.370542509574172e-14,
    "if_vehicle": true,
    "motion_state": false,
    "pose": [
      [
        -0.9858991668310254,
        0.16634508161948067,
        -0.018224891300048455,
        36.10929174461119
      ],
      [
        -0.16468315884264736,
        -0.9838037737294348,
        -0.07077847122770242,
        -73.01347211095026
      ],
      [
        -0.029703367410070628,
        -0.06677910314410963,
        0.9973255543441023,
        -2.5919570897987088
      ],
      [
        0.0,
        0.0,
        0.0,
        1.0
      ]
    ],
    "location": [
      36.10929174461119,
      -73.01347211095026,
      -2.5919570897987088
    ],
    "rotation": [
      -0.06685838076305002,
      0.029707736975991814,
      -2.9760821738971286
    ]
  },
  {
    "label_id": "b4zV2_qtCFu2PXzfOzUGDg",
    "size": [
      2.041593439597834,
      4.159733527544294,
      1.4200000000000035
    ],
    "obj_class": "vehicle",
    "point_num_in_lidar": 36,
    "speed": 0.005672255105446136,
    "if_vehicle": true,
    "motion_state": false,
    "pose": [
      [
        -0.059518227878694575,
        -0.9980608367666179,
        -0.018224891300048455,
        8.010927975673283
      ],
      [
        0.9957991029907662,
        -0.05809091575672453,
        -0.07077847122770242,
        -102.4224565177451
      ],
      [
        0.06958251959339606,
        -0.022360939588128487,
        0.9973255543441023,
        -3.48078455005398
      ],
      [
        0.0,
        0.0,
        0.0,
        1.0
      ]
    ],
    "location": [
      8.010927975673283,
      -102.4224565177451,
      -3.48078455005398
    ],
    "rotation": [
      -0.02241714723493899,
      -0.069638792213008,
      1.6304946188508735
    ]
  },
  {
    "label_id": "bbXGUt1GvNBwGyS4Fx0khw",
    "size": [
      2.2276603373750423,
      4.893110129792886,
      2.0000000000000044
    ],
    "obj_class": "vehicle",
    "point_num_in_lidar": 2925,
    "speed": 0.04837735129175722,
    "if_vehicle": true,
    "motion_state": false,
    "pose": [
      [
        -0.06771393914200145,
        -0.9975383079275577,
        -0.018224891300048455,
        11.349882895317961
      ],
      [
        0.9952883738830961,
        -0.0662680980850649,
        -0.07077847122770242,
        -39.978417363499034
      ],
      [
        0.06939650754192031,
        -0.02293171151949795,
        0.9973255543441023,
        -0.970090597238042
      ],
      [
        0.0,
        0.0,
        0.0,
        1.0
      ]
    ],
    "location": [
      11.349882895317961,
      -39.978417363499034,
      -0.970090597238042
    ],
    "rotation": [
      -0.02298915480971888,
      -0.06945232942140364,
      1.638726139352255
    ]
  },
  {
    "label_id": "bt0JgK4wmCTNwXTjOI9DVA",
    "size": [
      0.8338709143193954,
      0.776021301024688,
      1.126207121866221
    ],
    "obj_class": "sign",
    "point_num_in_lidar": 368,
    "speed": 7.108895957933346e-14,
    "if_vehicle": false,
    "motion_state": false,
    "pose": [
      [
        -0.132350940396823,
        -0.9910353585585018,
        -0.018224891300048455,
        -5.439584353165131
      ],
      [
        0.9888840663327916,
        -0.13076204098970196,
        -0.07077847122770242,
        -30.965258991537326
      ],
      [
        0.06776084362815886,
        -0.027389901844100922,
        0.9973255543441023,
        -0.9102236686037966
      ],
      [
        0.0,
        0.0,
        0.0,
        1.0
      ]
    ],
    "location": [
      -5.439584353165131,
      -30.965258991537326,
      -0.9102236686037966
    ],
    "rotation": [
      -0.027456449594200887,
      -0.0678128054089757,
      1.7038443481035328
    ]
  },
  {
    "label_id": "e395WJBHUGGz23_cnf-9bQ",
    "size": [
      2.2143668834732653,
      4.400387997189263,
      1.7363276684535638
    ],
    "obj_class": "vehicle",
    "point_num_in_lidar": 230,
    "speed": 0.2537168924868826,
    "if_vehicle": true,
    "motion_state": false,
    "pose": [
      [
        -0.9867488557507409,
        0.16122825128278587,
        -0.018224891300048455,
        24.60480852649026
      ],
      [
        -0.15957722123129883,
        -0.9846448692166971,
        -0.07077847122770242,
        -80.78418126045494
      ],
      [
        -0.029356534855136156,
        -0.06693229798481787,
        0.9973255543441023,
        -2.5332128265425853
      ],
      [
        0.0,
        0.0,
        0.0,
        1.0
      ]
    ],
    "location": [
      24.60480852649026,
      -80.78418126045494,
      -2.5332128265425853
    ],
    "rotation": [
      -0.06701129924535547,
      0.02936075309822103,
      -2.9812605819342157
    ]
  },
  {
    "label_id": "fc4qoqiOrYcBeCY2itubyA",
    "size": [
      1.9746309587090425,
      4.268983569132553,
      1.4639776465190382
    ],
    "obj_class": "vehicle",
    "point_num_in_lidar": 1085,
    "speed": 0.007650863886138117,
    "if_vehicle": true,
    "motion_state": false,
    "pose": [
      [
        -0.08156183810721641,
        -0.9965016406919127,
        -0.018224891300048455,
        11.60891156645556
      ],
      [
        0.9942720043934457,
        -0.08008488802582958,
        -0.07077847122770242,
        -44.909485332136
      ],
      [
        0.06907132432502347,
        -0.02389332141450198,
        0.9973255543441023,
        -1.5928278074466427
      ],
      [
        0.0,
        0.0,
        0.0,
        1.0
      ]
    ],
    "location": [
      11.60891156645556,
      -44.909485332136,
      -1.5928278074466427
    ],
    "rotation": [
      -0.023952812238462566,
      -0.06912636403395175,
      1.652644778899767
    ]
  },
  {
    "label_id": "iuT6AwtQpCbc9M0iGh3j9w",
    "size": [
      2.131744392604768,
      4.751092980351478,
      1.712260309168392
    ],
    "obj_class": "vehicle",
    "point_num_in_lidar": 124,
    "speed": 4.2731058327749265,
    "if_vehicle": true,
    "motion_state": true,
    "pose": [
      [
        -0.9971347363743733,
        0.07341778294603245,
        -0.018224891300048455,
        29.89040961402631
      ],
      [
        -0.07195909809450518,
        -0.9948931079327543,
        -0.07077847122770242,
        -77.13839980968771
      ],
      [
        -0.023328217185089272,
        -0.06926422550779432,
        0.9973255543441023,
        -2.488325493306819
      ],
      [
        0.0,
        0.0,
        0.0,
        1.0
      ]
    ],
    "location": [
      29.89040961402631,
      -77.13839980968771,
      -2.488325493306819
    ],
    "rotation": [
      -0.06933862840996612,
      0.02333033359495003,
      -3.0695516690995803
    ]
  },
  {
    "label_id": "j4pYCjXzBIBJETm7p7ALAg",
    "size": [
      0.47355499497979436,
      0.11589494026634384,
      0.5419955349083043
    ],
    "obj_class": "sign",
    "point_num_in_lidar": 26,
    "speed": 0.002348577391201698,
    "if_vehicle": false,
    "motion_state": false,
    "pose": [
      [
        0.05504068624435008,
        0.9983177731538453,
        -0.018224891300048455,
        -3.8856528544553157
      ],
      [
        -0.9960496597221393,
        0.053623533808207294,
        -0.07077847122770242,
        -70.385744808641
      ],
      [
        -0.06968212270849432,
        0.022048592405584964,
        0.9973255543441023,
        -1.729418191271117
      ],
      [
        0.0,
        0.0,
        0.0,
        1.0
      ]
    ],
    "location": [
      -3.8856528544553157,
      -70.385744808641,
      -1.729418191271117
    ],
    "rotation": [
      0.02210411762790861,
      0.0697386376806464,
      -1.515593491395552
    ]
  },
  {
    "label_id": "p65_dOfmQkmZo7JqvWBsSw",
    "size": [
      0.8916477119127266,
      1.3736536652180864,
      1.8155989146434655
    ],
    "obj_class": "pedestrian",
    "point_num_in_lidar": 39,
    "speed": 0.3177706612439762,
    "if_vehicle": false,
    "motion_state": false,
    "pose": [
      [
        0.17541475684792845,
        0.9843259198136985,
        -0.018224891300048455,
        -6.95646843542103
      ],
      [
        -0.9822459160842051,
        0.17373361317422173,
        -0.07077847122770242,
        -77.08508637235161
      ],
      [
        -0.0665028075789507,
        0.030316913371026665,
        0.9973255543441023,
        -3.376235460923474
      ],
      [
        0.0,
        0.0,
        0.0,
        1.0
      ]
    ],
    "location": [
      -6.95646843542103,
      -77.08508637235161,
      -3.376235460923474
    ],
    "rotation": [
      0.0303888537553681,
      0.06655192487316448,
      -1.394073953745675
    ]
  },
  {
    "label_id": "rmtoge8lH9ELbT6J6nkCPw",
    "size": [
      2.043702290774901,
      4.743477809726895,
      1.5709305980602917
    ],
    "obj_class": "vehicle",
    "point_num_in_lidar": 98,
    "speed": 8.881784197001252e-14,
    "if_vehicle": true,
    "motion_state": false,
    "pose": [
      [
        0.9904327917636888,
        -0.13678720092277272,
        -0.018224891300048455,
        -12.596471384913954
      ],
      [
        0.13518868454179547,
        0.9882886357651435,
        -0.07077847122770242,
        -95.63829459510919
      ],
      [
        0.02769304192472333,
        0.06763751977404844,
        0.9973255543441023,
        -3.9281010208725755
      ],
      [
        0.0,
        0.0,
        0.0,
        1.0
      ]
    ],
    "location": [
      -12.596471384913954,
      -95.63829459510919,
      -3.9281010208725755
    ],
    "rotation": [
      0.06771520824817667,
      -0.027696582800246984,
      0.13565624173364635
    ]
  }
]