[
  {
    "label_id": "0L-3S6d4T_UzRwP8bBLWPw",
    "size": [
      1.0005134366907271,
      0.17236365891478306,
      1.2307200681417845
    ],
    "obj_class": "sign",
    "point_num_in_lidar": 120,
    "speed": 0.026950612136407003,
    "if_vehicle": false,
    "motion_state": false,
    "pose": [
      [
        -0.9843739649339819,
        0.1717042130713619,
        -0.03905842257050526,
        31.11189451048643
      ],
      [
        -0.17223761219883826,
        -0.9849972860068145,
        0.010702873597879685,
        -90.40618529371056
      ],
      [
        -0.03663471173892881,
        0.017262959559529095,
        0.9991796075396313,
        0.41813759918073945
      ],
      [
        0.0,
        0.0,
        0.0,
        1.0
      ]
    ],
    "location": [
      31.11189451048643,
      -90.40618529371056,
      0.41813759918073945
    ],
    "rotation": [
      0.01727541482646172,
      0.03664291127925911,
      -2.968374420590451
    ]
  },
  {
    "label_id": "0TY9adTc_a_8XikubLjEaQ",
    "size": [
      1.75180300228237,
      3.6262086963623896,
      1.4016411182827389
    ],
    "obj_class": "vehicle",
    "point_num_in_lidar": 80,
    "speed": 1.1261646758212185e-28,
    "if_vehicle": true,
    "motion_state": false,
    "pose": [
      [
        0.9870409685595315,
        -0.15564242998413305,
        -0.03905842257050526,
        58.288495358318606
      ],
      [
        0.15616560216287168,
        0.9876728978755343,
        0.010702873597879685,
        -84.38789720248576
      ],
      [
        0.03691112415207109,
        -0.016663756802676257,
        0.9991796075396313,
        -1.9206679329730667
      ],
      [
        0.0,
        0.0,
        0.0,
        1.0
      ]
    ],
    "location": [
      58.288495358318606,
      -84.38789720248576,
      -1.9206679329730667
    ],
    "rotation": [
      -0.016675892901664394,
      -0.036919510772037215,
      0.15691523922208708
    ]
  },
  {
    "label_id": "1XKPhdrMV7D5bx3A7iy9uw",
    "size": [
      0.5086562409535531,
      0.11826239189538383,
      0.5109150442958192
    ],
    "obj_class": "sign",
    "point_num_in_lidar": 25,
    "speed": 0.03880377478044954,
    "if_vehicle": false,
    "motion_state": false,
    "pose": [
      [
        -0.9850272314516022,
        0.16791602938699873,
        -0.03905842257050526,
        -27.86641577086324
      ],
      [
        -0.16844702663448835,
        -0.985652599912742,
        0.010702873597879685,
        -100.63024525998787
      ],
      [
        -0.03670085171752214,
        0.01712189709573088,
        0.9991796075396313,
        -2.4034249092779314
      ],
      [
        0.0,
        0.0,
        0.0,
        1.0
      ]
    ],
    "location": [
      -27.86641577086324,
      -100.63024525998787,
      -2.4034249092779314
    ],
    "rotation": [
      0.01713427832689873,
      0.03670909576621918,
      -2.9722234760484905
    ]
  },
  {
    "label_id": "4AeZa77bkV7le7_KKTO9gw",
    "size": [
      1.8546698662589942,
      4.570722738993197,
      1.7243322628737179
    ],
    "obj_class": "vehicle",
    "point_num_in_lidar": 36,
    "speed": 5.630152802991186e-29,
    "if_vehicle": true,
    "motion_state": false,
    "pose": [
      [
        0.98117001589469,
        -0.18915559609886648,
        -0.03905842257050526,
        70.69492613162716
      ],
      [
        0.18969997876735492,
        0.9817837677169107,
        0.010702873597879685,
        -82.5859036834812
      ],
      [
        0.03632241683697213,
        -0.017910720590461695,
        0.9991796075396313,
        -1.4774028001641026
      ],
      [
        0.0,
        0.0,
        0.0,
        1.0
      ]
    ],
    "location": [
      70.69492613162716,
      -82.5859036834812,
      -1.4774028001641026
    ],
    "rotation": [
      -0.017923506907114157,
      -0.03633040838525226,
      0.19098414713978049
    ]
  },
  {
    "label_id": "739MebKySTL_wlcubUtzJg",
    "size": [
      0.9999999999999973,
      1.0,
      1.6400000000000041
    ],
    "obj_class": "pedestrian",
    "point_num_in_lidar": 42,
    "speed": 1.5928122395703497,
    "if_vehicle": false,
    "motion_state": true,
    "pose": [
      [
        0.06546064628454984,
        0.997090438934359,
        -0.03905842257050526,
        -4.895730583659073
      ],
      [
        -0.9977672225971813,
        0.06592433547222473,
        0.010702873597879685,
        -113.76775132903606
      ],
      [
        0.013246633486122723,
        0.03827059678438105,
        0.9991796075396313,
        -4.222437555998348
      ],
      [
        0.0,
        0.0,
        0.0,
        1.0
      ]
    ],
    "location": [
      -4.895730583659073,
      -113.76775132903606,
      -4.222437555998348
    ],
    "rotation": [
      0.038283305683825194,
      -0.013247020921795695,
      -1.5052830828677048
    ]
  },
  {
    "label_id": "FCe2iMQkD29pq_6yzIk13w",
    "size": [
      0.5331272326096282,
      0.085936283990451,
      0.6341245749102216
    ],
    "obj_class": "sign",
    "point_num_in_lidar": 25,
    "speed": 0.00924008876460049,
    "if_vehicle": false,
    "motion_state": false,
    "pose": [
      [
        -0.9874180070637225,
        0.15323223862037125,
        -0.03905842257050526,
        38.91803502338708
      ],
      [
        -0.1537538664697082,
        -0.9880512117508703,
        0.010702873597879685,
        -70.6259880378999
      ],
      [
        -0.0369516964687913,
        0.016573593606296195,
        0.9991796075396313,
        -0.8528023497851089
      ],
      [
        0.0,
        0.0,
        0.0,
        1.0
      ]
    ],
    "location": [
      38.91803502338708,
      -70.6259880378999,
      -0.8528023497851089
    ],
    "rotation": [
      0.01658568063119348,
      0.03696011078597728,
      -2.987120110838822
    ]
  },
  {
    "label_id": "Fx7eRIb3HDnYZKvfiwRh2w",
    "size": [
      2.1616555084859317,
      4.945521685175522,
      1.9600000000000044
    ],
    "obj_class": "vehicle",
    "point_num_in_lidar": 150,
    "speed": 3.331857899572695e-28,
    "if_vehicle": true,
    "motion_state": false,
    "pose": [
      [
        0.9858596802535183,
        -0.16295744989639016,
        -0.03905842257050526,
        -46.54520082908118
      ],
      [
        0.16348529369665243,
        0.9864877126663398,
        0.010702873597879685,
        -100.98980257447681
      ],
      [
        0.036786540953859206,
        -0.016937009228266502,
        0.9991796075396313,
        -4.775246195475241
      ],
      [
        0.0,
        0.0,
        0.0,
        1.0
      ]
    ],
    "location": [
      -46.54520082908118,
      -100.98980257447681,
      -4.775246195475241
    ],
    "rotation": [
      -0.016949292389282576,
      -0.036794842905706046,
      0.164334693656179
    ]
  },
  {
    "label_id": "QDVEnIR7naYiy3U9lHiF0Q",
    "size": [
      2.0821810771242686,
      5.2704203782678345,
      2.0460419520279647
    ],
    "obj_class": "vehicle",
    "point_num_in_lidar": 941,
    "speed": 3.078988241089659e-30,
    "if_vehicle": true,
    "motion_state": false,
    "pose": [
      [
        0.15180385403584704,
        0.9876386128165338,
        -0.03905842257050526,
        23.03487676081641
      ],
      [
        -0.9882725713359168,
        0.15232456545758793,
        0.010702873597879685,
        -67.30073489691529
      ],
      [
        0.016520128478871656,
        0.0369756302446614,
        0.9991796075396313,
        -2.649268745518574
      ],
      [
        0.0,
        0.0,
        0.0,
        1.0
      ]
    ],
    "location": [
      23.03487676081641,
      -67.30073489691529,
      -2.649268745518574
    ],
    "rotation": [
      0.03698911101150887,
      -0.016520880002004145,
      -1.418382342067787
    ]
  },
  {
    "label_id": "R9GNlFkDZMkdo8iVjWgl3A",
    "size": [
      3.7688700330461553,
      12.908695691698984,
      3.736177492803977
    ],
    "obj_class": "vehicle",
    "point_num_in_lidar": 963,
    "speed": 0.2202231341804783,
    "if_vehicle": true,
    "motion_state": false,
    "pose": [
      [
        -0.9868793496743461,
        0.1566639359030771,
        -0.03905842257050526,
        35.81771244133715
      ],
      [
        -0.15718776184964325,
        -0.9875107371676765,
        0.010702873597879685,
        -78.99914571181864
      ],
      [
        -0.036893857361889305,
        0.016701950961157546,
        0.9991796075396313,
        -1.7308990545736904
      ],
      [
        0.0,
        0.0,
        0.0,
        1.0
      ]
    ],
    "location": [
      35.81771244133715,
      -78.99914571181864,
      -1.7308990545736904
    ],
    "rotation": [
      0.016714107766725408,
      0.03690223221292959,
      -2.9836418511614347
    ]
  },
  {
    "label_id": "RIGkOpXIIKDuFZVaTZWJwg",
    "size": [
      0.5331272326094372,
      0.085936283990451,
      0.4941245749102219
    ],
    "obj_class": "sign",
    "point_num_in_lidar": 25,
    "speed": 0.016623451026278355,
    "if_vehicle": false,
    "motion_state": false,
    "pose": [
      [
        -0.9832364966979982,
        0.178102305395947,
        -0.03905842257050526,
        38.91675997615452
      ],
      [
        -0.17863974691553225,
        -0.9838563357110135,
        0.010702873597879685,
        -70.60540149113513
      ],
      [
        -0.036521670046725865,
        0.017500842663895694,
        0.9991796075396313,
        -0.27704631531229484
      ],
      [
        0.0,
        0.0,
        0.0,
        1.0
      ]
    ],
    "location": [
      38.91675997615452,
      -70.60540149113513,
      -0.27704631531229484
    ],
    "rotation": [
      0.0175134212203279,
      0.0365297938881653,
      -2.961867659356687
    ]
  },
  {
    "label_id": "T1crxPSUfT-4K4xwSV1uPA",
    "size": [
      1.8978891977530148,
      4.256426255755278,
      1.3700000000000037
    ],
    "obj_class": "vehicle",
    "point_num_in_lidar": 175,
    "speed": 1.676787254065089,
    "if_vehicle": true,
    "motion_state": true,
    "pose": [
      [
        -0.046185113289311325,
        -0.9981690112084012,
        -0.03905842257050526,
        11.07063696501433
      ],
      [
        0.998854626812363,
        -0.04663564079416961,
        0.010702873597879685,
        -101.51960419664192
      ],
      [
        -0.01250479132126904,
        -0.03851937267090236,
        0.9991796075396313,
        -3.4804216921292452
      ],
      [
        0.0,
        0.0,
        0.0,
        1.0
      ]
    ],
    "location": [
      11.07063696501433,
      -101.51960419664192,
      -3.4804216921292452
    ],
    "rotation": [
      -0.0385319187293193,
      0.012505117239502064,
      1.6170014904308156
    ]
  },
  {
    "label_id": "VzUz0V5Me5lZL90Hr-sPyA",
    "size": [
      2.236017690453783,
      4.518482971237546,
      1.7189099499414766
    ],
    "obj_class": "vehicle",
    "point_num_in_lidar": 67,
    "speed": 2.199182980450532e-30,
    "if_vehicle": true,
    "motion_state": false,
    "pose": [
      [
        -0.9790858668209081,
        0.19966297858605345,
        -0.03905842257050526,
        61.10246318292386
      ],
      [
        -0.20021390946103323,
        -0.9796937475329099,
        0.010702873597879685,
        -68.92365893058582
      ],
      [
        -0.036128324758839606,
        0.01829907175427656,
        0.9991796075396313,
        -1.7803146885220968
      ],
      [
        0.0,
        0.0,
        0.0,
        1.0
      ]
    ],
    "location": [
      61.10246318292386,
      -68.92365893058582,
      -1.7803146885220968
    ],
    "rotation": [
      0.018312049359508347,
      0.03613618883000333,
      -2.9398829094367374
    ]
  },
  {
    "label_id": "YNxoawT6vIVOXCltkBdhSg",
    "size": [
      2.091082450963097,
      4.688438300872428,
      1.2315137479379885
    ],
    "obj_class": "vehicle",
    "point_num_in_lidar": 113,
    "speed": 4.2237028244407674e-29,
    "if_vehicle": true,
    "motion_state": false,
    "pose": [
      [
        -0.97976343425232,
        0.19631111157650652,
        -0.03905842257050526,
        50.84767723705317
      ],
      [
        -0.1968599588923262,
        -0.9803731968396827,
        0.010702873597879685,
        -60.43858690969455
      ],
      [
        -0.03619073758589886,
        0.018175323654255858,
        0.9991796075396313,
        -2.177449054183999
      ],
      [
        0.0,
        0.0,
        0.0,
        1.0
      ]
    ],
    "location": [
      50.84767723705317,
      -60.43858690969455,
      -2.177449054183999
    ],
    "rotation": [
      0.01818824090005048,
      0.03619864249987961,
      -2.9433068569970704
    ]
  },
  {
    "label_id": "agustPTQy50BIJjPrfHUJg",
    "size": [
      1.9111363298310051,
      4.4729556239008765,
      1.3933782373620502
    ],
    "obj_class": "vehicle",
    "point_num_in_lidar": 34,
    "speed": 0.06926953518734663,
    "if_vehicle": true,
    "motion_state": false,
    "pose": [
      [
        0.15863903689166545,
        0.9865637818207136,
        -0.03905842257050526,
        25.347147621483828
      ],
      [
        -0.9871941195181896,
        0.159164125623377,
        0.010702873597879685,
        -66.82491387219
      ],
      [
        0.016775767129736094,
        0.03686035151971846,
        0.9991796075396313,
        -2.998506002123542
      ],
      [
        0.0,
        0.0,
        0.0,
        1.0
      ]
    ],
    "location": [
      25.347147621483828,
      -66.82491387219,
      -2.998506002123542
    ],
    "rotation": [
      0.03687389492560625,
      -0.016776554086589575,
      -1.4114616317416164
    ]
  },
  {
    "label_id": "auOooDPcS5q1p_53EHycZg",
    "size": [
      2.064653321932688,
      4.50592062313768,
      1.5935171151616743
    ],
    "obj_class": "vehicle",
    "point_num_in_lidar": 197,
    "speed": 9.857549417170338e-29,
    "if_vehicle": true,
    "motion_state": false,
    "pose": [
      [
        -0.9853105028342938,
        0.16624575973760924,
        -0.03905842257050526,
        36.10929174461118
      ],
      [
        -0.1667756959639045,
        -0.9859367706564671,
        0.010702873597879685,
        -73.01347211095037
      ],
      [
        -0.03672982766344452,
        0.017059649373947012,
        0.9991796075396313,
        -2.671957089798725
      ],
      [
        0.0,
        0.0,
        0.0,
        1.0
      ]
    ],
    "location": [
      36.10929174461118,
      -73.01347211095037,
      -2.671957089798725
    ],
    "rotation": [
      0.017071997717354518,
      0.036738091261931685,
      -2.9739197859598816
    ]
  },
  {
    "label_id": "b4zV2_qtCFu2PXzfOzUGDg",
    "size": [
      2.0415934395978317,
      4.159733527544294,
      1.4200000000000035
    ],
    "obj_class": "vehicle",
    "point_num_in_lidar": 519,
    "speed": 1.1332087249833942,
    "if_vehicle": true,
    "motion_state": true,
    "pose": [
      [
        -0.0692153448018559,
        -0.9968368350288145,
        -0.03905842257050526,
        7.858002485654794
      ],
      [
        0.9975118675826228,
        -0.06968157954994841,
        0.010702873597879685,
        -100.15632486855748
      ],
      [
        -0.01339067122246601,
        -0.03822043695668805,
        0.9991796075396313,
        -3.3531777788312658
      ],
      [
        0.0,
        0.0,
        0.0,
        1.0
      ]
    ],
    "location": [
      7.858002485654794,
      -100.15632486855748,
      -3.3531777788312658
    ],
    "rotation": [
      -0.03823317811464149,
      0.01339107143513845,
      1.6400732780722922
    ]
  },
  {
    "label_id": "e395WJBHUGGz23_cnf-9bQ",
    "size": [
      2.214366883473269,
      4.400387997189263,
      1.7363276684535638
    ],
    "obj_class": "vehicle",
    "point_num_in_lidar": 586,
    "speed": 0.03730168025669055,
    "if_vehicle": true,
    "motion_state": false,
    "pose": [
      [
        -0.9861596844188852,
        0.1611319845752185,
        -0.03905842257050526,
        24.496081451183848
      ],
      [
        -0.16165866475368326,
        -0.986788692986905,
        0.010702873597879685,
        -80.73246568666298
      ],
      [
        -0.03681783449499505,
        0.016868874889793255,
        0.9991796075396313,
        -2.7936009021513586
      ],
      [
        0.0,
        0.0,
        0.0,
        1.0
      ]
    ],
    "location": [
      24.496081451183848,
      -80.73246568666298,
      -2.7936009021513586
    ],
    "rotation": [
      0.01688112161707394,
      0.03682615766039639,
      -2.9791103159195234
    ]
  },
  {
    "label_id": "gV6Bw661MKF2mu-9UbidXQ",
    "size": [
      2.0619088630284685,
      4.979403080777294,
      1.5159977183298867
    ],
    "obj_class": "vehicle",
    "point_num_in_lidar": 158,
    "speed": 0.13849657380065802,
    "if_vehicle": true,
    "motion_state": false,
    "pose": [
      [
        0.9842064164028774,
        -0.17266200953802688,
        -0.03905842257050526,
        -26.995686951414584
      ],
      [
        0.17319601495622655,
        0.9848292181388763,
        0.010702873597879685,
        -97.97255214390088
      ],
      [
        0.03661789609860714,
        -0.017298600008669986,
        0.9991796075396313,
        -4.302283415169401
      ],
      [
        0.0,
        0.0,
        0.0,
        1.0
      ]
    ],
    "location": [
      -26.995686951414584,
      -97.97255214390088,
      -4.302283415169401
    ],
    "rotation": [
      -0.017311073872573007,
      -0.0366260843486024,
      0.17419182409318854
    ]
  },
  {
    "label_id": "gpLL8SNSuCqi3NgBPrzWjg",
    "size": [
      1.9365836642946268,
      4.40315964350599,
      1.621491835678258
    ],
    "obj_class": "vehicle",
    "point_num_in_lidar": 163,
    "speed": 7.393181604102055e-29,
    "if_vehicle": true,
    "motion_state": false,
    "pose": [
      [
        -0.9861502952580863,
        0.16118943758414564,
        -0.03905842257050526,
        -33.796440234777904
      ],
      [
        -0.16171615440751286,
        -0.9867792731408547,
        0.010702873597879685,
        -84.2624025760606
      ],
      [
        -0.0368168516583751,
        0.01687101985398474,
        0.9991796075396313,
        -4.481889498827546
      ],
      [
        0.0,
        0.0,
        0.0,
        1.0
      ]
    ],
    "location": [
      -33.796440234777904,
      -84.2624025760606,
      -4.481889498827546
    ],
    "rotation": [
      0.016883267730645874,
      0.036825174156972715,
      -2.979052025087215
    ]
  },
  {
    "label_id": "irRilzG-gquG7JntU8rgVQ",
    "size": [
      2.5830279728458367,
      5.479408345867389,
      2.229999999999997
    ],
    "obj_class": "vehicle",
    "point_num_in_lidar": 140,
    "speed": 5.641148055095882e-29,
    "if_vehicle": true,
    "motion_state": false,
    "pose": [
      [
        -0.980070679184957,
        0.1947714132726897,
        -0.03905842257050526,
        49.57858082607224
      ],
      [
        -0.19531930181987028,
        -0.9806813033974627,
        0.010702873597879685,
        -55.065373016827266
      ],
      [
        -0.03621925093835399,
        0.01811843642296124,
        0.9991796075396313,
        -1.7284548657374286
      ],
      [
        0.0,
        0.0,
        0.0,
        1.0
      ]
    ],
    "location": [
      49.57858082607224,
      -55.065373016827266,
      -1.7284548657374286
    ],
    "rotation": [
      0.01813132573407806,
      0.03622717455840183,
      -2.9448788819459795
    ]
  },
  {
    "label_id": "iuT6AwtQpCbc9M0iGh3j9w",
    "size": [
      2.131744392604688,
      4.751092980351478,
      1.712260309168392
    ],
    "obj_class": "vehicle",
    "point_num_in_lidar": 476,
    "speed": 0.0282175223658401,
    "if_vehicle": true,
    "motion_state": false,
    "pose": [
      [
        -0.9893659362832858,
        0.14010525953225633,
        -0.03905842257050526,
        25.197300254567708
      ],
      [
        -0.14061843206523372,
        -0.99000601263844,
        0.010702873597879685,
        -77.69637107269784
      ],
      [
        -0.0371685443058013,
        0.016081392698893682,
        0.9991796075396313,
        -2.787489960692735
      ],
      [
        0.0,
        0.0,
        0.0,
        1.0
      ]
    ],
    "location": [
      25.197300254567708,
      -77.69637107269784,
      -2.787489960692735
    ],
    "rotation": [
      0.016093207107015443,
      0.037177107692090865,
      -3.0004084184982216
    ]
  },
  {
    "label_id": "kQTP0ibl-oLaiFpM7JDiXA",
    "size": [
      0.5086562409533408,
      0.11826239189538383,
      0.5109150442958192
    ],
    "obj_class": "sign",
    "point_num_in_lidar": 29,
    "speed": 0.02401485640461213,
    "if_vehicle": false,
    "motion_state": false,
    "pose": [
      [
        -0.9840468158803188,
        0.1735693054146083,
        -0.03905842257050526,
        -27.865797362646816
      ],
      [
        -0.17410388478536626,
        -0.9846691250361167,
        0.010702873597879685,
        -100.6295772462662
      ],
      [
        -0.036601932441466006,
        0.017332351787876434,
        0.9991796075396313,
        -1.8784252640098584
      ],
      [
        0.0,
        0.0,
        0.0,
        1.0
      ]
    ],
    "location": [
      -27.865797362646816,
      -100.6295772462662,
      -1.8784252640098584
    ],
    "rotation": [
      0.01734484322266401,
      0.03661010998276368,
      -2.966478419587403
    ]
  },
  {
    "label_id": "p65_dOfmQkmZo7JqvWBsSw",
    "size": [
      0.8916477119127887,
      1.3736536652180864,
      1.8155989146434655
    ],
    "obj_class": "pedestrian",
    "point_num_in_lidar": 264,
    "speed": 3.446170109911064,
    "if_vehicle": false,
    "motion_state": true,
    "pose": [
      [
        0.04179982851318829,
        0.9983622658947862,
        -0.03905842257050526,
        -5.862142137634407
      ],
      [
        -0.9990498539977877,
        0.04224733984225223,
        0.010702873597879685,
        -92.08044319641613
      ],
      [
        0.012335459588803076,
        0.03857393308545748,
        0.9991796075396313,
        -3.492496553556083
      ],
      [
        0.0,
        0.0,
        0.0,
        1.0
      ]
    ],
    "location": [
      -5.862142137634407,
      -92.08044319641613,
      -3.492496553556083
    ],
    "rotation": [
      0.03858644279419554,
      -0.012335772444806855,
      -1.5289811330615606
    ]
  },
  {
    "label_id": "rmtoge8lH9ELbT6J6nkCPw",
    "size": [
      2.0437022907749016,
      4.743477809726895,
      1.5709305980602917
    ],
    "obj_class": "vehicle",
    "point_num_in_lidar": 711,
    "speed": 9.929436607198998e-29,
    "if_vehicle": true,
    "motion_state": false,
    "pose": [
      [
        0.9898414208149053,
        -0.13670552755991,
        -0.03905842257050526,
        -12.596471384913954
      ],
      [
        0.13721649812204526,
        0.9904832563652304,
        0.010702873597879685,
        -95.63829459510919
      ],
      [
        0.03722357159451809,
        -0.015953607576223352,
        0.9991796075396313,
        -3.97640634209134
      ],
      [
        0.0,
        0.0,
        0.0,
        1.0
      ]
    ],
    "location": [
      -12.596471384913954,
      -95.63829459510919,
      -3.97640634209134
    ],
    "rotation": [
      -0.015965349921460766,
      -0.03723217308677284,
      0.13774685310042514
    ]
  },
  {
    "label_id": "vK5ZiVCsDensk-fGhXX8PQ",
    "size": [
      1.881793810788455,
      4.164791761274241,
      1.4523392419541548
    ],
    "obj_class": "vehicle",
    "point_num_in_lidar": 43,
    "speed": 0.20085028174006062,
    "if_vehicle": true,
    "motion_state": false,
    "pose": [
      [
        -0.982045894600765,
        0.18455432946448888,
        -0.03905842257050526,
        -42.175310286411175
      ],
      [
        -0.185095829219349,
        -0.9826621914484902,
        0.010702873597879685,
        -85.63926003082747
      ],
      [
        -0.03640597345745401,
        0.017740264190916073,
        0.9991796075396313,
        -4.650884973448792
      ],
      [
        0.0,
        0.0,
        0.0,
        1.0
      ]
    ],
    "location": [
      -42.175310286411175,
      -85.63926003082747,
      -4.650884973448792
    ],
    "rotation": [
      0.01775296483047482,
      0.036414020306354336,
      -2.9552983328983142
    ]
  }
]