[
  {
    "label_id": "0L-3S6d4T_UzRwP8bBLWPw",
    "size": [
      1.0005134366909698,
      0.17236365891478306,
      1.2307200681417845
    ],
    "obj_class": "sign",
    "point_num_in_lidar": 139,
    "speed": 0.013427729838597472,
    "if_vehicle": false,
    "motion_state": false,
    "pose": [
      [
        -0.9828345640603623,
        0.17494871091883352,
        -0.05855910036976371,
        31.122350390686336
      ],
      [
        -0.17474884833113444,
        -0.9845758598842064,
        -0.008556643046070383,
        -90.41216122636581
      ],
      [
        -0.05915285027130826,
        0.0018233708109188027,
        0.9982472717837331,
        0.4195753654932517
      ],
      [
        0.0,
        0.0,
        0.0,
        1.0
      ]
    ],
    "location": [
      31.122350390686336,
      -90.41216122636581,
      0.4195753654932517
    ],
    "rotation": [
      0.0018265702643531815,
      0.059187401261233376,
      -2.9656306358043785
    ]
  },
  {
    "label_id": "1XKPhdrMV7D5bx3A7iy9uw",
    "size": [
      0.5086562409533298,
      0.11826239189538383,
      0.5109150442958192
    ],
    "obj_class": "sign",
    "point_num_in_lidar": 20,
    "speed": 0.014500254419129438,
    "if_vehicle": false,
    "motion_state": false,
    "pose": [
      [
        -0.9832396403980228,
        0.17265758400328354,
        -0.05855910036976371,
        -27.85188042392032
      ],
      [
        -0.17245366359244985,
        -0.9849804656810836,
        -0.008556643046070383,
        -100.63021981209636
      ],
      [
        -0.05915693926758818,
        0.0016855007638112505,
        0.9982472717837331,
        -2.417191789073792
      ],
      [
        0.0,
        0.0,
        0.0,
        1.0
      ]
    ],
    "location": [
      -27.85188042392032,
      -100.63021981209636,
      -2.417191789073792
    ],
    "rotation": [
      0.001688458571063371,
      0.05919149743066011,
      -2.967965381412656
    ]
  },
  {
    "label_id": "BBGHrrdA-BRayce_KINWBQ",
    "size": [
      1.851017242611428,
      3.8732833809560465,
      1.690000000000004
    ],
    "obj_class": "vehicle",
    "point_num_in_lidar": 23,
    "speed": 4.22468275256958e-29,
    "if_vehicle": true,
    "motion_state": false,
    "pose": [
      [
        -0.19467790261660345,
        -0.9791176364445104,
        -0.05855910036976371,
        41.932175036396174
      ],
      [
        0.9808625993297665,
        -0.1945130974917529,
        -0.008556643046070383,
        -54.52843931718405
      ],
      [
        -0.0030125518840854043,
        -0.059104220724747046,
        0.9982472717837331,
        -2.0952458132276517
      ],
      [
        0.0,
        0.0,
        0.0,
        1.0
      ]
    ],
    "location": [
      41.932175036396174,
      -54.52843931718405,
      -2.0952458132276517
    ],
    "rotation": [
      -0.05913895515296691,
      0.0030125564408241463,
      1.766726286677314
    ]
  },
  {
    "label_id": "Fx7eRIb3HDnYZKvfiwRh2w",
    "size": [
      2.161655508485932,
      4.945521685175522,
      1.9600000000000044
    ],
    "obj_class": "vehicle",
    "point_num_in_lidar": 170,
    "speed": 9.519584511942663e-29,
    "if_vehicle": true,
    "motion_state": false,
    "pose": [
      [
        0.984919453091503,
        -0.1628020352631344,
        -0.05855910036976371,
        -46.545200829081196
      ],
      [
        0.16258069116461643,
        0.9866581488642446,
        -0.008556643046070383,
        -100.98980257447658
      ],
      [
        0.05917085247290697,
        -0.0010929748228594776,
        0.9982472717837331,
        -4.775246195475241
      ],
      [
        0.0,
        0.0,
        0.0,
        1.0
      ]
    ],
    "location": [
      -46.545200829081196,
      -100.98980257447658,
      -4.775246195475241
    ],
    "rotation": [
      -0.0010948934367301124,
      -0.05920543505075265,
      0.16359479942598576
    ]
  },
  {
    "label_id": "QDVEnIR7naYiy3U9lHiF0Q",
    "size": [
      2.0821810771242664,
      5.2704203782678345,
      2.0460419520279647
    ],
    "obj_class": "vehicle",
    "point_num_in_lidar": 875,
    "speed": 8.797103267699422e-31,
    "if_vehicle": true,
    "motion_state": false,
    "pose": [
      [
        0.15165907673161008,
        0.9866966890634628,
        -0.05855910036976371,
        23.034876760816417
      ],
      [
        -0.9884327719109094,
        0.15141809426980066,
        -0.008556643046070383,
        -67.30073489691517
      ],
      [
        0.0004240960170880526,
        0.05917942648338369,
        0.9982472717837331,
        -2.6432688101807598
      ],
      [
        0.0,
        0.0,
        0.0,
        1.0
      ]
    ],
    "location": [
      23.034876760816417,
      -67.30073489691517,
      -2.6432688101807598
    ],
    "rotation": [
      0.059214029443838155,
      -0.000424096029800857,
      -1.4185497634344852
    ]
  },
  {
    "label_id": "R9GNlFkDZMkdo8iVjWgl3A",
    "size": [
      3.768870033046033,
      12.908695691698984,
      3.736177492803977
    ],
    "obj_class": "vehicle",
    "point_num_in_lidar": 1095,
    "speed": 0.5880450376108433,
    "if_vehicle": true,
    "motion_state": false,
    "pose": [
      [
        -0.9863917266009872,
        0.15363005388597484,
        -0.05855910036976371,
        36.0706852703666
      ],
      [
        -0.15339254035201577,
        -0.9881282874324251,
        -0.008556643046070383,
        -79.03556344722938
      ],
      [
        -0.05917846109420895,
        0.0005423272583250286,
        0.9982472717837331,
        -1.7209001828383075
      ],
      [
        0.0,
        0.0,
        0.0,
        1.0
      ]
    ],
    "location": [
      36.0706852703666,
      -79.03556344722938,
      -1.7209001828383075
    ],
    "rotation": [
      0.000543279426148133,
      0.05921305702846829,
      -2.9873195817441784
    ]
  },
  {
    "label_id": "T1crxPSUfT-4K4xwSV1uPA",
    "size": [
      1.897889197753036,
      4.256426255755278,
      1.3700000000000037
    ],
    "obj_class": "vehicle",
    "point_num_in_lidar": 144,
    "speed": 1.2571439823909074,
    "if_vehicle": true,
    "motion_state": true,
    "pose": [
      [
        -0.04750346785185238,
        -0.9971530736581682,
        -0.05855910036976371,
        11.105149767850875
      ],
      [
        0.998854377564364,
        -0.04708201652742622,
        -0.008556643046070383,
        -102.24483903998737
      ],
      [
        0.005775202382144445,
        -0.058898483968428235,
        0.9982472717837331,
        -3.4804216921292435
      ],
      [
        0.0,
        0.0,
        0.0,
        1.0
      ]
    ],
    "location": [
      11.105149767850875,
      -102.24483903998737,
      -3.4804216921292435
    ],
    "rotation": [
      -0.05893357463882053,
      -0.0057752344859777534,
      1.6183184718107724
    ]
  },
  {
    "label_id": "VzUz0V5Me5lZL90Hr-sPyA",
    "size": [
      2.2360176904537843,
      4.518482971237546,
      1.7189099499414766
    ],
    "obj_class": "vehicle",
    "point_num_in_lidar": 45,
    "speed": 8.246931261130726e-31,
    "if_vehicle": true,
    "motion_state": false,
    "pose": [
      [
        -0.9781520999326077,
        0.19947255741408157,
        -0.05855910036976371,
        61.10246318292388
      ],
      [
        -0.19931630336421202,
        -0.979897849305226,
        -0.008556643046070383,
        -68.92365893058582
      ],
      [
        -0.0590887519808594,
        0.0033020850501476774,
        0.9982472717837331,
        -1.780314688522096
      ],
      [
        0.0,
        0.0,
        0.0,
        1.0
      ]
    ],
    "location": [
      61.10246318292388,
      -68.92365893058582,
      -1.780314688522096
    ],
    "rotation": [
      0.003307870804819197,
      0.059123190655871544,
      -2.940576453605996
    ]
  },
  {
    "label_id": "YNxoawT6vIVOXCltkBdhSg",
    "size": [
      2.0910824509630985,
      4.688438300872428,
      1.2315137479379885
    ],
    "obj_class": "vehicle",
    "point_num_in_lidar": 66,
    "speed": 1.5838876150938006e-29,
    "if_vehicle": true,
    "motion_state": false,
    "pose": [
      [
        -0.9788290211591734,
        0.19612388712356982,
        -0.05855910036976371,
        50.84767723705317
      ],
      [
        -0.19596165956017117,
        -0.9805742255649013,
        -0.008556643046070383,
        -60.43858690969455
      ],
      [
        -0.05909970658978256,
        0.00309984795361601,
        0.9982472717837331,
        -2.177449054183998
      ],
      [
        0.0,
        0.0,
        0.0,
        1.0
      ]
    ],
    "location": [
      50.84767723705317,
      -60.43858690969455,
      -2.177449054183998
    ],
    "rotation": [
      0.0031052807030120667,
      0.05913416444248552,
      -2.9440047055102068
    ]
  },
  {
    "label_id": "auOooDPcS5q1p_53EHycZg",
    "size": [
      2.0646533219326892,
      4.50592062313768,
      1.5935171151616743
    ],
    "obj_class": "vehicle",
    "point_num_in_lidar": 160,
    "speed": 2.8164439189615256e-29,
    "if_vehicle": true,
    "motion_state": false,
    "pose": [
      [
        -0.984370799429904,
        0.166087209000621,
        -0.05855910036976371,
        36.109291744611184
      ],
      [
        -0.16587166710908918,
        -0.9861102240166835,
        -0.008556643046070383,
        -73.01347211095037
      ],
      [
        -0.05916687654577955,
        0.0012903860470445572,
        0.9982472717837331,
        -2.671957089798722
      ],
      [
        0.0,
        0.0,
        0.0,
        1.0
      ]
    ],
    "location": [
      36.109291744611184,
      -73.01347211095037,
      -2.671957089798722
    ],
    "rotation": [
      0.0012926509941937297,
      0.059201452145527335,
      -2.974655600164902
    ]
  },
  {
    "label_id": "b4zV2_qtCFu2PXzfOzUGDg",
    "size": [
      2.041593439597896,
      4.159733527544294,
      1.4200000000000035
    ],
    "obj_class": "vehicle",
    "point_num_in_lidar": 377,
    "speed": 1.046983225044428,
    "if_vehicle": true,
    "motion_state": true,
    "pose": [
      [
        -0.06831298913662627,
        -0.9959438574935353,
        -0.05855910036976371,
        7.905102573139743
      ],
      [
        0.9976535901375784,
        -0.06792715175379316,
        -0.008556643046070383,
        -100.70845403008957
      ],
      [
        0.004544183185116024,
        -0.059006226582573755,
        0.9982472717837331,
        -3.4231777788312607
      ],
      [
        0.0,
        0.0,
        0.0,
        1.0
      ]
    ],
    "location": [
      7.905102573139743,
      -100.70845403008957,
      -3.4231777788312607
    ],
    "rotation": [
      -0.05904113131382376,
      -0.004544198824522822,
      1.6391632671007372
    ]
  },
  {
    "label_id": "e395WJBHUGGz23_cnf-9bQ",
    "size": [
      2.2143668834732684,
      4.400387997189263,
      1.7363276684535638
    ],
    "obj_class": "vehicle",
    "point_num_in_lidar": 605,
    "speed": 0.028027882048333466,
    "if_vehicle": true,
    "motion_state": false,
    "pose": [
      [
        -0.9852191711390064,
        0.1609783109119158,
        -0.05855910036976371,
        24.511297980311006
      ],
      [
        -0.16075374823233643,
        -0.9869574541433064,
        -0.008556643046070383,
        -80.74256998307033
      ],
      [
        -0.05917277456249694,
        0.0009834261079713108,
        0.9982472717837331,
        -2.8110772549971017
      ],
      [
        0.0,
        0.0,
        0.0,
        1.0
      ]
    ],
    "location": [
      24.511297980311006,
      -80.74256998307033,
      -2.8110772549971017
    ],
    "rotation": [
      0.0009851524943988645,
      0.05920736051411418,
      -2.9798524687930024
    ]
  },
  {
    "label_id": "gNkR8vsrfHgMRzMUczWVJg",
    "size": [
      1.827225069872097,
      4.323699343690174,
      1.5999999999999996
    ],
    "obj_class": "vehicle",
    "point_num_in_lidar": 21,
    "speed": 0.0,
    "if_vehicle": true,
    "motion_state": false,
    "pose": [
      [
        -0.06333660083623001,
        -0.996272707022729,
        -0.05855910036976371,
        11.50817779116376
      ],
      [
        0.9979804907646735,
        -0.0629422267868203,
        -0.008556643046070383,
        -112.78151363809968
      ],
      [
        0.004838909754629908,
        -0.058982788410861624,
        0.9982472717837331,
        -4.202491484703185
      ],
      [
        0.0,
        0.0,
        0.0,
        1.0
      ]
    ],
    "location": [
      11.50817779116376,
      -112.78151363809968,
      -4.202491484703185
    ],
    "rotation": [
      -0.05901773370735072,
      -0.004838928638712602,
      1.6341760933359715
    ]
  },
  {
    "label_id": "gV6Bw661MKF2mu-9UbidXQ",
    "size": [
      2.0619088630284694,
      4.979403080777294,
      1.5159977183298867
    ],
    "obj_class": "vehicle",
    "point_num_in_lidar": 219,
    "speed": 0.0895731564497676,
    "if_vehicle": true,
    "motion_state": false,
    "pose": [
      [
        0.9832677659800364,
        -0.17249733954038976,
        -0.05855910036976371,
        -26.95819760007464
      ],
      [
        0.17229313542358377,
        0.9850085580063215,
        -0.008556643046070383,
        -98.01837632589093
      ],
      [
        0.05915721317421231,
        -0.0016758597180926964,
        0.9982472717837331,
        -4.302283415169399
      ],
      [
        0.0,
        0.0,
        0.0,
        1.0
      ]
    ],
    "location": [
      -26.95819760007464,
      -98.01837632589093,
      -4.302283415169399
    ],
    "rotation": [
      -0.0016788006249187383,
      -0.05919177181782215,
      0.17346401282187102
    ]
  },
  {
    "label_id": "gpLL8SNSuCqi3NgBPrzWjg",
    "size": [
      1.9365836642946275,
      4.40315964350599,
      1.621491835678258
    ],
    "obj_class": "vehicle",
    "point_num_in_lidar": 252,
    "speed": 2.112337960900941e-29,
    "if_vehicle": true,
    "motion_state": false,
    "pose": [
      [
        -0.9852097909327717,
        0.1610357091271635,
        -0.05855910036976371,
        -33.79644023477789
      ],
      [
        -0.16081124771966177,
        -0.9869480870170567,
        -0.008556643046070383,
        -84.2624025760606
      ],
      [
        -0.05917271716805007,
        0.0009868734892972528,
        0.9982472717837331,
        -4.481889498827546
      ],
      [
        0.0,
        0.0,
        0.0,
        1.0
      ]
    ],
    "location": [
      -33.79644023477789,
      -84.2624025760606,
      -4.481889498827546
    ],
    "rotation": [
      0.000988605925293065,
      0.05920730301892181,
      -2.9797941069434257
    ]
  },
  {
    "label_id": "igeAxNTqmAvEuIemThLM8g",
    "size": [
      2.3167718466597185,
      4.915583154046055,
      2.160000000000001
    ],
    "obj_class": "vehicle",
    "point_num_in_lidar": 31,
    "speed": 2.816447257630294e-29,
    "if_vehicle": true,
    "motion_state": false,
    "pose": [
      [
        0.9808098865049955,
        -0.1859645081673972,
        -0.05855910036976371,
        49.09902584868518
      ],
      [
        0.1857841944432017,
        0.9825533150699115,
        -0.008556643046070383,
        -52.61446513323938
      ],
      [
        0.05912867011144947,
        -0.0024869151946350972,
        0.9982472717837331,
        -1.5576975310916668
      ],
      [
        0.0,
        0.0,
        0.0,
        1.0
      ]
    ],
    "location": [
      49.09902584868518,
      -52.61446513323938,
      -1.5576975310916668
    ],
    "rotation": [
      -0.0024912765804109157,
      -0.05916317870350206,
      0.187201294065478
    ]
  },
  {
    "label_id": "irRilzG-gquG7JntU8rgVQ",
    "size": [
      2.5830279728458394,
      5.479408345867389,
      2.2299999999999978
    ],
    "obj_class": "vehicle",
    "point_num_in_lidar": 81,
    "speed": 2.115430311789452e-29,
    "if_vehicle": true,
    "motion_state": false,
    "pose": [
      [
        -0.9791359730683333,
        0.19458565724999394,
        -0.05855910036976371,
        49.57858082607224
      ],
      [
        -0.19442068772965979,
        -0.9808809204192465,
        -0.008556643046070383,
        -55.06537301682704
      ],
      [
        -0.05910450428059006,
        0.0030069835516071245,
        0.9982472717837331,
        -1.7416120207808303
      ],
      [
        0.0,
        0.0,
        0.0,
        1.0
      ]
    ],
    "location": [
      49.57858082607224,
      -55.06537301682704,
      -1.7416120207808303
    ],
    "rotation": [
      0.003012254119594563,
      0.0591389705346174,
      -2.9455787029776945
    ]
  },
  {
    "label_id": "iuT6AwtQpCbc9M0iGh3j9w",
    "size": [
      2.1317443926046877,
      4.751092980351478,
      1.712260309168392
    ],
    "obj_class": "vehicle",
    "point_num_in_lidar": 494,
    "speed": 0.028217522365843958,
    "if_vehicle": true,
    "motion_state": false,
    "pose": [
      [
        -0.9884223651594243,
        0.1399716393293081,
        -0.05855910036976371,
        25.211287347991743
      ],
      [
        -0.13971012850113995,
        -0.9901554745866818,
        -0.008556643046070383,
        -77.6945284657445
      ],
      [
        -0.059180301172306715,
        -0.0002762779198509874,
        0.9982472717837331,
        -2.7808570218470736
      ],
      [
        0.0,
        0.0,
        0.0,
        1.0
      ]
    ],
    "location": [
      25.211287347991743,
      -77.6945284657445,
      -2.7808570218470736
    ],
    "rotation": [
      -0.00027676300312168755,
      0.05921490033721429,
      -3.0011762551039425
    ]
  },
  {
    "label_id": "p65_dOfmQkmZo7JqvWBsSw",
    "size": [
      0.8916477119127759,
      1.3736536652180864,
      1.8155989146434655
    ],
    "obj_class": "pedestrian",
    "point_num_in_lidar": 265,
    "speed": 3.3275530259356625,
    "if_vehicle": false,
    "motion_state": true,
    "pose": [
      [
        0.06095908062708422,
        0.9964210065293609,
        -0.05855910036976371,
        -5.961278286354542
      ],
      [
        -0.9981278443403451,
        0.06056063252871583,
        -0.008556643046070383,
        -90.4613964390602
      ],
      [
        -0.004979642717772459,
        0.05897107371192473,
        0.9982472717837331,
        -3.469978285403349
      ],
      [
        0.0,
        0.0,
        0.0,
        1.0
      ]
    ],
    "location": [
      -5.961278286354542,
      -90.4613964390602,
      -3.469978285403349
    ],
    "rotation": [
      0.05900603925919121,
      0.004979663297904052,
      -1.5097986715894054
    ]
  },
  {
    "label_id": "rmtoge8lH9ELbT6J6nkCPw",
    "size": [
      2.0437022907748994,
      4.743477809726895,
      1.5709305980602917
    ],
    "obj_class": "vehicle",
    "point_num_in_lidar": 745,
    "speed": 2.8369784454316263e-29,
    "if_vehicle": true,
    "motion_state": false,
    "pose": [
      [
        0.9888973962152795,
        -0.13657514972543372,
        -0.05855910036976371,
        -12.596471384913954
      ],
      [
        0.13630768645073846,
        0.9906295970110268,
        -0.008556643046070383,
        -95.63829459510919
      ],
      [
        0.05917900280579144,
        0.00047958653656350413,
        0.9982472717837331,
        -3.9721691854628096
      ],
      [
        0.0,
        0.0,
        0.0,
        1.0
      ]
    ],
    "location": [
      -12.596471384913954,
      -95.63829459510919,
      -3.9721691854628096
    ],
    "rotation": [
      0.0004804285603590999,
      -0.059213599691119695,
      0.13697492240273373
    ]
  },
  {
    "label_id": "vK5ZiVCsDensk-fGhXX8PQ",
    "size": [
      1.8817938107884542,
      4.164791761274241,
      1.4523392419541548
    ],
    "obj_class": "vehicle",
    "point_num_in_lidar": 36,
    "speed": 0.05281149716443557,
    "if_vehicle": true,
    "motion_state": false,
    "pose": [
      [
        -0.9811093046955847,
        0.18437831760711582,
        -0.05855910036976371,
        -42.18654947295529
      ],
      [
        -0.18419518503401,
        -0.9828524394180792,
        -0.008556643046070383,
        -85.57945435172837
      ],
      [
        -0.05913261409774948,
        0.002391302218575367,
        0.9982472717837331,
        -4.650884973448792
      ],
      [
        0.0,
        0.0,
        0.0,
        1.0
      ]
    ],
    "location": [
      -42.18654947295529,
      -85.57945435172837,
      -4.650884973448792
    ],
    "rotation": [
      0.002395496298442972,
      0.059167129602877296,
      -2.956011167084145
    ]
  }
]