[
  {
    "label_id": "0FthUnFInpdwtS3fei1NLw",
    "size": [
      2.239774383726548,
      4.869392282684742,
      2.1004180595197823
    ],
    "obj_class": "vehicle",
    "point_num_in_lidar": 85,
    "speed": 0.004987041599155927,
    "if_vehicle": true,
    "motion_state": false,
    "pose": [
      [
        0.03601329539748126,
        0.999341130737214,
        -0.004510761740597429,
        -2.6349507001848735
      ],
      [
        -0.9974694603837994,
        0.035668243781858434,
        -0.06150164215019046,
        -54.82204256631769
      ],
      [
        -0.061300229659161334,
        0.0067142238854986,
        0.9980967894154101,
        -2.077762109101017
      ],
      [
        0.0,
        0.0,
        0.0,
        1.0
      ]
    ],
    "location": [
      -2.6349507001848735,
      -54.82204256631769,
      -2.077762109101017
    ],
    "rotation": [
      0.006726925364458768,
      0.06133868622139518,
      -1.5347073429008027
    ]
  },
  {
    "label_id": "2ZzcZmYwGNGC34_vckVgMg",
    "size": [
      2.1352331253612524,
      4.64124244299159,
      1.4900000000000038
    ],
    "obj_class": "vehicle",
    "point_num_in_lidar": 37,
    "speed": 8.89911452410874e-14,
    "if_vehicle": true,
    "motion_state": false,
    "pose": [
      [
        -0.08518180745383291,
        -0.9963552141216594,
        -0.004510761740597429,
        20.650832836124174
      ],
      [
        0.9945028065258851,
        -0.08474500471985222,
        -0.06150164215019046,
        -50.44739653543877
      ],
      [
        0.060895217308389635,
        -0.009724786250325789,
        0.9980967894154101,
        -1.7238776966295726
      ],
      [
        0.0,
        0.0,
        0.0,
        1.0
      ]
    ],
    "location": [
      20.650832836124174,
      -50.44739653543877,
      -1.7238776966295726
    ],
    "rotation": [
      -0.009743021556924424,
      -0.06093291580304914,
      1.6562404405996651
    ]
  },
  {
    "label_id": "72Ruk2alY67J-_5Cp0_YSA",
    "size": [
      2.0211462441560144,
      4.7632808137299545,
      1.620000000000004
    ],
    "obj_class": "vehicle",
    "point_num_in_lidar": 130,
    "speed": 1.897149936107019e-14,
    "if_vehicle": true,
    "motion_state": false,
    "pose": [
      [
        0.1295767618793695,
        0.9915591337935307,
        -0.004510761740597429,
        22.82483046536592
      ],
      [
        -0.9897280730123904,
        0.12905769835236597,
        -0.06150164215019046,
        9.885208739328846
      ],
      [
        -0.06040036648926513,
        0.012433611165424935,
        0.9980967894154101,
        2.2861794741212442
      ],
      [
        0.0,
        0.0,
        0.0,
        1.0
      ]
    ],
    "location": [
      22.82483046536592,
      9.885208739328846,
      2.2861794741212442
    ],
    "rotation": [
      0.01245667573315796,
      0.06043715239161698,
      -1.440615166818732
    ]
  },
  {
    "label_id": "AYQ7lrPVr4ZXBDuzirBKFQ",
    "size": [
      1.9693148807954353,
      4.321744333266535,
      1.7400000000000042
    ],
    "obj_class": "vehicle",
    "point_num_in_lidar": 840,
    "speed": 1.416005455802588,
    "if_vehicle": true,
    "motion_state": true,
    "pose": [
      [
        -0.05170922587178146,
        -0.998651995936653,
        -0.004510761740597429,
        5.325036704724795
      ],
      [
        0.9967859775984094,
        -0.05133481154161491,
        -0.06150164215019046,
        -19.95504616677829
      ],
      [
        0.0611871785828068,
        -0.007676466356744586,
        0.9980967894154101,
        0.17207030873011941
      ],
      [
        0.0,
        0.0,
        0.0,
        1.0
      ]
    ],
    "location": [
      5.325036704724795,
      -19.95504616677829,
      0.17207030873011941
    ],
    "rotation": [
      -0.007690952502106867,
      -0.061225422531193154,
      1.6226258234277453
    ]
  },
  {
    "label_id": "B5B-kmXqho_2g4pBQn0dGw",
    "size": [
      1.845688197646801,
      4.161034296729285,
      1.907634382527773
    ],
    "obj_class": "vehicle",
    "point_num_in_lidar": 94,
    "speed": 0.012555108960905314,
    "if_vehicle": true,
    "motion_state": false,
    "pose": [
      [
        0.1589729188824703,
        0.9872726391886423,
        -0.004510761740597429,
        20.288331815360152
      ],
      [
        -0.9854578046823348,
        0.15839969445520735,
        -0.06150164215019046,
        8.930530425009124
      ],
      [
        -0.06000438527858311,
        0.014222260931015156,
        0.9980967894154101,
        2.3770062344327303
      ],
      [
        0.0,
        0.0,
        0.0,
        1.0
      ]
    ],
    "location": [
      20.288331815360152,
      8.930530425009124,
      2.3770062344327303
    ],
    "rotation": [
      0.014248416199203535,
      0.060040451639319634,
      -1.4108554005364762
    ]
  },
  {
    "label_id": "FC_Nzw77TdePKfA1A8_YUw",
    "size": [
      1.9791979559302662,
      4.6815017276940125,
      1.6894924373811975
    ],
    "obj_class": "vehicle",
    "point_num_in_lidar": 26,
    "speed": 0.029302881898682555,
    "if_vehicle": true,
    "motion_state": false,
    "pose": [
      [
        0.0915015691755361,
        0.9957947157255526,
        -0.004510761740597429,
        -1.7762202231026265
      ],
      [
        -0.9939451167525453,
        0.0910530224462585,
        -0.06150164215019046,
        -67.27392081357459
      ],
      [
        -0.060832291771587235,
        0.010110946368515747,
        0.9980967894154101,
        -3.0907470916588133
      ],
      [
        0.0,
        0.0,
        0.0,
        1.0
      ]
    ],
    "location": [
      -1.7762202231026265,
      -67.27392081357459,
      -3.0907470916588133
    ],
    "rotation": [
      0.01012987981752134,
      0.060869873390848345,
      -1.4789960989854714
    ]
  },
  {
    "label_id": "Igomu2nuSP6CbWRKi0IzQQ",
    "size": [
      0.8756509835635466,
      0.877486198740949,
      1.094815857252211
    ],
    "obj_class": "sign",
    "point_num_in_lidar": 206,
    "speed": 5.347542221830668e-14,
    "if_vehicle": false,
    "motion_state": false,
    "pose": [
      [
        -0.07846001713431636,
        -0.9969070562192858,
        -0.004510761740597429,
        -7.138473223023269
      ],
      [
        0.9950517447669623,
        -0.07803571777752584,
        -0.06150164215019046,
        -15.156515008010047
      ],
      [
        0.0609594204984474,
        -0.00931386123710207,
        0.9980967894154101,
        0.03606033651438878
      ],
      [
        0.0,
        0.0,
        0.0,
        1.0
      ]
    ],
    "location": [
      -7.138473223023269,
      -15.156515008010047,
      0.03606033651438878
    ],
    "rotation": [
      -0.009331350428405868,
      -0.06099723849147386,
      1.6494837085600549
    ]
  },
  {
    "label_id": "KclHjYw0mozzMvMK8NDx3Q",
    "size": [
      2.0645906151284117,
      4.380822220647019,
      1.9700000000000042
    ],
    "obj_class": "vehicle",
    "point_num_in_lidar": 159,
    "speed": 0.014201015551666255,
    "if_vehicle": true,
    "motion_state": false,
    "pose": [
      [
        0.04405295943273077,
        0.9990190137298378,
        -0.004510761740597429,
        -3.277810695897685
      ],
      [
        -0.9971501802941405,
        0.04369285928150224,
        -0.06150164215019046,
        -43.666024330792084
      ],
      [
        -0.06124422180566439,
        0.007207236229589303,
        0.9980967894154101,
        -1.3230276592748345
      ],
      [
        0.0,
        0.0,
        0.0,
        1.0
      ]
    ],
    "location": [
      -3.277810695897685,
      -43.666024330792084,
      -1.3230276592748345
    ],
    "rotation": [
      0.007220853770963086,
      0.06128257293619198,
      -1.5266461743121391
    ]
  },
  {
    "label_id": "MDY2OaEN7yUDXekR5XGt2g",
    "size": [
      2.0871033253338647,
      4.843770780187469,
      1.6161237410335256
    ],
    "obj_class": "vehicle",
    "point_num_in_lidar": 2929,
    "speed": 2.6565335709550593,
    "if_vehicle": true,
    "motion_state": true,
    "pose": [
      [
        -0.051394891927817196,
        -0.9986682222401229,
        -0.004510761740597429,
        4.971451203122811
      ],
      [
        0.9968020861452787,
        -0.05102106495605806,
        -0.06150164215019046,
        -10.204175304064847
      ],
      [
        0.0611895917632106,
        -0.007657206964824152,
        0.9980967894154101,
        0.6630721460541285
      ],
      [
        0.0,
        0.0,
        0.0,
        1.0
      ]
    ],
    "location": [
      4.971451203122811,
      -10.204175304064847,
      0.6630721460541285
    ],
    "rotation": [
      -0.007671657524109573,
      -0.06122784024181787,
      1.622310486165887
    ]
  },
  {
    "label_id": "P1zDWbP7n8FXjio1YG0jcQ",
    "size": [
      0.7306874758431166,
      0.6050986026232509,
      1.0793929034028356
    ],
    "obj_class": "sign",
    "point_num_in_lidar": 85,
    "speed": 8.881784197001252e-14,
    "if_vehicle": false,
    "motion_state": false,
    "pose": [
      [
        0.0201009998302533,
        0.9997877788982739,
        -0.004510761740597429,
        11.19411228310625
      ],
      [
        -0.9979108530831842,
        0.019785785595255567,
        -0.06150164215019046,
        -3.7244017073254554
      ],
      [
        -0.06139934123926464,
        0.005737582595035848,
        0.9980967894154101,
        0.815037854765813
      ],
      [
        0.0,
        0.0,
        0.0,
        1.0
      ]
    ],
    "location": [
      11.19411228310625,
      -3.7244017073254554,
      0.815037854765813
    ],
    "rotation": [
      0.005748459925598557,
      0.06143798484760113,
      -1.5506559687543757
    ]
  },
  {
    "label_id": "QDVEnIR7naYiy3U9lHiF0Q",
    "size": [
      2.08218107712427,
      5.2704203782678345,
      2.0460419520279647
    ],
    "obj_class": "vehicle",
    "point_num_in_lidar": 48,
    "speed": 3.554447978966673e-14,
    "if_vehicle": true,
    "motion_state": false,
    "pose": [
      [
        0.15191823410195499,
        0.9883827715899662,
        -0.004510761740597429,
        23.034876760816417
      ],
      [
        -0.98656388966801,
        0.15135798497587225,
        -0.06150164215019046,
        -67.30073489691506
      ],
      [
        -0.06010442371797645,
        0.013793375517996741,
        0.9980967894154101,
        -2.5616684592882537
      ],
      [
        0.0,
        0.0,
        0.0,
        1.0
      ]
    ],
    "location": [
      23.034876760816417,
      -67.30073489691506,
      -2.5616684592882537
    ],
    "rotation": [
      0.013818797598174382,
      0.06014067096407056,
      -1.4180091934670511
    ]
  },
  {
    "label_id": "SjUOrL45KnzmIi-re1XD_A",
    "size": [
      2.3214774507527776,
      4.913178953138767,
      1.6300000000000043
    ],
    "obj_class": "vehicle",
    "point_num_in_lidar": 51,
    "speed": 2.1317438523750434e-13,
    "if_vehicle": true,
    "motion_state": false,
    "pose": [
      [
        -0.04982913412089318,
        -0.9987475709213423,
        -0.004510761740597429,
        12.564276301109828
      ],
      [
        0.9968808510405117,
        -0.049458233304222055,
        -0.06150164215019046,
        -59.36544086234642
      ],
      [
        0.06120152139863014,
        -0.0075612655781647645,
        0.9980967894154101,
        -2.431492298325159
      ],
      [
        0.0,
        0.0,
        0.0,
        1.0
      ]
    ],
    "location": [
      12.564276301109828,
      -59.36544086234642,
      -2.431492298325159
    ],
    "rotation": [
      -0.007575538779244751,
      -0.06123979227779583,
      1.6207398047219237
    ]
  },
  {
    "label_id": "Z5OZAUTb34FY2vz4RawbPg",
    "size": [
      1.8448350692434734,
      3.7343130673035665,
      1.7200000000000042
    ],
    "obj_class": "vehicle",
    "point_num_in_lidar": 1344,
    "speed": 0.05987251085767313,
    "if_vehicle": true,
    "motion_state": false,
    "pose": [
      [
        -0.04157899058195045,
        -0.9991250375056696,
        -0.004510761740597429,
        10.000326748956766
      ],
      [
        0.9972553180970418,
        -0.041223519257796784,
        -0.06150164215019046,
        -12.171677378267077
      ],
      [
        0.06126188104648846,
        -0.007055557334216711,
        0.9980967894154101,
        0.5507842610677276
      ],
      [
        0.0,
        0.0,
        0.0,
        1.0
      ]
    ],
    "location": [
      10.000326748956766,
      -12.171677378267077,
      0.5507842610677276
    ],
    "rotation": [
      -0.007068893406265201,
      -0.06130026539870323,
      1.6124656185939545
    ]
  },
  {
    "label_id": "_97KU6k1lx7ZVpU6wBMpeg",
    "size": [
      2.2881166653445155,
      5.071750066375591,
      1.921386651855216
    ],
    "obj_class": "vehicle",
    "point_num_in_lidar": 321,
    "speed": 0.020447069677447544,
    "if_vehicle": true,
    "motion_state": false,
    "pose": [
      [
        -0.08024522917514418,
        -0.9967649453221898,
        -0.004510761740597429,
        10.76785962472259
      ],
      [
        0.9949103967130185,
        -0.0798176078642677,
        -0.06150164215019046,
        -29.61247862084008
      ],
      [
        0.060942642763279334,
        -0.009423017121805434,
        0.9980967894154101,
        -0.4507105830319489
      ],
      [
        0.0,
        0.0,
        0.0,
        1.0
      ]
    ],
    "location": [
      10.76785962472259,
      -29.61247862084008,
      -0.4507105830319489
    ],
    "rotation": [
      -0.00944070482135882,
      -0.06098042950432196,
      1.6512778433071564
    ]
  },
  {
    "label_id": "aGftulTlWQgnp12qUJWKbw",
    "size": [
      2.132345498741292,
      4.321089978804239,
      1.5900000000000043
    ],
    "obj_class": "vehicle",
    "point_num_in_lidar": 384,
    "speed": 5.333694441429199e-14,
    "if_vehicle": true,
    "motion_state": false,
    "pose": [
      [
        -0.9893690484593652,
        0.14535659248596142,
        -0.004510761740597429,
        19.20077737686222
      ],
      [
        -0.144808424669744,
        -0.9875464891120301,
        -0.06150164215019046,
        -2.312337913867168
      ],
      [
        -0.013394256055390524,
        -0.06019462487110586,
        0.9980967894154101,
        1.213678313146409
      ],
      [
        0.0,
        0.0,
        0.0,
        1.0
      ]
    ],
    "location": [
      19.20077737686222,
      -2.312337913867168,
      1.213678313146409
    ],
    "rotation": [
      -0.06023644591298977,
      0.013394656589590598,
      -2.9962601700190366
    ]
  },
  {
    "label_id": "bbXGUt1GvNBwGyS4Fx0khw",
    "size": [
      2.2276603373750428,
      4.893110129792886,
      2.0000000000000044
    ],
    "obj_class": "vehicle",
    "point_num_in_lidar": 74,
    "speed": 0.019210192764014044,
    "if_vehicle": true,
    "motion_state": false,
    "pose": [
      [
        -0.0677244984188609,
        -0.9976938635385272,
        -0.004510761740597429,
        11.319314334886244
      ],
      [
        0.9958340923049912,
        -0.06732019471097861,
        -0.06150164215019046,
        -39.97431495358285
      ],
      [
        0.0610561456121156,
        -0.008657138190109846,
        0.9980967894154101,
        -0.970090597238042
      ],
      [
        0.0,
        0.0,
        0.0,
        1.0
      ]
    ],
    "location": [
      11.319314334886244,
      -39.97431495358285,
      -0.970090597238042
    ],
    "rotation": [
      -0.008673428462435644,
      -0.061094144112214276,
      1.638699582683311
    ]
  },
  {
    "label_id": "bt0JgK4wmCTNwXTjOI9DVA",
    "size": [
      0.8338709143193955,
      0.776021301024688,
      1.126207121866221
    ],
    "obj_class": "sign",
    "point_num_in_lidar": 54,
    "speed": 7.108895957933346e-14,
    "if_vehicle": false,
    "motion_state": false,
    "pose": [
      [
        -0.13237157913443737,
        -0.991189900102889,
        -0.004510761740597429,
        -5.439584353165131
      ],
      [
        0.9893603099044705,
        -0.13184735567526512,
        -0.06150164215019046,
        -30.965258991537212
      ],
      [
        0.060365074531431986,
        -0.012603838124364487,
        0.9980967894154101,
        -0.9102236686037815
      ],
      [
        0.0,
        0.0,
        0.0,
        1.0
      ]
    ],
    "location": [
      -5.439584353165131,
      -30.965258991537212,
      -0.9102236686037815
    ],
    "rotation": [
      -0.01262720046081887,
      -0.060401795918782315,
      1.7038015499011578
    ]
  },
  {
    "label_id": "hky4AvJg64NsQt0WDUJuNQ",
    "size": [
      0.9187259394621058,
      1.0509933451569144,
      1.129999999999999
    ],
    "obj_class": "sign",
    "point_num_in_lidar": 47,
    "speed": 5.3290705182007514e-14,
    "if_vehicle": false,
    "motion_state": false,
    "pose": [
      [
        -0.15760862938843784,
        -0.9874913533650903,
        -0.004510761740597429,
        12.76168066201835
      ],
      [
        0.9856757285535639,
        -0.15703791310773035,
        -0.06150164215019046,
        -29.876558422243875
      ],
      [
        0.060023979230797456,
        -0.014139337889424609,
        0.9980967894154101,
        -0.8037230152146249
      ],
      [
        0.0,
        0.0,
        0.0,
        1.0
      ]
    ],
    "location": [
      12.76168066201835,
      -29.876558422243875,
      -0.8037230152146249
    ],
    "rotation": [
      -0.014165351804317097,
      -0.06006008097292711,
      1.7293531738482832
    ]
  },
  {
    "label_id": "nqMf1rffkjVD53zLzdDAHg",
    "size": [
      0.6660627460447741,
      0.16234088722241258,
      0.544960428581911
    ],
    "obj_class": "sign",
    "point_num_in_lidar": 81,
    "speed": 0.009770654970707471,
    "if_vehicle": false,
    "motion_state": false,
    "pose": [
      [
        0.11097014031973797,
        0.9938135041273777,
        -0.004510761740597429,
        11.03863371219336
      ],
      [
        -0.9919730366478876,
        0.11048548581781426,
        -0.06150164215019046,
        -4.856726889198853
      ],
      [
        -0.0606227887925505,
        0.01129939988071649,
        0.9980967894154101,
        2.8797901243707726
      ],
      [
        0.0,
        0.0,
        0.0,
        1.0
      ]
    ],
    "location": [
      11.03863371219336,
      -4.856726889198853,
      2.8797901243707726
    ],
    "rotation": [
      0.011320462416981581,
      0.060659983033532955,
      -1.4593914091125404
    ]
  },
  {
    "label_id": "op516gA0LiM91RFRCh0Qwg",
    "size": [
      1.9930368581776376,
      4.7185740620167955,
      1.9805953887445877
    ],
    "obj_class": "vehicle",
    "point_num_in_lidar": 683,
    "speed": 0.02404461435373116,
    "if_vehicle": true,
    "motion_state": false,
    "pose": [
      [
        0.042476621946534426,
        0.9990872782777943,
        -0.004510761740597429,
        -4.4799561165065
      ],
      [
        -0.99721787899138,
        0.04211947094590692,
        -0.06150164215019046,
        -21.563343601427846
      ],
      [
        -0.061255517367371656,
        0.007110594258298721,
        0.9980967894154101,
        0.1737859642634909
      ],
      [
        0.0,
        0.0,
        0.0,
        1.0
      ]
    ],
    "location": [
      -4.4799561165065,
      -21.563343601427846,
      0.1737859642634909
    ],
    "rotation": [
      0.007124032500038943,
      0.061293889745614505,
      -1.5282269327935676
    ]
  },
  {
    "label_id": "wFMkUYbAaNEsNM4uQIEcrQ",
    "size": [
      2.0156157569784514,
      4.674700935570883,
      2.0100000000000042
    ],
    "obj_class": "vehicle",
    "point_num_in_lidar": 1171,
    "speed": 0.02747131684688054,
    "if_vehicle": true,
    "motion_state": false,
    "pose": [
      [
        -0.14363536208699001,
        -0.9896203998436264,
        -0.004510761740597429,
        17.15921949261194
      ],
      [
        0.9877968897141163,
        -0.14309036544767084,
        -0.06150164215019046,
        8.40382667547567
      ],
      [
        0.060217833149801656,
        -0.013289527056790668,
        0.9980967894154101,
        2.1568303888237286
      ],
      [
        0.0,
        0.0,
        0.0,
        1.0
      ]
    ],
    "location": [
      17.15921949261194,
      8.40382667547567,
      2.1568303888237286
    ],
    "rotation": [
      -0.013314081293007174,
      -0.06025428618961606,
      1.7151941002957318
    ]
  },
  {
    "label_id": "wzDW0bBrRBKQMSmNIPQ14Q",
    "size": [
      2.0823029386308907,
      4.474294176516248,
      1.5900000000000043
    ],
    "obj_class": "vehicle",
    "point_num_in_lidar": 647,
    "speed": 0.0028885426070823033,
    "if_vehicle": true,
    "motion_state": false,
    "pose": [
      [
        -0.9879267055470029,
        0.15485631241755987,
        -0.004510761740597429,
        18.488345421998417
      ],
      [
        -0.15429065770223843,
        -0.9861094974487572,
        -0.06150164215019046,
        0.17769308944741624
      ],
      [
        -0.013972022504134478,
        -0.06006314631947349,
        0.9980967894154101,
        1.2294881697289162
      ],
      [
        0.0,
        0.0,
        0.0,
        1.0
      ]
    ],
    "location": [
      18.488345421998417,
      0.17769308944741624,
      1.2294881697289162
    ],
    "rotation": [
      -0.0601051930071356,
      0.013972477141088754,
      -2.986667934932503
    ]
  },
  {
    "label_id": "yBd--n9qvMYP_1Fg13haag",
    "size": [
      1.8813816673433137,
      4.012285060190761,
      1.7900000000000045
    ],
    "obj_class": "vehicle",
    "point_num_in_lidar": 734,
    "speed": 0.02074296895146333,
    "if_vehicle": true,
    "motion_state": false,
    "pose": [
      [
        0.9944592963797707,
        -0.10502552486120217,
        -0.004510761740597429,
        17.763757128935424
      ],
      [
        0.10455188432831503,
        0.9926159637524617,
        -0.06150164215019046,
        2.6698498998059677
      ],
      [
        0.010936696359050438,
        0.06068927113914332,
        0.9980967894154101,
        1.5841047471636682
      ],
      [
        0.0,
        0.0,
        0.0,
        1.0
      ]
    ],
    "location": [
      17.763757128935424,
      2.6698498998059677,
      1.5841047471636682
    ],
    "rotation": [
      0.060730224609513855,
      -0.010936914396247721,
      0.10474959303790501
    ]
  }
]