[
  {
    "label_id": "0FthUnFInpdwtS3fei1NLw",
    "size": [
      2.239774383726548,
      4.869392282684742,
      2.1004180595197823
    ],
    "obj_class": "vehicle",
    "point_num_in_lidar": 7793,
    "speed": 0.04106410679511784,
    "if_vehicle": true,
    "motion_state": false,
    "pose": [
      [
        0.03600117160517803,
        0.9990047048651886,
        -0.026334678662777715,
        -2.6306173577189185
      ],
      [
        -0.9969638347547821,
        0.03408207358037023,
        -0.07001088809250716,
        -54.90811029610563
      ],
      [
        -0.06904366614030467,
        0.028775196223127075,
        0.9971985560800951,
        -2.1819695266200556
      ],
      [
        0.0,
        0.0,
        0.0,
        1.0
      ]
    ],
    "location": [
      -2.6306173577189185,
      -54.90811029610563,
      -2.1819695266200556
    ],
    "rotation": [
      0.02884802959338449,
      0.06909863966232765,
      -1.5347012005866112
    ]
  },
  {
    "label_id": "2ZzcZmYwGNGC34_vckVgMg",
    "size": [
      2.135233125361253,
      4.64124244299159,
      1.4900000000000038
    ],
    "obj_class": "vehicle",
    "point_num_in_lidar": 955,
    "speed": 8.89911452410874e-14,
    "if_vehicle": true,
    "motion_state": false,
    "pose": [
      [
        -0.08515313119607246,
        -0.996019793451532,
        -0.026334678662777715,
        20.650832836124167
      ],
      [
        0.994075904747272,
        -0.0831358595877306,
        -0.07001088809250716,
        -50.447396535438884
      ],
      [
        0.0675428741496606,
        -0.032140315856824246,
        0.9971985560800951,
        -2.058263951435382
      ],
      [
        0.0,
        0.0,
        0.0,
        1.0
      ]
    ],
    "location": [
      20.650832836124167,
      -50.447396535438884,
      -2.058263951435382
    ],
    "rotation": [
      -0.03221945453375464,
      -0.06759433541279228,
      1.6562483188241817
    ]
  },
  {
    "label_id": "4AeZa77bkV7le7_KKTO9gw",
    "size": [
      1.85466986625899,
      4.570722738993197,
      1.7243322628737179
    ],
    "obj_class": "vehicle",
    "point_num_in_lidar": 26,
    "speed": 8.883908979104366e-14,
    "if_vehicle": true,
    "motion_state": false,
    "pose": [
      [
        0.9815787432697411,
        -0.1892343929118694,
        -0.026334678662777715,
        70.69492613162716
      ],
      [
        0.18702421682085152,
        0.9798573456738717,
        -0.07001088809250716,
        -82.5859036834812
      ],
      [
        0.03905269623909014,
        0.06379597689690687,
        0.9971985560800951,
        -1.4774028001641186
      ],
      [
        0.0,
        0.0,
        0.0,
        1.0
      ]
    ],
    "location": [
      70.69492613162716,
      -82.5859036834812,
      -1.4774028001641186
    ],
    "rotation": [
      0.0638881337483056,
      -0.03906262968759953,
      0.1882773812544966
    ]
  },
  {
    "label_id": "739MebKySTL_wlcubUtzJg",
    "size": [
      0.9999999999999948,
      1.0,
      1.6400000000000041
    ],
    "obj_class": "pedestrian",
    "point_num_in_lidar": 31,
    "speed": 1.4809476341265473,
    "if_vehicle": false,
    "motion_state": true,
    "pose": [
      [
        0.0390276259809206,
        0.9988910496695931,
        -0.026334678662777715,
        -5.146474010008447
      ],
      [
        -0.996856003091967,
        0.037102353672060356,
        -0.07001088809250716,
        -108.623486717432
      ],
      [
        -0.06895617093343846,
        0.028984241269554355,
        0.9971985560800951,
        -3.9678393429883636
      ],
      [
        0.0,
        0.0,
        0.0,
        1.0
      ]
    ],
    "location": [
      -5.146474010008447,
      -108.623486717432,
      -3.9678393429883636
    ],
    "rotation": [
      0.02905748623448,
      0.0690109354269011,
      -1.5316655958343661
    ]
  },
  {
    "label_id": "AW93vUUwt0tOGzfuMl_ixg",
    "size": [
      2.1475562215189368,
      4.350822809280177,
      1.9439356952888387
    ],
    "obj_class": "vehicle",
    "point_num_in_lidar": 172,
    "speed": 0.01615250076586651,
    "if_vehicle": true,
    "motion_state": false,
    "pose": [
      [
        -0.16447267913472505,
        -0.9860300312454858,
        -0.026334678662777715,
        28.556898422917214
      ],
      [
        0.9842535589328217,
        -0.16230652259405,
        -0.07001088809250716,
        -48.84106246294243
      ],
      [
        0.06475854805599188,
        -0.03743487953036728,
        0.9971985560800951,
        -1.6179237401990543
      ],
      [
        0.0,
        0.0,
        0.0,
        1.0
      ]
    ],
    "location": [
      28.556898422917214,
      -48.84106246294243,
      -1.6179237401990543
    ],
    "rotation": [
      -0.03752242625986156,
      -0.06480389634578314,
      1.736370460265292
    ]
  },
  {
    "label_id": "BBGHrrdA-BRayce_KINWBQ",
    "size": [
      1.851017242611422,
      3.8732833809560465,
      1.690000000000004
    ],
    "obj_class": "vehicle",
    "point_num_in_lidar": 25,
    "speed": 1.0658719261875217e-13,
    "if_vehicle": true,
    "motion_state": false,
    "pose": [
      [
        -0.19494492136422917,
        -0.980460586833567,
        -0.026334678662777715,
        41.932175036396146
      ],
      [
        0.9787520837568272,
        -0.19272476252460927,
        -0.07001088809250716,
        -54.52843931718394
      ],
      [
        0.06356757173247303,
        -0.039423388690093805,
        0.9971985560800951,
        -2.067859696831338
      ],
      [
        0.0,
        0.0,
        0.0,
        1.0
      ]
    ],
    "location": [
      41.932175036396146,
      -54.52843931718394,
      -2.067859696831338
    ],
    "rotation": [
      -0.03951356405659114,
      -0.06361046079069348,
      1.7674004326647308
    ]
  },
  {
    "label_id": "FC_Nzw77TdePKfA1A8_YUw",
    "size": [
      1.9791979559302368,
      4.6815017276940125,
      1.6894924373811975
    ],
    "obj_class": "vehicle",
    "point_num_in_lidar": 1713,
    "speed": 0.02930288189867586,
    "if_vehicle": true,
    "motion_state": false,
    "pose": [
      [
        0.09147076538466657,
        0.9954594837459089,
        -0.026334678662777715,
        -1.9470476570395334
      ],
      [
        -0.9935284329499208,
        0.08944120118029031,
        -0.07001088809250716,
        -67.23232758555434
      ],
      [
        -0.06733759722486397,
        0.032568201543151126,
        0.9971985560800951,
        -3.1031180209109026
      ],
      [
        0.0,
        0.0,
        0.0,
        1.0
      ]
    ],
    "location": [
      -1.9470476570395334,
      -67.23232758555434,
      -3.1031180209109026
    ],
    "rotation": [
      0.03264809105832825,
      0.06738859007042952,
      -1.4789885579907924
    ]
  },
  {
    "label_id": "FHlfveZieODUAJsHQCO3WQ",
    "size": [
      0.47256502946246604,
      0.11859601717126622,
      0.48564117926519934
    ],
    "obj_class": "sign",
    "point_num_in_lidar": 43,
    "speed": 0.017774563812657344,
    "if_vehicle": false,
    "motion_state": false,
    "pose": [
      [
        0.05503073705192772,
        0.9981373165447978,
        -0.026334678662777715,
        -3.8941335398121453
      ],
      [
        -0.9961333855256918,
        0.05307309854928309,
        -0.07001088809250716,
        -70.39895704486958
      ],
      [
        -0.06848281697363992,
        0.030085603386474664,
        0.9971985560800951,
        -1.2619115358630104
      ],
      [
        0.0,
        0.0,
        0.0,
        1.0
      ]
    ],
    "location": [
      -3.8941335398121453,
      -70.39895704486958,
      -1.2619115358630104
    ],
    "rotation": [
      0.0301609743102008,
      0.06853645981238975,
      -1.5156080792350841
    ]
  },
  {
    "label_id": "H77al2aLVyQfPGZQ91uLDw",
    "size": [
      2.1004080334660147,
      4.321158116249892,
      1.6473094557536303
    ],
    "obj_class": "vehicle",
    "point_num_in_lidar": 207,
    "speed": 0.02993001203448303,
    "if_vehicle": true,
    "motion_state": false,
    "pose": [
      [
        0.9860394362136308,
        -0.16441628548058573,
        -0.026334678662777715,
        28.886779756706254
      ],
      [
        0.16225023054409857,
        0.9842628400162658,
        -0.07001088809250716,
        -55.64551099369362
      ],
      [
        0.03743117577490835,
        0.06476068893921091,
        0.9971985560800951,
        -1.986030180539001
      ],
      [
        0.0,
        0.0,
        0.0,
        1.0
      ]
    ],
    "location": [
      28.886779756706254,
      -55.64551099369362,
      -1.986030180539001
    ],
    "rotation": [
      0.06485155293610398,
      -0.03743992204971285,
      0.1630859872285532
    ]
  },
  {
    "label_id": "QDVEnIR7naYiy3U9lHiF0Q",
    "size": [
      2.0821810771242686,
      5.2704203782678345,
      2.0460419520279647
    ],
    "obj_class": "vehicle",
    "point_num_in_lidar": 631,
    "speed": 3.554447978966673e-14,
    "if_vehicle": true,
    "motion_state": false,
    "pose": [
      [
        0.15186709118106853,
        0.9880500348241121,
        -0.026334678662777715,
        23.034876760816402
      ],
      [
        -0.9862460443017694,
        0.14972379786664114,
        -0.07001088809250716,
        -67.30073489691529
      ],
      [
        -0.06523133231288004,
        0.0366048225847351,
        0.9971985560800951,
        -2.608465660274094
      ],
      [
        0.0,
        0.0,
        0.0,
        1.0
      ]
    ],
    "location": [
      23.034876760816402,
      -67.30073489691529,
      -2.608465660274094
    ],
    "rotation": [
      0.0366911830743373,
      0.06527768238341869,
      -1.4180113712865468
    ]
  },
  {
    "label_id": "R9GNlFkDZMkdo8iVjWgl3A",
    "size": [
      3.768870033046167,
      12.908695691698984,
      3.736177492803977
    ],
    "obj_class": "vehicle",
    "point_num_in_lidar": 1264,
    "speed": 4.495510762222724,
    "if_vehicle": true,
    "motion_state": true,
    "pose": [
      [
        -0.9882181927990095,
        0.15076898925438165,
        -0.026334678662777715,
        42.96212723664278
      ],
      [
        -0.1486277020164245,
        -0.9864118215744453,
        -0.07001088809250716,
        -78.03723508129019
      ],
      [
        -0.03653230918483717,
        -0.0652719705340415,
        0.9971985560800951,
        -1.2971154300799599
      ],
      [
        0.0,
        0.0,
        0.0,
        1.0
      ]
    ],
    "location": [
      42.96212723664278,
      -78.03723508129019,
      -1.2971154300799599
    ],
    "rotation": [
      -0.06536210057989278,
      0.03654044013086736,
      -2.9923118418041175
    ]
  },
  {
    "label_id": "RIGkOpXIIKDuFZVaTZWJwg",
    "size": [
      0.5331272326095075,
      0.085936283990451,
      0.4941245749102219
    ],
    "obj_class": "sign",
    "point_num_in_lidar": 20,
    "speed": 0.009684321579268565,
    "if_vehicle": false,
    "motion_state": false,
    "pose": [
      [
        -0.9855714956689314,
        0.16719841992265774,
        -0.026334678662777715,
        38.960144143172776
      ],
      [
        -0.16502735972277585,
        -0.9838010195621002,
        -0.07001088809250716,
        -70.58273901135362
      ],
      [
        -0.037613793584730215,
        -0.06465479320157655,
        0.9971985560800951,
        -0.27274229877353395
      ],
      [
        0.0,
        0.0,
        0.0,
        1.0
      ]
    ],
    "location": [
      38.960144143172776,
      -70.58273901135362,
      -0.27274229877353395
    ],
    "rotation": [
      -0.0647458049719027,
      0.0376226685528724,
      -2.9756884123376364
    ]
  },
  {
    "label_id": "SjUOrL45KnzmIi-re1XD_A",
    "size": [
      2.32147745075278,
      4.913178953138767,
      1.6300000000000043
    ],
    "obj_class": "vehicle",
    "point_num_in_lidar": 2552,
    "speed": 2.1317438523750434e-13,
    "if_vehicle": true,
    "motion_state": false,
    "pose": [
      [
        -0.04981235925855392,
        -0.9984113448698512,
        -0.026334678662777715,
        12.564276301109814
      ],
      [
        0.9963972079431916,
        -0.047865222777195154,
        -0.07001088809250716,
        -59.365440862346645
      ],
      [
        0.06863914967501303,
        -0.02972720780134724,
        0.9971985560800951,
        -2.5377804051377737
      ],
      [
        0.0,
        0.0,
        0.0,
        1.0
      ]
    ],
    "location": [
      12.564276301109814,
      -59.365440862346645,
      -2.5377804051377737
    ],
    "rotation": [
      -0.029801894848364405,
      -0.0686931612437842,
      1.6207472130263731
    ]
  },
  {
    "label_id": "T1crxPSUfT-4K4xwSV1uPA",
    "size": [
      1.8978891977529802,
      4.256426255755278,
      1.3700000000000037
    ],
    "obj_class": "vehicle",
    "point_num_in_lidar": 56,
    "speed": 0.0017674931886542,
    "if_vehicle": true,
    "motion_state": false,
    "pose": [
      [
        -0.05545057805893263,
        -0.9981140807005271,
        -0.026334678662777715,
        11.158344643501138
      ],
      [
        0.996110973298957,
        -0.05349209681721818,
        -0.07001088809250716,
        -103.20208525964767
      ],
      [
        0.06847015602680062,
        -0.030114406609443554,
        0.9971985560800951,
        -3.4804216921292523
      ],
      [
        0.0,
        0.0,
        0.0,
        1.0
      ]
    ],
    "location": [
      11.158344643501138,
      -103.20208525964767,
      -3.4804216921292523
    ],
    "rotation": [
      -0.030189832157851367,
      -0.06852376907697497,
      1.6264060014561743
    ]
  },
  {
    "label_id": "TDnHTGfixp8YOmZl6aYmUg",
    "size": [
      0.796229675506918,
      1.1287846662723604,
      1.0511899151793322
    ],
    "obj_class": "sign",
    "point_num_in_lidar": 20,
    "speed": 3.580361673049448e-14,
    "if_vehicle": false,
    "motion_state": false,
    "pose": [
      [
        -0.01842977675574827,
        -0.9994832805147175,
        -0.026334678662777715,
        -4.2683393382922645
      ],
      [
        0.9974089817868301,
        -0.016546860713048294,
        -0.07001088809250716,
        -55.671295923906314
      ],
      [
        0.06953895584269196,
        -0.027556730068741066,
        0.9971985560800951,
        -2.613761577612853
      ],
      [
        0.0,
        0.0,
        0.0,
        1.0
      ]
    ],
    "location": [
      -4.2683393382922645,
      -55.671295923906314,
      -2.613761577612853
    ],
    "rotation": [
      -0.027627114564166094,
      -0.06959512268238939,
      1.5892718770134506
    ]
  },
  {
    "label_id": "TSkHv1dU9BwYbpsysO-m5g",
    "size": [
      2.2370752438411037,
      4.880771797860977,
      1.4175253135198727
    ],
    "obj_class": "vehicle",
    "point_num_in_lidar": 46,
    "speed": 3.3306690738754696e-15,
    "if_vehicle": true,
    "motion_state": false,
    "pose": [
      [
        0.9835726395416633,
        -0.17858148684780675,
        -0.026334678662777715,
        34.06533083671195
      ],
      [
        0.17639010318024553,
        0.9818273814925721,
        -0.07001088809250716,
        -54.86470768051379
      ],
      [
        0.038358757085018694,
        0.06421561731125731,
        0.9971985560800951,
        -2.1516258727075845
      ],
      [
        0.0,
        0.0,
        0.0,
        1.0
      ]
    ],
    "location": [
      34.06533083671195,
      -54.86470768051379,
      -2.1516258727075845
    ],
    "rotation": [
      0.06430722648319563,
      -0.038368170128056135,
      0.1774498207814007
    ]
  },
  {
    "label_id": "To2rVuVuEoUSu3imKi5-iQ",
    "size": [
      2.2275649384881318,
      4.642568388368268,
      1.6575253135198729
    ],
    "obj_class": "vehicle",
    "point_num_in_lidar": 145,
    "speed": 0.011790953961166459,
    "if_vehicle": true,
    "motion_state": false,
    "pose": [
      [
        0.1671552224318116,
        0.985578822983479,
        -0.026334678662777715,
        26.127088428451096
      ],
      [
        -0.983808251721371,
        0.16498423983350066,
        -0.07001088809250716,
        -48.15502313069749
      ],
      [
        -0.06465644174180338,
        0.03761095974662314,
        0.9971985560800951,
        -1.8537839121625863
      ],
      [
        0.0,
        0.0,
        0.0,
        1.0
      ]
    ],
    "location": [
      26.127088428451096,
      -48.15502313069749,
      -1.8537839121625863
    ],
    "rotation": [
      0.037698751482909555,
      0.06470157559529427,
      -1.4024972367454853
    ]
  },
  {
    "label_id": "YNxoawT6vIVOXCltkBdhSg",
    "size": [
      2.0910824509630976,
      4.688438300872428,
      1.2315137479379885
    ],
    "obj_class": "vehicle",
    "point_num_in_lidar": 121,
    "speed": 5.3316719684500096e-14,
    "if_vehicle": true,
    "motion_state": false,
    "pose": [
      [
        -0.9801715756856745,
        0.196392889172674,
        -0.026334678662777715,
        50.847677237053155
      ],
      [
        -0.19417020922581305,
        -0.9784663537381867,
        -0.07001088809250716,
        -60.43858690969455
      ],
      [
        -0.03951723759406718,
        -0.06350927243094007,
        0.9971985560800951,
        -2.177449054184015
      ],
      [
        0.0,
        0.0,
        0.0,
        1.0
      ]
    ],
    "location": [
      50.847677237053155,
      -60.43858690969455,
      -2.177449054184015
    ],
    "rotation": [
      -0.0636017905334656,
      0.03952752992757402,
      -2.9460264299082906
    ]
  },
  {
    "label_id": "agustPTQy50BIJjPrfHUJg",
    "size": [
      1.9111363298310076,
      4.4729556239008765,
      1.3933782373620502
    ],
    "obj_class": "vehicle",
    "point_num_in_lidar": 97,
    "speed": 0.0279689986895945,
    "if_vehicle": true,
    "motion_state": false,
    "pose": [
      [
        0.15870512137863474,
        0.9869747560844304,
        -0.026334678662777715,
        25.31858080648948
      ],
      [
        -0.985185649869066,
        0.1565493878639079,
        -0.07001088809250716,
        -66.61600031018816
      ],
      [
        -0.06497630137410604,
        0.03705563400502905,
        0.9971985560800951,
        -2.724830728932166
      ],
      [
        0.0,
        0.0,
        0.0,
        1.0
      ]
    ],
    "location": [
      25.31858080648948,
      -66.61600031018816,
      -2.724830728932166
    ],
    "rotation": [
      0.03714264511941688,
      0.06502210924453773,
      -1.4110769047967462
    ]
  },
  {
    "label_id": "auOooDPcS5q1p_53EHycZg",
    "size": [
      2.06465332193269,
      4.50592062313768,
      1.5935171151616743
    ],
    "obj_class": "vehicle",
    "point_num_in_lidar": 40,
    "speed": 5.370542509574172e-14,
    "if_vehicle": true,
    "motion_state": false,
    "pose": [
      [
        -0.9857209550178183,
        0.16631501296782633,
        -0.026334678662777715,
        36.10929174461117
      ],
      [
        -0.1641455404675113,
        -0.9839485337623746,
        -0.07001088809250716,
        -73.01347211095049
      ],
      [
        -0.03755583021833779,
        -0.06468847941005189,
        0.9971985560800951,
        -2.6319545761114123
      ],
      [
        0.0,
        0.0,
        0.0,
        1.0
      ]
    ],
    "location": [
      36.10929174461117,
      -73.01347211095049,
      -2.6319545761114123
    ],
    "rotation": [
      -0.06477944432995436,
      0.03756466420299636,
      -2.976583437590631
    ]
  },
  {
    "label_id": "b4zV2_qtCFu2PXzfOzUGDg",
    "size": [
      2.0415934395978326,
      4.159733527544294,
      1.4200000000000035
    ],
    "obj_class": "vehicle",
    "point_num_in_lidar": 118,
    "speed": 0.07749855598010906,
    "if_vehicle": true,
    "motion_state": false,
    "pose": [
      [
        -0.059507469322781587,
        -0.9978804266015675,
        -0.026334678662777715,
        8.025806919104397
      ],
      [
        0.9958852970070877,
        -0.057540861599415634,
        -0.07001088809250716,
        -102.41883635990825
      ],
      [
        0.06834717477630567,
        -0.030392490057092166,
        0.9971985560800951,
        -3.490426315267407
      ],
      [
        0.0,
        0.0,
        0.0,
        1.0
      ]
    ],
    "location": [
      8.025806919104397,
      -102.41883635990825,
      -3.490426315267407
    ],
    "rotation": [
      -0.03046844039059119,
      -0.06840049905198467,
      1.6304786996552239
    ]
  },
  {
    "label_id": "e395WJBHUGGz23_cnf-9bQ",
    "size": [
      2.2143668834732675,
      4.400387997189263,
      1.7363276684535638
    ],
    "obj_class": "vehicle",
    "point_num_in_lidar": 345,
    "speed": 0.01827774157058522,
    "if_vehicle": true,
    "motion_state": false,
    "pose": [
      [
        -0.9865704903471789,
        0.1611991075529112,
        -0.026334678662777715,
        24.559727247376955
      ],
      [
        -0.15903885911267757,
        -0.9847868382754901,
        -0.07001088809250716,
        -80.7641205326903
      ],
      [
        -0.03721973761681677,
        -0.06488243894543913,
        0.9971985560800951,
        -2.667170806328137
      ],
      [
        0.0,
        0.0,
        0.0,
        1.0
      ]
    ],
    "location": [
      24.559727247376955,
      -80.7641205326903,
      -2.667170806328137
    ],
    "rotation": [
      -0.06497313124983578,
      0.0372283364504134,
      -2.9817639126427653
    ]
  },
  {
    "label_id": "gNkR8vsrfHgMRzMUczWVJg",
    "size": [
      1.8272250698720962,
      4.323699343690174,
      1.5999999999999996
    ],
    "obj_class": "vehicle",
    "point_num_in_lidar": 30,
    "speed": 3.5596458096434965e-14,
    "if_vehicle": true,
    "motion_state": false,
    "pose": [
      [
        -0.06342347284176847,
        -0.9976391871776176,
        -0.026334678662777715,
        11.508177791163732
      ],
      [
        0.9956517914536362,
        -0.06144904981904197,
        -0.07001088809250716,
        -112.78151363809968
      ],
      [
        0.0682273645090745,
        -0.0306605036475137,
        0.9971985560800951,
        -4.202491484703196
      ],
      [
        0.0,
        0.0,
        0.0,
        1.0
      ]
    ],
    "location": [
      11.508177791163732,
      -112.78151363809968,
      -4.202491484703196
    ],
    "rotation": [
      -0.03073695528570774,
      -0.06828040845719595,
      1.6344108315326997
    ]
  },
  {
    "label_id": "gV6Bw661MKF2mu-9UbidXQ",
    "size": [
      2.0619088630284774,
      4.979403080777294,
      1.5159977183298867
    ],
    "obj_class": "vehicle",
    "point_num_in_lidar": 53,
    "speed": 0.019057245895272593,
    "if_vehicle": true,
    "motion_state": false,
    "pose": [
      [
        0.9846164086555631,
        -0.17273393559445507,
        -0.026334678662777715,
        -26.926766289352486
      ],
      [
        0.17055296095437594,
        0.9828581601931142,
        -0.07001088809250716,
        -98.08547706837032
      ],
      [
        0.037976510054456306,
        0.06444241177871216,
        0.9971985560800951,
        -4.302283415169412
      ],
      [
        0.0,
        0.0,
        0.0,
        1.0
      ]
    ],
    "location": [
      -26.926766289352486,
      -98.08547706837032,
      -4.302283415169412
    ],
    "rotation": [
      0.06453371555098293,
      -0.03798564436791424,
      0.1715157773347422
    ]
  },
  {
    "label_id": "igeAxNTqmAvEuIemThLM8g",
    "size": [
      2.3167718466597162,
      4.915583154046055,
      2.160000000000001
    ],
    "obj_class": "vehicle",
    "point_num_in_lidar": 88,
    "speed": 2.816450615100262e-29,
    "if_vehicle": true,
    "motion_state": false,
    "pose": [
      [
        0.9821551579715123,
        -0.18621957568870573,
        -0.026334678662777715,
        49.09902584868515
      ],
      [
        0.18401469554602246,
        0.9804269821723609,
        -0.07001088809250716,
        -52.61446513323949
      ],
      [
        0.038856627402002165,
        0.06391558697778887,
        0.9971985560800951,
        -1.5846749390207089
      ],
      [
        0.0,
        0.0,
        0.0,
        1.0
      ]
    ],
    "location": [
      49.09902584868515,
      -52.61446513323949,
      -1.5846749390207089
    ],
    "rotation": [
      0.06400759002048198,
      -0.03886641191680755,
      0.1852108374321401
    ]
  },
  {
    "label_id": "irRilzG-gquG7JntU8rgVQ",
    "size": [
      2.58302797284584,
      5.479408345867389,
      2.229999999999997
    ],
    "obj_class": "vehicle",
    "point_num_in_lidar": 74,
    "speed": 5.3290705182007514e-14,
    "if_vehicle": true,
    "motion_state": false,
    "pose": [
      [
        -0.9804789486077659,
        0.19485254947456612,
        -0.026334678662777715,
        49.57858082607223
      ],
      [
        -0.19263255160606746,
        -0.9787702363732942,
        -0.07001088809250716,
        -55.065373016827266
      ],
      [
        -0.039417399695385255,
        -0.06357128560150065,
        0.9971985560800951,
        -1.8531980388238098
      ],
      [
        0.0,
        0.0,
        0.0,
        1.0
      ]
    ],
    "location": [
      49.57858082607223,
      -55.065373016827266,
      -1.8531980388238098
    ],
    "rotation": [
      -0.06366372645347844,
      0.039427614180680325,
      -2.9475957259561123
    ]
  },
  {
    "label_id": "iuT6AwtQpCbc9M0iGh3j9w",
    "size": [
      2.1317443926046877,
      4.751092980351478,
      1.712260309168392
    ],
    "obj_class": "vehicle",
    "point_num_in_lidar": 549,
    "speed": 0.10874992272783189,
    "if_vehicle": true,
    "motion_state": false,
    "pose": [
      [
        -0.9897780778444328,
        0.14016362337749377,
        -0.026334678662777715,
        25.292420707234314
      ],
      [
        -0.1380418290301358,
        -0.9879488493775945,
        -0.07001088809250716,
        -77.68384026288857
      ],
      [
        -0.035830295234541974,
        -0.06565995503485271,
        0.9971985560800951,
        -2.742382079706906
      ],
      [
        0.0,
        0.0,
        0.0,
        1.0
      ]
    ],
    "location": [
      25.292420707234314,
      -77.68384026288857,
      -2.742382079706906
    ],
    "rotation": [
      -0.06574950536784477,
      0.03583796621589831,
      -3.0030190585206467
    ]
  },
  {
    "label_id": "j4pYCjXzBIBJETm7p7ALAg",
    "size": [
      0.4735549949797935,
      0.11589494026634384,
      0.5419955349083043
    ],
    "obj_class": "sign",
    "point_num_in_lidar": 130,
    "speed": 0.01912333812830214,
    "if_vehicle": false,
    "motion_state": false,
    "pose": [
      [
        0.055030737051934814,
        0.9981373165447973,
        -0.026334678662777715,
        -3.89588543115309
      ],
      [
        -0.9961333855256914,
        0.05307309854929017,
        -0.07001088809250716,
        -70.39630122793062
      ],
      [
        -0.06848281697363971,
        0.03008560338647515,
        0.9971985560800951,
        -1.8394181912711245
      ],
      [
        0.0,
        0.0,
        0.0,
        1.0
      ]
    ],
    "location": [
      -3.89588543115309,
      -70.39630122793062,
      -1.8394181912711245
    ],
    "rotation": [
      0.03016097431020129,
      0.06853645981238954,
      -1.515608079235077
    ]
  },
  {
    "label_id": "p65_dOfmQkmZo7JqvWBsSw",
    "size": [
      0.8916477119128255,
      1.3736536652180864,
      1.8155989146434655
    ],
    "obj_class": "pedestrian",
    "point_num_in_lidar": 128,
    "speed": 2.8015938398966735,
    "if_vehicle": false,
    "motion_state": true,
    "pose": [
      [
        0.06323917090004352,
        0.9976508868154246,
        -0.026334678662777715,
        -6.457445691764477
      ],
      [
        -0.9956631263763919,
        0.06126511505651019,
        -0.07001088809250716,
        -81.57221906841744
      ],
      [
        -0.06823302747397392,
        0.030647899006444802,
        0.9971985560800951,
        -3.4958806269262412
      ],
      [
        0.0,
        0.0,
        0.0,
        1.0
      ]
    ],
    "location": [
      -6.457445691764477,
      -81.57221906841744,
      -3.4958806269262412
    ],
    "rotation": [
      0.030724327167401134,
      0.0682860846498675,
      -1.5073669031357437
    ]
  },
  {
    "label_id": "rmtoge8lH9ELbT6J6nkCPw",
    "size": [
      2.0437022907749034,
      4.743477809726895,
      1.5709305980602917
    ],
    "obj_class": "vehicle",
    "point_num_in_lidar": 179,
    "speed": 8.881784197001252e-14,
    "if_vehicle": true,
    "motion_state": false,
    "pose": [
      [
        0.9902537604493126,
        -0.13676247517401668,
        -0.026334678662777715,
        -12.596471384913968
      ],
      [
        0.13464697754837654,
        0.9884172534843699,
        -0.07001088809250716,
        -95.63829459510919
      ],
      [
        0.035604513099918564,
        0.06578266031935047,
        0.9971985560800951,
        -3.9475911876981966
      ],
      [
        0.0,
        0.0,
        0.0,
        1.0
      ]
    ],
    "location": [
      -12.596471384913968,
      -95.63829459510919,
      -3.9475911876981966
    ],
    "rotation": [
      0.06587202320228049,
      -0.0356120399239932,
      0.13514339862148017
    ]
  },
  {
    "label_id": "uRAjQ1brh2PNKP6H45Ipsw",
    "size": [
      1.851017242611422,
      3.8732833809560465,
      1.5800000000000045
    ],
    "obj_class": "vehicle",
    "point_num_in_lidar": 55,
    "speed": 1.2434993501203063e-13,
    "if_vehicle": true,
    "motion_state": false,
    "pose": [
      [
        -0.19494492136422917,
        -0.980460586833567,
        -0.026334678662777715,
        39.36626642690841
      ],
      [
        0.9787520837568272,
        -0.19272476252460927,
        -0.07001088809250716,
        -55.02067327120312
      ],
      [
        0.06356757173247303,
        -0.039423388690093805,
        0.9971985560800951,
        -1.9680585847452683
      ],
      [
        0.0,
        0.0,
        0.0,
        1.0
      ]
    ],
    "location": [
      39.36626642690841,
      -55.02067327120312,
      -1.9680585847452683
    ],
    "rotation": [
      -0.03951356405659114,
      -0.06361046079069348,
      1.7674004326647308
    ]
  }
]