[
  {
    "label_id": "0FthUnFInpdwtS3fei1NLw",
    "size": [
      2.239774383726548,
      4.869392282684742,
      2.1004180595197823
    ],
    "obj_class": "vehicle",
    "point_num_in_lidar": 8461,
    "speed": 0.04278647178113285,
    "if_vehicle": true,
    "motion_state": false,
    "pose": [
      [
        0.03600142671215053,
        0.9990117838866585,
        -0.026064399672469037,
        -2.6313114793271666
      ],
      [
        -0.9970317912067024,
        0.03412951387650968,
        -0.06901292346878256,
        -54.89958072706281
      ],
      [
        -0.06805515849547748,
        0.028471598798621815,
        0.9972752195176644,
        -2.1807976054653793
      ],
      [
        0.0,
        0.0,
        0.0,
        1.0
      ]
    ],
    "location": [
      -2.6313114793271666,
      -54.89958072706281,
      -2.1807976054653793
    ],
    "rotation": [
      0.028541636848023858,
      0.06810780124951775,
      -1.5347034031163516
    ]
  },
  {
    "label_id": "2ZzcZmYwGNGC34_vckVgMg",
    "size": [
      2.1352331253612538,
      4.64124244299159,
      1.4900000000000038
    ],
    "obj_class": "vehicle",
    "point_num_in_lidar": 977,
    "speed": 8.89911452410874e-14,
    "if_vehicle": true,
    "motion_state": false,
    "pose": [
      [
        -0.08515373459747838,
        -0.9960268513216981,
        -0.026064399672469037,
        20.65083283612418
      ],
      [
        0.9941414425699349,
        -0.0831865888185154,
        -0.06901292346878256,
        -50.447396535438884
      ],
      [
        0.06657051636476169,
        -0.031788408058964504,
        0.9972752195176644,
        -2.053739993484429
      ],
      [
        0.0,
        0.0,
        0.0,
        1.0
      ]
    ],
    "location": [
      20.65083283612418,
      -50.447396535438884,
      -2.053739993484429
    ],
    "rotation": [
      -0.03186447229339399,
      -0.06661978403618753,
      1.656243315400579
    ]
  },
  {
    "label_id": "4AeZa77bkV7le7_KKTO9gw",
    "size": [
      1.8546698662589947,
      4.570722738993197,
      1.7243322628737179
    ],
    "obj_class": "vehicle",
    "point_num_in_lidar": 35,
    "speed": 8.883908979104366e-14,
    "if_vehicle": true,
    "motion_state": false,
    "pose": [
      [
        0.9815856988095524,
        -0.18923573384082745,
        -0.026064399672469037,
        70.69492613162717
      ],
      [
        0.18708154526724816,
        0.9799171964072835,
        -0.06901292346878256,
        -82.58590368348109
      ],
      [
        0.03860066467020071,
        0.06286593054280643,
        0.9972752195176644,
        -1.4774028001640946
      ],
      [
        0.0,
        0.0,
        0.0,
        1.0
      ]
    ],
    "location": [
      70.69492613162717,
      -82.58590368348109,
      -1.4774028001640946
    ],
    "rotation": [
      0.06295439424201173,
      -0.03861025700781267,
      0.1883324357826402
    ]
  },
  {
    "label_id": "739MebKySTL_wlcubUtzJg",
    "size": [
      1.0000000000000213,
      1.0,
      1.6400000000000041
    ],
    "obj_class": "pedestrian",
    "point_num_in_lidar": 31,
    "speed": 1.4703104094932016,
    "if_vehicle": false,
    "motion_state": true,
    "pose": [
      [
        0.037117511165150524,
        0.9989709392342796,
        -0.026064399672469037,
        -5.160187123758178
      ],
      [
        -0.9969930391115467,
        0.03524338742819776,
        -0.06901292346878256,
        -108.32377937570311
      ],
      [
        -0.06802330724117296,
        0.028547612999465122,
        0.9972752195176644,
        -3.957571978633781
      ],
      [
        0.0,
        0.0,
        0.0,
        1.0
      ]
    ],
    "location": [
      -5.160187123758178,
      -108.32377937570311,
      -3.957571978633781
    ],
    "rotation": [
      0.028617796495639662,
      0.06807587601314823,
      -1.5335840542279149
    ]
  },
  {
    "label_id": "AW93vUUwt0tOGzfuMl_ixg",
    "size": [
      2.1475562215189337,
      4.350822809280177,
      1.9439356952888378
    ],
    "obj_class": "vehicle",
    "point_num_in_lidar": 173,
    "speed": 0.016152500900969615,
    "if_vehicle": true,
    "motion_state": false,
    "pose": [
      [
        -0.16339158436545206,
        -0.9862169321342344,
        -0.026064399672469037,
        28.559311346138834
      ],
      [
        0.9844924308866996,
        -0.1612819578287951,
        -0.06901292346878256,
        -48.83891418863357
      ],
      [
        0.06385799625218944,
        -0.03693633510040761,
        0.9972752195176644,
        -1.6120896836128384
      ],
      [
        0.0,
        0.0,
        0.0,
        1.0
      ]
    ],
    "location": [
      28.559311346138834,
      -48.83891418863357,
      -1.6120896836128384
    ],
    "rotation": [
      -0.03702033202621117,
      -0.06390147657501787,
      1.735262518576095
    ]
  },
  {
    "label_id": "FC_Nzw77TdePKfA1A8_YUw",
    "size": [
      1.9791979559302375,
      4.6815017276940125,
      1.6894924373811975
    ],
    "obj_class": "vehicle",
    "point_num_in_lidar": 1398,
    "speed": 0.029302881163268134,
    "if_vehicle": true,
    "motion_state": false,
    "pose": [
      [
        0.09147141355329803,
        0.9954665376456787,
        -0.026064399672469037,
        -1.9413531223337657
      ],
      [
        -0.9935936475967684,
        0.08949234520136834,
        -0.06901292346878256,
        -67.2337140963449
      ],
      [
        -0.06636749172532015,
        0.03221013160612364,
        0.9972752195176644,
        -3.102705635825294
      ],
      [
        0.0,
        0.0,
        0.0,
        1.0
      ]
    ],
    "location": [
      -1.9413531223337657,
      -67.2337140963449,
      -3.102705635825294
    ],
    "rotation": [
      0.032286913151357295,
      0.06641630941029508,
      -1.478993903140637
    ]
  },
  {
    "label_id": "FHlfveZieODUAJsHQCO3WQ",
    "size": [
      0.47256502946246604,
      0.11859601717126622,
      0.48564117926519934
    ],
    "obj_class": "sign",
    "point_num_in_lidar": 54,
    "speed": 0.016730963342974987,
    "if_vehicle": false,
    "motion_state": false,
    "pose": [
      [
        0.055031127003814836,
        0.9981443894198895,
        -0.026064399672469037,
        -3.892258529543838
      ],
      [
        -0.9962004256611077,
        0.05312182514673201,
        -0.06901292346878256,
        -70.39601097425702
      ],
      [
        -0.0675002738758741,
        0.029763225004630016,
        0.9972752195176644,
        -1.2485715117325658
      ],
      [
        0.0,
        0.0,
        0.0,
        1.0
      ]
    ],
    "location": [
      -3.892258529543838,
      -70.39601097425702,
      -1.2485715117325658
    ],
    "rotation": [
      0.029835688756186394,
      0.06755163769488277,
      -1.5156113953899497
    ]
  },
  {
    "label_id": "H77al2aLVyQfPGZQ91uLDw",
    "size": [
      2.1004080334660147,
      4.321158116249892,
      1.6473094557536303
    ],
    "obj_class": "vehicle",
    "point_num_in_lidar": 209,
    "speed": 0.02848879328490541,
    "if_vehicle": true,
    "motion_state": false,
    "pose": [
      [
        0.9860464233622445,
        -0.16441745054658682,
        -0.026064399672469037,
        28.89015217144709
      ],
      [
        0.16230603116484416,
        0.9843241176776117,
        -0.06901292346878256,
        -55.64056498608761
      ],
      [
        0.03700274614190365,
        0.06381953708663264,
        0.9972752195176644,
        -1.9860301805389788
      ],
      [
        0.0,
        0.0,
        0.0,
        1.0
      ]
    ],
    "location": [
      28.89015217144709,
      -55.64056498608761,
      -1.9860301805389788
    ],
    "rotation": [
      0.06390676407767991,
      -0.03701119539541523,
      0.16313994992105257
    ]
  },
  {
    "label_id": "QDVEnIR7naYiy3U9lHiF0Q",
    "size": [
      2.082181077124264,
      5.2704203782678345,
      2.0460419520279647
    ],
    "obj_class": "vehicle",
    "point_num_in_lidar": 546,
    "speed": 3.554447978966673e-14,
    "if_vehicle": true,
    "motion_state": false,
    "pose": [
      [
        0.1518681673225463,
        0.988057036219977,
        -0.026064399672469037,
        23.03487676081641
      ],
      [
        -0.986308026425947,
        0.1497788149307024,
        -0.06901292346878256,
        -67.30073489691517
      ],
      [
        -0.06428480972861879,
        0.036188392809705185,
        0.9972752195176644,
        -2.606065414328885
      ],
      [
        0.0,
        0.0,
        0.0,
        1.0
      ]
    ],
    "location": [
      23.03487676081641,
      -67.30073489691517,
      -2.606065414328885
    ],
    "rotation": [
      0.036271352942432465,
      0.06432916882682595,
      -1.4180197581643454
    ]
  },
  {
    "label_id": "R9GNlFkDZMkdo8iVjWgl3A",
    "size": [
      3.7688700330461176,
      12.908695691698984,
      3.736177492803977
    ],
    "obj_class": "vehicle",
    "point_num_in_lidar": 1334,
    "speed": 4.786555266393554,
    "if_vehicle": true,
    "motion_state": true,
    "pose": [
      [
        -0.9879226860576089,
        0.15273969177143487,
        -0.026064399672469037,
        43.858761822814
      ],
      [
        -0.15064879735833575,
        -0.9861755200007649,
        -0.06901292346878256,
        -77.89870971803305
      ],
      [
        -0.03624508555937239,
        -0.0642528622614434,
        0.9972752195176644,
        -1.2971154300799475
      ],
      [
        0.0,
        0.0,
        0.0,
        1.0
      ]
    ],
    "location": [
      43.858761822814,
      -77.89870971803305,
      -1.2971154300799475
    ],
    "rotation": [
      -0.06433948903109847,
      0.03625302615359309,
      -2.990267930246951
    ]
  },
  {
    "label_id": "SjUOrL45KnzmIi-re1XD_A",
    "size": [
      2.321477450752779,
      4.913178953138767,
      1.6300000000000043
    ],
    "obj_class": "vehicle",
    "point_num_in_lidar": 2306,
    "speed": 2.1317438523750434e-13,
    "if_vehicle": true,
    "motion_state": false,
    "pose": [
      [
        -0.049812712232627426,
        -0.998418419686728,
        -0.026064399672469037,
        12.564276301109814
      ],
      [
        0.9964645018742597,
        -0.047913598265790266,
        -0.06901292346878256,
        -59.36544086234642
      ],
      [
        0.06765493481271731,
        -0.02940996993336128,
        0.9972752195176644,
        -2.52977929210628
      ],
      [
        0.0,
        0.0,
        0.0,
        1.0
      ]
    ],
    "location": [
      12.564276301109814,
      -59.36544086234642,
      -2.52977929210628
    ],
    "rotation": [
      -0.02948178001134551,
      -0.06770665299362456,
      1.6207441986597704
    ]
  },
  {
    "label_id": "T1crxPSUfT-4K4xwSV1uPA",
    "size": [
      1.8978891977530428,
      4.256426255755278,
      1.3700000000000037
    ],
    "obj_class": "vehicle",
    "point_num_in_lidar": 54,
    "speed": 0.001767493232902635,
    "if_vehicle": true,
    "motion_state": false,
    "pose": [
      [
        -0.055474908090207324,
        -0.9981198232888159,
        -0.026064399672469037,
        11.158364494316615
      ],
      [
        0.996176708619836,
        -0.05356474211309641,
        -0.06901292346878256,
        -103.20243821998372
      ],
      [
        0.06748703413051733,
        -0.02979323346433936,
        0.9972752195176644,
        -3.4804216921292346
      ],
      [
        0.0,
        0.0,
        0.0,
        1.0
      ]
    ],
    "location": [
      11.158364494316615,
      -103.20243821998372,
      -3.4804216921292346
    ],
    "rotation": [
      -0.029865752401164083,
      -0.06753836768997963,
      1.6264266874024191
    ]
  },
  {
    "label_id": "TDnHTGfixp8YOmZl6aYmUg",
    "size": [
      0.7962296755069186,
      1.1287846662723604,
      1.0511899151793322
    ],
    "obj_class": "sign",
    "point_num_in_lidar": 36,
    "speed": 3.580361673049448e-14,
    "if_vehicle": false,
    "motion_state": false,
    "pose": [
      [
        -0.01842990735051476,
        -0.9994903629274098,
        -0.026064399672469037,
        -4.268339338292279
      ],
      [
        0.9974777618911407,
        -0.016593098774281206,
        -0.06901292346878256,
        -55.6712959239062
      ],
      [
        0.06854526276623742,
        -0.02727056083584842,
        0.9972752195176644,
        -2.604194536828344
      ],
      [
        0.0,
        0.0,
        0.0,
        1.0
      ]
    ],
    "location": [
      -4.268339338292279,
      -55.6712959239062,
      -2.604194536828344
    ],
    "rotation": [
      -0.02733825742074346,
      -0.06859905268872543,
      1.5892707342201091
    ]
  },
  {
    "label_id": "TSkHv1dU9BwYbpsysO-m5g",
    "size": [
      2.237075243841104,
      4.880771797860977,
      1.4175253135198727
    ],
    "obj_class": "vehicle",
    "point_num_in_lidar": 76,
    "speed": 3.3306690738754696e-15,
    "if_vehicle": true,
    "motion_state": false,
    "pose": [
      [
        0.983579609210373,
        -0.17858275228947412,
        -0.026064399672469037,
        34.06533083671198
      ],
      [
        0.17644677938575215,
        0.9818878502347851,
        -0.06901292346878256,
        -54.864707680513675
      ],
      [
        0.03791683517865889,
        0.06328072491706031,
        0.9972752195176644,
        -2.1438566455935577
      ],
      [
        0.0,
        0.0,
        0.0,
        1.0
      ]
    ],
    "location": [
      34.06533083671198,
      -54.864707680513675,
      -2.1438566455935577
    ],
    "rotation": [
      0.06336866483415514,
      -0.03792592648123461,
      0.17750441597681493
    ]
  },
  {
    "label_id": "To2rVuVuEoUSu3imKi5-iQ",
    "size": [
      2.227564938488123,
      4.642568388368268,
      1.6575253135198729
    ],
    "obj_class": "vehicle",
    "point_num_in_lidar": 218,
    "speed": 0.009494666251502974,
    "if_vehicle": true,
    "motion_state": false,
    "pose": [
      [
        0.16767547608738761,
        0.9854976315489458,
        -0.026064399672469037,
        26.129679268465274
      ],
      [
        -0.9837823135978957,
        0.16555837594716694,
        -0.06901292346878256,
        -48.15503814152191
      ],
      [
        -0.06369689294494203,
        0.03721347021113239,
        0.9972752195176644,
        -1.846779193670895
      ],
      [
        0.0,
        0.0,
        0.0,
        1.0
      ]
    ],
    "location": [
      26.129679268465274,
      -48.15503814152191,
      -1.846779193670895
    ],
    "rotation": [
      0.037297840794199316,
      0.06374004461576288,
      -1.401978936374903
    ]
  },
  {
    "label_id": "YNxoawT6vIVOXCltkBdhSg",
    "size": [
      2.091082450963098,
      4.688438300872428,
      1.2315137479379885
    ],
    "obj_class": "vehicle",
    "point_num_in_lidar": 98,
    "speed": 5.3316719684500096e-14,
    "if_vehicle": true,
    "motion_state": false,
    "pose": [
      [
        -0.9801785212541928,
        0.19639428082726254,
        -0.026064399672469037,
        50.847677237053176
      ],
      [
        -0.19422797293458344,
        -0.9785257844962568,
        -0.06901292346878256,
        -60.438586909694436
      ],
      [
        -0.0390584306093652,
        -0.06258254975891958,
        0.9972752195176644,
        -2.1774490541839873
      ],
      [
        0.0,
        0.0,
        0.0,
        1.0
      ]
    ],
    "location": [
      50.847677237053176,
      -60.438586909694436,
      -2.1774490541839873
    ],
    "rotation": [
      -0.06267135884788656,
      0.03906836843630784,
      -2.94597107473981
    ]
  },
  {
    "label_id": "agustPTQy50BIJjPrfHUJg",
    "size": [
      1.9111363298310042,
      4.4729556239008765,
      1.3933782373620502
    ],
    "obj_class": "vehicle",
    "point_num_in_lidar": 131,
    "speed": 0.023847415823608664,
    "if_vehicle": true,
    "motion_state": false,
    "pose": [
      [
        0.15870624597490057,
        0.9869817498607906,
        -0.026064399672469037,
        25.319817193797718
      ],
      [
        -0.9852472495461525,
        0.1566048327990978,
        -0.06901292346878256,
        -66.6117864328346
      ],
      [
        -0.06403268501551197,
        0.036632660095855356,
        0.9972752195176644,
        -2.7194627338795847
      ],
      [
        0.0,
        0.0,
        0.0,
        1.0
      ]
    ],
    "location": [
      25.319817193797718,
      -66.6117864328346,
      -2.7194627338795847
    ],
    "rotation": [
      0.03671624103230018,
      0.06407652358936128,
      -1.411085609264634
    ]
  },
  {
    "label_id": "auOooDPcS5q1p_53EHycZg",
    "size": [
      2.064653321932686,
      4.50592062313768,
      1.5935171151616743
    ],
    "obj_class": "vehicle",
    "point_num_in_lidar": 74,
    "speed": 5.370542509574172e-14,
    "if_vehicle": true,
    "motion_state": false,
    "pose": [
      [
        -0.9857279399096511,
        0.16631619148834892,
        -0.026064399672469037,
        36.109291744611184
      ],
      [
        -0.16420145900060007,
        -0.9840097038425821,
        -0.06901292346878256,
        -73.01347211095026
      ],
      [
        -0.03712558879734576,
        -0.06374815442383128,
        0.9972752195176644,
        -2.626239806733686
      ],
      [
        0.0,
        0.0,
        0.0,
        1.0
      ]
    ],
    "location": [
      36.109291744611184,
      -73.01347211095026,
      -2.626239806733686
    ],
    "rotation": [
      -0.06383547798718921,
      0.0371341225156734,
      -2.976529388695182
    ]
  },
  {
    "label_id": "b4zV2_qtCFu2PXzfOzUGDg",
    "size": [
      2.041593439597833,
      4.159733527544294,
      1.4200000000000035
    ],
    "obj_class": "vehicle",
    "point_num_in_lidar": 111,
    "speed": 0.04897968459172194,
    "if_vehicle": true,
    "motion_state": false,
    "pose": [
      [
        -0.059507890997123995,
        -0.9978874976563181,
        -0.026064399672469037,
        8.0247045666529
      ],
      [
        0.9959521178980087,
        -0.05758988842464306,
        -0.06901292346878256,
        -102.41910457047607
      ],
      [
        0.06736608763721762,
        -0.030065707582708878,
        0.9972752195176644,
        -3.48971197532994
      ],
      [
        0.0,
        0.0,
        0.0,
        1.0
      ]
    ],
    "location": [
      8.0247045666529,
      -102.41910457047607,
      -3.48971197532994
    ],
    "rotation": [
      -0.030138725118844967,
      -0.06741714532358037,
      1.6304751268002264
    ]
  },
  {
    "label_id": "e395WJBHUGGz23_cnf-9bQ",
    "size": [
      2.214366883473268,
      4.400387997189263,
      1.7363276684535638
    ],
    "obj_class": "vehicle",
    "point_num_in_lidar": 330,
    "speed": 0.018277742029261777,
    "if_vehicle": true,
    "motion_state": false,
    "pose": [
      [
        -0.986577481258882,
        0.16120024982174921,
        -0.026064399672469037,
        24.56306723678066
      ],
      [
        -0.15909445955862156,
        -0.9848482976235691,
        -0.06901292346878256,
        -80.76560679526938
      ],
      [
        -0.036794380150108455,
        -0.06393989463053211,
        0.9972752195176644,
        -2.6572461049482063
      ],
      [
        0.0,
        0.0,
        0.0,
        1.0
      ]
    ],
    "location": [
      24.56306723678066,
      -80.76560679526938,
      -2.6572461049482063
    ],
    "rotation": [
      -0.06402695731886411,
      0.03680268741267207,
      -2.981710097005981
    ]
  },
  {
    "label_id": "gNkR8vsrfHgMRzMUczWVJg",
    "size": [
      1.827225069872097,
      4.323699343690174,
      1.5999999999999996
    ],
    "obj_class": "vehicle",
    "point_num_in_lidar": 31,
    "speed": 3.5596458096434965e-14,
    "if_vehicle": true,
    "motion_state": false,
    "pose": [
      [
        -0.06342392226520462,
        -0.9976462565229277,
        -0.026064399672469037,
        11.508177791163746
      ],
      [
        0.9957184194103663,
        -0.0614983385240113,
        -0.06901292346878256,
        -112.78151363809968
      ],
      [
        0.06724756747585159,
        -0.03032987313812952,
        0.9972752195176644,
        -4.202491484703182
      ],
      [
        0.0,
        0.0,
        0.0,
        1.0
      ]
    ],
    "location": [
      11.508177791163746,
      -112.78151363809968,
      -4.202491484703182
    ],
    "rotation": [
      -0.030403369780767766,
      -0.06729835578599658,
      1.63440703580846
    ]
  },
  {
    "label_id": "gV6Bw661MKF2mu-9UbidXQ",
    "size": [
      2.061908863028469,
      4.979403080777294,
      1.5159977183298867
    ],
    "obj_class": "vehicle",
    "point_num_in_lidar": 39,
    "speed": 0.019057246054516655,
    "if_vehicle": true,
    "motion_state": false,
    "pose": [
      [
        0.9846233857204987,
        -0.1727351595999377,
        -0.026064399672469037,
        -26.925549323433145
      ],
      [
        0.17060927685344485,
        0.9829189646384063,
        -0.06901292346878256,
        -98.08908923382012
      ],
      [
        0.03754015108982332,
        0.06350490998456325,
        0.9972752195176644,
        -4.302283415169399
      ],
      [
        0.0,
        0.0,
        0.0,
        1.0
      ]
    ],
    "location": [
      -26.925549323433145,
      -98.08908923382012,
      -4.302283415169399
    ],
    "rotation": [
      0.06359255775435226,
      -0.03754897401015884,
      0.17157011440447067
    ]
  },
  {
    "label_id": "igeAxNTqmAvEuIemThLM8g",
    "size": [
      2.316771846659715,
      4.915583154046055,
      2.160000000000001
    ],
    "obj_class": "vehicle",
    "point_num_in_lidar": 52,
    "speed": 5.632901230200524e-29,
    "if_vehicle": true,
    "motion_state": false,
    "pose": [
      [
        0.9821621175958432,
        -0.1862208952544348,
        -0.026064399672469037,
        49.09902584868517
      ],
      [
        0.18407183995124093,
        0.9804870086499142,
        -0.06901292346878256,
        -52.61446513323938
      ],
      [
        0.038407453659597454,
        0.06298415705064345,
        0.9972752195176644,
        -1.586535472166882
      ],
      [
        0.0,
        0.0,
        0.0,
        1.0
      ]
    ],
    "location": [
      49.09902584868517,
      -52.61446513323938,
      -1.586535472166882
    ],
    "rotation": [
      0.06307247367008756,
      -0.03841690261374986,
      0.18526576340755227
    ]
  },
  {
    "label_id": "irRilzG-gquG7JntU8rgVQ",
    "size": [
      2.58302797284584,
      5.479408345867389,
      2.2299999999999978
    ],
    "obj_class": "vehicle",
    "point_num_in_lidar": 77,
    "speed": 5.3290705182007514e-14,
    "if_vehicle": true,
    "motion_state": false,
    "pose": [
      [
        -0.9804858963543522,
        0.19485393021418998,
        -0.026064399672469037,
        49.57858082607225
      ],
      [
        -0.19269022186278892,
        -0.9788297578193877,
        -0.06901292346878256,
        -55.06537301682715
      ],
      [
        -0.038960049392573984,
        -0.06264384317171512,
        0.9972752195176644,
        -1.8626105975115452
      ],
      [
        0.0,
        0.0,
        0.0,
        1.0
      ]
    ],
    "location": [
      49.57858082607225,
      -55.06537301682715,
      -1.8626105975115452
    ],
    "rotation": [
      -0.06273257840885361,
      0.03896991227956538,
      -2.947540434929127
    ]
  },
  {
    "label_id": "iuT6AwtQpCbc9M0iGh3j9w",
    "size": [
      2.1317443926046873,
      4.751092980351478,
      1.712260309168392
    ],
    "obj_class": "vehicle",
    "point_num_in_lidar": 510,
    "speed": 0.21350258255704438,
    "if_vehicle": true,
    "motion_state": false,
    "pose": [
      [
        -0.9897850914853389,
        0.14016461658732957,
        -0.026064399672469037,
        25.29801617824956
      ],
      [
        -0.13809610872943576,
        -0.9880114782471303,
        -0.06901292346878256,
        -77.6831031366329
      ],
      [
        -0.035425096007592784,
        -0.06470857059808288,
        0.9972752195176644,
        -2.739728603682134
      ],
      [
        0.0,
        0.0,
        0.0,
        1.0
      ]
    ],
    "location": [
      25.29801617824956,
      -77.6831031366329,
      -2.739728603682134
    ],
    "rotation": [
      -0.06479454011047157,
      0.03543250957476634,
      -3.002966234786936
    ]
  },
  {
    "label_id": "j4pYCjXzBIBJETm7p7ALAg",
    "size": [
      0.473554994979794,
      0.11589494026634384,
      0.5419955349083043
    ],
    "obj_class": "sign",
    "point_num_in_lidar": 106,
    "speed": 0.017408945135336643,
    "if_vehicle": false,
    "motion_state": false,
    "pose": [
      [
        0.05503112700382326,
        0.998144389419889,
        -0.026064399672469037,
        -3.894058776259712
      ],
      [
        -0.9962004256611072,
        0.05312182514674042,
        -0.06901292346878256,
        -70.39312927872527
      ],
      [
        -0.06750027387587385,
        0.02976322500463059,
        0.9972752195176644,
        -1.8149720372497091
      ],
      [
        0.0,
        0.0,
        0.0,
        1.0
      ]
    ],
    "location": [
      -3.894058776259712,
      -70.39312927872527,
      -1.8149720372497091
    ],
    "rotation": [
      0.029835688756186966,
      0.06755163769488252,
      -1.5156113953899413
    ]
  },
  {
    "label_id": "p65_dOfmQkmZo7JqvWBsSw",
    "size": [
      0.8916477119128355,
      1.3736536652180864,
      1.8155989146434655
    ],
    "obj_class": "pedestrian",
    "point_num_in_lidar": 98,
    "speed": 2.7377244649604666,
    "if_vehicle": false,
    "motion_state": true,
    "pose": [
      [
        0.06547979612364446,
        0.9975134301698999,
        -0.026064399672469037,
        -6.496784139593942
      ],
      [
        -0.9955895655083592,
        0.0635502434705687,
        -0.06901292346878256,
        -81.01148212456201
      ],
      [
        -0.06718491907029846,
        0.030468396503782226,
        0.9972752195176644,
        -3.5330246162862027
      ],
      [
        0.0,
        0.0,
        0.0,
        1.0
      ]
    ],
    "location": [
      -6.496784139593942,
      -81.01148212456201,
      -3.5330246162862027
    ],
    "rotation": [
      0.03054214268044062,
      0.06723556537558563,
      -1.5051210446408478
    ]
  },
  {
    "label_id": "rmtoge8lH9ELbT6J6nkCPw",
    "size": [
      2.043702290774901,
      4.743477809726895,
      1.5709305980602917
    ],
    "obj_class": "vehicle",
    "point_num_in_lidar": 212,
    "speed": 8.881784197001252e-14,
    "if_vehicle": true,
    "motion_state": false,
    "pose": [
      [
        0.9902607774609411,
        -0.1367634442830624,
        -0.026064399672469037,
        -12.596471384913954
      ],
      [
        0.13470104176977382,
        0.9884800684588585,
        -0.06901292346878256,
        -95.63829459510919
      ],
      [
        0.03520258468621534,
        0.06482988946006371,
        0.9972752195176644,
        -3.9458961330944105
      ],
      [
        0.0,
        0.0,
        0.0,
        1.0
      ]
    ],
    "location": [
      -12.596471384913954,
      -95.63829459510919,
      -3.9458961330944105
    ],
    "rotation": [
      0.06491567947592806,
      -0.03520985937972698,
      0.1351960571055113
    ]
  },
  {
    "label_id": "uRAjQ1brh2PNKP6H45Ipsw",
    "size": [
      1.8510172426114235,
      3.8732833809560465,
      1.5800000000000045
    ],
    "obj_class": "vehicle",
    "point_num_in_lidar": 75,
    "speed": 1.2434993501203063e-13,
    "if_vehicle": true,
    "motion_state": false,
    "pose": [
      [
        -0.19494630275840902,
        -0.9804675344500401,
        -0.026064399672469037,
        39.36626642690843
      ],
      [
        0.9788115997694335,
        -0.19278243838870343,
        -0.06901292346878256,
        -55.02067327120312
      ],
      [
        0.06264017239463024,
        -0.038965951013227515,
        0.9972752195176644,
        -1.9680585847452639
      ],
      [
        0.0,
        0.0,
        0.0,
        1.0
      ]
    ],
    "location": [
      39.36626642690843,
      -55.02067327120312,
      -1.9680585847452639
    ],
    "rotation": [
      -0.03905254961203565,
      -0.06268120938811454,
      1.7673901413796218
    ]
  }
]