[
  {
    "label_id": "0FthUnFInpdwtS3fei1NLw",
    "size": [
      2.2397743837265485,
      4.869392282684742,
      2.1004180595197823
    ],
    "obj_class": "vehicle",
    "point_num_in_lidar": 7016,
    "speed": 0.03258221703027082,
    "if_vehicle": true,
    "motion_state": false,
    "pose": [
      [
        0.03600017538749097,
        0.9989770605938687,
        -0.02736457160826616,
        -2.629229361071083
      ],
      [
        -0.9971225571949042,
        0.03407846673698832,
        -0.06771457773589942,
        -54.925166404282436
      ],
      [
        -0.06671276718263958,
        0.02972356829335969,
        0.9973293920178754,
        -2.1843129526347207
      ],
      [
        0.0,
        0.0,
        0.0,
        1.0
      ]
    ],
    "location": [
      -2.629229361071083,
      -54.925166404282436,
      -2.1843129526347207
    ],
    "rotation": [
      0.029794341547687963,
      0.06676235178587772,
      -1.5347079390297136
    ]
  },
  {
    "label_id": "2ZzcZmYwGNGC34_vckVgMg",
    "size": [
      2.135233125361256,
      4.64124244299159,
      1.4900000000000038
    ],
    "obj_class": "vehicle",
    "point_num_in_lidar": 878,
    "speed": 8.89911452410874e-14,
    "if_vehicle": true,
    "motion_state": false,
    "pose": [
      [
        -0.08515077485455481,
        -0.9959922317781225,
        -0.02736457160826616,
        20.650832836124167
      ],
      [
        0.9942346122345306,
        -0.08314007335155352,
        -0.06771457773589942,
        -50.447396535439
      ],
      [
        0.06516810091234651,
        -0.03297275300506937,
        0.9973293920178754,
        -2.0673102603182567
      ],
      [
        0.0,
        0.0,
        0.0,
        1.0
      ]
    ],
    "location": [
      20.650832836124167,
      -50.447396535439,
      -2.0673102603182567
    ],
    "rotation": [
      -0.03304900839000234,
      -0.06521431615441653,
      1.6562323918524524
    ]
  },
  {
    "label_id": "4AeZa77bkV7le7_KKTO9gw",
    "size": [
      1.8546698662589975,
      4.570722738993197,
      1.7243322628737179
    ],
    "obj_class": "vehicle",
    "point_num_in_lidar": 54,
    "speed": 8.883908979104366e-14,
    "if_vehicle": true,
    "motion_state": false,
    "pose": [
      [
        0.9815515812063693,
        -0.18922915645315433,
        -0.02736457160826616,
        70.69492613162717
      ],
      [
        0.18704506675035165,
        0.980014734055772,
        -0.06771457773589942,
        -82.5859036834812
      ],
      [
        0.039631255791770875,
        0.06134694272433075,
        0.9973293920178754,
        -1.4774028001640946
      ],
      [
        0.0,
        0.0,
        0.0,
        1.0
      ]
    ],
    "location": [
      70.69492613162717,
      -82.5859036834812,
      -1.4774028001640946
    ],
    "rotation": [
      0.061433812157880296,
      -0.03964163751349511,
      0.18830296666874832
    ]
  },
  {
    "label_id": "739MebKySTL_wlcubUtzJg",
    "size": [
      1.000000000000086,
      1.0,
      1.6400000000000041
    ],
    "obj_class": "pedestrian",
    "point_num_in_lidar": 33,
    "speed": 1.4968003823317066,
    "if_vehicle": false,
    "motion_state": true,
    "pose": [
      [
        0.04284608229788832,
        0.9987068606214833,
        -0.02736457160826616,
        -5.119052653737739
      ],
      [
        -0.9968655717163154,
        0.0409117084555575,
        -0.06771457773589942,
        -109.22279493761312
      ],
      [
        -0.06650748197328085,
        0.030180103691485397,
        0.9973293920178754,
        -3.9883704244820075
      ],
      [
        0.0,
        0.0,
        0.0,
        1.0
      ]
    ],
    "location": [
      -5.119052653737739,
      -109.22279493761312,
      -3.9883704244820075
    ],
    "rotation": [
      0.030251686939214182,
      0.06655660963918178,
      -1.5278419618094845
    ]
  },
  {
    "label_id": "AW93vUUwt0tOGzfuMl_ixg",
    "size": [
      2.147556221518981,
      4.350822809280177,
      1.9439356952888387
    ],
    "obj_class": "vehicle",
    "point_num_in_lidar": 201,
    "speed": 0.016022337841285456,
    "if_vehicle": true,
    "motion_state": false,
    "pose": [
      [
        -0.1666315932625201,
        -0.9856394332348367,
        -0.02736457160826616,
        28.5520734336025
      ],
      [
        0.9840528199906639,
        -0.1644833834479063,
        -0.06771457773589942,
        -48.84535824844113
      ],
      [
        0.06224114069661805,
        -0.03821157183418246,
        0.9973293920178754,
        -1.6295897809737934
      ],
      [
        0.0,
        0.0,
        0.0,
        1.0
      ]
    ],
    "location": [
      28.5520734336025,
      -48.84535824844113,
      -1.6295897809737934
    ],
    "rotation": [
      -0.03829516203551231,
      -0.06228139752588154,
      1.7385371369387599
    ]
  },
  {
    "label_id": "BBGHrrdA-BRayce_KINWBQ",
    "size": [
      1.8510172426114238,
      3.8732833809560465,
      1.690000000000004
    ],
    "obj_class": "vehicle",
    "point_num_in_lidar": 22,
    "speed": 1.0658719261875217e-13,
    "if_vehicle": true,
    "motion_state": false,
    "pose": [
      [
        -0.1949395268848298,
        -0.9804334557116128,
        -0.02736457160826616,
        41.93217503639616
      ],
      [
        0.9789093481055752,
        -0.19274652825295474,
        -0.06771457773589942,
        -54.52843931718394
      ],
      [
        0.06111521127703781,
        -0.03998768270127841,
        0.9973293920178754,
        -2.1030585847452405
      ],
      [
        0.0,
        0.0,
        0.0,
        1.0
      ]
    ],
    "location": [
      41.93217503639616,
      -54.52843931718394,
      -2.1030585847452405
    ],
    "rotation": [
      -0.040073295478644654,
      -0.06115332028710048,
      1.7673643546506375
    ]
  },
  {
    "label_id": "FC_Nzw77TdePKfA1A8_YUw",
    "size": [
      1.9791979559302377,
      4.6815017276940125,
      1.6894924373811975
    ],
    "obj_class": "vehicle",
    "point_num_in_lidar": 2716,
    "speed": 0.029302881408450457,
    "if_vehicle": true,
    "motion_state": false,
    "pose": [
      [
        0.09146823422275831,
        0.9954319375772845,
        -0.02736457160826616,
        -1.958434703614941
      ],
      [
        -0.9936871105081948,
        0.08944642179496992,
        -0.06771457773589942,
        -67.22955505649531
      ],
      [
        -0.06495759030356235,
        0.033385554948355003,
        0.9973293920178754,
        -3.1039426445929825
      ],
      [
        0.0,
        0.0,
        0.0,
        1.0
      ]
    ],
    "location": [
      -1.958434703614941,
      -67.22955505649531,
      -3.1039426445929825
    ],
    "rotation": [
      0.033462458122077925,
      0.06500335856160983,
      -1.4790056619928886
    ]
  },
  {
    "label_id": "FHlfveZieODUAJsHQCO3WQ",
    "size": [
      0.4725650294624661,
      0.11859601717126622,
      0.48564117926519934
    ],
    "obj_class": "sign",
    "point_num_in_lidar": 36,
    "speed": 0.023399695450023548,
    "if_vehicle": false,
    "motion_state": false,
    "pose": [
      [
        0.05502921425168212,
        0.9981096962756844,
        -0.02736457160826616,
        -3.8978828942998405
      ],
      [
        -0.9962921478761312,
        0.053072516827584654,
        -0.06771457773589942,
        -70.40484813957903
      ],
      [
        -0.06613426993025541,
        0.030989387829500677,
        0.9973293920178754,
        -1.2885868454255158
      ],
      [
        0.0,
        0.0,
        0.0,
        1.0
      ]
    ],
    "location": [
      -3.8978828942998405,
      -70.40484813957903,
      -1.2885868454255158
    ],
    "rotation": [
      0.031062375694355243,
      0.0661825740975052,
      -1.515618379636091
    ]
  },
  {
    "label_id": "H77al2aLVyQfPGZQ91uLDw",
    "size": [
      2.1004080334660156,
      4.321158116249892,
      1.6473094557536303
    ],
    "obj_class": "vehicle",
    "point_num_in_lidar": 227,
    "speed": 0.029930012034570467,
    "if_vehicle": true,
    "motion_state": false,
    "pose": [
      [
        0.9860121507147993,
        -0.16441173578389182,
        -0.02736457160826616,
        28.880036125187658
      ],
      [
        0.16226710410638287,
        0.984420704214909,
        -0.06771457773589942,
        -55.65540125196401
      ],
      [
        0.038071322116581166,
        0.06232702663813353,
        0.9973293920178754,
        -1.986030180538977
      ],
      [
        0.0,
        0.0,
        0.0,
        1.0
      ]
    ],
    "location": [
      28.880036125187658,
      -55.65540125196401,
      -1.986030180538977
    ],
    "rotation": [
      0.0624127570468146,
      -0.03808052504498957,
      0.16310708237092525
    ]
  },
  {
    "label_id": "QDVEnIR7naYiy3U9lHiF0Q",
    "size": [
      2.082181077124269,
      5.2704203782678345,
      2.0460419520279647
    ],
    "obj_class": "vehicle",
    "point_num_in_lidar": 947,
    "speed": 3.554447978966673e-14,
    "if_vehicle": true,
    "motion_state": false,
    "pose": [
      [
        0.15186288874332965,
        0.9880226936883725,
        -0.02736457160826616,
        23.03487676081641
      ],
      [
        -0.9864041102622956,
        0.1497386630756998,
        -0.06771457773589942,
        -67.30073489691517
      ],
      [
        -0.06280600512833298,
        0.03727585729496909,
        0.9973293920178754,
        -2.613265299539189
      ],
      [
        0.0,
        0.0,
        0.0,
        1.0
      ]
    ],
    "location": [
      23.03487676081641,
      -67.30073489691517,
      -2.613265299539189
    ],
    "rotation": [
      0.03735828376931002,
      0.06284736929609892,
      -1.4180396368269013
    ]
  },
  {
    "label_id": "R9GNlFkDZMkdo8iVjWgl3A",
    "size": [
      3.768870033046232,
      12.908695691698984,
      3.736177492803977
    ],
    "obj_class": "vehicle",
    "point_num_in_lidar": 1482,
    "speed": 3.9623302082813923,
    "if_vehicle": true,
    "motion_state": true,
    "pose": [
      [
        -0.9882574664908251,
        0.15032750961095578,
        -0.02736457160826616,
        41.288238503399704
      ],
      [
        -0.14820580147260104,
        -0.9866355843835722,
        -0.06771457773589942,
        -78.29584215311297
      ],
      [
        -0.037178223935523017,
        -0.0628638487706185,
        0.9973293920178754,
        -1.3191665578064535
      ],
      [
        0.0,
        0.0,
        0.0,
        1.0
      ]
    ],
    "location": [
      41.288238503399704,
      -78.29584215311297,
      -1.3191665578064535
    ],
    "rotation": [
      -0.06294890465386802,
      0.03718679401670089,
      -2.992735183842552
    ]
  },
  {
    "label_id": "RIGkOpXIIKDuFZVaTZWJwg",
    "size": [
      0.5331272326095714,
      0.085936283990451,
      0.4941245749102219
    ],
    "obj_class": "sign",
    "point_num_in_lidar": 20,
    "speed": 0.010336486765671487,
    "if_vehicle": false,
    "motion_state": false,
    "pose": [
      [
        -0.9840057325181873,
        0.17602243775167362,
        -0.02736457160826616,
        38.956361057332074
      ],
      [
        -0.1738591966826314,
        -0.9824396753444555,
        -0.06771457773589942,
        -70.58197331022461
      ],
      [
        -0.03880332589116332,
        -0.06187395022979593,
        0.9973293920178754,
        -0.27324857732215246
      ],
      [
        0.0,
        0.0,
        0.0,
        1.0
      ]
    ],
    "location": [
      38.956361057332074,
      -70.58197331022461,
      -0.27324857732215246
    ],
    "rotation": [
      -0.061960221963780204,
      0.03881307017733323,
      -2.966712384227216
    ]
  },
  {
    "label_id": "SjUOrL45KnzmIi-re1XD_A",
    "size": [
      2.321477450752777,
      4.913178953138767,
      1.6300000000000043
    ],
    "obj_class": "vehicle",
    "point_num_in_lidar": 2936,
    "speed": 2.1317438523750434e-13,
    "if_vehicle": true,
    "motion_state": false,
    "pose": [
      [
        -0.049810980860266064,
        -0.9983837170178781,
        -0.02736457160826616,
        12.564276301109814
      ],
      [
        0.9965559650836303,
        -0.04786381115501651,
        -0.06771457773589942,
        -59.36544086234653
      ],
      [
        0.0662953591284673,
        -0.030643256603739673,
        0.9973293920178754,
        -2.553779789012358
      ],
      [
        0.0,
        0.0,
        0.0,
        1.0
      ]
    ],
    "location": [
      12.564276301109814,
      -59.36544086234653,
      -2.553779789012358
    ],
    "rotation": [
      -0.03071564864959094,
      -0.0663440176012584,
      1.6207378890724742
    ]
  },
  {
    "label_id": "T1crxPSUfT-4K4xwSV1uPA",
    "size": [
      1.8978891977529628,
      4.256426255755278,
      1.3700000000000037
    ],
    "obj_class": "vehicle",
    "point_num_in_lidar": 56,
    "speed": 0.0017674932034214557,
    "if_vehicle": true,
    "motion_state": false,
    "pose": [
      [
        -0.055401179503467415,
        -0.9980891190321237,
        -0.02736457160826616,
        11.158304948921668
      ],
      [
        0.9962722999681407,
        -0.05344380486305347,
        -0.06771457773589942,
        -103.20137946435557
      ],
      [
        0.06612271641286285,
        -0.031014032169958267,
        0.9973293920178754,
        -3.4804216921292364
      ],
      [
        0.0,
        0.0,
        0.0,
        1.0
      ]
    ],
    "location": [
      11.158304948921668,
      -103.20137946435557,
      -3.4804216921292364
    ],
    "rotation": [
      -0.031087062172861578,
      -0.06617099523532163,
      1.626347584716372
    ]
  },
  {
    "label_id": "TDnHTGfixp8YOmZl6aYmUg",
    "size": [
      0.7962296755069184,
      1.1287846662723604,
      1.0511899151793322
    ],
    "obj_class": "sign",
    "point_num_in_lidar": 110,
    "speed": 3.580361673049448e-14,
    "if_vehicle": false,
    "motion_state": false,
    "pose": [
      [
        -0.018429266770413916,
        -0.9994556230003416,
        -0.02736457160826616,
        -4.2683393382922645
      ],
      [
        0.9975676162683541,
        -0.016540463558282693,
        -0.06771457773589942,
        -55.671295923906314
      ],
      [
        0.06722509277776385,
        -0.02854594048680357,
        0.9973293920178754,
        -2.6328922607381866
      ],
      [
        0.0,
        0.0,
        0.0,
        1.0
      ]
    ],
    "location": [
      -4.2683393382922645,
      -55.671295923906314,
      -2.6328922607381866
    ],
    "rotation": [
      -0.028614567276795136,
      -0.06727583011405955,
      1.5892684286217293
    ]
  },
  {
    "label_id": "To2rVuVuEoUSu3imKi5-iQ",
    "size": [
      2.22756493848816,
      4.642568388368268,
      1.6575253135198729
    ],
    "obj_class": "vehicle",
    "point_num_in_lidar": 75,
    "speed": 0.012953703963907165,
    "if_vehicle": true,
    "motion_state": false,
    "pose": [
      [
        0.1661125401283,
        0.9857270434723905,
        -0.02736457160826616,
        26.121907668751625
      ],
      [
        -0.9841392992176834,
        0.16396516610968273,
        -0.06771457773589942,
        -48.154993114380545
      ],
      [
        -0.062261253982319804,
        0.03817879083737665,
        0.9973293920178754,
        -1.867790860900965
      ],
      [
        0.0,
        0.0,
        0.0,
        1.0
      ]
    ],
    "location": [
      26.121907668751625,
      -48.154993114380545,
      -1.867790860900965
    ],
    "rotation": [
      0.0382623413969708,
      0.06230154989683685,
      -1.403582745671254
    ]
  },
  {
    "label_id": "VzUz0V5Me5lZL90Hr-sPyA",
    "size": [
      2.2360176904537843,
      4.518482971237546,
      1.7189099499414766
    ],
    "obj_class": "vehicle",
    "point_num_in_lidar": 52,
    "speed": 5.551115123125783e-16,
    "if_vehicle": true,
    "motion_state": false,
    "pose": [
      [
        -0.979466621631882,
        0.19974062513600954,
        -0.02736457160826616,
        61.10246318292387
      ],
      [
        -0.19754018576299143,
        -0.9779532764763211,
        -0.06771457773589942,
        -68.92365893058582
      ],
      [
        -0.040286624551464256,
        -0.06091856613138926,
        0.9973293920178754,
        -1.7803146885220906
      ],
      [
        0.0,
        0.0,
        0.0,
        1.0
      ]
    ],
    "location": [
      61.10246318292387,
      -68.92365893058582,
      -1.7803146885220906
    ],
    "rotation": [
      -0.061005896271225546,
      0.04029753013159825,
      -2.942580900453352
    ]
  },
  {
    "label_id": "YNxoawT6vIVOXCltkBdhSg",
    "size": [
      2.091082450963099,
      4.688438300872428,
      1.2315137479379885
    ],
    "obj_class": "vehicle",
    "point_num_in_lidar": 116,
    "speed": 5.3316719684500096e-14,
    "if_vehicle": true,
    "motion_state": false,
    "pose": [
      [
        -0.9801444525611822,
        0.1963874546253829,
        -0.02736457160826616,
        50.847677237053176
      ],
      [
        -0.19419220721630528,
        -0.9786235857665135,
        -0.06771457773589942,
        -60.43858690969455
      ],
      [
        -0.04007790875283186,
        -0.061056081165226886,
        0.9973293920178754,
        -2.1774490541839837
      ],
      [
        0.0,
        0.0,
        0.0,
        1.0
      ]
    ],
    "location": [
      50.847677237053176,
      -60.43858690969455,
      -2.1774490541839837
    ],
    "rotation": [
      -0.061143265857181016,
      0.04008864563048211,
      -2.9459995590390675
    ]
  },
  {
    "label_id": "aZOVhbLb4jnpJ6hsxZsHSw",
    "size": [
      2.2125254306466404,
      4.8947233763453095,
      1.6300000000000043
    ],
    "obj_class": "vehicle",
    "point_num_in_lidar": 59,
    "speed": 1.243759521053382e-13,
    "if_vehicle": true,
    "motion_state": false,
    "pose": [
      [
        -0.9817708493077061,
        0.1880882231037382,
        -0.02736457160826616,
        50.2840167732389
      ],
      [
        -0.18590592107233375,
        -0.9802314647430453,
        -0.06771457773589942,
        -57.84473247999665
      ],
      [
        -0.039559928714201956,
        -0.06139296260470208,
        0.9973293920178754,
        -2.1511177282274065
      ],
      [
        0.0,
        0.0,
        0.0,
        1.0
      ]
    ],
    "location": [
      50.2840167732389,
      -57.84473247999665,
      -2.1511177282274065
    ],
    "rotation": [
      -0.06147978120804569,
      0.03957025445639261,
      -2.954450650612609
    ]
  },
  {
    "label_id": "agustPTQy50BIJjPrfHUJg",
    "size": [
      1.9111363298310018,
      4.4729556239008765,
      1.3933782373620502
    ],
    "obj_class": "vehicle",
    "point_num_in_lidar": 96,
    "speed": 0.04101208793740114,
    "if_vehicle": true,
    "motion_state": false,
    "pose": [
      [
        0.15870072972020244,
        0.986947444703603,
        -0.02736457160826616,
        25.316108471067622
      ],
      [
        -0.9853436091071931,
        0.1565653472313082,
        -0.06771457773589942,
        -66.6244265680242
      ],
      [
        -0.06254638580994522,
        0.037709858649543807,
        0.9973293920178754,
        -2.735564812195957
      ],
      [
        0.0,
        0.0,
        0.0,
        1.0
      ]
    ],
    "location": [
      25.316108471067622,
      -66.6244265680242,
      -2.735564812195957
    ],
    "rotation": [
      0.03779283314007946,
      0.06258723853766204,
      -1.4111064203754502
    ]
  },
  {
    "label_id": "auOooDPcS5q1p_53EHycZg",
    "size": [
      2.0646533219326875,
      4.50592062313768,
      1.5935171151616743
    ],
    "obj_class": "vehicle",
    "point_num_in_lidar": 56,
    "speed": 5.370542509574172e-14,
    "if_vehicle": true,
    "motion_state": false,
    "pose": [
      [
        -0.9856936783319389,
        0.16631041072990124,
        -0.02736457160826616,
        36.109291744611184
      ],
      [
        -0.16416271803221463,
        -0.9841063651711255,
        -0.06771457773589942,
        -73.01347211095037
      ],
      [
        -0.03819128833553504,
        -0.06225358875219255,
        0.9973293920178754,
        -2.6433820848428633
      ],
      [
        0.0,
        0.0,
        0.0,
        1.0
      ]
    ],
    "location": [
      36.109291744611184,
      -73.01347211095037,
      -2.6433820848428633
    ],
    "rotation": [
      -0.06233940863601961,
      0.038200578574466744,
      -2.9765619972023964
    ]
  },
  {
    "label_id": "b4zV2_qtCFu2PXzfOzUGDg",
    "size": [
      2.041593439597876,
      4.159733527544294,
      1.4200000000000035
    ],
    "obj_class": "vehicle",
    "point_num_in_lidar": 145,
    "speed": 0.16912119454490843,
    "if_vehicle": true,
    "motion_state": false,
    "pose": [
      [
        -0.05613834177342594,
        -0.9980479281094802,
        -0.02736457160826616,
        8.020809693893227
      ],
      [
        0.9962325552359087,
        -0.05417962578480275,
        -0.06771457773589942,
        -102.3628690779633
      ],
      [
        0.06609979176262544,
        -0.03106286120422013,
        0.9973293920178754,
        -3.490426315267393
      ],
      [
        0.0,
        0.0,
        0.0,
        1.0
      ]
    ],
    "location": [
      8.020809693893227,
      -102.3628690779633,
      -3.490426315267393
    ],
    "rotation": [
      -0.031135974585319935,
      -0.06614802032189915,
      1.627087434699638
    ]
  },
  {
    "label_id": "e395WJBHUGGz23_cnf-9bQ",
    "size": [
      2.2143668834732706,
      4.400387997189263,
      1.7363276684535638
    ],
    "obj_class": "vehicle",
    "point_num_in_lidar": 431,
    "speed": 0.018277741723527717,
    "if_vehicle": true,
    "motion_state": false,
    "pose": [
      [
        -0.986543190153117,
        0.16119464688136245,
        -0.02736457160826616,
        24.55304845501435
      ],
      [
        -0.159055217657377,
        -0.9849447566731919,
        -0.06771457773589942,
        -80.76114853548825
      ],
      [
        -0.03786781877102872,
        -0.06245087764619177,
        0.9973293920178754,
        -2.6870166835946483
      ],
      [
        0.0,
        0.0,
        0.0,
        1.0
      ]
    ],
    "location": [
      24.55304845501435,
      -80.76114853548825,
      -2.6870166835946483
    ],
    "rotation": [
      -0.06253645563378457,
      0.03787687484608332,
      -2.9817434030824725
    ]
  },
  {
    "label_id": "gNkR8vsrfHgMRzMUczWVJg",
    "size": [
      1.827225069872097,
      4.323699343690174,
      1.5999999999999996
    ],
    "obj_class": "vehicle",
    "point_num_in_lidar": 37,
    "speed": 3.5596458096434965e-14,
    "if_vehicle": true,
    "motion_state": false,
    "pose": [
      [
        -0.06342171779929429,
        -0.9976115806926477,
        -0.02736457160826616,
        11.508177791163746
      ],
      [
        0.9958105530815149,
        -0.06144980336450627,
        -0.06771457773589942,
        -112.7815136380998
      ],
      [
        0.06587129938656384,
        -0.03154450402813083,
        0.9973293920178754,
        -4.202491484703184
      ],
      [
        0.0,
        0.0,
        0.0,
        1.0
      ]
    ],
    "location": [
      11.508177791163746,
      -112.7815136380998,
      -4.202491484703184
    ],
    "rotation": [
      -0.031618431818334854,
      -0.06591902887655542,
      1.6343989615281547
    ]
  },
  {
    "label_id": "gV6Bw661MKF2mu-9UbidXQ",
    "size": [
      2.061908863028466,
      4.979403080777294,
      1.5159977183298867
    ],
    "obj_class": "vehicle",
    "point_num_in_lidar": 102,
    "speed": 0.019057245895217127,
    "if_vehicle": true,
    "motion_state": false,
    "pose": [
      [
        0.9845891625344845,
        -0.17272915573330047,
        -0.02736457160826616,
        -26.929199788895545
      ],
      [
        0.17057116650307894,
        0.9830158763315209,
        -0.06771457773589942,
        -98.07825402059825
      ],
      [
        0.03859609018309526,
        0.062003432484286435,
        0.9973293920178754,
        -4.302283415169396
      ],
      [
        0.0,
        0.0,
        0.0,
        1.0
      ]
    ],
    "location": [
      -26.929199788895545,
      -98.07825402059825,
      -4.302283415169396
    ],
    "rotation": [
      0.062089552117236005,
      -0.03860567910927999,
      0.17153838286162904
    ]
  },
  {
    "label_id": "igeAxNTqmAvEuIemThLM8g",
    "size": [
      2.3167718466597162,
      4.915583154046055,
      2.160000000000001
    ],
    "obj_class": "vehicle",
    "point_num_in_lidar": 89,
    "speed": 2.131808899983951e-13,
    "if_vehicle": true,
    "motion_state": false,
    "pose": [
      [
        0.9821279799577024,
        -0.18621442265544108,
        -0.02736457160826616,
        49.099025848685166
      ],
      [
        0.18403506211818285,
        0.9805844338317867,
        -0.06771457773589942,
        -52.61446513323938
      ],
      [
        0.03944270395598854,
        0.061468340809682956,
        0.9973293920178754,
        -1.580954533634551
      ],
      [
        0.0,
        0.0,
        0.0,
        1.0
      ]
    ],
    "location": [
      49.099025848685166,
      -52.61446513323938,
      -1.580954533634551
    ],
    "rotation": [
      0.06155507559361629,
      -0.039452938134884645,
      0.18523588010494657
    ]
  },
  {
    "label_id": "irRilzG-gquG7JntU8rgVQ",
    "size": [
      2.5830279728458385,
      5.479408345867389,
      2.229999999999997
    ],
    "obj_class": "vehicle",
    "point_num_in_lidar": 64,
    "speed": 5.3290705182007514e-14,
    "if_vehicle": true,
    "motion_state": false,
    "pose": [
      [
        -0.9804518169777086,
        0.19484715755126158,
        -0.02736457160826616,
        49.57858082607224
      ],
      [
        -0.19265430251814528,
        -0.9789275027719345,
        -0.06771457773589942,
        -55.06537301682715
      ],
      [
        -0.03998192474552771,
        -0.0611189783201425,
        0.9973293920178754,
        -1.8343762650161652
      ],
      [
        0.0,
        0.0,
        0.0,
        1.0
      ]
    ],
    "location": [
      49.57858082607224,
      -55.06537301682715,
      -1.8343762650161652
    ],
    "rotation": [
      -0.06120609571684401,
      0.03999258462848666,
      -2.9475691312925814
    ]
  },
  {
    "label_id": "iuT6AwtQpCbc9M0iGh3j9w",
    "size": [
      2.1317443926046877,
      4.751092980351478,
      1.712260309168392
    ],
    "obj_class": "vehicle",
    "point_num_in_lidar": 548,
    "speed": 0.028217522365855414,
    "if_vehicle": true,
    "motion_state": false,
    "pose": [
      [
        -0.9897506888906101,
        0.14015974479592516,
        -0.02736457160826616,
        25.28123175285012
      ],
      [
        -0.13805482260583446,
        -0.988107080187831,
        -0.06771457773589942,
        -77.68531425355411
      ],
      [
        -0.03652998488686218,
        -0.06324273888297936,
        0.9973293920178754,
        -2.7476880891777027
      ],
      [
        0.0,
        0.0,
        0.0,
        1.0
      ]
    ],
    "location": [
      25.28123175285012,
      -77.68531425355411,
      -2.7476880891777027
    ],
    "rotation": [
      -0.06332729688994686,
      0.0365381142804218,
      -3.0030023951285183
    ]
  },
  {
    "label_id": "j4pYCjXzBIBJETm7p7ALAg",
    "size": [
      0.4735549949797937,
      0.11589494026634384,
      0.5419955349083043
    ],
    "obj_class": "sign",
    "point_num_in_lidar": 167,
    "speed": 0.029359071782601453,
    "if_vehicle": false,
    "motion_state": false,
    "pose": [
      [
        0.05502921425167236,
        0.9981096962756848,
        -0.02736457160826616,
        -3.899538098599436
      ],
      [
        -0.9962921478761317,
        0.05307251682757492,
        -0.06771457773589942,
        -70.40264401092975
      ],
      [
        -0.0661342699302557,
        0.03098938782950003,
        0.9973293920178754,
        -1.8394181912711156
      ],
      [
        0.0,
        0.0,
        0.0,
        1.0
      ]
    ],
    "location": [
      -3.899538098599436,
      -70.40264401092975,
      -1.8394181912711156
    ],
    "rotation": [
      0.031062375694354598,
      0.0661825740975055,
      -1.5156183796361007
    ]
  },
  {
    "label_id": "p65_dOfmQkmZo7JqvWBsSw",
    "size": [
      0.8916477119127634,
      1.3736536652180864,
      1.8155989146434655
    ],
    "obj_class": "pedestrian",
    "point_num_in_lidar": 68,
    "speed": 2.893840928611844,
    "if_vehicle": false,
    "motion_state": true,
    "pose": [
      [
        0.05419545807325709,
        0.9981553148407948,
        -0.02736457160826616,
        -6.390773592291296
      ],
      [
        -0.9963361326147133,
        0.05224027955902956,
        -0.06771457773589942,
        -82.71414378155066
      ],
      [
        -0.06616013278845922,
        0.03093413400547253,
        0.9973293920178754,
        -3.4541487937297655
      ],
      [
        0.0,
        0.0,
        0.0,
        1.0
      ]
    ],
    "location": [
      -6.390773592291296,
      -82.71414378155066,
      -3.4541487937297655
    ],
    "rotation": [
      0.03100702725714914,
      0.066208493722915,
      -1.5164551260568642
    ]
  },
  {
    "label_id": "rmtoge8lH9ELbT6J6nkCPw",
    "size": [
      2.0437022907749016,
      4.743477809726895,
      1.5709305980602917
    ],
    "obj_class": "vehicle",
    "point_num_in_lidar": 276,
    "speed": 8.881784197001252e-14,
    "if_vehicle": true,
    "motion_state": false,
    "pose": [
      [
        0.9902263583324898,
        -0.13675869070838428,
        -0.02736457160826616,
        -12.596471384913954
      ],
      [
        0.13465942745528203,
        0.988575527999487,
        -0.06771457773589942,
        -95.6382945951093
      ],
      [
        0.0363125028191542,
        0.06336786217211378,
        0.9973293920178754,
        -3.950980694781479
      ],
      [
        0.0,
        0.0,
        0.0,
        1.0
      ]
    ],
    "location": [
      -12.596471384913954,
      -95.6382945951093,
      -3.950980694781479
    ],
    "rotation": [
      0.06345225177916848,
      -0.03632048782287358,
      0.13515943754138768
    ]
  },
  {
    "label_id": "uRAjQ1brh2PNKP6H45Ipsw",
    "size": [
      1.8510172426114238,
      3.8732833809560465,
      1.5800000000000045
    ],
    "obj_class": "vehicle",
    "point_num_in_lidar": 27,
    "speed": 1.2434993501203063e-13,
    "if_vehicle": true,
    "motion_state": false,
    "pose": [
      [
        -0.1949395268848298,
        -0.9804334557116128,
        -0.02736457160826616,
        39.366266426908425
      ],
      [
        0.9789093481055752,
        -0.19274652825295474,
        -0.06771457773589942,
        -55.02067327120312
      ],
      [
        0.06111521127703781,
        -0.03998768270127841,
        0.9973293920178754,
        -1.968058584745255
      ],
      [
        0.0,
        0.0,
        0.0,
        1.0
      ]
    ],
    "location": [
      39.366266426908425,
      -55.02067327120312,
      -1.968058584745255
    ],
    "rotation": [
      -0.040073295478644654,
      -0.06115332028710048,
      1.7673643546506375
    ]
  }
]