[
  {
    "label_id": "0FthUnFInpdwtS3fei1NLw",
    "size": [
      2.239774383726547,
      4.869392282684742,
      2.1004180595197823
    ],
    "obj_class": "vehicle",
    "point_num_in_lidar": 8179,
    "speed": 0.04219052194402284,
    "if_vehicle": true,
    "motion_state": false,
    "pose": [
      [
        0.03600112473726764,
        0.9990034043168732,
        -0.026384032689290775,
        -2.6309644619621793
      ],
      [
        -0.9969912041111612,
        0.0340900237302019,
        -0.06961615622146403,
        -54.903844977791664
      ],
      [
        -0.0686473447602215,
        0.02881090844406228,
        0.9972248861776359,
        -2.1813834927022215
      ],
      [
        0.0,
        0.0,
        0.0,
        1.0
      ]
    ],
    "location": [
      -2.6309644619621793,
      -54.903844977791664,
      -2.1813834927022215
    ],
    "rotation": [
      0.028883050103044008,
      0.0687013757046839,
      -1.5347022375560875
    ]
  },
  {
    "label_id": "2ZzcZmYwGNGC34_vckVgMg",
    "size": [
      2.135233125361256,
      4.64124244299159,
      1.4900000000000038
    ],
    "obj_class": "vehicle",
    "point_num_in_lidar": 978,
    "speed": 8.89911452410874e-14,
    "if_vehicle": true,
    "motion_state": false,
    "pose": [
      [
        -0.0851530203399767,
        -0.9960184967891058,
        -0.026384032689290775,
        20.650832836124167
      ],
      [
        0.99410284939532,
        -0.08314514788641865,
        -0.06961615622146403,
        -50.447396535438884
      ],
      [
        0.06714527497214698,
        -0.03215646804168055,
        0.9972248861776359,
        -2.056001689344134
      ],
      [
        0.0,
        0.0,
        0.0,
        1.0
      ]
    ],
    "location": [
      20.650832836124167,
      -50.447396535438884,
      -2.056001689344134
    ],
    "rotation": [
      -0.0322347847380476,
      -0.06719583155350674,
      1.6562459032483832
    ]
  },
  {
    "label_id": "4AeZa77bkV7le7_KKTO9gw",
    "size": [
      1.8546698662589924,
      4.570722738993197,
      1.7243322628737179
    ],
    "obj_class": "vehicle",
    "point_num_in_lidar": 29,
    "speed": 8.883908979104366e-14,
    "if_vehicle": true,
    "motion_state": false,
    "pose": [
      [
        0.9815774654073098,
        -0.1892341465582044,
        -0.026384032689290775,
        70.69492613162716
      ],
      [
        0.18703628217190554,
        0.9798831664766265,
        -0.06961615622146403,
        -82.58590368348132
      ],
      [
        0.03902702340523644,
        0.063398878792357,
        0.9972248861776359,
        -1.4774028001641186
      ],
      [
        0.0,
        0.0,
        0.0,
        1.0
      ]
    ],
    "location": [
      70.69492613162716,
      -82.58590368348132,
      -1.4774028001641186
    ],
    "rotation": [
      0.06348986131569498,
      -0.03903693726723345,
      0.18828948178038446
    ]
  },
  {
    "label_id": "739MebKySTL_wlcubUtzJg",
    "size": [
      1.0000000000000255,
      1.0,
      1.6400000000000041
    ],
    "obj_class": "pedestrian",
    "point_num_in_lidar": 30,
    "speed": 1.4757512303733393,
    "if_vehicle": false,
    "motion_state": true,
    "pose": [
      [
        0.03807228535244855,
        0.9989266158768082,
        -0.026384032689290775,
        -5.153331425069581
      ],
      [
        -0.996918382289731,
        0.03615701654969257,
        -0.06961615622146403,
        -108.47361429045361
      ],
      [
        -0.06858746343806395,
        0.02895317335169135,
        0.9972248861776359,
        -3.9627050182647343
      ],
      [
        0.0,
        0.0,
        0.0,
        1.0
      ]
    ],
    "location": [
      -5.153331425069581,
      -108.47361429045361,
      -3.9627050182647343
    ],
    "rotation": [
      0.029025591343757227,
      0.06864135291169428,
      -1.532624904677667
    ]
  },
  {
    "label_id": "AW93vUUwt0tOGzfuMl_ixg",
    "size": [
      2.1475562215189288,
      4.350822809280177,
      1.9439356952888378
    ],
    "obj_class": "vehicle",
    "point_num_in_lidar": 160,
    "speed": 0.016152500765845373,
    "if_vehicle": true,
    "motion_state": false,
    "pose": [
      [
        -0.16393129639097967,
        -0.9861188634655679,
        -0.026384032689290775,
        28.558105035532215
      ],
      [
        0.9843686088968158,
        -0.16177772594364404,
        -0.06961615622146403,
        -48.83998819134604
      ],
      [
        0.0643814560422553,
        -0.03738388029458683,
        0.9972248861776359,
        -1.6150063468023346
      ],
      [
        0.0,
        0.0,
        0.0,
        1.0
      ]
    ],
    "location": [
      28.558105035532215,
      -48.83998819134604,
      -1.6150063468023346
    ],
    "rotation": [
      -0.03747036718051384,
      -0.06442601576101623,
      1.735816369587062
    ]
  },
  {
    "label_id": "BBGHrrdA-BRayce_KINWBQ",
    "size": [
      1.8510172426114238,
      3.8732833809560465,
      1.690000000000004
    ],
    "obj_class": "vehicle",
    "point_num_in_lidar": 25,
    "speed": 1.0658719261875217e-13,
    "if_vehicle": true,
    "motion_state": false,
    "pose": [
      [
        -0.19494466757634632,
        -0.980459310426801,
        -0.026384032689290775,
        41.93217503639616
      ],
      [
        0.9787778338901539,
        -0.19273697797321354,
        -0.06961615622146403,
        -54.52843931718394
      ],
      [
        0.06317062979618068,
        -0.03939540479744733,
        0.9972248861776359,
        -2.0590573047971494
      ],
      [
        0.0,
        0.0,
        0.0,
        1.0
      ]
    ],
    "location": [
      41.93217503639616,
      -54.52843931718394,
      -2.0590573047971494
    ],
    "rotation": [
      -0.03948450384097353,
      -0.06321271945483058,
      1.7673951431706656
    ]
  },
  {
    "label_id": "FC_Nzw77TdePKfA1A8_YUw",
    "size": [
      1.9791979559302657,
      4.6815017276940125,
      1.6894924373811975
    ],
    "obj_class": "vehicle",
    "point_num_in_lidar": 1521,
    "speed": 0.0293028814083956,
    "if_vehicle": true,
    "motion_state": false,
    "pose": [
      [
        0.09147064630399554,
        0.9954581878129185,
        -0.026384032689290775,
        -1.9442000333145302
      ],
      [
        -0.9935553181251008,
        0.08945066024506852,
        -0.06961615622146403,
        -67.23302092771951
      ],
      [
        -0.06693990357073508,
        0.032581830794808586,
        0.9972248861776359,
        -3.102911802560457
      ],
      [
        0.0,
        0.0,
        0.0,
        1.0
      ]
    ],
    "location": [
      -1.9442000333145302,
      -67.23302092771951,
      -3.102911802560457
    ],
    "rotation": [
      0.03266088226277301,
      0.06698999704768199,
      -1.4789911471795372
    ]
  },
  {
    "label_id": "FHlfveZieODUAJsHQCO3WQ",
    "size": [
      0.47256502946246526,
      0.11859601717126622,
      0.48564117926519934
    ],
    "obj_class": "sign",
    "point_num_in_lidar": 44,
    "speed": 0.01720715980025442,
    "if_vehicle": false,
    "motion_state": false,
    "pose": [
      [
        0.05503066541049994,
        0.9981360171256861,
        -0.026384032689290775,
        -3.893195917337181
      ],
      [
        -0.996160598422132,
        0.0530815687805906,
        -0.06961615622146403,
        -70.39748382519383
      ],
      [
        -0.06808588705258573,
        0.03011375719274147,
        0.9972248861776359,
        -1.2552406889599945
      ],
      [
        0.0,
        0.0,
        0.0,
        1.0
      ]
    ],
    "location": [
      -3.893195917337181,
      -70.39748382519383,
      -1.2552406889599945
    ],
    "rotation": [
      0.030188384898173565,
      0.06813860124685292,
      -1.5156096554950236
    ]
  },
  {
    "label_id": "H77al2aLVyQfPGZQ91uLDw",
    "size": [
      2.100408033466015,
      4.321158116249892,
      1.6473094557536303
    ],
    "obj_class": "vehicle",
    "point_num_in_lidar": 208,
    "speed": 0.029424836196471873,
    "if_vehicle": true,
    "motion_state": false,
    "pose": [
      [
        0.9860381525440727,
        -0.16441607143622672,
        -0.026384032689290775,
        28.888466175127206
      ],
      [
        0.16226164079058522,
        0.9842889569231669,
        -0.06961615622146403,
        -55.64303768036234
      ],
      [
        0.0374155269295925,
        0.06436306963299518,
        0.9972248861776359,
        -1.9860301805389886
      ],
      [
        0.0,
        0.0,
        0.0,
        1.0
      ]
    ],
    "location": [
      28.888466175127206,
      -55.64303768036234,
      -1.9860301805389886
    ],
    "rotation": [
      0.06445278389331523,
      -0.03742426223471269,
      0.16309746252848914
    ]
  },
  {
    "label_id": "QDVEnIR7naYiy3U9lHiF0Q",
    "size": [
      2.0821810771242677,
      5.2704203782678345,
      2.0460419520279647
    ],
    "obj_class": "vehicle",
    "point_num_in_lidar": 576,
    "speed": 3.554447978966673e-14,
    "if_vehicle": true,
    "motion_state": false,
    "pose": [
      [
        0.1518668934738028,
        0.9880487485370684,
        -0.026384032689290775,
        23.034876760816402
      ],
      [
        -0.9862723041608856,
        0.14973487515647912,
        -0.06961615622146403,
        -67.30073489691517
      ],
      [
        -0.06483354619172316,
        0.03659423009446363,
        0.9972248861776359,
        -2.6072653870906644
      ],
      [
        0.0,
        0.0,
        0.0,
        1.0
      ]
    ],
    "location": [
      23.034876760816402,
      -67.30073489691517,
      -2.6072653870906644
    ],
    "rotation": [
      0.03667960749366619,
      0.06487905241991422,
      -1.418015572049083
    ]
  },
  {
    "label_id": "R9GNlFkDZMkdo8iVjWgl3A",
    "size": [
      3.768870033046096,
      12.908695691698984,
      3.736177492803977
    ],
    "obj_class": "vehicle",
    "point_num_in_lidar": 1298,
    "speed": 4.640080562187518,
    "if_vehicle": true,
    "motion_state": true,
    "pose": [
      [
        -0.9880661247472496,
        0.15175380043347483,
        -0.026384032689290775,
        43.41050064240331
      ],
      [
        -0.1496219854619147,
        -0.9862894363519176,
        -0.06961615622146403,
        -77.96796373054644
      ],
      [
        -0.03658680900798882,
        -0.06483773434207735,
        0.9972248861776359,
        -1.297115430079952
      ],
      [
        0.0,
        0.0,
        0.0,
        1.0
      ]
    ],
    "location": [
      43.41050064240331,
      -77.96796373054644,
      -1.297115430079952
    ],
    "rotation": [
      -0.06492678039531137,
      0.036594976412846966,
      -2.9913053258082836
    ]
  },
  {
    "label_id": "SjUOrL45KnzmIi-re1XD_A",
    "size": [
      2.32147745075278,
      4.913178953138767,
      1.6300000000000043
    ],
    "obj_class": "vehicle",
    "point_num_in_lidar": 2422,
    "speed": 2.1317438523750434e-13,
    "if_vehicle": true,
    "motion_state": false,
    "pose": [
      [
        -0.04981229441063082,
        -0.998410045093998,
        -0.026384032689290775,
        12.564276301109814
      ],
      [
        0.9964244647448017,
        -0.047873550641082945,
        -0.06961615622146403,
        -59.36544086234653
      ],
      [
        0.06824237234727595,
        -0.02975743611967594,
        0.9972248861776359,
        -2.5337793479009196
      ],
      [
        0.0,
        0.0,
        0.0,
        1.0
      ]
    ],
    "location": [
      12.564276301109814,
      -59.36544086234653,
      -2.5337793479009196
    ],
    "rotation": [
      -0.02983139394247052,
      -0.06829545135610392,
      1.6207457839926418
    ]
  },
  {
    "label_id": "T1crxPSUfT-4K4xwSV1uPA",
    "size": [
      1.8978891977530057,
      4.256426255755278,
      1.3700000000000037
    ],
    "obj_class": "vehicle",
    "point_num_in_lidar": 56,
    "speed": 0.0017674932032795713,
    "if_vehicle": true,
    "motion_state": false,
    "pose": [
      [
        -0.05546247582477117,
        -0.9981121162446817,
        -0.026384032689290775,
        11.158354570151161
      ],
      [
        0.9961375409480011,
        -0.053512524767740724,
        -0.06961615622146403,
        -103.20226176190454
      ],
      [
        0.06807285280826726,
        -0.03014320982484823,
        0.9972248861776359,
        -3.4804216921292435
      ],
      [
        0.0,
        0.0,
        0.0,
        1.0
      ]
    ],
    "location": [
      11.158354570151161,
      -103.20226176190454,
      -3.4804216921292435
    ],
    "rotation": [
      -0.03021789255799915,
      -0.06812553669156785,
      1.6264164283599833
    ]
  },
  {
    "label_id": "TSkHv1dU9BwYbpsysO-m5g",
    "size": [
      2.237075243841105,
      4.880771797860977,
      1.4175253135198727
    ],
    "obj_class": "vehicle",
    "point_num_in_lidar": 61,
    "speed": 3.3306690738754696e-15,
    "if_vehicle": true,
    "motion_state": false,
    "pose": [
      [
        0.98357135908349,
        -0.17858125436256397,
        -0.026384032689290775,
        34.06533083671196
      ],
      [
        0.17640188788601155,
        0.9818533315843053,
        -0.06961615622146403,
        -54.86470768051379
      ],
      [
        0.03833739089853862,
        0.06381826421247679,
        0.9972248861776359,
        -2.147740772941221
      ],
      [
        0.0,
        0.0,
        0.0,
        1.0
      ]
    ],
    "location": [
      34.06533083671196,
      -54.86470768051379,
      -2.147740772941221
    ],
    "rotation": [
      0.06390870968403793,
      -0.038346788213939546,
      0.17746165515904544
    ]
  },
  {
    "label_id": "To2rVuVuEoUSu3imKi5-iQ",
    "size": [
      2.227564938488101,
      4.642568388368268,
      1.6575253135198729
    ],
    "obj_class": "vehicle",
    "point_num_in_lidar": 182,
    "speed": 0.010115431786959124,
    "if_vehicle": true,
    "motion_state": false,
    "pose": [
      [
        0.16741457552433234,
        0.9855334812785702,
        -0.026384032689290775,
        26.128384010596655
      ],
      [
        -0.983790846952161,
        0.1652548342593898,
        -0.06961615622146403,
        -48.155030637049094
      ],
      [
        -0.06424896384500917,
        0.03761112910886288,
        0.9972248861776359,
        -1.8502811145514402
      ],
      [
        0.0,
        0.0,
        0.0,
        1.0
      ]
    ],
    "location": [
      26.128384010596655,
      -48.155030637049094,
      -1.8502811145514402
    ],
    "rotation": [
      0.037697926643911556,
      0.06429324868719306,
      -1.4022380972164434
    ]
  },
  {
    "label_id": "YNxoawT6vIVOXCltkBdhSg",
    "size": [
      2.0910824509630976,
      4.688438300872428,
      1.2315137479379885
    ],
    "obj_class": "vehicle",
    "point_num_in_lidar": 117,
    "speed": 5.3316719684500096e-14,
    "if_vehicle": true,
    "motion_state": false,
    "pose": [
      [
        -0.9801702996551567,
        0.1963926334997594,
        -0.026384032689290775,
        50.847677237053155
      ],
      [
        -0.19418246269509093,
        -0.9784920858007071,
        -0.06961615622146403,
        -60.43858690969455
      ],
      [
        -0.03948866743244215,
        -0.06311237226099833,
        0.9972248861776359,
        -2.177449054183998
      ],
      [
        0.0,
        0.0,
        0.0,
        1.0
      ]
    ],
    "location": [
      50.847677237053155,
      -60.43858690969455,
      -2.177449054183998
    ],
    "rotation": [
      -0.06320370884135934,
      0.039498937448195326,
      -2.946014152480164
    ]
  },
  {
    "label_id": "agustPTQy50BIJjPrfHUJg",
    "size": [
      1.9111363298310018,
      4.4729556239008765,
      1.3933782373620502
    ],
    "obj_class": "vehicle",
    "point_num_in_lidar": 110,
    "speed": 0.025651592925730812,
    "if_vehicle": true,
    "motion_state": false,
    "pose": [
      [
        0.15870491476931975,
        0.986973471197232,
        -0.026384032689290775,
        25.31919907751849
      ],
      [
        -0.9852118323948459,
        0.15656064672240894,
        -0.06961615622146403,
        -66.61389310780089
      ],
      [
        -0.06457859813632659,
        0.03704228733147677,
        0.9972248861776359,
        -2.722146395469065
      ],
      [
        0.0,
        0.0,
        0.0,
        1.0
      ]
    ],
    "location": [
      25.31919907751849,
      -66.61389310780089,
      -2.722146395469065
    ],
    "rotation": [
      0.03712829996282203,
      0.06462356896406857,
      -1.4110812820137038
    ]
  },
  {
    "label_id": "auOooDPcS5q1p_53EHycZg",
    "size": [
      2.064653321932691,
      4.50592062313768,
      1.5935171151616743
    ],
    "obj_class": "vehicle",
    "point_num_in_lidar": 60,
    "speed": 5.370542509574172e-14,
    "if_vehicle": true,
    "motion_state": false,
    "pose": [
      [
        -0.9857196717628727,
        0.16631479645162334,
        -0.026384032689290775,
        36.10929174461118
      ],
      [
        -0.1641570009918956,
        -0.9839746286456249,
        -0.06961615622146403,
        -73.01347211095049
      ],
      [
        -0.03753941561933612,
        -0.06429089097966828,
        0.9972248861776359,
        -2.629096833784108
      ],
      [
        0.0,
        0.0,
        0.0,
        1.0
      ]
    ],
    "location": [
      36.10929174461118,
      -73.01347211095049,
      -2.629096833784108
    ],
    "rotation": [
      -0.06438070430345694,
      0.03754823802089776,
      -2.97657191382453
    ]
  },
  {
    "label_id": "b4zV2_qtCFu2PXzfOzUGDg",
    "size": [
      2.041593439597833,
      4.159733527544294,
      1.4200000000000035
    ],
    "obj_class": "vehicle",
    "point_num_in_lidar": 118,
    "speed": 0.06205830371002568,
    "if_vehicle": true,
    "motion_state": false,
    "pose": [
      [
        -0.05950739185333242,
        -0.9978791275168873,
        -0.026384032689290775,
        8.025255674548788
      ],
      [
        0.9959124716353336,
        -0.057549453812784424,
        -0.06961615622146403,
        -102.41897048181738
      ],
      [
        0.06795012256070652,
        -0.030418863094892473,
        0.9972248861776359,
        -3.4900691010199525
      ],
      [
        0.0,
        0.0,
        0.0,
        1.0
      ]
    ],
    "location": [
      8.025255674548788,
      -102.41897048181738,
      -3.4900691010199525
    ],
    "rotation": [
      -0.030494058285207,
      -0.06800252160718635,
      1.630476997505927
    ]
  },
  {
    "label_id": "e395WJBHUGGz23_cnf-9bQ",
    "size": [
      2.2143668834732653,
      4.400387997189263,
      1.7363276684535638
    ],
    "obj_class": "vehicle",
    "point_num_in_lidar": 339,
    "speed": 0.018277741723424584,
    "if_vehicle": true,
    "motion_state": false,
    "pose": [
      [
        -0.9865692059862712,
        0.16119889769681695,
        -0.026384032689290775,
        24.56139745110012
      ],
      [
        -0.1590501841092828,
        -0.9848129922618568,
        -0.06961615622146403,
        -80.76486375699233
      ],
      [
        -0.037205385825464496,
        -0.06448477071044895,
        0.9972248861776359,
        -2.662207834536183
      ],
      [
        0.0,
        0.0,
        0.0,
        1.0
      ]
    ],
    "location": [
      24.56139745110012,
      -80.76486375699233,
      -2.662207834536183
    ],
    "rotation": [
      -0.06457431641987404,
      0.03721397471172956,
      -2.981752519695351
    ]
  },
  {
    "label_id": "gNkR8vsrfHgMRzMUczWVJg",
    "size": [
      1.8272250698720969,
      4.323699343690174,
      1.5999999999999996
    ],
    "obj_class": "vehicle",
    "point_num_in_lidar": 32,
    "speed": 3.5596458096434965e-14,
    "if_vehicle": true,
    "motion_state": false,
    "pose": [
      [
        -0.06342339027430367,
        -0.997637888406993,
        -0.026384032689290775,
        11.508177791163746
      ],
      [
        0.9956789321500298,
        -0.06145774862070046,
        -0.06961615622146403,
        -112.78151363809968
      ],
      [
        0.06783021184317395,
        -0.030685318139315323,
        0.9972248861776359,
        -4.2024914847031924
      ],
      [
        0.0,
        0.0,
        0.0,
        1.0
      ]
    ],
    "location": [
      11.508177791163746,
      -112.78151363809968,
      -4.2024914847031924
    ],
    "rotation": [
      -0.030761004264664923,
      -0.06788233359191376,
      1.6344090195814045
    ]
  },
  {
    "label_id": "gV6Bw661MKF2mu-9UbidXQ",
    "size": [
      2.061908863028467,
      4.979403080777294,
      1.5159977183298867
    ],
    "obj_class": "vehicle",
    "point_num_in_lidar": 32,
    "speed": 0.019057245895352508,
    "if_vehicle": true,
    "motion_state": false,
    "pose": [
      [
        0.9846151268385654,
        -0.17273371072181026,
        -0.026384032689290775,
        -26.926157730233356
      ],
      [
        0.17056459125638615,
        0.9828841798515685,
        -0.06961615622146403,
        -98.08728337714967
      ],
      [
        0.037957505321313256,
        0.06404493873666618,
        0.9972248861776359,
        -4.302283415169401
      ],
      [
        0.0,
        0.0,
        0.0,
        1.0
      ]
    ],
    "location": [
      -26.926157730233356,
      -98.08728337714967,
      -4.302283415169401
    ],
    "rotation": [
      0.06413508459781087,
      -0.03796662592234305,
      0.17152746418514564
    ]
  },
  {
    "label_id": "igeAxNTqmAvEuIemThLM8g",
    "size": [
      2.3167718466597162,
      4.915583154046055,
      2.160000000000001
    ],
    "obj_class": "vehicle",
    "point_num_in_lidar": 69,
    "speed": 4.224677601385377e-29,
    "if_vehicle": true,
    "motion_state": false,
    "pose": [
      [
        0.9821538793586788,
        -0.18621933325986345,
        -0.026384032689290775,
        49.09902584868516
      ],
      [
        0.1840266815577519,
        0.980452839899906,
        -0.06961615622146403,
        -52.61446513323938
      ],
      [
        0.038832173973902616,
        0.0635184119170293,
        0.9972248861776359,
        -1.5856053220286208
      ],
      [
        0.0,
        0.0,
        0.0,
        1.0
      ]
    ],
    "location": [
      49.09902584868516,
      -52.61446513323938,
      -1.5856053220286208
    ],
    "rotation": [
      0.06360924364931714,
      -0.03884194001906774,
      0.1852228629841417
    ]
  },
  {
    "label_id": "irRilzG-gquG7JntU8rgVQ",
    "size": [
      2.5830279728458407,
      5.479408345867389,
      2.2299999999999978
    ],
    "obj_class": "vehicle",
    "point_num_in_lidar": 79,
    "speed": 5.3290705182007514e-14,
    "if_vehicle": true,
    "motion_state": false,
    "pose": [
      [
        -0.9804776721770956,
        0.1948522958069375,
        -0.026384032689290775,
        49.57858082607223
      ],
      [
        -0.19264476462864977,
        -0.9787959876573468,
        -0.06961615622146403,
        -55.065373016827266
      ],
      [
        -0.039389453199504765,
        -0.06317434103055505,
        0.9972248861776359,
        -1.8579049072190754
      ],
      [
        0.0,
        0.0,
        0.0,
        1.0
      ]
    ],
    "location": [
      49.57858082607223,
      -55.065373016827266,
      -1.8579049072190754
    ],
    "rotation": [
      -0.06326560191164432,
      0.03939964596421845,
      -2.9475834864590613
    ]
  },
  {
    "label_id": "iuT6AwtQpCbc9M0iGh3j9w",
    "size": [
      2.131744392604687,
      4.751092980351478,
      1.712260309168392
    ],
    "obj_class": "vehicle",
    "point_num_in_lidar": 529,
    "speed": 0.15709503351818008,
    "if_vehicle": true,
    "motion_state": false,
    "pose": [
      [
        -0.9897767893077466,
        0.14016344090631802,
        -0.026384032689290775,
        25.29521879291451
      ],
      [
        -0.1380525947784754,
        -0.9879752384892442,
        -0.06961615622146403,
        -77.68347165363036
      ],
      [
        -0.03582441098718224,
        -0.06526207141535047,
        0.9972248861776359,
        -2.7410551756361876
      ],
      [
        0.0,
        0.0,
        0.0,
        1.0
      ]
    ],
    "location": [
      25.29521879291451,
      -77.68347165363036,
      -2.7410551756361876
    ],
    "rotation": [
      -0.0653504953844833,
      0.03583207818839134,
      -3.003008211023148
    ]
  },
  {
    "label_id": "j4pYCjXzBIBJETm7p7ALAg",
    "size": [
      0.47355499497979414,
      0.11589494026634384,
      0.5419955349083043
    ],
    "obj_class": "sign",
    "point_num_in_lidar": 129,
    "speed": 0.01799154653436689,
    "if_vehicle": false,
    "motion_state": false,
    "pose": [
      [
        0.05503066541050881,
        0.9981360171256857,
        -0.026384032689290775,
        -3.8949719904803004
      ],
      [
        -0.9961605984221316,
        0.05308156878059945,
        -0.06961615622146403,
        -70.39471505671315
      ],
      [
        -0.06808588705258545,
        0.030113757192742074,
        0.9972248861776359,
        -1.8271935989535741
      ],
      [
        0.0,
        0.0,
        0.0,
        1.0
      ]
    ],
    "location": [
      -3.8949719904803004,
      -70.39471505671315,
      -1.8271935989535741
    ],
    "rotation": [
      0.03018838489817417,
      0.06813860124685264,
      -1.5156096554950147
    ]
  },
  {
    "label_id": "p65_dOfmQkmZo7JqvWBsSw",
    "size": [
      0.8916477119127593,
      1.3736536652180864,
      1.8155989146434655
    ],
    "obj_class": "pedestrian",
    "point_num_in_lidar": 123,
    "speed": 2.770133857823121,
    "if_vehicle": false,
    "motion_state": true,
    "pose": [
      [
        0.06435934849078,
        0.9975779453661217,
        -0.026384032689290775,
        -6.477117377535549
      ],
      [
        -0.9956208341407764,
        0.06239186980507514,
        -0.06961615622146403,
        -81.2918155047696
      ],
      [
        -0.06780139295521195,
        0.030748943092954974,
        0.9972248861776359,
        -3.5144549461301997
      ],
      [
        0.0,
        0.0,
        0.0,
        1.0
      ]
    ],
    "location": [
      -6.477117377535549,
      -81.2918155047696,
      -3.5144549461301997
    ],
    "rotation": [
      0.030824745798104798,
      0.06785344820570571,
      -1.5062437125372805
    ]
  },
  {
    "label_id": "rmtoge8lH9ELbT6J6nkCPw",
    "size": [
      2.043702290774905,
      4.743477809726895,
      1.5709305980602917
    ],
    "obj_class": "vehicle",
    "point_num_in_lidar": 193,
    "speed": 8.881784197001252e-14,
    "if_vehicle": true,
    "motion_state": false,
    "pose": [
      [
        0.9902524712933625,
        -0.13676229713060128,
        -0.026384032689290775,
        -12.596471384913954
      ],
      [
        0.13465765257502868,
        0.9884436794253538,
        -0.06961615622146403,
        -95.63829459510919
      ],
      [
        0.035599995791731606,
        0.06538475883284682,
        0.9972248861776359,
        -3.946743554317366
      ],
      [
        0.0,
        0.0,
        0.0,
        1.0
      ]
    ],
    "location": [
      -12.596471384913954,
      -95.63829459510919,
      -3.946743554317366
    ],
    "rotation": [
      0.06547299856812434,
      -0.035607519750191365,
      0.13515415682396031
    ]
  },
  {
    "label_id": "uRAjQ1brh2PNKP6H45Ipsw",
    "size": [
      1.8510172426114238,
      3.8732833809560465,
      1.5800000000000045
    ],
    "obj_class": "vehicle",
    "point_num_in_lidar": 65,
    "speed": 1.2434993501203063e-13,
    "if_vehicle": true,
    "motion_state": false,
    "pose": [
      [
        -0.19494466757634632,
        -0.980459310426801,
        -0.026384032689290775,
        39.36626642690842
      ],
      [
        0.9787778338901539,
        -0.19273697797321354,
        -0.06961615622146403,
        -55.020673271203236
      ],
      [
        0.06317062979618068,
        -0.03939540479744733,
        0.9972248861776359,
        -1.96805858474527
      ],
      [
        0.0,
        0.0,
        0.0,
        1.0
      ]
    ],
    "location": [
      39.36626642690842,
      -55.020673271203236,
      -1.96805858474527
    ],
    "rotation": [
      -0.03948450384097353,
      -0.06321271945483058,
      1.7673951431706656
    ]
  }
]