[
  {
    "label_id": "4AeZa77bkV7le7_KKTO9gw",
    "size": [
      1.8546698662589947,
      4.570722738993197,
      1.7243322628737179
    ],
    "obj_class": "vehicle",
    "point_num_in_lidar": 47,
    "speed": 8.883908979104366e-14,
    "if_vehicle": true,
    "motion_state": false,
    "pose": [
      [
        0.9814436621714673,
        -0.18920835120121143,
        -0.031121340253554966,
        70.69492613162714
      ],
      [
        0.18716167618460025,
        0.980549296846278,
        -0.059106542971490386,
        -82.5859036834812
      ],
      [
        0.041699459843376335,
        0.052185019785268114,
        0.9977664449954117,
        -1.477402800164107
      ],
      [
        0.0,
        0.0,
        0.0,
        1.0
      ]
    ],
    "location": [
      70.69492613162714,
      -82.5859036834812,
      -1.477402800164107
    ],
    "rotation": [
      0.05225422668778857,
      -0.04171155412517437,
      0.188437833737318
    ]
  },
  {
    "label_id": "AW93vUUwt0tOGzfuMl_ixg",
    "size": [
      2.147556221518996,
      4.350822809280177,
      1.9439356952888378
    ],
    "obj_class": "vehicle",
    "point_num_in_lidar": 181,
    "speed": 0.015082260233921767,
    "if_vehicle": true,
    "motion_state": false,
    "pose": [
      [
        -0.17147855341554843,
        -0.9846961805040848,
        -0.031121340253554966,
        28.54170982499201
      ],
      [
        0.9837650515635002,
        -0.16944833991580832,
        -0.059106542971490386,
        -48.85491271036369
      ],
      [
        0.052928527664907236,
        -0.04075159138540886,
        0.9977664449954117,
        -1.6470913665665998
      ],
      [
        0.0,
        0.0,
        0.0,
        1.0
      ]
    ],
    "location": [
      28.54170982499201,
      -48.85491271036369,
      -1.6470913665665998
    ],
    "rotation": [
      -0.04082012831289434,
      -0.052953271456453475,
      1.7433709061595901
    ]
  },
  {
    "label_id": "BBGHrrdA-BRayce_KINWBQ",
    "size": [
      1.8510172426114297,
      3.8732833809560465,
      1.690000000000004
    ],
    "obj_class": "vehicle",
    "point_num_in_lidar": 34,
    "speed": 1.0658719261875217e-13,
    "if_vehicle": true,
    "motion_state": false,
    "pose": [
      [
        -0.1949180937925632,
        -0.9803256596116904,
        -0.031121340253554966,
        41.93217503639615
      ],
      [
        0.9794432230602323,
        -0.19286624738233357,
        -0.059106542971490386,
        -54.528439317183825
      ],
      [
        0.05194140461768113,
        -0.04200252049056715,
        0.9977664449954117,
        -2.1002459667042483
      ],
      [
        0.0,
        0.0,
        0.0,
        1.0
      ]
    ],
    "location": [
      41.93217503639615,
      -54.528439317183825,
      -2.1002459667042483
    ],
    "rotation": [
      -0.04207170514900069,
      -0.05196478855324926,
      1.7672388967138215
    ]
  },
  {
    "label_id": "FC_Nzw77TdePKfA1A8_YUw",
    "size": [
      1.9791979559302368,
      4.6815017276940125,
      1.6894924373811975
    ],
    "obj_class": "vehicle",
    "point_num_in_lidar": 5494,
    "speed": 0.02930288116327881,
    "if_vehicle": true,
    "motion_state": false,
    "pose": [
      [
        0.09145817752909964,
        0.9953224924334213,
        -0.031121340253554966,
        -1.9840606630160664
      ],
      [
        -0.9942305698231457,
        0.08950972353382788,
        -0.059106542971490386,
        -67.22331562323745
      ],
      [
        -0.056044409107409036,
        0.03634756455416988,
        0.9977664449954117,
        -3.135615594885059
      ],
      [
        0.0,
        0.0,
        0.0,
        1.0
      ]
    ],
    "location": [
      -1.9840606630160664,
      -67.22331562323745,
      -3.135615594885059
    ],
    "rotation": [
      0.036412828849602064,
      0.05607378967607681,
      -1.479065585003032
    ]
  },
  {
    "label_id": "FCe2iMQkD29pq_6yzIk13w",
    "size": [
      0.5331272326096286,
      0.085936283990451,
      0.6341245749102216
    ],
    "obj_class": "sign",
    "point_num_in_lidar": 22,
    "speed": 0.009240088764597082,
    "if_vehicle": false,
    "motion_state": false,
    "pose": [
      [
        -0.9876933958922394,
        0.15327497477304772,
        -0.031121340253554966,
        38.937233167013964
      ],
      [
        -0.15126229279078238,
        -0.9867249542591061,
        -0.059106542971490386,
        -70.62881309906834
      ],
      [
        -0.03976775692104835,
        -0.053671656865487125,
        0.9977664449954117,
        -0.8528023497851089
      ],
      [
        0.0,
        0.0,
        0.0,
        1.0
      ]
    ],
    "location": [
      38.937233167013964,
      -70.62881309906834,
      -0.8528023497851089
    ],
    "rotation": [
      -0.0537400104710654,
      0.0397782463365514,
      -2.9896263731422006
    ]
  },
  {
    "label_id": "Fx7eRIb3HDnYZKvfiwRh2w",
    "size": [
      2.1616555084859375,
      4.945521685175522,
      1.9600000000000044
    ],
    "obj_class": "vehicle",
    "point_num_in_lidar": 99,
    "speed": 1.4102863005506658e-29,
    "if_vehicle": true,
    "motion_state": false,
    "pose": [
      [
        0.9861346344679325,
        -0.16300289839024137,
        -0.031121340253554966,
        -46.54520082908115
      ],
      [
        0.16098076856924662,
        0.9851860782252326,
        -0.059106542971490386,
        -100.98980257447681
      ],
      [
        0.040294848971693165,
        0.053277071874931504,
        0.9977664449954117,
        -4.775246195475252
      ],
      [
        0.0,
        0.0,
        0.0,
        1.0
      ]
    ],
    "location": [
      -46.54520082908115,
      -100.98980257447681,
      -4.775246195475252
    ],
    "rotation": [
      0.053345674845212424,
      -0.04030576123549514,
      0.16181688199753358
    ]
  },
  {
    "label_id": "H77al2aLVyQfPGZQ91uLDw",
    "size": [
      2.1004080334660147,
      4.321158116249892,
      1.6473094557536303
    ],
    "obj_class": "vehicle",
    "point_num_in_lidar": 170,
    "speed": 0.029930012284703413,
    "if_vehicle": true,
    "motion_state": false,
    "pose": [
      [
        0.9859037412519199,
        -0.1643936591425881,
        -0.031121340253554966,
        28.864859931223066
      ],
      [
        0.162370193413724,
        0.9849580381258632,
        -0.059106542971490386,
        -55.677658766695686
      ],
      [
        0.04036995511834088,
        0.05322018381179571,
        0.9977664449954117,
        -1.9860301805389797
      ],
      [
        0.0,
        0.0,
        0.0,
        1.0
      ]
    ],
    "location": [
      28.864859931223066,
      -55.677658766695686,
      -1.9860301805389797
    ],
    "rotation": [
      0.05328882136086983,
      -0.0403809285444745,
      0.16322650483130355
    ]
  },
  {
    "label_id": "QDVEnIR7naYiy3U9lHiF0Q",
    "size": [
      2.0821810771242673,
      5.2704203782678345,
      2.0460419520279647
    ],
    "obj_class": "vehicle",
    "point_num_in_lidar": 1096,
    "speed": 3.554447978966673e-14,
    "if_vehicle": true,
    "motion_state": false,
    "pose": [
      [
        0.15184619181501197,
        0.9879140631715396,
        -0.031121340253554966,
        23.034876760816402
      ],
      [
        -0.9869427113615935,
        0.14983491271457966,
        -0.059106542971490386,
        -67.30073489691517
      ],
      [
        -0.05372912172653613,
        0.039690083392621416,
        0.9977664449954117,
        -2.624066639476985
      ],
      [
        0.0,
        0.0,
        0.0,
        1.0
      ]
    ],
    "location": [
      23.034876760816402,
      -67.30073489691517,
      -2.624066639476985
    ],
    "rotation": [
      0.03975797014717775,
      0.05375500640391032,
      -1.4181382370679134
    ]
  },
  {
    "label_id": "R9GNlFkDZMkdo8iVjWgl3A",
    "size": [
      3.768870033046161,
      12.908695691698984,
      3.736177492803977
    ],
    "obj_class": "vehicle",
    "point_num_in_lidar": 1684,
    "speed": 2.6085056707700613,
    "if_vehicle": true,
    "motion_state": true,
    "pose": [
      [
        -0.9894935932703575,
        0.14118743236470677,
        -0.031121340253554966,
        38.29277259745711
      ],
      [
        -0.13918674152741964,
        -0.9885006158627008,
        -0.059106542971490386,
        -78.74842740359793
      ],
      [
        -0.03910856504521068,
        -0.054153867648790384,
        0.9977664449954117,
        -1.492755079458493
      ],
      [
        0.0,
        0.0,
        0.0,
        1.0
      ]
    ],
    "location": [
      38.29277259745711,
      -78.74842740359793,
      -1.492755079458493
    ],
    "rotation": [
      -0.05422189378734383,
      0.03911854120675361,
      -3.0018449265938294
    ]
  },
  {
    "label_id": "SjUOrL45KnzmIi-re1XD_A",
    "size": [
      2.321477450752778,
      4.913178953138767,
      1.6300000000000043
    ],
    "obj_class": "vehicle",
    "point_num_in_lidar": 2627,
    "speed": 2.1317438523750434e-13,
    "if_vehicle": true,
    "motion_state": false,
    "pose": [
      [
        -0.049805504272906066,
        -0.9982739473335682,
        -0.031121340253554966,
        12.564276301109814
      ],
      [
        0.9971015941377919,
        -0.04790435831773214,
        -0.059106542971490386,
        -59.365440862346645
      ],
      [
        0.057513674130556525,
        -0.033974969157047556,
        0.9977664449954117,
        -2.557781075150272
      ],
      [
        0.0,
        0.0,
        0.0,
        1.0
      ]
    ],
    "location": [
      12.564276301109814,
      -59.365440862346645,
      -2.557781075150272
    ],
    "rotation": [
      -0.03403787273436604,
      -0.057545428927215675,
      1.6207051268413812
    ]
  },
  {
    "label_id": "T1crxPSUfT-4K4xwSV1uPA",
    "size": [
      1.8978891977530177,
      4.256426255755278,
      1.3700000000000037
    ],
    "obj_class": "vehicle",
    "point_num_in_lidar": 89,
    "speed": 0.11594530433956503,
    "if_vehicle": true,
    "motion_state": false,
    "pose": [
      [
        -0.05528738389963346,
        -0.9979853542824949,
        -0.031121340253554966,
        11.158215618323482
      ],
      [
        0.996823460071432,
        -0.05337982792383099,
        -0.059106542971490386,
        -103.19979110855274
      ],
      [
        0.057326212440322585,
        -0.03429032820585397,
        0.9977664449954117,
        -3.480421692129247
      ],
      [
        0.0,
        0.0,
        0.0,
        1.0
      ]
    ],
    "location": [
      11.158215618323482,
      -103.19979110855274,
      -3.480421692129247
    ],
    "rotation": [
      -0.034353568283383415,
      -0.05735765743514663,
      1.6262031251944997
    ]
  },
  {
    "label_id": "TSkHv1dU9BwYbpsysO-m5g",
    "size": [
      2.2370752438411032,
      4.880771797860977,
      1.4175253135198727
    ],
    "obj_class": "vehicle",
    "point_num_in_lidar": 56,
    "speed": 3.3306690738754696e-15,
    "if_vehicle": true,
    "motion_state": false,
    "pose": [
      [
        0.9834372840510406,
        -0.17855691114917768,
        -0.031121340253554966,
        34.065330836711965
      ],
      [
        0.17652005267769888,
        0.9825207822639794,
        -0.059106542971490386,
        -54.8647076805139
      ],
      [
        0.041131245312721755,
        0.05263403746857051,
        0.9977664449954117,
        -2.1984602557066806
      ],
      [
        0.0,
        0.0,
        0.0,
        1.0
      ]
    ],
    "location": [
      34.065330836711965,
      -54.8647076805139,
      -2.1984602557066806
    ],
    "rotation": [
      0.052703011286233385,
      -0.041142851649321646,
      0.17760175121324687
    ]
  },
  {
    "label_id": "VzUz0V5Me5lZL90Hr-sPyA",
    "size": [
      2.2360176904537847,
      4.518482971237546,
      1.7189099499414766
    ],
    "obj_class": "vehicle",
    "point_num_in_lidar": 103,
    "speed": 5.551115123125783e-16,
    "if_vehicle": true,
    "motion_state": false,
    "pose": [
      [
        -0.9793589318328438,
        0.19971866417551823,
        -0.031121340253554966,
        61.10246318292386
      ],
      [
        -0.19766251906922624,
        -0.9784865584836449,
        -0.059106542971490386,
        -68.92365893058582
      ],
      [
        -0.042256492926398444,
        -0.05173499827756272,
        0.9977664449954117,
        -1.780314688522104
      ],
      [
        0.0,
        0.0,
        0.0,
        1.0
      ]
    ],
    "location": [
      61.10246318292386,
      -68.92365893058582,
      -1.780314688522104
    ],
    "rotation": [
      -0.051804417646489256,
      0.04226907865310448,
      -2.94243956511988
    ]
  },
  {
    "label_id": "YNxoawT6vIVOXCltkBdhSg",
    "size": [
      2.091082450963097,
      4.688438300872428,
      1.2315137479379885
    ],
    "obj_class": "vehicle",
    "point_num_in_lidar": 98,
    "speed": 5.3316719684500096e-14,
    "if_vehicle": true,
    "motion_state": false,
    "pose": [
      [
        -0.9800366882364031,
        0.19636586233723366,
        -0.031121340253554966,
        50.847677237053155
      ],
      [
        -0.19431271477026793,
        -0.9791572833087481,
        -0.059106542971490386,
        -60.43858690969455
      ],
      [
        -0.04207919425596753,
        -0.0518793085149246,
        0.9977664449954117,
        -2.177449054183998
      ],
      [
        0.0,
        0.0,
        0.0,
        1.0
      ]
    ],
    "location": [
      50.847677237053155,
      -60.43858690969455,
      -2.177449054183998
    ],
    "rotation": [
      -0.05194866204550045,
      0.042091622142133765,
      -2.9458602820735416
    ]
  },
  {
    "label_id": "aZOVhbLb4jnpJ6hsxZsHSw",
    "size": [
      2.2125254306466413,
      4.8947233763453095,
      1.6300000000000043
    ],
    "obj_class": "vehicle",
    "point_num_in_lidar": 63,
    "speed": 1.243759521053382e-13,
    "if_vehicle": true,
    "motion_state": false,
    "pose": [
      [
        -0.9816629061648473,
        0.18806754329444583,
        -0.031121340253554966,
        50.284016773238896
      ],
      [
        -0.18602190913374173,
        -0.9807661627014858,
        -0.059106542971490386,
        -57.84473247999665
      ],
      [
        -0.041638779787882184,
        -0.052233449617983624,
        0.9977664449954117,
        -2.1511177282274216
      ],
      [
        0.0,
        0.0,
        0.0,
        1.0
      ]
    ],
    "location": [
      50.284016773238896,
      -57.84473247999665,
      -2.1511177282274216
    ],
    "rotation": [
      -0.05230263239745866,
      0.041650821321107916,
      -2.9543164883591673
    ]
  },
  {
    "label_id": "agustPTQy50BIJjPrfHUJg",
    "size": [
      1.9111363298310071,
      4.4729556239008765,
      1.3933782373620502
    ],
    "obj_class": "vehicle",
    "point_num_in_lidar": 45,
    "speed": 0.06848916422924196,
    "if_vehicle": true,
    "motion_state": false,
    "pose": [
      [
        0.1586832809891138,
        0.9868389324075901,
        -0.031121340253554966,
        25.32422338516396
      ],
      [
        -0.9858815308213369,
        0.1566653240616347,
        -0.059106542971490386,
        -66.68126021115575
      ],
      [
        -0.053453002908233335,
        0.0400611747370266,
        0.9977664449954117,
        -2.81004531194477
      ],
      [
        0.0,
        0.0,
        0.0,
        1.0
      ]
    ],
    "location": [
      25.32422338516396,
      -66.68126021115575,
      -2.81004531194477
    ],
    "rotation": [
      0.040129299111795184,
      0.05347849022169957,
      -1.4112093302668458
    ]
  },
  {
    "label_id": "auOooDPcS5q1p_53EHycZg",
    "size": [
      2.0646533219326866,
      4.50592062313768,
      1.5935171151616743
    ],
    "obj_class": "vehicle",
    "point_num_in_lidar": 255,
    "speed": 5.370542509574172e-14,
    "if_vehicle": true,
    "motion_state": false,
    "pose": [
      [
        -0.9855853038842676,
        0.16629212533423915,
        -0.031121340253554966,
        36.10929174461118
      ],
      [
        -0.16426684201013125,
        -0.9846434995438593,
        -0.059106542971490386,
        -73.01347211095049
      ],
      [
        -0.04047237802964421,
        -0.05314233583353062,
        0.9977664449954117,
        -2.669099102233635
      ],
      [
        0.0,
        0.0,
        0.0,
        1.0
      ]
    ],
    "location": [
      36.10929174461118,
      -73.01347211095049,
      -2.669099102233635
    ],
    "rotation": [
      -0.053211020142932136,
      0.04048343523139302,
      -2.976441385067891
    ]
  },
  {
    "label_id": "b4zV2_qtCFu2PXzfOzUGDg",
    "size": [
      2.041593439597881,
      4.159733527544294,
      1.4200000000000035
    ],
    "obj_class": "vehicle",
    "point_num_in_lidar": 225,
    "speed": 0.5457738844159236,
    "if_vehicle": true,
    "motion_state": false,
    "pose": [
      [
        -0.05151664686583084,
        -0.9981871053447462,
        -0.031121340253554966,
        7.984818006973811
      ],
      [
        0.9970180127673491,
        -0.0496134940858375,
        -0.059106542971490386,
        -102.07645620000994
      ],
      [
        0.057455350605033755,
        -0.0340735077159782,
        0.9977664449954117,
        -3.490426315267393
      ],
      [
        0.0,
        0.0,
        0.0,
        1.0
      ]
    ],
    "location": [
      7.984818006973811,
      -102.07645620000994,
      -3.490426315267393
    ],
    "rotation": [
      -0.034136517169743856,
      -0.057487008798054934,
      1.6224211440276428
    ]
  },
  {
    "label_id": "dfzL3tnfvkEvla1-NoD7hA",
    "size": [
      0.7458580713482074,
      0.7726354434738887,
      1.0113073558196382
    ],
    "obj_class": "sign",
    "point_num_in_lidar": 147,
    "speed": 3.552713678800501e-14,
    "if_vehicle": false,
    "motion_state": false,
    "pose": [
      [
        -0.06422571387282275,
        -0.9974500087013627,
        -0.031121340253554966,
        -3.495500693770211
      ],
      [
        0.9963052501412389,
        -0.06230782550340587,
        -0.059106542971490386,
        -69.49817827502807
      ],
      [
        0.05701671876326993,
        -0.03480251460294733,
        0.9977664449954117,
        -3.501552917028179
      ],
      [
        0.0,
        0.0,
        0.0,
        1.0
      ]
    ],
    "location": [
      -3.495500693770211,
      -69.49817827502807,
      -3.501552917028179
    ],
    "rotation": [
      -0.034866286577692286,
      -0.05704765671163771,
      1.635171145368969
    ]
  },
  {
    "label_id": "e395WJBHUGGz23_cnf-9bQ",
    "size": [
      2.21436688347327,
      4.400387997189263,
      1.7363276684535638
    ],
    "obj_class": "vehicle",
    "point_num_in_lidar": 607,
    "speed": 0.018277742029263685,
    "if_vehicle": true,
    "motion_state": false,
    "pose": [
      [
        -0.9864347223038372,
        0.16117692395058847,
        -0.031121340253554966,
        24.538018178217023
      ],
      [
        -0.1591565537188463,
        -0.9854824239864958,
        -0.059106542971490386,
        -80.75446020949153
      ],
      [
        -0.040196144612279945,
        -0.05335158104055453,
        0.9977664449954117,
        -2.731678803991228
      ],
      [
        0.0,
        0.0,
        0.0,
        1.0
      ]
    ],
    "location": [
      24.538018178217023,
      -80.75446020949153,
      -2.731678803991228
    ],
    "rotation": [
      -0.05342013819906147,
      0.04020697684308032,
      -2.9816259992796916
    ]
  },
  {
    "label_id": "gNkR8vsrfHgMRzMUczWVJg",
    "size": [
      1.827225069872097,
      4.323699343690174,
      1.5999999999999996
    ],
    "obj_class": "vehicle",
    "point_num_in_lidar": 58,
    "speed": 3.5596458096434965e-14,
    "if_vehicle": true,
    "motion_state": false,
    "pose": [
      [
        -0.06341474474692635,
        -0.9975018959027118,
        -0.031121340253554966,
        11.508177791163746
      ],
      [
        0.9963555784372287,
        -0.061497787724233956,
        -0.059106542971490386,
        -112.78151363809968
      ],
      [
        0.05704499509770999,
        -0.03475614730548286,
        0.9977664449954117,
        -4.202491484703185
      ],
      [
        0.0,
        0.0,
        0.0,
        1.0
      ]
    ],
    "location": [
      11.508177791163746,
      -112.78151363809968,
      -4.202491484703185
    ],
    "rotation": [
      -0.03481987187943983,
      -0.05707597914321054,
      1.634357293040814
    ]
  },
  {
    "label_id": "gV6Bw661MKF2mu-9UbidXQ",
    "size": [
      2.0619088630284743,
      4.979403080777294,
      1.5159977183298867
    ],
    "obj_class": "vehicle",
    "point_num_in_lidar": 130,
    "speed": 0.01905724605461057,
    "if_vehicle": true,
    "motion_state": false,
    "pose": [
      [
        0.9844809095254419,
        -0.17271016461338018,
        -0.031121340253554966,
        -26.93467625376111
      ],
      [
        0.17067878796330188,
        0.983552320884526,
        -0.059106542971490386,
        -98.06199892515008
      ],
      [
        0.040817767201754944,
        0.052877510549207196,
        0.9977664449954117,
        -4.302283415169394
      ],
      [
        0.0,
        0.0,
        0.0,
        1.0
      ]
    ],
    "location": [
      -26.93467625376111,
      -98.06199892515008,
      -4.302283415169394
    ],
    "rotation": [
      0.052946349107088474,
      -0.04082911005444918,
      0.17166300726948974
    ]
  },
  {
    "label_id": "igeAxNTqmAvEuIemThLM8g",
    "size": [
      2.3167718466597154,
      4.915583154046055,
      2.160000000000001
    ],
    "obj_class": "vehicle",
    "point_num_in_lidar": 35,
    "speed": 2.131808899983951e-13,
    "if_vehicle": true,
    "motion_state": false,
    "pose": [
      [
        0.9820199975492616,
        -0.1861939488656129,
        -0.031121340253554966,
        49.09902584868516
      ],
      [
        0.18415002963441843,
        0.9811193521501869,
        -0.059106542971490386,
        -52.61446513323938
      ],
      [
        0.04153902982727021,
        0.05231281145405335,
        0.9977664449954117,
        -1.572581953725467
      ],
      [
        0.0,
        0.0,
        0.0,
        1.0
      ]
    ],
    "location": [
      49.09902584868516,
      -52.61446513323938,
      -1.572581953725467
    ],
    "rotation": [
      0.05238195417266083,
      -0.04155098498277512,
      0.1853688836763936
    ]
  },
  {
    "label_id": "irRilzG-gquG7JntU8rgVQ",
    "size": [
      2.58302797284584,
      5.479408345867389,
      2.2299999999999978
    ],
    "obj_class": "vehicle",
    "point_num_in_lidar": 143,
    "speed": 5.3290705182007514e-14,
    "if_vehicle": true,
    "motion_state": false,
    "pose": [
      [
        -0.9803440188590123,
        0.19482573461476455,
        -0.031121340253554966,
        49.578580826072226
      ],
      [
        -0.19277397134963783,
        -0.979461389003185,
        -0.059106542971490386,
        -55.06537301682715
      ],
      [
        -0.04199762680734744,
        -0.051945361523132665,
        0.9977664449954117,
        -1.7920188364891363
      ],
      [
        0.0,
        0.0,
        0.0,
        1.0
      ]
    ],
    "location": [
      49.578580826072226,
      -55.06537301682715,
      -1.7920188364891363
    ],
    "rotation": [
      -0.052014684197031716,
      0.04200998252368349,
      -2.947430801439992
    ]
  },
  {
    "label_id": "iuT6AwtQpCbc9M0iGh3j9w",
    "size": [
      2.131744392604686,
      4.751092980351478,
      1.712260309168392
    ],
    "obj_class": "vehicle",
    "point_num_in_lidar": 699,
    "speed": 0.028217522837952338,
    "if_vehicle": true,
    "motion_state": false,
    "pose": [
      [
        -0.9896418683852142,
        0.14014433459774428,
        -0.031121340253554966,
        25.256051589680325
      ],
      [
        -0.13814469156355288,
        -0.9886467826128654,
        -0.059106542971490386,
        -77.6886313933154
      ],
      [
        -0.03905146004738987,
        -0.054195061669724966,
        0.9977664449954117,
        -2.7596289890749013
      ],
      [
        0.0,
        0.0,
        0.0,
        1.0
      ]
    ],
    "location": [
      25.256051589680325,
      -77.6886313933154,
      -2.7596289890749013
    ],
    "rotation": [
      -0.054263058668168475,
      0.039061392552183466,
      -3.002898275206292
    ]
  },
  {
    "label_id": "j4pYCjXzBIBJETm7p7ALAg",
    "size": [
      0.4735549949797939,
      0.11589494026634384,
      0.5419955349083043
    ],
    "obj_class": "sign",
    "point_num_in_lidar": 217,
    "speed": 0.06774962674767436,
    "if_vehicle": false,
    "motion_state": false,
    "pose": [
      [
        0.05502316393318308,
        0.9979999567192397,
        -0.031121340253554966,
        -3.907919060549844
      ],
      [
        -0.9968375575207646,
        0.05311591563736367,
        -0.059106542971490386,
        -70.44672210089755
      ],
      [
        -0.05733528884394177,
        0.03427514980857043,
        0.9977664449954117,
        -1.8394181912711112
      ],
      [
        0.0,
        0.0,
        0.0,
        1.0
      ]
    ],
    "location": [
      -3.907919060549844,
      -70.44672210089755,
      -1.8394181912711112
    ],
    "rotation": [
      0.034338373846581866,
      0.057366748791866665,
      -1.515654559579124
    ]
  },
  {
    "label_id": "p65_dOfmQkmZo7JqvWBsSw",
    "size": [
      0.8916477119128109,
      1.3736536652180864,
      1.8155989146434655
    ],
    "obj_class": "pedestrian",
    "point_num_in_lidar": 163,
    "speed": 3.0618171888375403,
    "if_vehicle": false,
    "motion_state": true,
    "pose": [
      [
        0.047786822887828866,
        0.9983726166813218,
        -0.031121340253554966,
        -6.25627267858637
      ],
      [
        -0.9971964216325372,
        0.04588805139927748,
        -0.059106542971490386,
        -85.38718920057136
      ],
      [
        -0.057582256308264315,
        0.0338586030377441,
        0.9977664449954117,
        -3.3932024983878195
      ],
      [
        0.0,
        0.0,
        0.0,
        1.0
      ]
    ],
    "location": [
      -6.25627267858637,
      -85.38718920057136,
      -3.3932024983878195
    ],
    "rotation": [
      0.033921380730263725,
      0.0576141249519325,
      -1.5229117853624932
    ]
  },
  {
    "label_id": "rmtoge8lH9ELbT6J6nkCPw",
    "size": [
      2.0437022907749043,
      4.743477809726895,
      1.5709305980602917
    ],
    "obj_class": "vehicle",
    "point_num_in_lidar": 499,
    "speed": 8.881784197001252e-14,
    "if_vehicle": true,
    "motion_state": false,
    "pose": [
      [
        0.9901174855284802,
        -0.1367436544472243,
        -0.031121340253554966,
        -12.596471384913954
      ],
      [
        0.1347474417685283,
        0.9891155359788847,
        -0.059106542971490386,
        -95.63829459510919
      ],
      [
        0.03886504583293975,
        0.05432890072163868,
        0.9977664449954117,
        -3.9586086051734144
      ],
      [
        0.0,
        0.0,
        0.0,
        1.0
      ]
    ],
    "location": [
      -12.596471384913954,
      -95.63829459510919,
      -3.9586086051734144
    ],
    "rotation": [
      0.05439680177275294,
      -0.03887483671156216,
      0.13526139661004727
    ]
  },
  {
    "label_id": "uRAjQ1brh2PNKP6H45Ipsw",
    "size": [
      1.8510172426114297,
      3.8732833809560465,
      1.5800000000000045
    ],
    "obj_class": "vehicle",
    "point_num_in_lidar": 75,
    "speed": 1.2434993501203063e-13,
    "if_vehicle": true,
    "motion_state": false,
    "pose": [
      [
        -0.1949180937925632,
        -0.9803256596116904,
        -0.031121340253554966,
        39.36626642690841
      ],
      [
        0.9794432230602323,
        -0.19286624738233357,
        -0.059106542971490386,
        -55.02067327120312
      ],
      [
        0.05194140461768113,
        -0.04200252049056715,
        0.9977664449954117,
        -1.9680585847452665
      ],
      [
        0.0,
        0.0,
        0.0,
        1.0
      ]
    ],
    "location": [
      39.36626642690841,
      -55.02067327120312,
      -1.9680585847452665
    ],
    "rotation": [
      -0.04207170514900069,
      -0.05196478855324926,
      1.7672388967138215
    ]
  }
]