[
  {
    "label_id": "0L-3S6d4T_UzRwP8bBLWPw",
    "size": [
      1.0005134366909727,
      0.17236365891478306,
      1.230720068141785
    ],
    "obj_class": "sign",
    "point_num_in_lidar": 46,
    "speed": 0.0005242684020495911,
    "if_vehicle": false,
    "motion_state": false,
    "pose": [
      [
        -0.9833346589222827,
        0.1750377299202273,
        -0.04914002102738217,
        31.122272742067373
      ],
      [
        -0.173313900928162,
        -0.9841555219472118,
        -0.037419251273565476,
        -90.41215885099484
      ],
      [
        -0.05491120384093974,
        -0.02827899795227119,
        0.9980907062825273,
        0.423887716866866
      ],
      [
        0.0,
        0.0,
        0.0,
        1.0
      ]
    ],
    "location": [
      31.122272742067373,
      -90.41215885099484,
      0.423887716866866
    ],
    "rotation": [
      -0.028325516202464186,
      0.05493883643007743,
      -2.9671332375176775
    ]
  },
  {
    "label_id": "BBGHrrdA-BRayce_KINWBQ",
    "size": [
      1.851017242611428,
      3.8732833809560465,
      1.690000000000004
    ],
    "obj_class": "vehicle",
    "point_num_in_lidar": 81,
    "speed": 1.0658719261875217e-13,
    "if_vehicle": true,
    "motion_state": false,
    "pose": [
      [
        -0.19477696040556214,
        -0.9796158400253635,
        -0.04914002102738217,
        41.93217503639616
      ],
      [
        0.9804712028463947,
        -0.19306998737004624,
        -0.037419251273565476,
        -54.528439317183825
      ],
      [
        0.027169028030353513,
        -0.05546878354833157,
        0.9980907062825273,
        -2.097120832319092
      ],
      [
        0.0,
        0.0,
        0.0,
        1.0
      ]
    ],
    "location": [
      41.93217503639616,
      -54.528439317183825,
      -2.097120832319092
    ],
    "rotation": [
      -0.05551778251283965,
      -0.027172371638343035,
      1.7668997098101649
    ]
  },
  {
    "label_id": "FCe2iMQkD29pq_6yzIk13w",
    "size": [
      0.5331272326096286,
      0.085936283990451,
      0.6341245749102216
    ],
    "obj_class": "sign",
    "point_num_in_lidar": 20,
    "speed": 0.009240088764573029,
    "if_vehicle": false,
    "motion_state": false,
    "pose": [
      [
        -0.9869782415852885,
        0.1531639937147124,
        -0.04914002102738217,
        38.92809081181654
      ],
      [
        -0.15142236595099665,
        -0.9877606323011301,
        -0.037419251273565476,
        -70.62746777562677
      ],
      [
        -0.05426986020817147,
        -0.029491088576573787,
        0.9980907062825273,
        -0.8528023497851134
      ],
      [
        0.0,
        0.0,
        0.0,
        1.0
      ]
    ],
    "location": [
      38.92809081181654,
      -70.62746777562677,
      -0.8528023497851134
    ],
    "rotation": [
      -0.029538909076013146,
      0.054296535002422125,
      -2.9893594899444365
    ]
  },
  {
    "label_id": "Fx7eRIb3HDnYZKvfiwRh2w",
    "size": [
      2.161655508485936,
      4.945521685175522,
      1.9600000000000044
    ],
    "obj_class": "vehicle",
    "point_num_in_lidar": 116,
    "speed": 6.661338147750939e-15,
    "if_vehicle": true,
    "motion_state": false,
    "pose": [
      [
        0.9854206088057071,
        -0.16288487368205162,
        -0.04914002102738217,
        -46.54520082908117
      ],
      [
        0.16115104229176166,
        0.98622012816734,
        -0.037419251273565476,
        -100.98980257447681
      ],
      [
        0.054557907852742296,
        0.028954735764248906,
        0.9980907062825273,
        -4.775246195475241
      ],
      [
        0.0,
        0.0,
        0.0,
        1.0
      ]
    ],
    "location": [
      -46.54520082908117,
      -100.98980257447681,
      -4.775246195475241
    ],
    "rotation": [
      0.029001990535403314,
      -0.05458501003323734,
      0.16210039138697122
    ]
  },
  {
    "label_id": "QDVEnIR7naYiy3U9lHiF0Q",
    "size": [
      2.0821810771242677,
      5.2704203782678345,
      2.0460419520279647
    ],
    "obj_class": "vehicle",
    "point_num_in_lidar": 1019,
    "speed": 3.554447978966673e-14,
    "if_vehicle": true,
    "motion_state": false,
    "pose": [
      [
        0.15173624528856816,
        0.9871987490871106,
        -0.04914002102738217,
        23.034876760816402
      ],
      [
        -0.9879786198537497,
        0.1499934876786515,
        -0.037419251273565476,
        -67.30073489691517
      ],
      [
        -0.02956955491054079,
        0.05422714684397758,
        0.9980907062825273,
        -2.6360681438741507
      ],
      [
        0.0,
        0.0,
        0.0,
        1.0
      ]
    ],
    "location": [
      23.034876760816402,
      -67.30073489691517,
      -2.6360681438741507
    ],
    "rotation": [
      0.05427751616321061,
      0.029573865672536562,
      -1.418404547709388
    ]
  },
  {
    "label_id": "R9GNlFkDZMkdo8iVjWgl3A",
    "size": [
      3.7688700330460563,
      12.908695691698984,
      3.736177492803977
    ],
    "obj_class": "vehicle",
    "point_num_in_lidar": 1520,
    "speed": 1.1395051494671846,
    "if_vehicle": true,
    "motion_state": true,
    "pose": [
      [
        -0.985658733258384,
        0.16143766563260956,
        -0.04914002102738217,
        36.47583166881389
      ],
      [
        -0.1597026620643255,
        -0.9864557057281861,
        -0.037419251273565476,
        -79.00773698093269
      ],
      [
        -0.05451533069738865,
        -0.02903481963780986,
        0.9980907062825273,
        -1.6758990545736934
      ],
      [
        0.0,
        0.0,
        0.0,
        1.0
      ]
    ],
    "location": [
      36.47583166881389,
      -79.00773698093269,
      -1.6758990545736934
    ],
    "rotation": [
      -0.02908215994875358,
      0.05454236941888868,
      -2.980962272628582
    ]
  },
  {
    "label_id": "RIGkOpXIIKDuFZVaTZWJwg",
    "size": [
      0.5331272326095176,
      0.085936283990451,
      0.4941245749102219
    ],
    "obj_class": "sign",
    "point_num_in_lidar": 22,
    "speed": 0.016623451026236708,
    "if_vehicle": false,
    "motion_state": false,
    "pose": [
      [
        -0.9822837620632532,
        0.18084211102586312,
        -0.04914002102738217,
        38.931912710719374
      ],
      [
        -0.17912315999640613,
        -0.9831147914597906,
        -0.037419251273565476,
        -70.5951660743026
      ],
      [
        -0.055077257917983354,
        -0.027954207065873538,
        0.9980907062825273,
        -0.2756538811995499
      ],
      [
        0.0,
        0.0,
        0.0,
        1.0
      ]
    ],
    "location": [
      38.931912710719374,
      -70.5951660743026,
      -0.2756538811995499
    ],
    "rotation": [
      -0.02800036204430284,
      0.05510514218243174,
      -2.961220740763753
    ]
  },
  {
    "label_id": "T1crxPSUfT-4K4xwSV1uPA",
    "size": [
      1.897889197752968,
      4.256426255755278,
      1.3700000000000037
    ],
    "obj_class": "vehicle",
    "point_num_in_lidar": 129,
    "speed": 0.762131722420995,
    "if_vehicle": true,
    "motion_state": false,
    "pose": [
      [
        -0.05511526907802643,
        -0.9972700564279895,
        -0.04914002102738217,
        11.141508001093769
      ],
      [
        0.9978769349961638,
        -0.05330499260658035,
        -0.037419251273565476,
        -102.90271886997255
      ],
      [
        0.034697690371529956,
        -0.05109806567109201,
        0.9980907062825273,
        -3.4804216921292417
      ],
      [
        0.0,
        0.0,
        0.0,
        1.0
      ]
    ],
    "location": [
      11.141508001093769,
      -102.90271886997255,
      -3.4804216921292417
    ],
    "rotation": [
      -0.05115115545581189,
      -0.034704656409594976,
      1.6259727959878392
    ]
  },
  {
    "label_id": "TSkHv1dU9BwYbpsysO-m5g",
    "size": [
      2.2370752438411032,
      4.880771797860977,
      1.4175253135198727
    ],
    "obj_class": "vehicle",
    "point_num_in_lidar": 112,
    "speed": 3.3306690738754696e-15,
    "if_vehicle": true,
    "motion_state": false,
    "pose": [
      [
        0.9827252114460855,
        -0.17842762432335152,
        -0.04914002102738217,
        34.06533083671198
      ],
      [
        0.1767066362480734,
        0.9835520140490878,
        -0.037419251273565476,
        -54.86470768051379
      ],
      [
        0.055008394760597094,
        0.02808947379906054,
        0.9980907062825273,
        -2.198460255706677
      ],
      [
        0.0,
        0.0,
        0.0,
        1.0
      ]
    ],
    "location": [
      34.06533083671198,
      -54.86470768051379,
      -2.198460255706677
    ],
    "rotation": [
      0.02813578079405032,
      -0.05503617446959959,
      0.17791167067470998
    ]
  },
  {
    "label_id": "VzUz0V5Me5lZL90Hr-sPyA",
    "size": [
      2.236017690453785,
      4.518482971237546,
      1.7189099499414766
    ],
    "obj_class": "vehicle",
    "point_num_in_lidar": 77,
    "speed": 5.551115123125783e-16,
    "if_vehicle": true,
    "motion_state": false,
    "pose": [
      [
        -0.9786498122203515,
        0.19957405486309865,
        -0.04914002102738217,
        61.10246318292387
      ],
      [
        -0.19787129299332212,
        -0.9795135277489927,
        -0.037419251273565476,
        -68.92365893058593
      ],
      [
        -0.055601227056797424,
        -0.02689694373389386,
        0.9980907062825273,
        -1.780314688522095
      ],
      [
        0.0,
        0.0,
        0.0,
        1.0
      ]
    ],
    "location": [
      61.10246318292387,
      -68.92365893058593,
      -1.780314688522095
    ],
    "rotation": [
      -0.02694187552568464,
      0.05562991548466836,
      -2.9420940916072227
    ]
  },
  {
    "label_id": "auOooDPcS5q1p_53EHycZg",
    "size": [
      2.0646533219326892,
      4.50592062313768,
      1.5935171151616743
    ],
    "obj_class": "vehicle",
    "point_num_in_lidar": 194,
    "speed": 5.370542509574172e-14,
    "if_vehicle": true,
    "motion_state": false,
    "pose": [
      [
        -0.9848716759731393,
        0.1661717190116542,
        -0.04914002102738217,
        36.109291744611184
      ],
      [
        -0.16444056478349783,
        -0.9856769756303583,
        -0.037419251273565476,
        -73.01347211095037
      ],
      [
        -0.05465420861693968,
        -0.02877254790424077,
        0.9980907062825273,
        -2.671957089798722
      ],
      [
        0.0,
        0.0,
        0.0,
        1.0
      ]
    ],
    "location": [
      36.109291744611184,
      -73.01347211095037,
      -2.671957089798722
    ],
    "rotation": [
      -0.028819606688003267,
      0.05468145469520975,
      -2.976152272395317
    ]
  },
  {
    "label_id": "b4zV2_qtCFu2PXzfOzUGDg",
    "size": [
      2.0415934395978375,
      4.159733527544294,
      1.4200000000000035
    ],
    "obj_class": "vehicle",
    "point_num_in_lidar": 355,
    "speed": 0.9181998969190415,
    "if_vehicle": true,
    "motion_state": false,
    "pose": [
      [
        -0.06332719879337749,
        -0.9967822852691617,
        -0.04914002102738217,
        7.937402119613324
      ],
      [
        0.9974040532034465,
        -0.06152198214835232,
        -0.037419251273565476,
        -101.31032903460857
      ],
      [
        0.03427565530110932,
        -0.05138211251131399,
        0.9980907062825273,
        -3.473616420807498
      ],
      [
        0.0,
        0.0,
        0.0,
        1.0
      ]
    ],
    "location": [
      7.937402119613324,
      -101.31032903460857,
      -3.473616420807498
    ],
    "rotation": [
      -0.051434997565770205,
      -0.0342823701423265,
      1.6342032361425962
    ]
  },
  {
    "label_id": "dfzL3tnfvkEvla1-NoD7hA",
    "size": [
      0.7458580713482074,
      0.7726354434738887,
      1.0113073558196382
    ],
    "obj_class": "sign",
    "point_num_in_lidar": 339,
    "speed": 3.552713678800501e-14,
    "if_vehicle": false,
    "motion_state": false,
    "pose": [
      [
        -0.06417921027556894,
        -0.9967277899716817,
        -0.04914002102738217,
        -3.495500693770225
      ],
      [
        0.9973511007510565,
        -0.06237452576798991,
        -0.037419251273565476,
        -69.49817827502795
      ],
      [
        0.03423172211648393,
        -0.051411392058430185,
        0.9980907062825273,
        -3.501552917028172
      ],
      [
        0.0,
        0.0,
        0.0,
        1.0
      ]
    ],
    "location": [
      -3.495500693770225,
      -69.49817827502795,
      -3.501552917028172
    ],
    "rotation": [
      -0.05146425553847316,
      -0.03423841116125838,
      1.6350573914763709
    ]
  },
  {
    "label_id": "e395WJBHUGGz23_cnf-9bQ",
    "size": [
      2.214366883473267,
      4.400387997189263,
      1.7363276684535638
    ],
    "obj_class": "vehicle",
    "point_num_in_lidar": 666,
    "speed": 0.01929053212992904,
    "if_vehicle": true,
    "motion_state": false,
    "pose": [
      [
        -0.9857204793584856,
        0.16106022136674783,
        -0.04914002102738217,
        24.521317848988133
      ],
      [
        -0.15932491274574373,
        -0.9865167873952713,
        -0.037419251273565476,
        -80.74702872651608
      ],
      [
        -0.05450420856996756,
        -0.029055692740102907,
        0.9980907062825273,
        -2.7813034466202042
      ],
      [
        0.0,
        0.0,
        0.0,
        1.0
      ]
    ],
    "location": [
      24.521317848988133,
      -80.74702872651608,
      -2.7813034466202042
    ],
    "rotation": [
      -0.029103055284790815,
      0.054531230730881404,
      -2.9813456045692948
    ]
  },
  {
    "label_id": "gNkR8vsrfHgMRzMUczWVJg",
    "size": [
      1.827225069872097,
      4.323699343690174,
      1.5999999999999996
    ],
    "obj_class": "vehicle",
    "point_num_in_lidar": 41,
    "speed": 3.5596458096434965e-14,
    "if_vehicle": true,
    "motion_state": false,
    "pose": [
      [
        -0.06336882834410427,
        -0.9967796396033197,
        -0.04914002102738217,
        11.508177791163746
      ],
      [
        0.9974014829301132,
        -0.061563637668163605,
        -0.037419251273565476,
        -112.7815136380998
      ],
      [
        0.03427350934915496,
        -0.0513835439546474,
        0.9980907062825273,
        -4.202491484703185
      ],
      [
        0.0,
        0.0,
        0.0,
        1.0
      ]
    ],
    "location": [
      11.508177791163746,
      -112.7815136380998,
      -4.202491484703185
    ],
    "rotation": [
      -0.05143642795640495,
      -0.03428022292878519,
      1.6342449694194883
    ]
  },
  {
    "label_id": "gV6Bw661MKF2mu-9UbidXQ",
    "size": [
      2.0619088630284677,
      4.979403080777294,
      1.5159977183298867
    ],
    "obj_class": "vehicle",
    "point_num_in_lidar": 197,
    "speed": 0.03850635193610572,
    "if_vehicle": true,
    "motion_state": false,
    "pose": [
      [
        0.9837680812677145,
        -0.1725851112126069,
        -0.04914002102738217,
        -26.940761222620893
      ],
      [
        0.17085924065002905,
        0.9845846431458399,
        -0.037419251273565476,
        -98.04393768454293
      ],
      [
        0.05484051570996493,
        0.02841583834960501,
        0.9980907062825273,
        -4.302283415169398
      ],
      [
        0.0,
        0.0,
        0.0,
        1.0
      ]
    ],
    "location": [
      -26.940761222620893,
      -98.04393768454293,
      -4.302283415169398
    ],
    "rotation": [
      0.02846250786309168,
      -0.05486804162439567,
      0.17196302530782162
    ]
  },
  {
    "label_id": "gpLL8SNSuCqi3NgBPrzWjg",
    "size": [
      1.9365836642946248,
      4.40315964350599,
      1.621491835678258
    ],
    "obj_class": "vehicle",
    "point_num_in_lidar": 105,
    "speed": 8.884559321017419e-14,
    "if_vehicle": true,
    "motion_state": false,
    "pose": [
      [
        -0.985711094379329,
        0.1611176487878778,
        -0.04914002102738217,
        -33.79644023477789
      ],
      [
        -0.15938238656241738,
        -0.9865075035131734,
        -0.037419251273565476,
        -84.2624025760606
      ],
      [
        -0.05450590125090731,
        -0.02905251729664978,
        0.9980907062825273,
        -4.4818894988275515
      ],
      [
        0.0,
        0.0,
        0.0,
        1.0
      ]
    ],
    "location": [
      -33.79644023477789,
      -84.2624025760606,
      -4.4818894988275515
    ],
    "rotation": [
      -0.02909987646053761,
      0.05453292593174632,
      -2.981287282928164
    ]
  },
  {
    "label_id": "igeAxNTqmAvEuIemThLM8g",
    "size": [
      2.3167718466597167,
      4.915583154046055,
      2.160000000000001
    ],
    "obj_class": "vehicle",
    "point_num_in_lidar": 46,
    "speed": 2.131808899983951e-13,
    "if_vehicle": true,
    "motion_state": false,
    "pose": [
      [
        0.9813089511519839,
        -0.18605913232739102,
        -0.04914002102738217,
        49.09902584868516
      ],
      [
        0.18434462141792546,
        0.9821491028293043,
        -0.037419251273565476,
        -52.61446513323938
      ],
      [
        0.05522502098935677,
        0.027661147647393417,
        0.9980907062825273,
        -1.563279075085096
      ],
      [
        0.0,
        0.0,
        0.0,
        1.0
      ]
    ],
    "location": [
      49.09902584868516,
      -52.61446513323938,
      -1.563279075085096
    ],
    "rotation": [
      0.027706969760414462,
      -0.0552531304895262,
      0.18569168673054964
    ]
  },
  {
    "label_id": "irRilzG-gquG7JntU8rgVQ",
    "size": [
      2.5830279728458394,
      5.479408345867389,
      2.2299999999999978
    ],
    "obj_class": "vehicle",
    "point_num_in_lidar": 171,
    "speed": 5.3290705182007514e-14,
    "if_vehicle": true,
    "motion_state": false,
    "pose": [
      [
        -0.9796341859793958,
        0.1946846681018181,
        -0.04914002102738217,
        49.57858082607223
      ],
      [
        -0.19297761448854747,
        -0.9804893879795107,
        -0.037419251273565476,
        -55.06537301682704
      ],
      [
        -0.05546622365725086,
        -0.027174253727556517,
        0.9980907062825273,
        -1.7574022381211236
      ],
      [
        0.0,
        0.0,
        0.0,
        1.0
      ]
    ],
    "location": [
      49.57858082607223,
      -55.06537301682704,
      -1.7574022381211236
    ],
    "rotation": [
      -0.02721951228823821,
      0.05549470342738825,
      -2.9470935074218123
    ]
  },
  {
    "label_id": "iuT6AwtQpCbc9M0iGh3j9w",
    "size": [
      2.1317443926046886,
      4.751092980351478,
      1.712260309168392
    ],
    "obj_class": "vehicle",
    "point_num_in_lidar": 607,
    "speed": 0.028217522837935473,
    "if_vehicle": true,
    "motion_state": false,
    "pose": [
      [
        -0.9889253032573486,
        0.14004286097759305,
        -0.04914002102738217,
        25.228073594288574
      ],
      [
        -0.1382909962210501,
        -0.9896844951793047,
        -0.037419251273565476,
        -77.69231710894508
      ],
      [
        -0.0538734159075747,
        -0.03020922195117364,
        0.9980907062825273,
        -2.7728966728481916
      ],
      [
        0.0,
        0.0,
        0.0,
        1.0
      ]
    ],
    "location": [
      25.228073594288574,
      -77.69231710894508,
      -2.7728966728481916
    ],
    "rotation": [
      -0.030257773186439185,
      0.053899509874814004,
      -3.002653955416618
    ]
  },
  {
    "label_id": "j4pYCjXzBIBJETm7p7ALAg",
    "size": [
      0.473554994979794,
      0.11589494026634384,
      0.5419955349083043
    ],
    "obj_class": "sign",
    "point_num_in_lidar": 69,
    "speed": 0.05749590585455559,
    "if_vehicle": false,
    "motion_state": false,
    "pose": [
      [
        0.05498332358107143,
        0.9972773397913981,
        -0.04914002102738217,
        -3.9173742036087305
      ],
      [
        -0.9978839788434544,
        0.053172966831670686,
        -0.037419251273565476,
        -70.52218897926605
      ],
      [
        -0.03470445065889067,
        0.05109347450419101,
        0.9980907062825273,
        -1.8394181912711192
      ],
      [
        0.0,
        0.0,
        0.0,
        1.0
      ]
    ],
    "location": [
      -3.9173742036087305,
      -70.52218897926605,
      -1.8394181912711192
    ],
    "rotation": [
      0.0511465675301807,
      0.03471142077088366,
      -1.5157520703998977
    ]
  },
  {
    "label_id": "p65_dOfmQkmZo7JqvWBsSw",
    "size": [
      0.8916477119128293,
      1.3736536652180864,
      1.8155989146434655
    ],
    "obj_class": "pedestrian",
    "point_num_in_lidar": 263,
    "speed": 3.2208136708978903,
    "if_vehicle": false,
    "motion_state": true,
    "pose": [
      [
        0.06702909057414613,
        0.9965401945482337,
        -0.04914002102738217,
        -6.088766627344597
      ],
      [
        -0.9971686632738533,
        0.06522619580170415,
        -0.037419251273565476,
        -88.50203750971264
      ],
      [
        -0.034084571310776295,
        0.05150906746395628,
        0.9980907062825273,
        -3.4284152720354024
      ],
      [
        0.0,
        0.0,
        0.0,
        1.0
      ]
    ],
    "location": [
      -6.088766627344597,
      -88.50203750971264,
      -3.4284152720354024
    ],
    "rotation": [
      0.051561858334537025,
      0.03409117443398747,
      -1.5036778843398784
    ]
  },
  {
    "label_id": "rmtoge8lH9ELbT6J6nkCPw",
    "size": [
      2.043702290774902,
      4.743477809726895,
      1.5709305980602917
    ],
    "obj_class": "vehicle",
    "point_num_in_lidar": 749,
    "speed": 8.881784197001252e-14,
    "if_vehicle": true,
    "motion_state": false,
    "pose": [
      [
        0.9894005760228455,
        -0.13664464314084926,
        -0.04914002102738217,
        -12.596471384913954
      ],
      [
        0.13489018056562527,
        0.9901537450422024,
        -0.037419251273565476,
        -95.63829459510919
      ],
      [
        0.05376931608858916,
        0.030394122455027074,
        0.9980907062825273,
        -3.9670840721652487
      ],
      [
        0.0,
        0.0,
        0.0,
        1.0
      ]
    ],
    "location": [
      -12.596471384913954,
      -95.63829459510919,
      -3.9670840721652487
    ],
    "rotation": [
      0.030442856801487252,
      -0.05379525895239557,
      0.13549985136491496
    ]
  }
]