[
  {
    "label_id": "15gBihWILtY3OHQ4XfG-vg",
    "size": [
      0.7755948506546048,
      0.4807212845207687,
      0.8310668138895281
    ],
    "obj_class": "sign",
    "point_num_in_lidar": 21,
    "speed": 0.0025381425553229267,
    "if_vehicle": false,
    "motion_state": false,
    "pose": [
      [
        -0.03156690961798852,
        -0.9990189305851402,
        -0.031059725525063756,
        18.834246357535406
      ],
      [
        0.9977588503412304,
        -0.02966234821325043,
        -0.0599785100200248,
        -127.64567441494182
      ],
      [
        0.05899836254436287,
        -0.03288345223662552,
        0.99771632831486,
        -5.213824838382721
      ],
      [
        0.0,
        0.0,
        0.0,
        1.0
      ]
    ],
    "location": [
      18.834246357535406,
      -127.64567441494182,
      -5.213824838382721
    ],
    "rotation": [
      -0.032946792801151696,
      -0.05903264325100872,
      1.6024235918547929
    ]
  },
  {
    "label_id": "4AeZa77bkV7le7_KKTO9gw",
    "size": [
      1.854669866258995,
      4.570722738993197,
      1.7243322628737179
    ],
    "obj_class": "vehicle",
    "point_num_in_lidar": 48,
    "speed": 8.883908979104366e-14,
    "if_vehicle": true,
    "motion_state": false,
    "pose": [
      [
        0.9814455440799429,
        -0.18920871400633874,
        -0.031059725525063756,
        70.69492613162716
      ],
      [
        0.18712879713508124,
        0.9805026219335446,
        -0.0599785100200248,
        -82.58590368348109
      ],
      [
        0.04180259906276645,
        0.05305347232285659,
        0.99771632831486,
        -1.4774028001640849
      ],
      [
        0.0,
        0.0,
        0.0,
        1.0
      ]
    ],
    "location": [
      70.69492613162716,
      -82.58590368348109,
      -1.4774028001640849
    ],
    "rotation": [
      0.053124872606050484,
      -0.041814783355790544,
      0.18840515561849913
    ]
  },
  {
    "label_id": "AW93vUUwt0tOGzfuMl_ixg",
    "size": [
      2.147556221518946,
      4.350822809280177,
      1.9439356952888378
    ],
    "obj_class": "vehicle",
    "point_num_in_lidar": 201,
    "speed": 0.015189105256777365,
    "if_vehicle": true,
    "motion_state": false,
    "pose": [
      [
        -0.17093846473643573,
        -0.9847920261272722,
        -0.031059725525063756,
        28.542751469674613
      ],
      [
        0.9838106170183423,
        -0.1688764287216146,
        -0.0599785100200248,
        -48.85387614092599
      ],
      [
        0.053821102882968784,
        -0.04080952215323529,
        0.99771632831486,
        -1.6470913665665963
      ],
      [
        0.0,
        0.0,
        0.0,
        1.0
      ]
    ],
    "location": [
      28.542751469674613,
      -48.85387614092599,
      -1.6470913665665963
    ],
    "rotation": [
      -0.04088014300983333,
      -0.053847120843351436,
      1.7428302318481665
    ]
  },
  {
    "label_id": "BBGHrrdA-BRayce_KINWBQ",
    "size": [
      1.851017242611429,
      3.8732833809560465,
      1.690000000000004
    ],
    "obj_class": "vehicle",
    "point_num_in_lidar": 21,
    "speed": 1.0658719261875217e-13,
    "if_vehicle": true,
    "motion_state": false,
    "pose": [
      [
        -0.19491846754607217,
        -0.9803275393764058,
        -0.031059725525063756,
        41.93217503639616
      ],
      [
        0.9793967403260229,
        -0.1928330971968737,
        -0.0599785100200248,
        -54.52843931718394
      ],
      [
        0.05280924207231118,
        -0.042110713193468374,
        0.99771632831486,
        -2.1005584994390887
      ],
      [
        0.0,
        0.0,
        0.0,
        1.0
      ]
    ],
    "location": [
      41.93217503639616,
      -54.52843931718394,
      -2.1005584994390887
    ],
    "rotation": [
      -0.04218206397909542,
      -0.05283381880477937,
      1.7672483490412827
    ]
  },
  {
    "label_id": "FC_Nzw77TdePKfA1A8_YUw",
    "size": [
      1.9791979559302655,
      4.6815017276940125,
      1.6894924373811975
    ],
    "obj_class": "vehicle",
    "point_num_in_lidar": 5517,
    "speed": 0.02930288116329301,
    "if_vehicle": true,
    "motion_state": false,
    "pose": [
      [
        0.09145835289924543,
        0.9953244009544149,
        -0.031059725525063756,
        -1.9812131546877652
      ],
      [
        -0.9941808788421356,
        0.08948160973326803,
        -0.0599785100200248,
        -67.22400893730571
      ],
      [
        -0.05691880031796338,
        0.03636452095488575,
        0.99771632831486,
        -3.125470791722317
      ],
      [
        0.0,
        0.0,
        0.0,
        1.0
      ]
    ],
    "location": [
      -1.9812131546877652,
      -67.22400893730571,
      -3.125470791722317
    ],
    "rotation": [
      0.03643162897579339,
      0.05694957898988866,
      -1.4790608508945797
    ]
  },
  {
    "label_id": "Fx7eRIb3HDnYZKvfiwRh2w",
    "size": [
      2.161655508485931,
      4.945521685175522,
      1.9600000000000044
    ],
    "obj_class": "vehicle",
    "point_num_in_lidar": 75,
    "speed": 2.820569238721582e-29,
    "if_vehicle": true,
    "motion_state": false,
    "pose": [
      [
        0.9861365253712989,
        -0.16300321094668455,
        -0.031059725525063756,
        -46.54520082908117
      ],
      [
        0.16094914425377757,
        0.9851385442158654,
        -0.0599785100200248,
        -100.98980257447658
      ],
      [
        0.040374822508567595,
        0.054147963224078666,
        0.99771632831486,
        -4.775246195475229
      ],
      [
        0.0,
        0.0,
        0.0,
        1.0
      ]
    ],
    "location": [
      -46.54520082908117,
      -100.98980257447658,
      -4.775246195475229
    ],
    "rotation": [
      0.05421871153523936,
      -0.0403857999063091,
      0.16178534045071502
    ]
  },
  {
    "label_id": "H77al2aLVyQfPGZQ91uLDw",
    "size": [
      2.1004080334660142,
      4.321158116249892,
      1.6473094557536303
    ],
    "obj_class": "vehicle",
    "point_num_in_lidar": 177,
    "speed": 0.0299300127855211,
    "if_vehicle": true,
    "motion_state": false,
    "pose": [
      [
        0.9859056317125514,
        -0.1643939743657977,
        -0.031059725525063756,
        28.866546281303854
      ],
      [
        0.16233850208395312,
        0.9849105487692352,
        -0.0599785100200248,
        -55.675185553592655
      ],
      [
        0.04045115695024307,
        0.05409096149359257,
        0.99771632831486,
        -1.9860301805389762
      ],
      [
        0.0,
        0.0,
        0.0,
        1.0
      ]
    ],
    "location": [
      28.866546281303854,
      -55.675185553592655,
      -1.9860301805389762
    ],
    "rotation": [
      0.054161746942749944,
      -0.04046219675953878,
      0.16319490166782324
    ]
  },
  {
    "label_id": "QDVEnIR7naYiy3U9lHiF0Q",
    "size": [
      2.082181077124264,
      5.2704203782678345,
      2.0460419520279647
    ],
    "obj_class": "vehicle",
    "point_num_in_lidar": 1110,
    "speed": 3.554447978966673e-14,
    "if_vehicle": true,
    "motion_state": false,
    "pose": [
      [
        0.151846482978578,
        0.9879159574869434,
        -0.031059725525063756,
        23.034876760816402
      ],
      [
        -0.9868948229386653,
        0.14980382769688633,
        -0.0599785100200248,
        -67.30073489691517
      ],
      [
        -0.054600861384203794,
        0.039760208123417504,
        0.99771632831486,
        -2.6228664149332603
      ],
      [
        0.0,
        0.0,
        0.0,
        1.0
      ]
    ],
    "location": [
      23.034876760816402,
      -67.30073489691517,
      -2.6228664149332603
    ],
    "rotation": [
      0.039830139132325665,
      0.05462802768533051,
      -1.4181306557877407
    ]
  },
  {
    "label_id": "R9GNlFkDZMkdo8iVjWgl3A",
    "size": [
      3.768870033046054,
      12.908695691698984,
      3.736177492803977
    ],
    "obj_class": "vehicle",
    "point_num_in_lidar": 1748,
    "speed": 2.7696031890218937,
    "if_vehicle": true,
    "motion_state": true,
    "pose": [
      [
        -0.989518689736301,
        0.14102501945705212,
        -0.031059725525063756,
        38.5688866267535
      ],
      [
        -0.13899366245233663,
        -0.9884752602538234,
        -0.0599785100200248,
        -78.70916860000136
      ],
      [
        -0.03916024081437871,
        -0.0550327516418576,
        0.99771632831486,
        -1.4696140280807866
      ],
      [
        0.0,
        0.0,
        0.0,
        1.0
      ]
    ],
    "location": [
      38.5688866267535,
      -78.70916860000136,
      -1.4696140280807866
    ],
    "rotation": [
      -0.05510287809992083,
      0.03917025659219633,
      -3.0020397685991203
    ]
  },
  {
    "label_id": "SjUOrL45KnzmIi-re1XD_A",
    "size": [
      2.3214774507527784,
      4.913178953138767,
      1.6300000000000043
    ],
    "obj_class": "vehicle",
    "point_num_in_lidar": 2716,
    "speed": 2.1317438523750434e-13,
    "if_vehicle": true,
    "motion_state": false,
    "pose": [
      [
        -0.04980559977446638,
        -0.9982758615139471,
        -0.031059725525063756,
        12.5642763011098
      ],
      [
        0.9970507722570504,
        -0.04787834455573005,
        -0.0599785100200248,
        -59.36544086234642
      ],
      [
        0.05838801052206777,
        -0.033955388985983014,
        0.99771632831486,
        -2.557781075150264
      ],
      [
        0.0,
        0.0,
        0.0,
        1.0
      ]
    ],
    "location": [
      12.5642763011098,
      -59.36544086234642,
      -2.557781075150264
    ],
    "rotation": [
      -0.034019978913100546,
      -0.05842123719723309,
      1.6207077621261219
    ]
  },
  {
    "label_id": "T1crxPSUfT-4K4xwSV1uPA",
    "size": [
      1.8978891977530123,
      4.256426255755278,
      1.3700000000000037
    ],
    "obj_class": "vehicle",
    "point_num_in_lidar": 97,
    "speed": 0.08703493211761065,
    "if_vehicle": true,
    "motion_state": false,
    "pose": [
      [
        -0.05529945787612848,
        -0.9979866048243904,
        -0.031059725525063756,
        11.158225544571252
      ],
      [
        0.9967721419347899,
        -0.05336548883415976,
        -0.0599785100200248,
        -103.19996760365711
      ],
      [
        0.058200232141610374,
        -0.034276248227849776,
        0.99771632831486,
        -3.48042169212924
      ],
      [
        0.0,
        0.0,
        0.0,
        1.0
      ]
    ],
    "location": [
      11.158225544571252,
      -103.19996760365711,
      -3.48042169212924
    ],
    "rotation": [
      -0.034341196990901574,
      -0.058233138946349745,
      1.6262180478567207
    ]
  },
  {
    "label_id": "TSkHv1dU9BwYbpsysO-m5g",
    "size": [
      2.237075243841104,
      4.880771797860977,
      1.4175253135198727
    ],
    "obj_class": "vehicle",
    "point_num_in_lidar": 44,
    "speed": 3.3306690738754696e-15,
    "if_vehicle": true,
    "motion_state": false,
    "pose": [
      [
        0.9834391697822648,
        -0.17855725353028232,
        -0.031059725525063756,
        34.06533083671198
      ],
      [
        0.17648768158651787,
        0.9824737536361945,
        -0.0599785100200248,
        -54.86470768051379
      ],
      [
        0.04122496314353345,
        0.05350355715023834,
        0.99771632831486,
        -2.1982389108479783
      ],
      [
        0.0,
        0.0,
        0.0,
        1.0
      ]
    ],
    "location": [
      34.06533083671198,
      -54.86470768051379,
      -2.1982389108479783
    ],
    "rotation": [
      0.053574704878502105,
      -0.04123664903703327,
      0.1775695287682561
    ]
  },
  {
    "label_id": "VzUz0V5Me5lZL90Hr-sPyA",
    "size": [
      2.2360176904537843,
      4.518482971237546,
      1.7189099499414766
    ],
    "obj_class": "vehicle",
    "point_num_in_lidar": 100,
    "speed": 5.551115123125783e-16,
    "if_vehicle": true,
    "motion_state": false,
    "pose": [
      [
        -0.9793608097438684,
        0.1997190471340726,
        -0.031059725525063756,
        61.10246318292387
      ],
      [
        -0.1976291415487524,
        -0.9784402387200155,
        -0.0599785100200248,
        -68.92365893058582
      ],
      [
        -0.04236893612704232,
        -0.052602295248183994,
        0.99771632831486,
        -1.7803146885220906
      ],
      [
        0.0,
        0.0,
        0.0,
        1.0
      ]
    ],
    "location": [
      61.10246318292387,
      -68.92365893058582,
      -1.7803146885220906
    ],
    "rotation": [
      -0.052673927100128214,
      0.042381622646401024,
      -2.9424726841806477
    ]
  },
  {
    "label_id": "YNxoawT6vIVOXCltkBdhSg",
    "size": [
      2.091082450963098,
      4.688438300872428,
      1.2315137479379885
    ],
    "obj_class": "vehicle",
    "point_num_in_lidar": 100,
    "speed": 5.3316719684500096e-14,
    "if_vehicle": true,
    "motion_state": false,
    "pose": [
      [
        -0.9800385674470182,
        0.1963662388668279,
        -0.031059725525063756,
        50.847677237053176
      ],
      [
        -0.1942794959640696,
        -0.9791108495894247,
        -0.0599785100200248,
        -60.43858690969455
      ],
      [
        -0.04218866867232813,
        -0.052746985217840006,
        0.99771632831486,
        -2.1774490541839926
      ],
      [
        0.0,
        0.0,
        0.0,
        1.0
      ]
    ],
    "location": [
      50.847677237053176,
      -60.43858690969455,
      -2.1774490541839926
    ],
    "rotation": [
      -0.05281854515143169,
      0.04220119386134655,
      -2.9458932614241684
    ]
  },
  {
    "label_id": "aZOVhbLb4jnpJ6hsxZsHSw",
    "size": [
      2.2125254306466418,
      4.8947233763453095,
      1.6300000000000043
    ],
    "obj_class": "vehicle",
    "point_num_in_lidar": 71,
    "speed": 1.243759521053382e-13,
    "if_vehicle": true,
    "motion_state": false,
    "pose": [
      [
        -0.9816647884937195,
        0.1880679039120938,
        -0.031059725525063756,
        50.2840167732389
      ],
      [
        -0.18598908435422298,
        -0.9807194496066934,
        -0.0599785100200248,
        -57.84473247999654
      ],
      [
        -0.04174090958111207,
        -0.053102021442275986,
        0.99771632831486,
        -2.1511177282274083
      ],
      [
        0.0,
        0.0,
        0.0,
        1.0
      ]
    ],
    "location": [
      50.2840167732389,
      -57.84473247999654,
      -2.1511177282274083
    ],
    "rotation": [
      -0.053173395521925064,
      0.04175303998323652,
      -2.9543491180940125
    ]
  },
  {
    "label_id": "agustPTQy50BIJjPrfHUJg",
    "size": [
      1.9111363298310045,
      4.4729556239008765,
      1.3933782373620502
    ],
    "obj_class": "vehicle",
    "point_num_in_lidar": 57,
    "speed": 0.06701596225144378,
    "if_vehicle": true,
    "motion_state": false,
    "pose": [
      [
        0.15868358526272913,
        0.9868408246614415,
        -0.031059725525063756,
        25.32313164183774
      ],
      [
        -0.9858338587921331,
        0.15663390818973486,
        -0.0599785100200248,
        -66.67441885236246
      ],
      [
        -0.05432423609383461,
        0.04013733407609217,
        0.99771632831486,
        -2.801070064181478
      ],
      [
        0.0,
        0.0,
        0.0,
        1.0
      ]
    ],
    "location": [
      25.32313164183774,
      -66.67441885236246,
      -2.801070064181478
    ],
    "rotation": [
      0.04020752325449961,
      0.05435099122042288,
      -1.4112014426280255
    ]
  },
  {
    "label_id": "auOooDPcS5q1p_53EHycZg",
    "size": [
      2.064653321932688,
      4.50592062313768,
      1.5935171151616743
    ],
    "obj_class": "vehicle",
    "point_num_in_lidar": 235,
    "speed": 5.370542509574172e-14,
    "if_vehicle": true,
    "motion_state": false,
    "pose": [
      [
        -0.9855871937342979,
        0.16629244419774186,
        -0.031059725525063756,
        36.10929174461118
      ],
      [
        -0.16423505927846777,
        -0.9845960713102485,
        -0.0599785100200248,
        -73.01347211095037
      ],
      [
        -0.04055525675852109,
        -0.054012955512218935,
        0.99771632831486,
        -2.6662414757130852
      ],
      [
        0.0,
        0.0,
        0.0,
        1.0
      ]
    ],
    "location": [
      36.10929174461118,
      -73.01347211095037,
      -2.6662414757130852
    ],
    "rotation": [
      -0.05408379121400224,
      0.040566382061444375,
      -2.976473072111035
    ]
  },
  {
    "label_id": "b4zV2_qtCFu2PXzfOzUGDg",
    "size": [
      2.0415934395979063,
      4.159733527544294,
      1.4200000000000035
    ],
    "obj_class": "vehicle",
    "point_num_in_lidar": 207,
    "speed": 0.5004829205157512,
    "if_vehicle": true,
    "motion_state": false,
    "pose": [
      [
        -0.05186498694555303,
        -0.9981709856429636,
        -0.031059725525063756,
        7.995783391995474
      ],
      [
        0.9969498750173278,
        -0.04993520840761931,
        -0.0599785100200248,
        -102.14092596795024
      ],
      [
        0.05831783459690701,
        -0.034075774119487125,
        0.99771632831486,
        -3.4904263152673893
      ],
      [
        0.0,
        0.0,
        0.0,
        1.0
      ]
    ],
    "location": [
      7.995783391995474,
      -102.14092596795024,
      -3.4904263152673893
    ],
    "rotation": [
      -0.03414049950720871,
      -0.05835094148932673,
      1.622773135135324
    ]
  },
  {
    "label_id": "dfzL3tnfvkEvla1-NoD7hA",
    "size": [
      0.745858071348207,
      0.7726354434738887,
      1.0113073558196382
    ],
    "obj_class": "sign",
    "point_num_in_lidar": 91,
    "speed": 3.552713678800501e-14,
    "if_vehicle": false,
    "motion_state": false,
    "pose": [
      [
        -0.06422583702499218,
        -0.9974519213018475,
        -0.031059725525063756,
        -3.495500693770225
      ],
      [
        0.9962548094749173,
        -0.06228108006348411,
        -0.0599785100200248,
        -69.49817827502807
      ],
      [
        0.057891246804119514,
        -0.03479557094486359,
        0.99771632831486,
        -3.501552917028179
      ],
      [
        0.0,
        0.0,
        0.0,
        1.0
      ]
    ],
    "location": [
      -3.495500693770225,
      -69.49817827502807,
      -3.501552917028179
    ],
    "rotation": [
      -0.03486108544542621,
      -0.05792363175516411,
      1.6351745187901028
    ]
  },
  {
    "label_id": "e395WJBHUGGz23_cnf-9bQ",
    "size": [
      2.2143668834732715,
      4.400387997189263,
      1.7363276684535638
    ],
    "obj_class": "vehicle",
    "point_num_in_lidar": 571,
    "speed": 0.018277741723457648,
    "if_vehicle": true,
    "motion_state": false,
    "pose": [
      [
        -0.9864366137826195,
        0.16117723300574116,
        -0.031059725525063756,
        24.5396883142571
      ],
      [
        -0.15912501746037008,
        -0.9854348315104428,
        -0.0599785100200248,
        -80.7552034036753
      ],
      [
        -0.04027450567438652,
        -0.054222618957390105,
        0.99771632831486,
        -2.726716033318006
      ],
      [
        0.0,
        0.0,
        0.0,
        1.0
      ]
    ],
    "location": [
      24.5396883142571,
      -80.7552034036753,
      -2.726716033318006
    ],
    "rotation": [
      -0.05429331809575046,
      0.040285401410956254,
      -2.9816574597120704
    ]
  },
  {
    "label_id": "gNkR8vsrfHgMRzMUczWVJg",
    "size": [
      1.8272250698720962,
      4.323699343690174,
      1.5999999999999996
    ],
    "obj_class": "vehicle",
    "point_num_in_lidar": 58,
    "speed": 3.5596458096434965e-14,
    "if_vehicle": true,
    "motion_state": false,
    "pose": [
      [
        -0.06341486634407142,
        -0.9975038086026896,
        -0.031059725525063756,
        11.508177791163746
      ],
      [
        0.9963051160429708,
        -0.061471083302478295,
        -0.0599785100200248,
        -112.78151363809968
      ],
      [
        0.05791951720418601,
        -0.034748492639947885,
        0.99771632831486,
        -4.20249148470318
      ],
      [
        0.0,
        0.0,
        0.0,
        1.0
      ]
    ],
    "location": [
      11.508177791163746,
      -112.78151363809968,
      -4.20249148470318
    ],
    "rotation": [
      -0.03481395662738091,
      -0.05795194967055126,
      1.6343606252656702
    ]
  },
  {
    "label_id": "gV6Bw661MKF2mu-9UbidXQ",
    "size": [
      2.0619088630284708,
      4.979403080777294,
      1.5159977183298867
    ],
    "obj_class": "vehicle",
    "point_num_in_lidar": 108,
    "speed": 0.019057246373520777,
    "if_vehicle": true,
    "motion_state": false,
    "pose": [
      [
        0.9844827972578079,
        -0.17271049578340555,
        -0.031059725525063756,
        -26.934067719303144
      ],
      [
        0.170646696888179,
        0.983505100737628,
        -0.0599785100200248,
        -98.06380516073102
      ],
      [
        0.040906316683319344,
        0.05374757175276388,
        0.99771632831486,
        -4.302283415169394
      ],
      [
        0.0,
        0.0,
        0.0,
        1.0
      ]
    ],
    "location": [
      -26.934067719303144,
      -98.06380516073102,
      -4.302283415169394
    ],
    "rotation": [
      0.05381857349722853,
      -0.040917733554568764,
      0.17163103864450455
    ]
  },
  {
    "label_id": "igeAxNTqmAvEuIemThLM8g",
    "size": [
      2.3167718466597162,
      4.915583154046055,
      2.160000000000001
    ],
    "obj_class": "vehicle",
    "point_num_in_lidar": 45,
    "speed": 2.131808899983951e-13,
    "if_vehicle": true,
    "motion_state": false,
    "pose": [
      [
        0.982021880562853,
        -0.1861943058906615,
        -0.031059725525063756,
        49.09902584868515
      ],
      [
        0.1841172940546299,
        0.9810725765027676,
        -0.0599785100200248,
        -52.61446513323938
      ],
      [
        0.04163950198787768,
        0.05318157658546842,
        0.99771632831486,
        -1.5735122990306758
      ],
      [
        0.0,
        0.0,
        0.0,
        1.0
      ]
    ],
    "location": [
      49.09902584868515,
      -52.61446513323938,
      -1.5735122990306758
    ],
    "rotation": [
      0.05325290718467309,
      -0.04165154414800042,
      0.1853363336245613
    ]
  },
  {
    "label_id": "irRilzG-gquG7JntU8rgVQ",
    "size": [
      2.583027972845839,
      5.479408345867389,
      2.2299999999999978
    ],
    "obj_class": "vehicle",
    "point_num_in_lidar": 130,
    "speed": 5.3290705182007514e-14,
    "if_vehicle": true,
    "motion_state": false,
    "pose": [
      [
        -0.9803458986589321,
        0.19482610819117266,
        -0.031059725525063756,
        49.578580826072226
      ],
      [
        -0.19274082554354727,
        -0.9794149031460414,
        -0.0599785100200248,
        -55.06537301682704
      ],
      [
        -0.04210573774917963,
        -0.052813209166948205,
        0.99771632831486,
        -1.7967255141439393
      ],
      [
        0.0,
        0.0,
        0.0,
        1.0
      ]
    ],
    "location": [
      49.578580826072226,
      -55.06537301682704,
      -1.7967255141439393
    ],
    "rotation": [
      -0.05288473544650728,
      0.04211818918119781,
      -2.947463716314161
    ]
  },
  {
    "label_id": "iuT6AwtQpCbc9M0iGh3j9w",
    "size": [
      2.131744392604687,
      4.751092980351478,
      1.712260309168392
    ],
    "obj_class": "vehicle",
    "point_num_in_lidar": 709,
    "speed": 0.028217522365837716,
    "if_vehicle": true,
    "motion_state": false,
    "pose": [
      [
        -0.9896437660136672,
        0.14014460332311598,
        -0.031059725525063756,
        25.258849561971303
      ],
      [
        -0.138114175446316,
        -0.9885985296755008,
        -0.0599785100200248,
        -77.68826279899474
      ],
      [
        -0.039111263480870566,
        -0.05506757015562274,
        0.99771632831486,
        -2.758302138775461
      ],
      [
        0.0,
        0.0,
        0.0,
        1.0
      ]
    ],
    "location": [
      25.258849561971303,
      -77.68826279899474,
      -2.758302138775461
    ],
    "rotation": [
      -0.055137670387774874,
      0.03912124170852791,
      -3.0029287839785597
    ]
  },
  {
    "label_id": "j4pYCjXzBIBJETm7p7ALAg",
    "size": [
      0.4735549949797946,
      0.11589494026634384,
      0.5419955349083043
    ],
    "obj_class": "sign",
    "point_num_in_lidar": 241,
    "speed": 0.06412412747513271,
    "if_vehicle": false,
    "motion_state": false,
    "pose": [
      [
        0.05502326943954421,
        0.9980018703742448,
        -0.031059725525063756,
        -3.906973487862601
      ],
      [
        -0.9967868723177636,
        0.053089636566360426,
        -0.0599785100200248,
        -70.4391749470858
      ],
      [
        -0.0582097156422686,
        0.03426014037859074,
        0.99771632831486,
        -1.8394181912711085
      ],
      [
        0.0,
        0.0,
        0.0,
        1.0
      ]
    ],
    "location": [
      -3.906973487862601,
      -70.4391749470858,
      -1.8394181912711085
    ],
    "rotation": [
      0.03432507129574452,
      0.058242638552132305,
      -1.5156516558539752
    ]
  },
  {
    "label_id": "p65_dOfmQkmZo7JqvWBsSw",
    "size": [
      0.8916477119127703,
      1.3736536652180864,
      1.8155989146434655
    ],
    "obj_class": "pedestrian",
    "point_num_in_lidar": 151,
    "speed": 3.0446140432621127,
    "if_vehicle": false,
    "motion_state": true,
    "pose": [
      [
        0.04695377710806411,
        0.9984140605307971,
        -0.031059725525063756,
        -6.270636251223706
      ],
      [
        -0.9971834709818059,
        0.04503002927442684,
        -0.0599785100200248,
        -85.08236864833714
      ],
      [
        -0.05848476738403078,
        0.0337884624975793,
        0.99771632831486,
        -3.399214065530278
      ],
      [
        0.0,
        0.0,
        0.0,
        1.0
      ]
    ],
    "location": [
      -6.270636251223706,
      -85.08236864833714,
      -3.399214065530278
    ],
    "rotation": [
      0.033852862959333124,
      0.058518159686770536,
      -1.5237446821328553
    ]
  },
  {
    "label_id": "rmtoge8lH9ELbT6J6nkCPw",
    "size": [
      2.043702290774903,
      4.743477809726895,
      1.5709305980602917
    ],
    "obj_class": "vehicle",
    "point_num_in_lidar": 437,
    "speed": 8.881784197001252e-14,
    "if_vehicle": true,
    "motion_state": false,
    "pose": [
      [
        0.9901193840689247,
        -0.13674391665182362,
        -0.031059725525063756,
        -12.596471384913954
      ],
      [
        0.13471709160133685,
        0.9890671784900432,
        -0.0599785100200248,
        -95.63829459510919
      ],
      [
        0.03892185146482882,
        0.05520160950972639,
        0.99771632831486,
        -3.957761006141948
      ],
      [
        0.0,
        0.0,
        0.0,
        1.0
      ]
    ],
    "location": [
      -12.596471384913954,
      -95.63829459510919,
      -3.957761006141948
    ],
    "rotation": [
      0.055271607533017846,
      -0.03893168535721483,
      0.13523104464189234
    ]
  },
  {
    "label_id": "uRAjQ1brh2PNKP6H45Ipsw",
    "size": [
      1.851017242611429,
      3.8732833809560465,
      1.5800000000000045
    ],
    "obj_class": "vehicle",
    "point_num_in_lidar": 83,
    "speed": 1.2434993501203063e-13,
    "if_vehicle": true,
    "motion_state": false,
    "pose": [
      [
        -0.19491846754607217,
        -0.9803275393764058,
        -0.031059725525063756,
        39.36626642690842
      ],
      [
        0.9793967403260229,
        -0.1928330971968737,
        -0.0599785100200248,
        -55.02067327120312
      ],
      [
        0.05280924207231118,
        -0.042110713193468374,
        0.99771632831486,
        -1.9680585847452612
      ],
      [
        0.0,
        0.0,
        0.0,
        1.0
      ]
    ],
    "location": [
      39.36626642690842,
      -55.02067327120312,
      -1.9680585847452612
    ],
    "rotation": [
      -0.04218206397909542,
      -0.05283381880477937,
      1.7672483490412827
    ]
  }
]