[
  {
    "label_id": "0FthUnFInpdwtS3fei1NLw",
    "size": [
      2.2397743837265476,
      4.869392282684742,
      2.1004180595197823
    ],
    "obj_class": "vehicle",
    "point_num_in_lidar": 6128,
    "speed": 0.04361330371094788,
    "if_vehicle": true,
    "motion_state": false,
    "pose": [
      [
        0.03600519452241845,
        0.9991163377113367,
        -0.021683396544105588,
        -2.6340876571356944
      ],
      [
        -0.9966496809970915,
        0.03430495741634607,
        -0.07424677275854062,
        -54.8654662433612
      ],
      [
        -0.07343731569031167,
        0.02428401974444933,
        0.997004135923845,
        -2.176110441913491
      ],
      [
        0.0,
        0.0,
        0.0,
        1.0
      ]
    ],
    "location": [
      -2.6340876571356944,
      -54.8654662433612,
      -2.176110441913491
    ],
    "rotation": [
      0.024352174989541068,
      0.07350348478878307,
      -1.5346858017529201
    ]
  },
  {
    "label_id": "2ZzcZmYwGNGC34_vckVgMg",
    "size": [
      2.1352331253612564,
      4.64124244299159,
      1.4900000000000038
    ],
    "obj_class": "vehicle",
    "point_num_in_lidar": 964,
    "speed": 8.89911452410874e-14,
    "if_vehicle": true,
    "motion_state": false,
    "pose": [
      [
        -0.08516264655305476,
        -0.9961310927515467,
        -0.021683396544105588,
        20.650832836124167
      ],
      [
        0.9937511563010881,
        -0.0833430026168477,
        -0.07424677275854062,
        -50.447396535438884
      ],
      [
        0.07215235950632332,
        -0.027870952054380522,
        0.997004135923845,
        -2.020931929203008
      ],
      [
        0.0,
        0.0,
        0.0,
        1.0
      ]
    ],
    "location": [
      20.650832836124167,
      -50.447396535438884,
      -2.020931929203008
    ],
    "rotation": [
      -0.02794742207391482,
      -0.0722151103752904,
      1.6562856133065824
    ]
  },
  {
    "label_id": "739MebKySTL_wlcubUtzJg",
    "size": [
      0.9999999999999367,
      1.0,
      1.6400000000000041
    ],
    "obj_class": "pedestrian",
    "point_num_in_lidar": 27,
    "speed": 1.4384150782145873,
    "if_vehicle": false,
    "motion_state": true,
    "pose": [
      [
        0.013457282238792823,
        0.9996743128984841,
        -0.021683396544105588,
        -5.193226575541587
      ],
      [
        -0.9971699287862537,
        0.011813122337443954,
        -0.07424677275854062,
        -107.17361712860713
      ],
      [
        -0.07396644292625718,
        0.022621190764061064,
        0.997004135923845,
        -3.8824341938236495
      ],
      [
        0.0,
        0.0,
        0.0,
        1.0
      ]
    ],
    "location": [
      -5.193226575541587,
      -107.17361712860713,
      -3.8824341938236495
    ],
    "rotation": [
      0.022685272171952774,
      0.07403405501324166,
      -1.5573016706108203
    ]
  },
  {
    "label_id": "AW93vUUwt0tOGzfuMl_ixg",
    "size": [
      2.1475562215189385,
      4.350822809280177,
      1.9439356952888387
    ],
    "obj_class": "vehicle",
    "point_num_in_lidar": 146,
    "speed": 0.033472134718378635,
    "if_vehicle": true,
    "motion_state": false,
    "pose": [
      [
        -0.15907771693949663,
        -0.9870279176840077,
        -0.021683396544105588,
        28.568961966176516
      ],
      [
        0.9847900373761453,
        -0.15708596060638805,
        -0.07424677275854062,
        -48.830322046577066
      ],
      [
        0.06987748033528002,
        -0.033164599993665785,
        0.997004135923845,
        -1.5887560512422638
      ],
      [
        0.0,
        0.0,
        0.0,
        1.0
      ]
    ],
    "location": [
      28.568961966176516,
      -48.830322046577066,
      -1.5887560512422638
    ],
    "rotation": [
      -0.033251994235413945,
      -0.06993447267145082,
      1.7309475762057958
    ]
  },
  {
    "label_id": "FC_Nzw77TdePKfA1A8_YUw",
    "size": [
      1.979197955930265,
      4.6815017276940125,
      1.6894924373811975
    ],
    "obj_class": "vehicle",
    "point_num_in_lidar": 766,
    "speed": 0.029302881898678242,
    "if_vehicle": true,
    "motion_state": false,
    "pose": [
      [
        0.09148098669976874,
        0.9955707204346398,
        -0.021683396544105588,
        -1.9185775154499254
      ],
      [
        -0.9932023768001588,
        0.08964627964091457,
        -0.07424677275854062,
        -67.2392595230283
      ],
      [
        -0.07197407721500955,
        0.02832816901593083,
        0.997004135923845,
        -3.101056278840047
      ],
      [
        0.0,
        0.0,
        0.0,
        1.0
      ]
    ],
    "location": [
      -1.9185775154499254,
      -67.2392595230283,
      -3.101056278840047
    ],
    "rotation": [
      0.028405648916452093,
      0.07203636335335674,
      -1.4789483830739016
    ]
  },
  {
    "label_id": "FHlfveZieODUAJsHQCO3WQ",
    "size": [
      0.47256502946246576,
      0.11859601717126622,
      0.48564117926519934
    ],
    "obj_class": "sign",
    "point_num_in_lidar": 38,
    "speed": 0.00822028847826448,
    "if_vehicle": false,
    "motion_state": false,
    "pose": [
      [
        0.05503688641016649,
        0.9982488524654488,
        -0.021683396544105588,
        -3.8856383349423282
      ],
      [
        -0.9958150417405868,
        0.05328995569650261,
        -0.07424677275854062,
        -70.38555988489804
      ],
      [
        -0.07296124846429104,
        0.02567896363327945,
        0.997004135923845,
        -1.2018856809733744
      ],
      [
        0.0,
        0.0,
        0.0,
        1.0
      ]
    ],
    "location": [
      -3.8856383349423282,
      -70.38555988489804,
      -1.2018856809733744
    ],
    "rotation": [
      0.025750432401183358,
      0.0730261369935664,
      -1.5155843159861553
    ]
  },
  {
    "label_id": "H77al2aLVyQfPGZQ91uLDw",
    "size": [
      2.100408033466016,
      4.321158116249892,
      1.6473094557536303
    ],
    "obj_class": "vehicle",
    "point_num_in_lidar": 237,
    "speed": 0.019562075288240804,
    "if_vehicle": true,
    "motion_state": false,
    "pose": [
      [
        0.9861496202679626,
        -0.16443465802459065,
        -0.021683396544105588,
        28.89954477998245
      ],
      [
        0.16243077998669744,
        0.9839225876296646,
        -0.07424677275854062,
        -55.62188953728821
      ],
      [
        0.03354352632425662,
        0.06969637574853664,
        0.997004135923845,
        -1.9860301805389806
      ],
      [
        0.0,
        0.0,
        0.0,
        1.0
      ]
    ],
    "location": [
      28.89954477998245,
      -55.62188953728821,
      -1.9860301805389806
    ],
    "rotation": [
      0.06979226436502396,
      -0.03354981986264703,
      0.1632463412612145
    ]
  },
  {
    "label_id": "Nqn-60j6K3SDijkPy2jP0A",
    "size": [
      0.761764286580322,
      1.0236133004027541,
      1.1999999999999993
    ],
    "obj_class": "sign",
    "point_num_in_lidar": 35,
    "speed": 1.9860273225978185e-14,
    "if_vehicle": false,
    "motion_state": false,
    "pose": [
      [
        -0.03287884760261965,
        -0.9992241048406681,
        -0.021683396544105588,
        14.254831837314441
      ],
      [
        0.9967521402686346,
        -0.031186336829417103,
        -0.07424677275854062,
        -58.6382563183073
      ],
      [
        0.07351293933873099,
        -0.024054120240145152,
        0.997004135923845,
        -2.6086405094276133
      ],
      [
        0.0,
        0.0,
        0.0,
        1.0
      ]
    ],
    "location": [
      14.254831837314441,
      -58.6382563183073,
      -2.6086405094276133
    ],
    "rotation": [
      -0.024121720098062894,
      -0.07357931339817203,
      1.6037703523024724
    ]
  },
  {
    "label_id": "QDVEnIR7naYiy3U9lHiF0Q",
    "size": [
      2.08218107712427,
      5.2704203782678345,
      2.0460419520279647
    ],
    "obj_class": "vehicle",
    "point_num_in_lidar": 635,
    "speed": 3.554447978966673e-14,
    "if_vehicle": true,
    "motion_state": false,
    "pose": [
      [
        0.1518840614270983,
        0.9881604435509044,
        -0.021683396544105588,
        23.034876760816402
      ],
      [
        -0.9859081148097752,
        0.14990865847967738,
        -0.07424677275854062,
        -67.30073489691506
      ],
      [
        -0.07011719501409298,
        0.03265473800389393,
        0.997004135923845,
        -2.5964654977602626
      ],
      [
        0.0,
        0.0,
        0.0,
        1.0
      ]
    ],
    "location": [
      23.034876760816402,
      -67.30073489691506,
      -2.5964654977602626
    ],
    "rotation": [
      0.03274115678020951,
      0.07017477677399239,
      -1.4179430005429783
    ]
  },
  {
    "label_id": "R9GNlFkDZMkdo8iVjWgl3A",
    "size": [
      3.7688700330460647,
      12.908695691698984,
      3.736177492803977
    ],
    "obj_class": "vehicle",
    "point_num_in_lidar": 1221,
    "speed": 5.908240258289289,
    "if_vehicle": true,
    "motion_state": true,
    "pose": [
      [
        -0.9872012298862365,
        0.15799861399839268,
        -0.021683396544105588,
        48.12302007710313
      ],
      [
        -0.1560093052811593,
        -0.9849611735498165,
        -0.07424677275854062,
        -77.21999075678764
      ],
      [
        -0.03308819089633132,
        -0.06991369375133343,
        0.997004135923845,
        -1.182112248046475
      ],
      [
        0.0,
        0.0,
        0.0,
        1.0
      ]
    ],
    "location": [
      48.12302007710313,
      -77.21999075678764,
      -1.182112248046475
    ],
    "rotation": [
      -0.07000917208153658,
      0.03309423152124454,
      -2.984856933665121
    ]
  },
  {
    "label_id": "SjUOrL45KnzmIi-re1XD_A",
    "size": [
      2.3214774507527793,
      4.913178953138767,
      1.6300000000000043
    ],
    "obj_class": "vehicle",
    "point_num_in_lidar": 1393,
    "speed": 2.1317438523750434e-13,
    "if_vehicle": true,
    "motion_state": false,
    "pose": [
      [
        -0.04981792549403791,
        -0.9985229114115416,
        -0.021683396544105588,
        12.564276301109814
      ],
      [
        0.996080002098534,
        -0.04808374106001249,
        -0.07424677275854062,
        -59.36544086234653
      ],
      [
        0.0730944848730408,
        -0.025297217868613782,
        0.997004135923845,
        -2.4977783974845904
      ],
      [
        0.0,
        0.0,
        0.0,
        1.0
      ]
    ],
    "location": [
      12.564276301109814,
      -59.36544086234653,
      -2.4977783974845904
    ],
    "rotation": [
      -0.02536778962348171,
      -0.07315973010931105,
      1.6207686678352269
    ]
  },
  {
    "label_id": "T1crxPSUfT-4K4xwSV1uPA",
    "size": [
      1.8978891977529715,
      4.256426255755278,
      1.3700000000000037
    ],
    "obj_class": "vehicle",
    "point_num_in_lidar": 37,
    "speed": 0.0017674931886540754,
    "if_vehicle": true,
    "motion_state": false,
    "pose": [
      [
        -0.05557646141605379,
        -0.9982189575693204,
        -0.021683396544105588,
        11.158443888752359
      ],
      [
        0.9957860914677522,
        -0.05382821541087152,
        -0.07424677275854062,
        -103.20384990439277
      ],
      [
        0.07294735756590119,
        -0.025718397595881817,
        0.997004135923845,
        -3.4804216921292292
      ],
      [
        0.0,
        0.0,
        0.0,
        1.0
      ]
    ],
    "location": [
      11.158443888752359,
      -103.20384990439277,
      -3.4804216921292292
    ],
    "rotation": [
      -0.025789958596473914,
      -0.07301220898098516,
      1.626550131475875
    ]
  },
  {
    "label_id": "TSkHv1dU9BwYbpsysO-m5g",
    "size": [
      2.237075243841104,
      4.880771797860977,
      1.4175253135198727
    ],
    "obj_class": "vehicle",
    "point_num_in_lidar": 106,
    "speed": 3.3306690738754696e-15,
    "if_vehicle": true,
    "motion_state": false,
    "pose": [
      [
        0.9836825479461093,
        -0.17860144226898386,
        -0.021683396544105588,
        34.065330836711965
      ],
      [
        0.17656574009538883,
        0.9814845674586581,
        -0.07424677275854062,
        -54.86470768051379
      ],
      [
        0.0345424997766189,
        0.06920670964530523,
        0.997004135923845,
        -2.112783191539112
      ],
      [
        0.0,
        0.0,
        0.0,
        1.0
      ]
    ],
    "location": [
      34.065330836711965,
      -54.86470768051379,
      -2.112783191539112
    ],
    "rotation": [
      0.06930349864956302,
      -0.034549372728923056,
      0.17760339029192992
    ]
  },
  {
    "label_id": "To2rVuVuEoUSu3imKi5-iQ",
    "size": [
      2.2275649384881406,
      4.642568388368268,
      1.6575253135198729
    ],
    "obj_class": "vehicle",
    "point_num_in_lidar": 303,
    "speed": 0.0669741280597867,
    "if_vehicle": true,
    "motion_state": false,
    "pose": [
      [
        0.1697688212275999,
        0.9852453388132837,
        -0.021683396544105588,
        26.124214822595228
      ],
      [
        -0.983029182815293,
        0.16775292089391128,
        -0.07424677275854062,
        -48.17169046915615
      ],
      [
        -0.0695138336771066,
        0.03392019867658299,
        0.997004135923845,
        -1.8194259964325283
      ],
      [
        0.0,
        0.0,
        0.0,
        1.0
      ]
    ],
    "location": [
      26.124214822595228,
      -48.17169046915615,
      -1.8194259964325283
    ],
    "rotation": [
      0.0340090065201231,
      0.06956993957651489,
      -1.3997834988307878
    ]
  },
  {
    "label_id": "VzUz0V5Me5lZL90Hr-sPyA",
    "size": [
      2.2360176904537843,
      4.518482971237546,
      1.7189099499414766
    ],
    "obj_class": "vehicle",
    "point_num_in_lidar": 115,
    "speed": 5.551115123125783e-16,
    "if_vehicle": true,
    "motion_state": false,
    "pose": [
      [
        -0.9796031786091111,
        0.1997684729211217,
        -0.021683396544105588,
        61.102463182923856
      ],
      [
        -0.1976858547057674,
        -0.9774495995109885,
        -0.07424677275854062,
        -68.9236589305857
      ],
      [
        -0.036026591681369166,
        -0.06844587381698916,
        0.997004135923845,
        -1.7803146885220933
      ],
      [
        0.0,
        0.0,
        0.0,
        1.0
      ]
    ],
    "location": [
      61.102463182923856,
      -68.9236589305857,
      -1.7803146885220933
    ],
    "rotation": [
      -0.06854399610976591,
      0.03603438948076647,
      -2.942465028848677
    ]
  },
  {
    "label_id": "agustPTQy50BIJjPrfHUJg",
    "size": [
      1.9111363298310011,
      4.4729556239008765,
      1.3933782373620502
    ],
    "obj_class": "vehicle",
    "point_num_in_lidar": 187,
    "speed": 0.021956372367475645,
    "if_vehicle": true,
    "motion_state": false,
    "pose": [
      [
        0.1587228557339509,
        0.9870850446552062,
        -0.021683396544105588,
        25.324762193300515
      ],
      [
        -0.9848464484265306,
        0.15673190408015428,
        -0.07424677275854062,
        -66.59493279702099
      ],
      [
        -0.06988939897658633,
        0.033139475877551776,
        0.997004135923845,
        -2.6979931404203565
      ],
      [
        0.0,
        0.0,
        0.0,
        1.0
      ]
    ],
    "location": [
      25.324762193300515,
      -66.59493279702099,
      -2.6979931404203565
    ],
    "rotation": [
      0.033226822456438695,
      0.06994642052329769,
      -1.4110052740032173
    ]
  },
  {
    "label_id": "auOooDPcS5q1p_53EHycZg",
    "size": [
      2.0646533219326857,
      4.50592062313768,
      1.5935171151616743
    ],
    "obj_class": "vehicle",
    "point_num_in_lidar": 202,
    "speed": 5.370542509574172e-14,
    "if_vehicle": true,
    "motion_state": false,
    "pose": [
      [
        -0.9858311034837672,
        0.16633359768335623,
        -0.021683396544105588,
        36.10929174461116
      ],
      [
        -0.16432543427661553,
        -0.9836079342831388,
        -0.07424677275854062,
        -73.01347211095026
      ],
      [
        -0.03367769371229652,
        -0.06963164436495842,
        0.997004135923845,
        -2.6033832701588535
      ],
      [
        0.0,
        0.0,
        0.0,
        1.0
      ]
    ],
    "location": [
      36.10929174461116,
      -73.01347211095026,
      -2.6033832701588535
    ],
    "rotation": [
      -0.06972765391885268,
      0.03368406309770077,
      -2.976423990003243
    ]
  },
  {
    "label_id": "b4zV2_qtCFu2PXzfOzUGDg",
    "size": [
      2.0415934395978335,
      4.159733527544294,
      1.4200000000000035
    ],
    "obj_class": "vehicle",
    "point_num_in_lidar": 83,
    "speed": 0.0056722552478224355,
    "if_vehicle": true,
    "motion_state": false,
    "pose": [
      [
        -0.059514118929267446,
        -0.9979919338162928,
        -0.021683396544105588,
        8.020295641725937
      ],
      [
        0.9955659836813308,
        -0.05775628858891214,
        -0.07424677275854062,
        -102.42017729477254
      ],
      [
        0.07284532781652564,
        -0.02600598327405093,
        0.997004135923845,
        -3.486854929788641
      ],
      [
        0.0,
        0.0,
        0.0,
        1.0
      ]
    ],
    "location": [
      8.020295641725937,
      -102.42017729477254,
      -3.486854929788641
    ],
    "rotation": [
      -0.026078214467951406,
      -0.07290990705960856,
      1.6305044519049148
    ]
  },
  {
    "label_id": "e395WJBHUGGz23_cnf-9bQ",
    "size": [
      2.214366883473273,
      4.400387997189263,
      1.7363276684535638
    ],
    "obj_class": "vehicle",
    "point_num_in_lidar": 277,
    "speed": 0.018277741570619427,
    "if_vehicle": true,
    "motion_state": false,
    "pose": [
      [
        -0.9866807337436577,
        0.16121712059638096,
        -0.021683396544105588,
        24.576425709348754
      ],
      [
        -0.15922051744376814,
        -0.9844471766224332,
        -0.07424677275854062,
        -80.77155118475446
      ],
      [
        -0.033316009425135115,
        -0.0698054186058046,
        0.997004135923845,
        -2.6175517122104095
      ],
      [
        0.0,
        0.0,
        0.0,
        1.0
      ]
    ],
    "location": [
      24.576425709348754,
      -80.77155118475446,
      -2.6175517122104095
    ],
    "rotation": [
      -0.06990110217796972,
      0.033322175725692106,
      -2.9816020248993054
    ]
  },
  {
    "label_id": "fc4qoqiOrYcBeCY2itubyA",
    "size": [
      1.9746309587090425,
      4.268983569132553,
      1.4639776465190382
    ],
    "obj_class": "vehicle",
    "point_num_in_lidar": 2505,
    "speed": 0.05107709258538467,
    "if_vehicle": true,
    "motion_state": false,
    "pose": [
      [
        -0.08155620733695457,
        -0.9964328453835324,
        -0.021683396544105588,
        11.613079505099563
      ],
      [
        0.9940463376218986,
        -0.0797451904219431,
        -0.07424677275854062,
        -44.93056150213749
      ],
      [
        0.07225277645393298,
        -0.027609586115066788,
        0.997004135923845,
        -1.6948443847499268
      ],
      [
        0.0,
        0.0,
        0.0,
        1.0
      ]
    ],
    "location": [
      11.613079505099563,
      -44.93056150213749,
      -1.6948443847499268
    ],
    "rotation": [
      -0.027685473554927842,
      -0.07231579009817683,
      1.6526576504815387
    ]
  },
  {
    "label_id": "gNkR8vsrfHgMRzMUczWVJg",
    "size": [
      1.827225069872096,
      4.323699343690174,
      1.5999999999999996
    ],
    "obj_class": "vehicle",
    "point_num_in_lidar": 21,
    "speed": 3.5596458096434965e-14,
    "if_vehicle": true,
    "motion_state": false,
    "pose": [
      [
        -0.06343056003840757,
        -0.9977506674352691,
        -0.021683396544105588,
        11.508177791163746
      ],
      [
        0.9953316350835328,
        -0.06166322191454749,
        -0.07424677275854062,
        -112.78151363809957
      ],
      [
        0.07274269898178835,
        -0.026291684913527857,
        0.997004135923845,
        -4.202491484703173
      ],
      [
        0.0,
        0.0,
        0.0,
        1.0
      ]
    ],
    "location": [
      11.508177791163746,
      -112.78151363809957,
      -4.202491484703173
    ],
    "rotation": [
      -0.026364577618084965,
      -0.0728070052259099,
      1.6344383300998626
    ]
  },
  {
    "label_id": "gV6Bw661MKF2mu-9UbidXQ",
    "size": [
      2.0619088630284654,
      4.979403080777294,
      1.5159977183298867
    ],
    "obj_class": "vehicle",
    "point_num_in_lidar": 37,
    "speed": 0.019057246054658146,
    "if_vehicle": true,
    "motion_state": false,
    "pose": [
      [
        0.984726433695012,
        -0.17275323758648878,
        -0.021683396544105588,
        -26.920682000850604
      ],
      [
        0.17073063177330833,
        0.9825163958475343,
        -0.07424677275854062,
        -98.10353628955727
      ],
      [
        0.03413066299663372,
        0.06941073976091539,
        0.997004135923845,
        -4.302283415169401
      ],
      [
        0.0,
        0.0,
        0.0,
        1.0
      ]
    ],
    "location": [
      -26.920682000850604,
      -98.10353628955727,
      -4.302283415169401
    ],
    "rotation": [
      0.06950715764286194,
      -0.034137292953173304,
      0.17167215369005093
    ]
  },
  {
    "label_id": "irRilzG-gquG7JntU8rgVQ",
    "size": [
      2.5830279728458376,
      5.479408345867389,
      2.229999999999997
    ],
    "obj_class": "vehicle",
    "point_num_in_lidar": 57,
    "speed": 1.41028462344899e-29,
    "if_vehicle": true,
    "motion_state": false,
    "pose": [
      [
        -0.980588511310613,
        0.1948743230904131,
        -0.021683396544105588,
        49.578580826072226
      ],
      [
        -0.19280248476120185,
        -0.9784245594857317,
        -0.07424677275854062,
        -55.06537301682715
      ],
      [
        -0.035684357294789276,
        -0.06862491963714873,
        0.997004135923845,
        -1.9002566471926983
      ],
      [
        0.0,
        0.0,
        0.0,
        1.0
      ]
    ],
    "location": [
      49.578580826072226,
      -55.06537301682715,
      -1.9002566471926983
    ],
    "rotation": [
      -0.06872273532901296,
      0.03569193488932243,
      -2.9474500094379636
    ]
  },
  {
    "label_id": "iuT6AwtQpCbc9M0iGh3j9w",
    "size": [
      2.1317443926046917,
      4.751092980351478,
      1.712260309168392
    ],
    "obj_class": "vehicle",
    "point_num_in_lidar": 478,
    "speed": 1.0592898039753829,
    "if_vehicle": true,
    "motion_state": true,
    "pose": [
      [
        -0.9885712055507089,
        0.14918713708067718,
        -0.021683396544105588,
        25.68213210887292
      ],
      [
        -0.14721788733813101,
        -0.9863134949815089,
        -0.07424677275854062,
        -77.61553967390705
      ],
      [
        -0.032463290093813046,
        -0.0702060378246219,
        0.997004135923845,
        -2.7450358235237005
      ],
      [
        0.0,
        0.0,
        0.0,
        1.0
      ]
    ],
    "location": [
      25.68213210887292,
      -77.61553967390705,
      -2.7450358235237005
    ],
    "rotation": [
      -0.0703009538106792,
      0.032468994788255885,
      -2.9937592428512763
    ]
  },
  {
    "label_id": "j4pYCjXzBIBJETm7p7ALAg",
    "size": [
      0.47355499497979353,
      0.11589494026634384,
      0.5419955349083043
    ],
    "obj_class": "sign",
    "point_num_in_lidar": 67,
    "speed": 0.0070861681146267815,
    "if_vehicle": false,
    "motion_state": false,
    "pose": [
      [
        0.05503688641017137,
        0.9982488524654485,
        -0.021683396544105588,
        -3.887554214455477
      ],
      [
        -0.9958150417405864,
        0.05328995569650748,
        -0.07424677275854062,
        -70.38223491848498
      ],
      [
        -0.07296124846429093,
        0.025678963633279803,
        0.997004135923845,
        -1.7294181912711082
      ],
      [
        0.0,
        0.0,
        0.0,
        1.0
      ]
    ],
    "location": [
      -3.887554214455477,
      -70.38223491848498,
      -1.7294181912711082
    ],
    "rotation": [
      0.025750432401183715,
      0.07302613699356629,
      -1.5155843159861504
    ]
  },
  {
    "label_id": "p65_dOfmQkmZo7JqvWBsSw",
    "size": [
      0.8916477119127963,
      1.3736536652180864,
      1.8155989146434655
    ],
    "obj_class": "pedestrian",
    "point_num_in_lidar": 92,
    "speed": 2.1853271243303602,
    "if_vehicle": false,
    "motion_state": true,
    "pose": [
      [
        0.0952356351674042,
        0.9952185710227537,
        -0.021683396544105588,
        -6.641569192061482
      ],
      [
        -0.9928571647637913,
        0.0933920077530579,
        -0.07424677275854062,
        -78.94769129609438
      ],
      [
        -0.0718667111496462,
        0.02859945417801921,
        0.997004135923845,
        -3.5739151180143844
      ],
      [
        0.0,
        0.0,
        0.0,
        1.0
      ]
    ],
    "location": [
      -6.641569192061482,
      -78.94769129609438,
      -3.5739151180143844
    ],
    "rotation": [
      0.02867752765367888,
      0.07192871852825061,
      -1.475168114383319
    ]
  },
  {
    "label_id": "rmtoge8lH9ELbT6J6nkCPw",
    "size": [
      2.0437022907749065,
      4.743477809726895,
      1.5709305980602917
    ],
    "obj_class": "vehicle",
    "point_num_in_lidar": 192,
    "speed": 8.881784197001252e-14,
    "if_vehicle": true,
    "motion_state": false,
    "pose": [
      [
        0.9903644154293642,
        -0.1367777575688554,
        -0.021683396544105588,
        -12.59647138491394
      ],
      [
        0.1348369765832566,
        0.9880821860962922,
        -0.07424677275854062,
        -95.63829459510919
      ],
      [
        0.03158028494393021,
        0.07060763806846591,
        0.997004135923845,
        -3.9391166683449077
      ],
      [
        0.0,
        0.0,
        0.0,
        1.0
      ]
    ],
    "location": [
      -12.59647138491394,
      -95.63829459510919,
      -3.9391166683449077
    ],
    "rotation": [
      0.07070176199044165,
      -0.0315855365466197,
      0.13531684294942536
    ]
  },
  {
    "label_id": "uRAjQ1brh2PNKP6H45Ipsw",
    "size": [
      1.8510172426114329,
      3.8732833809560465,
      1.5800000000000045
    ],
    "obj_class": "vehicle",
    "point_num_in_lidar": 112,
    "speed": 1.2434993501203063e-13,
    "if_vehicle": true,
    "motion_state": false,
    "pose": [
      [
        -0.19496670530209045,
        -0.9805701474845941,
        -0.021683396544105588,
        39.36626642690841
      ],
      [
        0.978406390861078,
        -0.1928946631121277,
        -0.07424677275854062,
        -55.02067327120301
      ],
      [
        0.06862155744259542,
        -0.03569082241837359,
        0.997004135923845,
        -1.968058584745262
      ],
      [
        0.0,
        0.0,
        0.0,
        1.0
      ]
    ],
    "location": [
      39.36626642690841,
      -55.02067327120301,
      -1.968058584745262
    ],
    "rotation": [
      -0.03578278855102201,
      -0.06867552743362063,
      1.7674895346289414
    ]
  }
]