[
  {
    "label_id": "0FthUnFInpdwtS3fei1NLw",
    "size": [
      2.239774383726548,
      4.869392282684742,
      2.1004180595197823
    ],
    "obj_class": "vehicle",
    "point_num_in_lidar": 6705,
    "speed": 0.02980017931267833,
    "if_vehicle": true,
    "motion_state": false,
    "pose": [
      [
        0.036000316142573735,
        0.9989809664386887,
        -0.027221424115173427,
        -2.6288822361425304
      ],
      [
        -0.9971086427838998,
        0.03408215123313991,
        -0.06791731335212589,
        -54.92943197678346
      ],
      [
        -0.06692033863695121,
        0.02958776200635627,
        0.9973195238318414,
        -2.18489902147663
      ],
      [
        0.0,
        0.0,
        0.0,
        1.0
      ]
    ],
    "location": [
      -2.6288822361425304,
      -54.92943197678346,
      -2.18489902147663
    ],
    "rotation": [
      0.029658585184115665,
      0.06697038814417525,
      -1.5347072948826386
    ]
  },
  {
    "label_id": "2ZzcZmYwGNGC34_vckVgMg",
    "size": [
      2.135233125361253,
      4.64124244299159,
      1.4900000000000038
    ],
    "obj_class": "vehicle",
    "point_num_in_lidar": 854,
    "speed": 8.89911452410874e-14,
    "if_vehicle": true,
    "motion_state": false,
    "pose": [
      [
        -0.0851511077808305,
        -0.9959961259527264,
        -0.027221424115173427,
        20.650832836124167
      ],
      [
        0.994220533263511,
        -0.08314306816715984,
        -0.06791731335212589,
        -50.447396535438884
      ],
      [
        0.06538210826301973,
        -0.032847333269411236,
        0.9973195238318414,
        -2.0695726572265283
      ],
      [
        0.0,
        0.0,
        0.0,
        1.0
      ]
    ],
    "location": [
      20.650832836124167,
      -50.447396535438884,
      -2.0695726572265283
    ],
    "rotation": [
      -0.03292371512631951,
      -0.06542878089313037,
      1.6562339282408924
    ]
  },
  {
    "label_id": "4AeZa77bkV7le7_KKTO9gw",
    "size": [
      1.8546698662589913,
      4.570722738993197,
      1.7243322628737179
    ],
    "obj_class": "vehicle",
    "point_num_in_lidar": 52,
    "speed": 8.883908979104366e-14,
    "if_vehicle": true,
    "motion_state": false,
    "pose": [
      [
        0.9815554189202784,
        -0.18922989630969658,
        -0.027221424115173427,
        70.69492613162716
      ],
      [
        0.18704656715843632,
        0.9800004185005605,
        -0.06791731335212589,
        -82.58590368348132
      ],
      [
        0.03952899318830716,
        0.06157293302537869,
        0.9973195238318414,
        -1.4774028001641124
      ],
      [
        0.0,
        0.0,
        0.0,
        1.0
      ]
    ],
    "location": [
      70.69492613162716,
      -82.58590368348132,
      -1.4774028001641124
    ],
    "rotation": [
      0.061660158904695464,
      -0.03953929471415447,
      0.1883037227556994
    ]
  },
  {
    "label_id": "739MebKySTL_wlcubUtzJg",
    "size": [
      0.9999999999998955,
      1.0,
      1.6400000000000041
    ],
    "obj_class": "pedestrian",
    "point_num_in_lidar": 31,
    "speed": 1.4989070805391393,
    "if_vehicle": false,
    "motion_state": true,
    "pose": [
      [
        0.04380138794778323,
        0.9986693309013697,
        -0.027221424115173427,
        -5.112194830016463
      ],
      [
        -0.9968120454661339,
        0.041868658452968575,
        -0.06791731335212589,
        -109.37267629607459
      ],
      [
        -0.06668721337310463,
        0.03010951604325479,
        0.9973195238318414,
        -3.9935050551801146
      ],
      [
        0.0,
        0.0,
        0.0,
        1.0
      ]
    ],
    "location": [
      -5.112194830016463,
      -109.37267629607459,
      -3.9935050551801146
    ],
    "rotation": [
      0.03018127332623724,
      0.06673674094294263,
      -1.5268831042208086
    ]
  },
  {
    "label_id": "AW93vUUwt0tOGzfuMl_ixg",
    "size": [
      2.1475562215189297,
      4.350822809280177,
      1.9439356952888387
    ],
    "obj_class": "vehicle",
    "point_num_in_lidar": 208,
    "speed": 0.01594453742598319,
    "if_vehicle": true,
    "motion_state": false,
    "pose": [
      [
        -0.16717318421677735,
        -0.9855516833469289,
        -0.027221424115173427,
        28.55086674908074
      ],
      [
        0.9839481177227198,
        -0.16502527132819902,
        -0.06791731335212589,
        -48.84643258405765
      ],
      [
        0.06244379960204204,
        -0.03813842255638028,
        0.9973195238318414,
        -1.632507348229372
      ],
      [
        0.0,
        0.0,
        0.0,
        1.0
      ]
    ],
    "location": [
      28.55086674908074,
      -48.84643258405765,
      -1.632507348229372
    ],
    "rotation": [
      -0.038222302012266375,
      -0.06248445140875323,
      1.7390896853094557
    ]
  },
  {
    "label_id": "BBGHrrdA-BRayce_KINWBQ",
    "size": [
      1.8510172426114329,
      3.8732833809560465,
      1.690000000000004
    ],
    "obj_class": "vehicle",
    "point_num_in_lidar": 20,
    "speed": 1.0658719261875217e-13,
    "if_vehicle": true,
    "motion_state": false,
    "pose": [
      [
        -0.1949402890680373,
        -0.9804372890538241,
        -0.027221424115173427,
        41.93217503639615
      ],
      [
        0.9788950240590746,
        -0.19274794530529477,
        -0.06791731335212589,
        -54.52843931718394
      ],
      [
        0.06134179301629372,
        -0.03988673731173285,
        0.9973195238318414,
        -2.102746019974041
      ],
      [
        0.0,
        0.0,
        0.0,
        1.0
      ]
    ],
    "location": [
      41.93217503639615,
      -54.52843931718394,
      -2.102746019974041
    ],
    "rotation": [
      -0.039972636917235356,
      -0.061380327944255304,
      1.7673679063970449
    ]
  },
  {
    "label_id": "FC_Nzw77TdePKfA1A8_YUw",
    "size": [
      1.979197955930237,
      4.6815017276940125,
      1.6894924373811975
    ],
    "obj_class": "vehicle",
    "point_num_in_lidar": 3109,
    "speed": 0.029302881898667678,
    "if_vehicle": true,
    "motion_state": false,
    "pose": [
      [
        0.09146859184931729,
        0.9954358295612253,
        -0.027221424115173427,
        -1.9612824970409548
      ],
      [
        -0.9936730128196354,
        0.08944932722484723,
        -0.06791731335212589,
        -67.22886167301112
      ],
      [
        -0.06517238908503863,
        0.03326149552827325,
        0.9973195238318414,
        -3.1041488752327977
      ],
      [
        0.0,
        0.0,
        0.0,
        1.0
      ]
    ],
    "location": [
      -1.9612824970409548,
      -67.22886167301112,
      -3.1041488752327977
    ],
    "rotation": [
      0.033338534845832164,
      0.06521861346249813,
      -1.4790040101402477
    ]
  },
  {
    "label_id": "FHlfveZieODUAJsHQCO3WQ",
    "size": [
      0.47256502946246615,
      0.11859601717126622,
      0.48564117926519934
    ],
    "obj_class": "sign",
    "point_num_in_lidar": 36,
    "speed": 0.026593308485620807,
    "if_vehicle": false,
    "motion_state": false,
    "pose": [
      [
        0.05502942940733086,
        0.9981135987292455,
        -0.027221424115173427,
        -3.8988205726513883
      ],
      [
        -0.996278165783165,
        0.05307593551470982,
        -0.06791731335212589,
        -70.40632144704966
      ],
      [
        -0.0663443914949567,
        0.03085756148811698,
        0.9973195238318414,
        -1.2952580898703525
      ],
      [
        0.0,
        0.0,
        0.0,
        1.0
      ]
    ],
    "location": [
      -3.8988205726513883,
      -70.40632144704966,
      -1.2952580898703525
    ],
    "rotation": [
      0.03093062915910397,
      0.06639315815492854,
      -1.5156173915190965
    ]
  },
  {
    "label_id": "H77al2aLVyQfPGZQ91uLDw",
    "size": [
      2.1004080334660147,
      4.321158116249892,
      1.6473094557536303
    ],
    "obj_class": "vehicle",
    "point_num_in_lidar": 223,
    "speed": 0.029930012034336265,
    "if_vehicle": true,
    "motion_state": false,
    "pose": [
      [
        0.9860160058688399,
        -0.16441237860818633,
        -0.027221424115173427,
        28.87834960626644
      ],
      [
        0.16226896511173258,
        0.9844064310581259,
        -0.06791731335212589,
        -55.65787471268948
      ],
      [
        0.037963391998438026,
        0.06255036572076886,
        0.9973195238318414,
        -1.9860301805389868
      ],
      [
        0.0,
        0.0,
        0.0,
        1.0
      ]
    ],
    "location": [
      28.87834960626644,
      -55.65787471268948,
      -1.9860301805389868
    ],
    "rotation": [
      0.06263643802598981,
      -0.03797251684539525,
      0.1631082935306468
    ]
  },
  {
    "label_id": "QDVEnIR7naYiy3U9lHiF0Q",
    "size": [
      2.082181077124264,
      5.2704203782678345,
      2.0460419520279647
    ],
    "obj_class": "vehicle",
    "point_num_in_lidar": 991,
    "speed": 3.554447978966673e-14,
    "if_vehicle": true,
    "motion_state": false,
    "pose": [
      [
        0.15186348250358714,
        0.9880265567033228,
        -0.027221424115173427,
        23.034876760816402
      ],
      [
        -0.986389861918738,
        0.14974070539089296,
        -0.06791731335212589,
        -67.30073489691517
      ],
      [
        -0.06302795400309083,
        0.03716509650213854,
        0.9973195238318414,
        -2.6144656442516006
      ],
      [
        0.0,
        0.0,
        0.0,
        1.0
      ]
    ],
    "location": [
      23.034876760816402,
      -67.30073489691517,
      -2.6144656442516006
    ],
    "rotation": [
      0.03724774906187589,
      0.06306975877732278,
      -1.4180368764174875
    ]
  },
  {
    "label_id": "R9GNlFkDZMkdo8iVjWgl3A",
    "size": [
      3.7688700330460407,
      12.908695691698984,
      3.736177492803977
    ],
    "obj_class": "vehicle",
    "point_num_in_lidar": 1529,
    "speed": 3.829874607372333,
    "if_vehicle": true,
    "motion_state": true,
    "pose": [
      [
        -0.9881444439958139,
        0.15109451303520452,
        -0.027221424115173427,
        40.89939148820685
      ],
      [
        -0.14897301030950327,
        -0.9865060976731739,
        -0.06791731335212589,
        -78.35591698723363
      ],
      [
        -0.03711603426456503,
        -0.06305685834467681,
        0.9973195238318414,
        -1.3301962229822948
      ],
      [
        0.0,
        0.0,
        0.0,
        1.0
      ]
    ],
    "location": [
      40.89939148820685,
      -78.35591698723363,
      -1.3301962229822948
    ],
    "rotation": [
      -0.06314228597723012,
      0.037124561393225224,
      -2.9919591624741093
    ]
  },
  {
    "label_id": "SjUOrL45KnzmIi-re1XD_A",
    "size": [
      2.3214774507527784,
      4.913178953138767,
      1.6300000000000043
    ],
    "obj_class": "vehicle",
    "point_num_in_lidar": 3035,
    "speed": 2.1317438523750434e-13,
    "if_vehicle": true,
    "motion_state": false,
    "pose": [
      [
        -0.04981117561344818,
        -0.998387620542817,
        -0.027221424115173427,
        12.564276301109814
      ],
      [
        0.9965420010524155,
        -0.04786730288491998,
        -0.06791731335212589,
        -59.36544086234653
      ],
      [
        0.06650478871821,
        -0.03051033368180774,
        0.9973195238318414,
        -2.557781075150287
      ],
      [
        0.0,
        0.0,
        0.0,
        1.0
      ]
    ],
    "location": [
      12.564276301109814,
      -59.36544086234653,
      -2.557781075150287
    ],
    "rotation": [
      -0.030582797366877832,
      -0.06655391040805674,
      1.6207387826568074
    ]
  },
  {
    "label_id": "T1crxPSUfT-4K4xwSV1uPA",
    "size": [
      1.8978891977529824,
      4.256426255755278,
      1.3700000000000037
    ],
    "obj_class": "vehicle",
    "point_num_in_lidar": 54,
    "speed": 0.001767493188548161,
    "if_vehicle": true,
    "motion_state": false,
    "pose": [
      [
        -0.05538942567529473,
        -0.9980936857792974,
        -0.027221424115173427,
        11.158295021680061
      ],
      [
        0.996258957539239,
        -0.053435269905352585,
        -0.06791731335212589,
        -103.20120295158017
      ],
      [
        0.06633325746704845,
        -0.03088148859169946,
        0.9973195238318414,
        -3.480421692129256
      ],
      [
        0.0,
        0.0,
        0.0,
        1.0
      ]
    ],
    "location": [
      11.158295021680061,
      -103.20120295158017,
      -3.480421692129256
    ],
    "rotation": [
      -0.03095459760795823,
      -0.06638199954632297,
      1.6263365655574775
    ]
  },
  {
    "label_id": "To2rVuVuEoUSu3imKi5-iQ",
    "size": [
      2.227564938488129,
      4.642568388368268,
      1.6575253135198729
    ],
    "obj_class": "vehicle",
    "point_num_in_lidar": 70,
    "speed": 0.01295370396392123,
    "if_vehicle": true,
    "motion_state": false,
    "pose": [
      [
        0.16585355147827316,
        0.9857746159904837,
        -0.027221424115173427,
        26.120612009397263
      ],
      [
        -0.9841681761203007,
        0.1637077874111977,
        -0.06791731335212589,
        -48.154985607581466
      ],
      [
        -0.06249480437672039,
        0.038054786949140225,
        0.9973195238318414,
        -1.8712938672575055
      ],
      [
        0.0,
        0.0,
        0.0,
        1.0
      ]
    ],
    "location": [
      26.120612009397263,
      -48.154985607581466,
      -1.8712938672575055
    ],
    "rotation": [
      0.0381385638070073,
      0.06253555599653189,
      -1.4038434377597109
    ]
  },
  {
    "label_id": "VzUz0V5Me5lZL90Hr-sPyA",
    "size": [
      2.2360176904537847,
      4.518482971237546,
      1.7189099499414766
    ],
    "obj_class": "vehicle",
    "point_num_in_lidar": 75,
    "speed": 5.551115123125783e-16,
    "if_vehicle": true,
    "motion_state": false,
    "pose": [
      [
        -0.9794704511939221,
        0.19974140609076652,
        -0.027221424115173427,
        61.10246318292386
      ],
      [
        -0.1975415326205229,
        -0.9779389456591674,
        -0.06791731335212589,
        -68.92365893058593
      ],
      [
        -0.040186790465394556,
        -0.06114563971306112,
        0.9973195238318414,
        -1.7803146885221004
      ],
      [
        0.0,
        0.0,
        0.0,
        1.0
      ]
    ],
    "location": [
      61.10246318292386,
      -68.92365893058593,
      -1.7803146885221004
    ],
    "rotation": [
      -0.06123333280471909,
      0.04019761513189981,
      -2.942580336831251
    ]
  },
  {
    "label_id": "YNxoawT6vIVOXCltkBdhSg",
    "size": [
      2.091082450963098,
      4.688438300872428,
      1.2315137479379885
    ],
    "obj_class": "vehicle",
    "point_num_in_lidar": 112,
    "speed": 5.3316719684500096e-14,
    "if_vehicle": true,
    "motion_state": false,
    "pose": [
      [
        -0.9801482847734359,
        0.19638822246976403,
        -0.027221424115173427,
        50.84767723705316
      ],
      [
        -0.19419360310989747,
        -0.9786092596425934,
        -0.06791731335212589,
        -60.43858690969466
      ],
      [
        -0.03997729814391288,
        -0.061282811757797984,
        0.9973195238318414,
        -2.177449054184005
      ],
      [
        0.0,
        0.0,
        0.0,
        1.0
      ]
    ],
    "location": [
      50.84767723705316,
      -60.43858690969466,
      -2.177449054184005
    ],
    "rotation": [
      -0.0613703573044838,
      0.03998795432492437,
      -2.945998934046092
    ]
  },
  {
    "label_id": "aZOVhbLb4jnpJ6hsxZsHSw",
    "size": [
      2.2125254306466418,
      4.8947233763453095,
      1.6300000000000043
    ],
    "obj_class": "vehicle",
    "point_num_in_lidar": 67,
    "speed": 1.243759521053382e-13,
    "if_vehicle": true,
    "motion_state": false,
    "pose": [
      [
        -0.9817746878789173,
        0.1880889584994189,
        -0.027221424115173427,
        50.284016773238896
      ],
      [
        -0.18590743811762872,
        -0.9802171509413459,
        -0.06791731335212589,
        -57.84473247999665
      ],
      [
        -0.03945740352322138,
        -0.061618833898692695,
        0.9973195238318414,
        -2.15111772822742
      ],
      [
        0.0,
        0.0,
        0.0,
        1.0
      ]
    ],
    "location": [
      50.284016773238896,
      -57.84473247999665,
      -2.15111772822742
    ],
    "rotation": [
      -0.0617060082537001,
      0.03946764915400412,
      -2.954449873622045
    ]
  },
  {
    "label_id": "agustPTQy50BIJjPrfHUJg",
    "size": [
      1.9111363298310011,
      4.4729556239008765,
      1.3933782373620502
    ],
    "obj_class": "vehicle",
    "point_num_in_lidar": 114,
    "speed": 0.04479909091797959,
    "if_vehicle": true,
    "motion_state": false,
    "pose": [
      [
        0.15870135021535567,
        0.986951303514497,
        -0.027221424115173427,
        25.315490164667224
      ],
      [
        -0.9853293469633826,
        0.15656729083605933,
        -0.06791731335212589,
        -66.62653389096477
      ],
      [
        -0.06276909631767112,
        0.03760063737879889,
        0.9973195238318414,
        -2.738249299230187
      ],
      [
        0.0,
        0.0,
        0.0,
        1.0
      ]
    ],
    "location": [
      25.315490164667224,
      -66.62653389096477,
      -2.738249299230187
    ],
    "rotation": [
      0.03768384780725457,
      0.0628103875172494,
      -1.4111035342308682
    ]
  },
  {
    "label_id": "auOooDPcS5q1p_53EHycZg",
    "size": [
      2.064653321932688,
      4.50592062313768,
      1.5935171151616743
    ],
    "obj_class": "vehicle",
    "point_num_in_lidar": 67,
    "speed": 5.370542509574172e-14,
    "if_vehicle": true,
    "motion_state": false,
    "pose": [
      [
        -0.985697532240802,
        0.1663110609777197,
        -0.027221424115173427,
        36.10929174461118
      ],
      [
        -0.1641645515451648,
        -0.9840920884566668,
        -0.06791731335212589,
        -73.01347211095037
      ],
      [
        -0.038083788550614,
        -0.06247713528532759,
        0.9973195238318414,
        -2.646239997474197
      ],
      [
        0.0,
        0.0,
        0.0,
        1.0
      ]
    ],
    "location": [
      36.10929174461118,
      -73.01347211095037,
      -2.646239997474197
    ],
    "rotation": [
      -0.06256329813748525,
      0.038093000526404755,
      -2.9765608208774914
    ]
  },
  {
    "label_id": "b4zV2_qtCFu2PXzfOzUGDg",
    "size": [
      2.0415934395978623,
      4.159733527544294,
      1.4200000000000035
    ],
    "obj_class": "vehicle",
    "point_num_in_lidar": 156,
    "speed": 0.20396307504761166,
    "if_vehicle": true,
    "motion_state": false,
    "pose": [
      [
        -0.05529628170899927,
        -0.998098850464372,
        -0.027221424115173427,
        8.019559935536037
      ],
      [
        0.9962639398673101,
        -0.053342297167388045,
        -0.06791731335212589,
        -102.3488721946162
      ],
      [
        0.06633613908891431,
        -0.030875298129819213,
        0.9973195238318414,
        -3.4904263152674018
      ],
      [
        0.0,
        0.0,
        0.0,
        1.0
      ]
    ],
    "location": [
      8.019559935536037,
      -102.3488721946162,
      -3.4904263152674018
    ],
    "rotation": [
      -0.030948396452567802,
      -0.0663848875291783,
      1.6262430827265173
    ]
  },
  {
    "label_id": "e395WJBHUGGz23_cnf-9bQ",
    "size": [
      2.2143668834732675,
      4.400387997189263,
      1.7363276684535638
    ],
    "obj_class": "vehicle",
    "point_num_in_lidar": 473,
    "speed": 0.01827774157062032,
    "if_vehicle": true,
    "motion_state": false,
    "pose": [
      [
        -0.986547047383439,
        0.16119527712734139,
        -0.027221424115173427,
        24.551378151757234
      ],
      [
        -0.15905712520958717,
        -0.9849304896626416,
        -0.06791731335212589,
        -80.76040526689485
      ],
      [
        -0.03775916073061262,
        -0.0626738634898852,
        0.9973195238318414,
        -2.6919799511495066
      ],
      [
        0.0,
        0.0,
        0.0,
        1.0
      ]
    ],
    "location": [
      24.551378151757234,
      -80.76040526689485,
      -2.6919799511495066
    ],
    "rotation": [
      -0.06275978157392768,
      0.037768139039314065,
      -2.981742132896246
    ]
  },
  {
    "label_id": "gNkR8vsrfHgMRzMUczWVJg",
    "size": [
      1.8272250698720955,
      4.323699343690174,
      1.5999999999999996
    ],
    "obj_class": "vehicle",
    "point_num_in_lidar": 42,
    "speed": 3.5596458096434965e-14,
    "if_vehicle": true,
    "motion_state": false,
    "pose": [
      [
        -0.06342196576833628,
        -0.9976154811986538,
        -0.027221424115173427,
        11.508177791163732
      ],
      [
        0.995796542730713,
        -0.06145310433646492,
        -0.06791731335212589,
        -112.78151363809968
      ],
      [
        0.06608252222516392,
        -0.031414449544592056,
        0.9973195238318414,
        -4.202491484703191
      ],
      [
        0.0,
        0.0,
        0.0,
        1.0
      ]
    ],
    "location": [
      11.508177791163732,
      -112.78151363809968,
      -4.202491484703191
    ],
    "rotation": [
      -0.03148847022788175,
      -0.06613071294339966,
      1.6344001019832182
    ]
  },
  {
    "label_id": "gV6Bw661MKF2mu-9UbidXQ",
    "size": [
      2.0619088630284703,
      4.979403080777294,
      1.5159977183298867
    ],
    "obj_class": "vehicle",
    "point_num_in_lidar": 135,
    "speed": 0.019057245895201712,
    "if_vehicle": true,
    "motion_state": false,
    "pose": [
      [
        0.9845930121248623,
        -0.17272983107741505,
        -0.027221424115173427,
        -26.92980838428109
      ],
      [
        0.1705729069573546,
        0.9830015879738683,
        -0.06791731335212589,
        -98.07644760417384
      ],
      [
        0.0384900491946702,
        0.06222767468595359,
        0.9973195238318414,
        -4.3022834151694065
      ],
      [
        0.0,
        0.0,
        0.0,
        1.0
      ]
    ],
    "location": [
      -26.92980838428109,
      -98.07644760417384,
      -4.3022834151694065
    ],
    "rotation": [
      0.06231414096186482,
      -0.03849955926737616,
      0.17153944143751515
    ]
  },
  {
    "label_id": "igeAxNTqmAvEuIemThLM8g",
    "size": [
      2.3167718466597162,
      4.915583154046055,
      2.160000000000001
    ],
    "obj_class": "vehicle",
    "point_num_in_lidar": 83,
    "speed": 2.131808899983951e-13,
    "if_vehicle": true,
    "motion_state": false,
    "pose": [
      [
        0.9821318199252393,
        -0.18621515072485037,
        -0.027221424115173427,
        49.09902584868515
      ],
      [
        0.18403660647493378,
        0.9805701229510408,
        -0.06791731335212589,
        -52.614465133239264
      ],
      [
        0.03933974793421105,
        0.06169401604938472,
        0.9973195238318414,
        -1.580024095181475
      ],
      [
        0.0,
        0.0,
        0.0,
        1.0
      ]
    ],
    "location": [
      49.09902584868515,
      -52.614465133239264,
      -1.580024095181475
    ],
    "rotation": [
      0.06178110545021588,
      -0.03934990214316696,
      0.18523669143117016
    ]
  },
  {
    "label_id": "irRilzG-gquG7JntU8rgVQ",
    "size": [
      2.58302797284584,
      5.479408345867389,
      2.229999999999997
    ],
    "obj_class": "vehicle",
    "point_num_in_lidar": 50,
    "speed": 5.3290705182007514e-14,
    "if_vehicle": true,
    "motion_state": false,
    "pose": [
      [
        -0.9804556503917086,
        0.1948479193733246,
        -0.027221424115173427,
        49.57858082607223
      ],
      [
        -0.19265572091997946,
        -0.9789131788589999,
        -0.06791731335212589,
        -55.065373016827266
      ],
      [
        -0.039880958009741306,
        -0.061345550548138804,
        0.9973195238318414,
        -1.82966911612026
      ],
      [
        0.0,
        0.0,
        0.0,
        1.0
      ]
    ],
    "location": [
      49.57858082607223,
      -55.065373016827266,
      -1.82966911612026
    ],
    "rotation": [
      -0.06143302784302906,
      0.039891537299523425,
      -2.947568478100096
    ]
  },
  {
    "label_id": "iuT6AwtQpCbc9M0iGh3j9w",
    "size": [
      2.1317443926046864,
      4.751092980351478,
      1.712260309168392
    ],
    "obj_class": "vehicle",
    "point_num_in_lidar": 573,
    "speed": 0.028217522129776965,
    "if_vehicle": true,
    "motion_state": false,
    "pose": [
      [
        -0.9897545586617525,
        0.14016029279871361,
        -0.027221424115173427,
        25.27843350042106
      ],
      [
        -0.1380570333964986,
        -0.9880928570113171,
        -0.06791731335212589,
        -77.68568288477911
      ],
      [
        -0.03641660525141442,
        -0.06346336144415657,
        0.9973195238318414,
        -2.749015072323819
      ],
      [
        0.0,
        0.0,
        0.0,
        1.0
      ]
    ],
    "location": [
      25.27843350042106,
      -77.68568288477911,
      -2.749015072323819
    ],
    "rotation": [
      -0.06354824828028258,
      0.03642465915505084,
      -3.0030007390343947
    ]
  },
  {
    "label_id": "j4pYCjXzBIBJETm7p7ALAg",
    "size": [
      0.47355499497979386,
      0.11589494026634384,
      0.5419955349083043
    ],
    "obj_class": "sign",
    "point_num_in_lidar": 188,
    "speed": 0.03326216379586754,
    "if_vehicle": false,
    "motion_state": false,
    "pose": [
      [
        0.0550294294073375,
        0.9981135987292451,
        -0.027221424115173427,
        -3.900451595885272
      ],
      [
        -0.9962781657831646,
        0.053075935514716455,
        -0.06791731335212589,
        -70.4042302804545
      ],
      [
        -0.0663443914949565,
        0.03085756148811742,
        0.9973195238318414,
        -1.839418191271129
      ],
      [
        0.0,
        0.0,
        0.0,
        1.0
      ]
    ],
    "location": [
      -3.900451595885272,
      -70.4042302804545,
      -1.839418191271129
    ],
    "rotation": [
      0.03093062915910441,
      0.06639315815492833,
      -1.5156173915190898
    ]
  },
  {
    "label_id": "rmtoge8lH9ELbT6J6nkCPw",
    "size": [
      2.0437022907748985,
      4.743477809726895,
      1.5709305980602917
    ],
    "obj_class": "vehicle",
    "point_num_in_lidar": 319,
    "speed": 8.881784197001252e-14,
    "if_vehicle": true,
    "motion_state": false,
    "pose": [
      [
        0.9902302299634259,
        -0.13675922541358015,
        -0.027221424115173427,
        -12.596471384913954
      ],
      [
        0.1346616870957386,
        0.9885613125019401,
        -0.06791731335212589,
        -95.6382945951093
      ],
      [
        0.03619836591767595,
        0.06358809392267581,
        0.9973195238318414,
        -3.9518283786761073
      ],
      [
        0.0,
        0.0,
        0.0,
        1.0
      ]
    ],
    "location": [
      -12.596471384913954,
      -95.6382945951093,
      -3.9518283786761073
    ],
    "rotation": [
      0.06367281062042532,
      -0.0362062758333027,
      0.1351611560041732
    ]
  },
  {
    "label_id": "uRAjQ1brh2PNKP6H45Ipsw",
    "size": [
      1.8510172426114329,
      3.8732833809560465,
      1.5800000000000045
    ],
    "obj_class": "vehicle",
    "point_num_in_lidar": 28,
    "speed": 1.2434993501203063e-13,
    "if_vehicle": true,
    "motion_state": false,
    "pose": [
      [
        -0.1949402890680373,
        -0.9804372890538241,
        -0.027221424115173427,
        39.36626642690841
      ],
      [
        0.9788950240590746,
        -0.19274794530529477,
        -0.06791731335212589,
        -55.02067327120312
      ],
      [
        0.06134179301629372,
        -0.03988673731173285,
        0.9973195238318414,
        -1.968058584745262
      ],
      [
        0.0,
        0.0,
        0.0,
        1.0
      ]
    ],
    "location": [
      39.36626642690841,
      -55.02067327120312,
      -1.968058584745262
    ],
    "rotation": [
      -0.039972636917235356,
      -0.061380327944255304,
      1.7673679063970449
    ]
  }
]