[
  {
    "label_id": "0FthUnFInpdwtS3fei1NLw",
    "size": [
      2.2397743837265485,
      4.869392282684742,
      2.1004180595197823
    ],
    "obj_class": "vehicle",
    "point_num_in_lidar": 353,
    "speed": 0.00498704155741218,
    "if_vehicle": true,
    "motion_state": false,
    "pose": [
      [
        0.03601046166766153,
        0.9992624969234768,
        -0.01333074989415639,
        -2.6369903581038443
      ],
      [
        -0.9971646168610399,
        0.03504648618622545,
        -0.06659182146761468,
        -54.81176805116286
      ],
      [
        -0.06607551385239345,
        0.0156909543450161,
        0.9976912450356998,
        -2.075123184982689
      ],
      [
        0.0,
        0.0,
        0.0,
        1.0
      ]
    ],
    "location": [
      -2.6369903581038443,
      -54.81176805116286,
      -2.075123184982689
    ],
    "rotation": [
      0.015725968241480513,
      0.06612368921953087,
      -1.534699157792895
    ]
  },
  {
    "label_id": "2ZzcZmYwGNGC34_vckVgMg",
    "size": [
      2.1352331253612546,
      4.64124244299159,
      1.4900000000000038
    ],
    "obj_class": "vehicle",
    "point_num_in_lidar": 227,
    "speed": 8.89911452410874e-14,
    "if_vehicle": true,
    "motion_state": false,
    "pose": [
      [
        -0.08517510486732012,
        -0.9962768152567341,
        -0.01333074989415639,
        20.65083283612418
      ],
      [
        0.9942289510915685,
        -0.08410898956107425,
        -0.06659182146761468,
        -50.44739653543877
      ],
      [
        0.06522265191021126,
        -0.01892578286134108,
        0.9976912450356998,
        -1.848665423614933
      ],
      [
        0.0,
        0.0,
        0.0,
        1.0
      ]
    ],
    "location": [
      20.65083283612418,
      -50.44739653543877,
      -1.848665423614933
    ],
    "rotation": [
      -0.018967304093186903,
      -0.06526898345596861,
      1.6562571689575174
    ]
  },
  {
    "label_id": "BOBPYchErBQE6-5HVkKRGA",
    "size": [
      0.5102401153011136,
      0.08965668545129057,
      0.5251665147398521
    ],
    "obj_class": "sign",
    "point_num_in_lidar": 45,
    "speed": 0.007761680046093333,
    "if_vehicle": false,
    "motion_state": false,
    "pose": [
      [
        -0.05047688085263594,
        -0.9986362579070762,
        -0.01333074989415639,
        13.793288798704921
      ],
      [
        0.9965525570225724,
        -0.04948262730896669,
        -0.06659182146761468,
        -44.014386574529794
      ],
      [
        0.06584136686887324,
        -0.016646140332030726,
        0.9976912450356998,
        0.3645382184624104
      ],
      [
        0.0,
        0.0,
        0.0,
        1.0
      ]
    ],
    "location": [
      13.793288798704921,
      -44.014386574529794,
      0.3645382184624104
    ],
    "rotation": [
      -0.016683113171039134,
      -0.0658890312374486,
      1.6214045756305953
    ]
  },
  {
    "label_id": "FC_Nzw77TdePKfA1A8_YUw",
    "size": [
      1.9791979559302648,
      4.6815017276940125,
      1.6894924373811975
    ],
    "obj_class": "vehicle",
    "point_num_in_lidar": 89,
    "speed": 0.029302881408425466,
    "if_vehicle": true,
    "motion_state": false,
    "pose": [
      [
        0.09149436931442226,
        0.9957163609638117,
        -0.01333074989415639,
        -1.8360222423430628
      ],
      [
        -0.9936753020925178,
        0.09041528258524198,
        -0.06659182146761468,
        -67.25936016037622
      ],
      [
        -0.06510126262293178,
        0.019339213634873658,
        0.9976912450356998,
        -3.095077816133844
      ],
      [
        0.0,
        0.0,
        0.0,
        1.0
      ]
    ],
    "location": [
      -1.8360222423430628,
      -67.25936016037622,
      -3.095077816133844
    ],
    "rotation": [
      0.01938153924557927,
      0.06514733563063797,
      -1.47897849691771
    ]
  },
  {
    "label_id": "H77al2aLVyQfPGZQ91uLDw",
    "size": [
      2.1004080334660213,
      4.321158116249892,
      1.6473094557536303
    ],
    "obj_class": "vehicle",
    "point_num_in_lidar": 44,
    "speed": 0.02770550516957747,
    "if_vehicle": true,
    "motion_state": false,
    "pose": [
      [
        0.9862938825986947,
        -0.1644587129210607,
        -0.01333074989415639,
        28.829657040048616
      ],
      [
        0.16323247417614134,
        0.9843376903725473,
        -0.06659182146761468,
        -55.582273020070375
      ],
      [
        0.024073564811380944,
        0.06350309485676629,
        0.9976912450356998,
        -1.9860301805389984
      ],
      [
        0.0,
        0.0,
        0.0,
        1.0
      ]
    ],
    "location": [
      28.829657040048616,
      -55.582273020070375,
      -1.9860301805389984
    ],
    "rotation": [
      0.06356429980717289,
      -0.024075890669669343,
      0.16401415358941288
    ]
  },
  {
    "label_id": "HQ79XKCpGS7EMRFYkBU-8A",
    "size": [
      0.5102401153011136,
      0.08965668545129057,
      0.5251665147398521
    ],
    "obj_class": "sign",
    "point_num_in_lidar": 41,
    "speed": 0.007761680045833408,
    "if_vehicle": false,
    "motion_state": false,
    "pose": [
      [
        -0.05047688085263594,
        -0.9986362579070762,
        -0.01333074989415639,
        13.790489198211318
      ],
      [
        0.9965525570225724,
        -0.04948262730896669,
        -0.06659182146761468,
        -44.01748038961682
      ],
      [
        0.06584136686887324,
        -0.016646140332030726,
        0.9976912450356998,
        0.913074848795179
      ],
      [
        0.0,
        0.0,
        0.0,
        1.0
      ]
    ],
    "location": [
      13.790489198211318,
      -44.01748038961682,
      0.913074848795179
    ],
    "rotation": [
      -0.016683113171039134,
      -0.0658890312374486,
      1.6214045756305953
    ]
  },
  {
    "label_id": "KclHjYw0mozzMvMK8NDx3Q",
    "size": [
      2.0645906151284126,
      4.380822220647019,
      1.9700000000000042
    ],
    "obj_class": "vehicle",
    "point_num_in_lidar": 661,
    "speed": 0.005788440809438231,
    "if_vehicle": true,
    "motion_state": false,
    "pose": [
      [
        0.044049493096658864,
        0.9989404052620892,
        -0.01333074989415639,
        -3.281463815715753
      ],
      [
        -0.9968503493825224,
        0.04306866900158922,
        -0.06659182146761468,
        -43.63642041034166
      ],
      [
        -0.0659471234692653,
        0.01622209866955245,
        0.9976912450356998,
        -1.3113896599943624
      ],
      [
        0.0,
        0.0,
        0.0,
        1.0
      ]
    ],
    "location": [
      -3.281463815715753,
      -43.63642041034166,
      -1.3113896599943624
    ],
    "rotation": [
      0.016258205532054374,
      0.06599501818861413,
      -1.526636382674819
    ]
  },
  {
    "label_id": "LL6B_Rm4x-qfLkApf2lzsQ",
    "size": [
      0.7653894297313417,
      0.8266685395879885,
      1.0311899151793327
    ],
    "obj_class": "sign",
    "point_num_in_lidar": 86,
    "speed": 7.051421415614081e-29,
    "if_vehicle": false,
    "motion_state": false,
    "pose": [
      [
        -0.018434532539217636,
        -0.9997411960689226,
        -0.01333074989415639,
        -5.0696691966480785
      ],
      [
        0.9976266904372699,
        -0.017507593803976942,
        -0.06659182146761468,
        -42.402145628278504
      ],
      [
        0.06634119788819196,
        -0.014526700997644738,
        0.9976912450356998,
        -1.6337060339246863
      ],
      [
        0.0,
        0.0,
        0.0,
        1.0
      ]
    ],
    "location": [
      -5.0696691966480785,
      -42.402145628278504,
      -1.6337060339246863
    ],
    "rotation": [
      -0.014559288390279075,
      -0.0663899574967616,
      1.5892726115451592
    ]
  },
  {
    "label_id": "Nqn-60j6K3SDijkPy2jP0A",
    "size": [
      0.761764286580321,
      1.0236133004027541,
      1.1999999999999993
    ],
    "obj_class": "sign",
    "point_num_in_lidar": 53,
    "speed": 1.9860273225978185e-14,
    "if_vehicle": false,
    "motion_state": false,
    "pose": [
      [
        -0.032883657399307986,
        -0.9993702798178984,
        -0.01333074989415639,
        14.254831837314455
      ],
      [
        0.9972693938076652,
        -0.03192625076825334,
        -0.06659182146761468,
        -58.6382563183073
      ],
      [
        0.06612428638962392,
        -0.015484131508683862,
        0.9976912450356998,
        -2.6086405094276204
      ],
      [
        0.0,
        0.0,
        0.0,
        1.0
      ]
    ],
    "location": [
      14.254831837314455,
      -58.6382563183073,
      -2.6086405094276204
    ],
    "rotation": [
      -0.015518717387027623,
      -0.06617256865559731,
      1.603758079784104
    ]
  },
  {
    "label_id": "QDVEnIR7naYiy3U9lHiF0Q",
    "size": [
      2.0821810771242704,
      5.2704203782678345,
      2.0460419520279647
    ],
    "obj_class": "vehicle",
    "point_num_in_lidar": 116,
    "speed": 3.554447978966673e-14,
    "if_vehicle": true,
    "motion_state": false,
    "pose": [
      [
        0.15190628031584658,
        0.9883050000419218,
        -0.01333074989415639,
        23.034876760816417
      ],
      [
        -0.9863333762576447,
        0.15070501051332355,
        -0.06659182146761468,
        -67.30073489691506
      ],
      [
        -0.06380401931539326,
        0.023264279449751794,
        0.9976912450356998,
        -2.5616684592882732
      ],
      [
        0.0,
        0.0,
        0.0,
        1.0
      ]
    ],
    "location": [
      23.034876760816417,
      -67.30073489691506,
      -2.5616684592882732
    ],
    "rotation": [
      0.02331389035446724,
      0.06384738933929947,
      -1.4179858778773098
    ]
  },
  {
    "label_id": "SjUOrL45KnzmIi-re1XD_A",
    "size": [
      2.3214774507527793,
      4.913178953138767,
      1.6300000000000043
    ],
    "obj_class": "vehicle",
    "point_num_in_lidar": 156,
    "speed": 2.1317438523750434e-13,
    "if_vehicle": true,
    "motion_state": false,
    "pose": [
      [
        -0.049825213282720604,
        -0.9986689838122494,
        -0.01333074989415639,
        12.564276301109814
      ],
      [
        0.9965846345744865,
        -0.048832319662931646,
        -0.06659182146761468,
        -59.365440862346645
      ],
      [
        0.06585221523509145,
        -0.01660317221938047,
        0.9976912450356998,
        -2.4314922983251774
      ],
      [
        0.0,
        0.0,
        0.0,
        1.0
      ]
    ],
    "location": [
      12.564276301109814,
      -59.365440862346645,
      -2.4314922983251774
    ],
    "rotation": [
      -0.016640057580794215,
      -0.06589990319859436,
      1.6207507003539359
    ]
  },
  {
    "label_id": "TDnHTGfixp8YOmZl6aYmUg",
    "size": [
      0.7962296755069187,
      1.1287846662723604,
      1.0511899151793331
    ],
    "obj_class": "sign",
    "point_num_in_lidar": 36,
    "speed": 3.580361673049448e-14,
    "if_vehicle": false,
    "motion_state": false,
    "pose": [
      [
        -0.018434532539245162,
        -0.9997411960689222,
        -0.01333074989415639,
        -4.26833933829225
      ],
      [
        0.9976266904372695,
        -0.01750759380400441,
        -0.06659182146761468,
        -55.67129592390643
      ],
      [
        0.06634119788819157,
        -0.014526700997646564,
        0.9976912450356998,
        -2.4272345432890345
      ],
      [
        0.0,
        0.0,
        0.0,
        1.0
      ]
    ],
    "location": [
      -4.26833933829225,
      -55.67129592390643,
      -2.4272345432890345
    ],
    "rotation": [
      -0.014559288390280905,
      -0.06638995749676121,
      1.589272611545187
    ]
  },
  {
    "label_id": "_97KU6k1lx7ZVpU6wBMpeg",
    "size": [
      2.288116665344515,
      5.071750066375591,
      1.921386651855216
    ],
    "obj_class": "vehicle",
    "point_num_in_lidar": 2850,
    "speed": 0.020447070019469472,
    "if_vehicle": true,
    "motion_state": false,
    "pose": [
      [
        -0.08023891502654114,
        -0.9966865142172954,
        -0.01333074989415639,
        10.800207408383116
      ],
      [
        0.9946333940816373,
        -0.07918295707579878,
        -0.06659182146761468,
        -29.64073014516032
      ],
      [
        0.06531560221728014,
        -0.018602464517080728,
        0.9976912450356998,
        -0.45071058303197553
      ],
      [
        0.0,
        0.0,
        0.0,
        1.0
      ]
    ],
    "location": [
      10.800207408383116,
      -29.64073014516032,
      -0.45071058303197553
    ],
    "rotation": [
      -0.018643352151041414,
      -0.06536213238479623,
      1.6512938533163213
    ]
  },
  {
    "label_id": "agJMFK76sDQzIeE63d2w7A",
    "size": [
      0.8396696679473785,
      0.8171230561237959,
      0.9863211728939589
    ],
    "obj_class": "sign",
    "point_num_in_lidar": 124,
    "speed": 1.831026719408895e-14,
    "if_vehicle": false,
    "motion_state": false,
    "pose": [
      [
        -0.0784538434562612,
        -0.9968286139323048,
        -0.01333074989415639,
        -6.060583784848603
      ],
      [
        0.9947736059983275,
        -0.07740156408438721,
        -0.06659182146761468,
        -23.657813545583963
      ],
      [
        0.06534881220056435,
        -0.01848546247975931,
        0.9976912450356998,
        -0.47465112658319164
      ],
      [
        0.0,
        0.0,
        0.0,
        1.0
      ]
    ],
    "location": [
      -6.060583784848603,
      -23.657813545583963,
      -0.47465112658319164
    ],
    "rotation": [
      -0.018526119860184116,
      -0.06539541347081981,
      1.6494994510680083
    ]
  },
  {
    "label_id": "auOooDPcS5q1p_53EHycZg",
    "size": [
      2.0646533219326915,
      4.50592062313768,
      1.5935171151616743
    ],
    "obj_class": "vehicle",
    "point_num_in_lidar": 143,
    "speed": 5.370542509574172e-14,
    "if_vehicle": true,
    "motion_state": false,
    "pose": [
      [
        -0.9859753192191626,
        0.16635793037282615,
        -0.01333074989415639,
        36.109291744611184
      ],
      [
        -0.16512792643364693,
        -0.9840214922578417,
        -0.06659182146761468,
        -73.01347211095037
      ],
      [
        -0.024195822002872944,
        -0.06345661334108926,
        0.9976912450356998,
        -2.591957089798723
      ],
      [
        0.0,
        0.0,
        0.0,
        1.0
      ]
    ],
    "location": [
      36.109291744611184,
      -73.01347211095037,
      -2.591957089798723
    ],
    "rotation": [
      -0.06351789857778864,
      0.024198183483194205,
      -2.9756559060753878
    ]
  },
  {
    "label_id": "bbXGUt1GvNBwGyS4Fx0khw",
    "size": [
      2.2276603373750414,
      4.893110129792886,
      2.0000000000000044
    ],
    "obj_class": "vehicle",
    "point_num_in_lidar": 1036,
    "speed": 0.014505641661485403,
    "if_vehicle": true,
    "motion_state": false,
    "pose": [
      [
        -0.06771916947219038,
        -0.9976153593410921,
        -0.01333074989415639,
        11.35795895866383
      ],
      [
        0.9955491434514856,
        -0.06668907171822815,
        -0.06659182146761468,
        -39.962708347021135
      ],
      [
        0.0655440085668431,
        -0.017780959482120617,
        0.9976912450356998,
        -0.9700905972380598
      ],
      [
        0.0,
        0.0,
        0.0,
        1.0
      ]
    ],
    "location": [
      11.35795895866383,
      -39.962708347021135,
      -0.9700905972380598
    ],
    "rotation": [
      -0.01782021978795909,
      -0.06559102922085688,
      1.6387136303134675
    ]
  },
  {
    "label_id": "bt0JgK4wmCTNwXTjOI9DVA",
    "size": [
      0.833870914319397,
      0.776021301024688,
      1.126207121866221
    ],
    "obj_class": "sign",
    "point_num_in_lidar": 291,
    "speed": 7.108895957933346e-14,
    "if_vehicle": false,
    "motion_state": false,
    "pose": [
      [
        -0.1323611633897226,
        -0.9911119076740925,
        -0.01333074989415639,
        -5.439584353165131
      ],
      [
        0.9891169475232228,
        -0.1311990603471214,
        -0.06659182146761468,
        -30.965258991537326
      ],
      [
        0.06425096535042436,
        -0.021999841605197672,
        0.9976912450356998,
        -0.9102236686038063
      ],
      [
        0.0,
        0.0,
        0.0,
        1.0
      ]
    ],
    "location": [
      -5.439584353165131,
      -30.965258991537326,
      -0.9102236686038063
    ],
    "rotation": [
      -0.022047178475523344,
      -0.06429525433660785,
      1.703823544713352
    ]
  },
  {
    "label_id": "e395WJBHUGGz23_cnf-9bQ",
    "size": [
      2.2143668834732857,
      4.400387997189263,
      1.7363276684535638
    ],
    "obj_class": "vehicle",
    "point_num_in_lidar": 138,
    "speed": 1.9006492870266292,
    "if_vehicle": true,
    "motion_state": true,
    "pose": [
      [
        -0.986536711829962,
        0.16299572791636585,
        -0.01333074989415639,
        25.52915268614079
      ],
      [
        -0.16177239181161626,
        -0.9845787030812593,
        -0.06659182146761468,
        -80.64352497124094
      ],
      [
        -0.02397935485527966,
        -0.06353872929040832,
        0.9976912450356998,
        -2.5376248946941313
      ],
      [
        0.0,
        0.0,
        0.0,
        1.0
      ]
    ],
    "location": [
      25.52915268614079,
      -80.64352497124094,
      -2.5376248946941313
    ],
    "rotation": [
      -0.0635998725048045,
      0.02398165350942741,
      -2.979059063150549
    ]
  },
  {
    "label_id": "fc4qoqiOrYcBeCY2itubyA",
    "size": [
      1.9746309587090438,
      4.268983569132553,
      1.4639776465190382
    ],
    "obj_class": "vehicle",
    "point_num_in_lidar": 256,
    "speed": 0.007650863821972841,
    "if_vehicle": true,
    "motion_state": false,
    "pose": [
      [
        -0.08156813807070246,
        -0.9965786120316542,
        -0.01333074989415639,
        11.607668131809547
      ],
      [
        0.9945269020675661,
        -0.08050944278477619,
        -0.06659182146761468,
        -44.91858136839335
      ],
      [
        0.0652907337649734,
        -0.01868956028232285,
        0.9976912450356998,
        -1.5299677981248836
      ],
      [
        0.0,
        0.0,
        0.0,
        1.0
      ]
    ],
    "location": [
      11.607668131809547,
      -44.91858136839335,
      -1.5299677981248836
    ],
    "rotation": [
      -0.01873061898336071,
      -0.06533721073648326,
      1.6526301869439077
    ]
  },
  {
    "label_id": "iuT6AwtQpCbc9M0iGh3j9w",
    "size": [
      2.131744392604755,
      4.751092980351478,
      1.712260309168392
    ],
    "obj_class": "vehicle",
    "point_num_in_lidar": 106,
    "speed": 6.921677693959352,
    "if_vehicle": true,
    "motion_state": true,
    "pose": [
      [
        -0.9998983960384844,
        0.005048634164367796,
        -0.01333074989415639,
        36.38504548667664
      ],
      [
        -0.004150086891301698,
        -0.9977716703196279,
        -0.06659182146761468,
        -76.92132521486371
      ],
      [
        -0.013637242333434501,
        -0.06652973170436206,
        0.9976912450356998,
        -2.280472723061375
      ],
      [
        0.0,
        0.0,
        0.0,
        1.0
      ]
    ],
    "location": [
      36.38504548667664,
      -76.92132521486371,
      -2.280472723061375
    ],
    "rotation": [
      -0.06658510977444658,
      0.013637665065091037,
      -3.137442168823348
    ]
  },
  {
    "label_id": "op516gA0LiM91RFRCh0Qwg",
    "size": [
      1.9930368581776392,
      4.7185740620167955,
      1.9805953887445877
    ],
    "obj_class": "vehicle",
    "point_num_in_lidar": 5313,
    "speed": 0.045563160743457426,
    "if_vehicle": true,
    "motion_state": false,
    "pose": [
      [
        0.04247327964561552,
        0.9990086644386048,
        -0.01333074989415639,
        -4.469891942841514
      ],
      [
        -0.9969170635865351,
        0.041495754525323565,
        -0.06659182146761468,
        -21.67186246766414
      ],
      [
        -0.06597263710164936,
        0.016118025095193802,
        0.9976912450356998,
        0.07065438618641551
      ],
      [
        0.0,
        0.0,
        0.0,
        1.0
      ]
    ],
    "location": [
      -4.469891942841514,
      -21.67186246766414,
      0.07065438618641551
    ],
    "rotation": [
      0.016153918515744367,
      0.06602058750391418,
      -1.5282174497448573
    ]
  },
  {
    "label_id": "p65_dOfmQkmZo7JqvWBsSw",
    "size": [
      0.8916477119127413,
      1.3736536652180864,
      1.8155989146434655
    ],
    "obj_class": "pedestrian",
    "point_num_in_lidar": 23,
    "speed": 0.06905030208798646,
    "if_vehicle": false,
    "motion_state": false,
    "pose": [
      [
        0.17396996285019767,
        0.9846607248860698,
        -0.01333074989415639,
        -6.978242933482193
      ],
      [
        -0.9827164584300518,
        0.1727249016335565,
        -0.06659182146761468,
        -76.9099107470164
      ],
      [
        -0.0632677987336155,
        0.024685324031050074,
        0.9976912450356998,
        -3.3395682209965942
      ],
      [
        0.0,
        0.0,
        0.0,
        1.0
      ]
    ],
    "location": [
      -6.978242933482193,
      -76.9099107470164,
      -3.3395682209965942
    ],
    "rotation": [
      0.024737401118971863,
      0.06331008315233522,
      -1.3955819903575728
    ]
  },
  {
    "label_id": "rmtoge8lH9ELbT6J6nkCPw",
    "size": [
      2.043702290774894,
      4.743477809726895,
      1.5709305980602917
    ],
    "obj_class": "vehicle",
    "point_num_in_lidar": 58,
    "speed": 8.881784197001252e-14,
    "if_vehicle": true,
    "motion_state": false,
    "pose": [
      [
        0.9905092943360811,
        -0.13679776657934953,
        -0.01333074989415639,
        -12.596471384913968
      ],
      [
        0.1356267422968261,
        0.9885195577668536,
        -0.06659182146761468,
        -95.6382945951093
      ],
      [
        0.02228731943929247,
        0.06415181190992311,
        0.9976912450356998,
        -3.928101020872602
      ],
      [
        0.0,
        0.0,
        0.0,
        1.0
      ]
    ],
    "location": [
      -12.596471384913968,
      -95.6382945951093,
      -3.928101020872602
    ],
    "rotation": [
      0.06421186765345399,
      -0.022289164961845843,
      0.13608003399146756
    ]
  }
]