[
  {
    "label_id": "0FthUnFInpdwtS3fei1NLw",
    "size": [
      2.2397743837265476,
      4.869392282684742,
      2.1004180595197823
    ],
    "obj_class": "vehicle",
    "point_num_in_lidar": 337,
    "speed": 0.004987041599084936,
    "if_vehicle": true,
    "motion_state": false,
    "pose": [
      [
        0.03601144276617494,
        0.9992897216494797,
        -0.01110081959154052,
        -2.636893228868317
      ],
      [
        -0.9972185790114859,
        0.03520704046369593,
        -0.06569299792291766,
        -54.81225732722885
      ],
      [
        -0.06525551060417267,
        0.013435643173778499,
        0.9977781325667023,
        -2.0737591830007247
      ],
      [
        0.0,
        0.0,
        0.0,
        1.0
      ]
    ],
    "location": [
      -2.636893228868317,
      -54.81225732722885,
      -2.0737591830007247
    ],
    "rotation": [
      0.013464748091045888,
      0.06530191229949925,
      -1.5347001268568508
    ]
  },
  {
    "label_id": "2ZzcZmYwGNGC34_vckVgMg",
    "size": [
      2.1352331253612555,
      4.64124244299159,
      1.4900000000000038
    ],
    "obj_class": "vehicle",
    "point_num_in_lidar": 237,
    "speed": 8.89911452410874e-14,
    "if_vehicle": true,
    "motion_state": false,
    "pose": [
      [
        -0.08517742544764696,
        -0.99630395863838,
        -0.01110081959154052,
        20.65083283612418
      ],
      [
        0.9942749413328507,
        -0.08427200639272693,
        -0.06569299792291766,
        -50.447396535438884
      ],
      [
        0.06451470554584292,
        -0.016632827181137254,
        0.9977781325667023,
        -1.8427229876726496
      ],
      [
        0.0,
        0.0,
        0.0,
        1.0
      ]
    ],
    "location": [
      20.65083283612418,
      -50.447396535438884,
      -1.8427229876726496
    ],
    "rotation": [
      -0.016668321571024058,
      -0.06455954285933646,
      1.6562555521182618
    ]
  },
  {
    "label_id": "BOBPYchErBQE6-5HVkKRGA",
    "size": [
      0.510240115301112,
      0.08965668545129057,
      0.5251665147398521
    ],
    "obj_class": "sign",
    "point_num_in_lidar": 44,
    "speed": 0.008119029219074725,
    "if_vehicle": false,
    "motion_state": false,
    "pose": [
      [
        -0.050478256086126765,
        -0.9986634655713104,
        -0.01110081959154052,
        13.793418884333121
      ],
      [
        0.9966041885485322,
        -0.049643946170923076,
        -0.06569299792291766,
        -44.01354586196135
      ],
      [
        0.06505410847921426,
        -0.014379191273469318,
        0.9977781325667023,
        0.3672859949620282
      ],
      [
        0.0,
        0.0,
        0.0,
        1.0
      ]
    ],
    "location": [
      13.793418884333121,
      -44.01354586196135,
      0.3672859949620282
    ],
    "rotation": [
      -0.014410213543789487,
      -0.06510008131725308,
      1.6214033346086676
    ]
  },
  {
    "label_id": "FC_Nzw77TdePKfA1A8_YUw",
    "size": [
      1.9791979559302662,
      4.6815017276940125,
      1.6894924373811975
    ],
    "obj_class": "vehicle",
    "point_num_in_lidar": 81,
    "speed": 0.029302881898678464,
    "if_vehicle": true,
    "motion_state": false,
    "pose": [
      [
        0.0914968620619696,
        0.9957434890759814,
        -0.01110081959154052,
        -1.833174448917049
      ],
      [
        -0.9937202571314082,
        0.09057858792555497,
        -0.06569299792291766,
        -67.26005354386041
      ],
      [
        -0.06440787839620915,
        0.01704181246826547,
        0.9977781325667023,
        -3.0948715854940447
      ],
      [
        0.0,
        0.0,
        0.0,
        1.0
      ]
    ],
    "location": [
      -1.833174448917049,
      -67.26005354386041,
      -3.0948715854940447
    ],
    "rotation": [
      0.017078100898557196,
      0.06445249306836842,
      -1.4789801399586924
    ]
  },
  {
    "label_id": "H77al2aLVyQfPGZQ91uLDw",
    "size": [
      2.100408033466011,
      4.321158116249892,
      1.6473094557536303
    ],
    "obj_class": "vehicle",
    "point_num_in_lidar": 44,
    "speed": 0.027705504937790726,
    "if_vehicle": true,
    "motion_state": false,
    "pose": [
      [
        0.9863207539971454,
        -0.16446319356895286,
        -0.01110081959154052,
        28.827246220741102
      ],
      [
        0.16339864289379386,
        0.9843705163831178,
        -0.06569299792291766,
        -55.5809064246605
      ],
      [
        0.021731399747122196,
        0.06298050838739849,
        0.9977781325667023,
        -1.986030180538994
      ],
      [
        0.0,
        0.0,
        0.0,
        1.0
      ]
    ],
    "location": [
      28.827246220741102,
      -55.5809064246605,
      -1.986030180538994
    ],
    "rotation": [
      0.06303712497094482,
      -0.0217331105665033,
      0.16417374242215568
    ]
  },
  {
    "label_id": "HQ79XKCpGS7EMRFYkBU-8A",
    "size": [
      0.510240115301112,
      0.08965668545129057,
      0.5251665147398521
    ],
    "obj_class": "sign",
    "point_num_in_lidar": 40,
    "speed": 0.008119029219373495,
    "if_vehicle": false,
    "motion_state": false,
    "pose": [
      [
        -0.050478256086126765,
        -0.9986634655713104,
        -0.01110081959154052,
        13.790619283839533
      ],
      [
        0.9966041885485322,
        -0.049643946170923076,
        -0.06569299792291766,
        -44.01663967704826
      ],
      [
        0.06505410847921426,
        -0.014379191273469318,
        0.9977781325667023,
        0.9155787068032488
      ],
      [
        0.0,
        0.0,
        0.0,
        1.0
      ]
    ],
    "location": [
      13.790619283839533,
      -44.01663967704826,
      0.9155787068032488
    ],
    "rotation": [
      -0.014410213543789487,
      -0.06510008131725308,
      1.6214033346086676
    ]
  },
  {
    "label_id": "KclHjYw0mozzMvMK8NDx3Q",
    "size": [
      2.0645906151284126,
      4.380822220647019,
      1.9700000000000042
    ],
    "obj_class": "vehicle",
    "point_num_in_lidar": 578,
    "speed": 0.007426979763354543,
    "if_vehicle": true,
    "motion_state": false,
    "pose": [
      [
        0.044050693217133174,
        0.998967621212763,
        -0.01110081959154052,
        -3.281289852850705
      ],
      [
        -0.9969030179454049,
        0.043229652268358974,
        -0.06569299792291766,
        -43.63783015956278
      ],
      [
        -0.06514529329455594,
        0.013960262650490433,
        0.9977781325667023,
        -1.3119438656593907
      ],
      [
        0.0,
        0.0,
        0.0,
        1.0
      ]
    ],
    "location": [
      -3.281289852850705,
      -43.63783015956278,
      -1.3119438656593907
    ],
    "rotation": [
      0.013990436709445046,
      0.06519145996825138,
      -1.5266375112065018
    ]
  },
  {
    "label_id": "LL6B_Rm4x-qfLkApf2lzsQ",
    "size": [
      0.7653894297313418,
      0.8266685395879885,
      1.0311899151793327
    ],
    "obj_class": "sign",
    "point_num_in_lidar": 89,
    "speed": 8.461707716164747e-29,
    "if_vehicle": false,
    "motion_state": false,
    "pose": [
      [
        -0.018435034784724257,
        -0.9997684338369972,
        -0.01110081959154052,
        -5.069669196648107
      ],
      [
        0.9976834673240366,
        -0.01766717442568603,
        -0.06569299792291766,
        -42.40214562827873
      ],
      [
        0.06548166553146068,
        -0.012286156882048547,
        0.9977781325667023,
        -1.6337060339247023
      ],
      [
        0.0,
        0.0,
        0.0,
        1.0
      ]
    ],
    "location": [
      -5.069669196648107,
      -42.40214562827873,
      -1.6337060339247023
    ],
    "rotation": [
      -0.012312893602520567,
      -0.0655285519672391,
      1.5892720635626032
    ]
  },
  {
    "label_id": "Nqn-60j6K3SDijkPy2jP0A",
    "size": [
      0.7617642865803221,
      1.0236133004027541,
      1.1999999999999993
    ],
    "obj_class": "sign",
    "point_num_in_lidar": 40,
    "speed": 1.9860273225978185e-14,
    "if_vehicle": false,
    "motion_state": false,
    "pose": [
      [
        -0.03288455330862369,
        -0.9993975074804262,
        -0.01110081959154052,
        14.254831837314441
      ],
      [
        0.9973238580579523,
        -0.03208663541571549,
        -0.06569299792291766,
        -58.6382563183073
      ],
      [
        0.06529723043203133,
        -0.013231397114839984,
        0.9977781325667023,
        -2.608640509427623
      ],
      [
        0.0,
        0.0,
        0.0,
        1.0
      ]
    ],
    "location": [
      14.254831837314441,
      -58.6382563183073,
      -2.608640509427623
    ],
    "rotation": [
      -0.013260083762627356,
      -0.06534372129661345,
      1.6037571783709264
    ]
  },
  {
    "label_id": "QDVEnIR7naYiy3U9lHiF0Q",
    "size": [
      2.0821810771242686,
      5.2704203782678345,
      2.0460419520279647
    ],
    "obj_class": "vehicle",
    "point_num_in_lidar": 73,
    "speed": 3.554447978966673e-14,
    "if_vehicle": true,
    "motion_state": false,
    "pose": [
      [
        0.15191041897497826,
        0.9883319262329042,
        -0.01110081959154052,
        23.034876760816417
      ],
      [
        -0.9863683121834075,
        0.1508707484715164,
        -0.06569299792291766,
        -67.30073489691529
      ],
      [
        -0.06325169821674839,
        0.020928947522553122,
        0.9977781325667023,
        -2.5616684592882892
      ],
      [
        0.0,
        0.0,
        0.0,
        1.0
      ]
    ],
    "location": [
      23.034876760816417,
      -67.30073489691529,
      -2.5616684592882892
    ],
    "rotation": [
      0.020972477000027252,
      0.06329395032296428,
      -1.4179871077297264
    ]
  },
  {
    "label_id": "SjUOrL45KnzmIi-re1XD_A",
    "size": [
      2.3214774507527784,
      4.913178953138767,
      1.6300000000000043
    ],
    "obj_class": "vehicle",
    "point_num_in_lidar": 166,
    "speed": 2.1317438523750434e-13,
    "if_vehicle": true,
    "motion_state": false,
    "pose": [
      [
        -0.049826570761645456,
        -0.998696192368095,
        -0.01110081959154052,
        12.564276301109814
      ],
      [
        0.9966363713575491,
        -0.048993604798557626,
        -0.06569299792291766,
        -59.365440862346645
      ],
      [
        0.06506347772285502,
        -0.014336737366358617,
        0.9977781325667023,
        -2.431492298325179
      ],
      [
        0.0,
        0.0,
        0.0,
        1.0
      ]
    ],
    "location": [
      12.564276301109814,
      -59.365440862346645,
      -2.431492298325179
    ],
    "rotation": [
      -0.014367673908377215,
      -0.06510947045240993,
      1.6207494701289489
    ]
  },
  {
    "label_id": "TDnHTGfixp8YOmZl6aYmUg",
    "size": [
      0.7962296755069188,
      1.1287846662723604,
      1.0511899151793322
    ],
    "obj_class": "sign",
    "point_num_in_lidar": 31,
    "speed": 3.580361673049448e-14,
    "if_vehicle": false,
    "motion_state": false,
    "pose": [
      [
        -0.018435034784742906,
        -0.9997684338369969,
        -0.01110081959154052,
        -4.2683393382922645
      ],
      [
        0.9976834673240362,
        -0.01766717442570464,
        -0.06569299792291766,
        -55.67129592390643
      ],
      [
        0.06548166553146044,
        -0.012286156882049768,
        0.9977781325667023,
        -2.4224501390733657
      ],
      [
        0.0,
        0.0,
        0.0,
        1.0
      ]
    ],
    "location": [
      -4.2683393382922645,
      -55.67129592390643,
      -2.4224501390733657
    ],
    "rotation": [
      -0.012312893602521791,
      -0.06552855196723886,
      1.589272063562622
    ]
  },
  {
    "label_id": "_97KU6k1lx7ZVpU6wBMpeg",
    "size": [
      2.2881166653445173,
      5.071750066375591,
      1.921386651855216
    ],
    "obj_class": "vehicle",
    "point_num_in_lidar": 2547,
    "speed": 0.020447069677445872,
    "if_vehicle": true,
    "motion_state": false,
    "pose": [
      [
        -0.08024110112126896,
        -0.9967136687611154,
        -0.01110081959154052,
        10.79866699542005
      ],
      [
        0.9946801912768727,
        -0.07934574409067868,
        -0.06569299792291766,
        -29.63938479752403
      ],
      [
        0.06459630618116043,
        -0.016313043843935726,
        0.9977781325667023,
        -0.45071058303196665
      ],
      [
        0.0,
        0.0,
        0.0,
        1.0
      ]
    ],
    "location": [
      10.79866699542005,
      -29.63938479752403,
      -0.45071058303196665
    ],
    "rotation": [
      -0.016347913471018587,
      -0.06464131405976195,
      1.6512922660255434
    ]
  },
  {
    "label_id": "agJMFK76sDQzIeE63d2w7A",
    "size": [
      0.8396696679473784,
      0.8171230561237959,
      0.9863211728939589
    ],
    "obj_class": "sign",
    "point_num_in_lidar": 127,
    "speed": 1.831026719408895e-14,
    "if_vehicle": false,
    "motion_state": false,
    "pose": [
      [
        -0.07845598091704005,
        -0.9968557723476056,
        -0.01110081959154052,
        -6.0605837848486175
      ],
      [
        0.9948206946500293,
        -0.07756426703020354,
        -0.06569299792291766,
        -23.657813545584077
      ],
      [
        0.06462541724722737,
        -0.01619733364866457,
        0.9977781325667023,
        -0.4746511265832103
      ],
      [
        0.0,
        0.0,
        0.0,
        1.0
      ]
    ],
    "location": [
      -6.0605837848486175,
      -23.657813545584077,
      -0.4746511265832103
    ],
    "rotation": [
      -0.01623197638144178,
      -0.06467048607973463,
      1.6494978764214137
    ]
  },
  {
    "label_id": "auOooDPcS5q1p_53EHycZg",
    "size": [
      2.0646533219326835,
      4.50592062313768,
      1.5935171151616743
    ],
    "obj_class": "vehicle",
    "point_num_in_lidar": 145,
    "speed": 5.370542509574172e-14,
    "if_vehicle": true,
    "motion_state": false,
    "pose": [
      [
        -0.9860021819384112,
        0.1663624627645569,
        -0.01110081959154052,
        36.10929174461119
      ],
      [
        -0.16529415806337647,
        -0.9840539981799875,
        -0.06569299792291766,
        -73.01347211095049
      ],
      [
        -0.02185265482297369,
        -0.0629385386618752,
        0.9977781325667023,
        -2.5919570897987425
      ],
      [
        0.0,
        0.0,
        0.0,
        1.0
      ]
    ],
    "location": [
      36.10929174461119,
      -73.01347211095049,
      -2.5919570897987425
    ],
    "rotation": [
      -0.06299522860015115,
      0.02185439444424818,
      -2.975496356776856
    ]
  },
  {
    "label_id": "bbXGUt1GvNBwGyS4Fx0khw",
    "size": [
      2.227660337375042,
      4.893110129792886,
      2.0000000000000044
    ],
    "obj_class": "vehicle",
    "point_num_in_lidar": 926,
    "speed": 0.016725302146976883,
    "if_vehicle": true,
    "motion_state": false,
    "pose": [
      [
        -0.06772101446871578,
        -0.9976425391911294,
        -0.01110081959154052,
        11.356118687934824
      ],
      [
        0.9955979807528765,
        -0.06685125836283408,
        -0.06569299792291766,
        -39.96326105775381
      ],
      [
        0.06479602549634388,
        -0.015500750032870934,
        0.9977781325667023,
        -0.9700905972380749
      ],
      [
        0.0,
        0.0,
        0.0,
        1.0
      ]
    ],
    "location": [
      11.356118687934824,
      -39.96326105775381,
      -0.9700905972380749
    ],
    "rotation": [
      -0.015534017734443697,
      -0.06484145266394384,
      1.6387121536047047
    ]
  },
  {
    "label_id": "bt0JgK4wmCTNwXTjOI9DVA",
    "size": [
      0.8338709143193955,
      0.776021301024688,
      1.126207121866221
    ],
    "obj_class": "sign",
    "point_num_in_lidar": 262,
    "speed": 7.108895957933346e-14,
    "if_vehicle": false,
    "motion_state": false,
    "pose": [
      [
        -0.13236476954568072,
        -0.9911389103387653,
        -0.01110081959154052,
        -5.439584353165131
      ],
      [
        0.9891551493706388,
        -0.1313640761298501,
        -0.06569299792291766,
        -30.96525899153744
      ],
      [
        0.06365263746828051,
        -0.019675871392038653,
        0.9977781325667023,
        -0.9102236686038143
      ],
      [
        0.0,
        0.0,
        0.0,
        1.0
      ]
    ],
    "location": [
      -5.439584353165131,
      -30.96525899153744,
      -0.9102236686038143
    ],
    "rotation": [
      -0.01971713041099063,
      -0.06369569914898007,
      1.7038220490652722
    ]
  },
  {
    "label_id": "e395WJBHUGGz23_cnf-9bQ",
    "size": [
      2.214366883473357,
      4.400387997189263,
      1.7363276684535638
    ],
    "obj_class": "vehicle",
    "point_num_in_lidar": 129,
    "speed": 2.150385609871414,
    "if_vehicle": true,
    "motion_state": true,
    "pose": [
      [
        -0.986272106420634,
        0.16475467793359294,
        -0.01110081959154052,
        25.756742061161148
      ],
      [
        -0.16368955094294713,
        -0.9843221835029402,
        -0.06569299792291766,
        -80.60377151610282
      ],
      [
        -0.021750011694299867,
        -0.06297408326448439,
        0.9977781325667023,
        -2.5469978551511785
      ],
      [
        0.0,
        0.0,
        0.0,
        1.0
      ]
    ],
    "location": [
      25.756742061161148,
      -80.60377151610282,
      -2.5469978551511785
    ],
    "rotation": [
      -0.06303071109222856,
      0.02175172691378663,
      -2.977123894126719
    ]
  },
  {
    "label_id": "fc4qoqiOrYcBeCY2itubyA",
    "size": [
      1.9746309587090447,
      4.268983569132553,
      1.4639776465190382
    ],
    "obj_class": "vehicle",
    "point_num_in_lidar": 224,
    "speed": 0.007650863885981222,
    "if_vehicle": true,
    "motion_state": false,
    "pose": [
      [
        -0.08157036037987216,
        -0.9966057636356986,
        -0.01110081959154052,
        11.607564482835073
      ],
      [
        0.9945734821099165,
        -0.0806722920689324,
        -0.06569299792291766,
        -44.91933958663412
      ],
      [
        0.06457449180019442,
        -0.016399182310439023,
        0.9977781325667023,
        -1.5299677981248818
      ],
      [
        0.0,
        0.0,
        0.0,
        1.0
      ]
    ],
    "location": [
      11.607564482835073,
      -44.91933958663412,
      -1.5299677981248818
    ],
    "rotation": [
      -0.016434220559880777,
      -0.06461945403908649,
      1.6526285909133749
    ]
  },
  {
    "label_id": "iuT6AwtQpCbc9M0iGh3j9w",
    "size": [
      2.1317443926047224,
      4.751092980351478,
      1.712260309168392
    ],
    "obj_class": "vehicle",
    "point_num_in_lidar": 92,
    "speed": 7.201162828124492,
    "if_vehicle": true,
    "motion_state": true,
    "pose": [
      [
        -0.9999287690734896,
        0.004385040886015862,
        -0.01110081959154052,
        37.11870273708377
      ],
      [
        -0.003646553091142054,
        -0.9978332188669873,
        -0.06569299792291766,
        -76.9178118037961
      ],
      [
        -0.01136483302690554,
        -0.06564783882181462,
        0.9977781325667023,
        -2.2450611158180864
      ],
      [
        0.0,
        0.0,
        0.0,
        1.0
      ]
    ],
    "location": [
      37.11870273708377,
      -76.9178118037961,
      -2.2450611158180864
    ],
    "rotation": [
      -0.0656993326770192,
      0.011365077687018,
      -3.1379458568992815
    ]
  },
  {
    "label_id": "op516gA0LiM91RFRCh0Qwg",
    "size": [
      1.993036858177638,
      4.7185740620167955,
      1.9805953887445877
    ],
    "obj_class": "vehicle",
    "point_num_in_lidar": 5302,
    "speed": 0.04336058660908716,
    "if_vehicle": true,
    "motion_state": false,
    "pose": [
      [
        0.042474436822438094,
        0.9990358822489875,
        -0.01110081959154052,
        -4.4709995408131675
      ],
      [
        -0.9969699860881622,
        0.041656654489640135,
        -0.06569299792291766,
        -21.667969229047117
      ],
      [
        -0.06516723913122631,
        0.013857457043698873,
        0.9977781325667023,
        0.08002918786646163
      ],
      [
        0.0,
        0.0,
        0.0,
        1.0
      ]
    ],
    "location": [
      -4.4709995408131675,
      -21.667969229047117,
      0.08002918786646163
    ],
    "rotation": [
      0.013887422191335182,
      0.06521345253753022,
      -1.5282185486525905
    ]
  },
  {
    "label_id": "rmtoge8lH9ELbT6J6nkCPw",
    "size": [
      2.0437022907749003,
      4.743477809726895,
      1.5709305980602917
    ],
    "obj_class": "vehicle",
    "point_num_in_lidar": 42,
    "speed": 8.881784197001252e-14,
    "if_vehicle": true,
    "motion_state": false,
    "pose": [
      [
        0.9905362805826629,
        -0.13680149360975696,
        -0.01110081959154052,
        -12.596471384913954
      ],
      [
        0.1357919274827609,
        0.9885570203354059,
        -0.06569299792291766,
        -95.63829459510941
      ],
      [
        0.01996069337425199,
        0.06356389613391777,
        0.9977781325667023,
        -3.928101020872611
      ],
      [
        0.0,
        0.0,
        0.0,
        1.0
      ]
    ],
    "location": [
      -12.596471384913954,
      -95.63829459510941,
      -3.928101020872611
    ],
    "rotation": [
      0.06361947005951513,
      -0.01996201909940739,
      0.1362400630228928
    ]
  }
]