[
  {
    "label_id": "0FthUnFInpdwtS3fei1NLw",
    "size": [
      2.2397743837265476,
      4.869392282684742,
      2.1004180595197823
    ],
    "obj_class": "vehicle",
    "point_num_in_lidar": 200,
    "speed": 0.004987041599085801,
    "if_vehicle": true,
    "motion_state": false,
    "pose": [
      [
        0.03601118271092347,
        0.9992825053170189,
        -0.011733255605430024,
        -2.636213181372497
      ],
      [
        -0.9975764747061207,
        0.035245304784627285,
        -0.059991212719427034,
        -54.81568297926424
      ],
      [
        -0.05953462717334595,
        0.013865174285979874,
        0.9981299439999534,
        -2.0715715049689276
      ],
      [
        0.0,
        0.0,
        0.0,
        1.0
      ]
    ],
    "location": [
      -2.636213181372497,
      -54.81568297926424,
      -2.0715715049689276
    ],
    "rotation": [
      0.013890258122849697,
      0.05956985219434622,
      -1.5347133260242118
    ]
  },
  {
    "label_id": "2ZzcZmYwGNGC34_vckVgMg",
    "size": [
      2.1352331253612533,
      4.64124244299159,
      1.4900000000000038
    ],
    "obj_class": "vehicle",
    "point_num_in_lidar": 120,
    "speed": 8.89911452410874e-14,
    "if_vehicle": true,
    "motion_state": false,
    "pose": [
      [
        -0.08517681034213195,
        -0.9962967638674924,
        -0.011733255605430024,
        20.65083283612416
      ],
      [
        0.9946305184960312,
        -0.08432784873793903,
        -0.059991212719427034,
        -50.44739653543877
      ],
      [
        0.05877961088895323,
        -0.01678011425447246,
        0.9981299439999534,
        -1.8011171965961568
      ],
      [
        0.0,
        0.0,
        0.0,
        1.0
      ]
    ],
    "location": [
      20.65083283612416,
      -50.44739653543877,
      -1.8011171965961568
    ],
    "rotation": [
      -0.01680996926127361,
      -0.05881351129991855,
      1.656224535254332
    ]
  },
  {
    "label_id": "AJ0q_6oQDfTnsT5VhV-_2Q",
    "size": [
      2.0376148484864607,
      4.404962483824093,
      1.8466878336803472
    ],
    "obj_class": "vehicle",
    "point_num_in_lidar": 70,
    "speed": 14.847607430201009,
    "if_vehicle": true,
    "motion_state": true,
    "pose": [
      [
        -0.9857945250018075,
        0.16754547200493997,
        -0.011733255605430024,
        -8.733113480397733
      ],
      [
        -0.16656118984060014,
        -0.9842044627186651,
        -0.059991212719427034,
        -83.46811785175339
      ],
      [
        -0.021599178580308184,
        -0.05718470403268566,
        0.9981299439999534,
        -3.385074462241916
      ],
      [
        0.0,
        0.0,
        0.0,
        1.0
      ]
    ],
    "location": [
      -8.733113480397733,
      -83.46811785175339,
      -3.385074462241916
    ],
    "rotation": [
      -0.05722928208855994,
      0.021600858357364312,
      -2.974212129652894
    ]
  },
  {
    "label_id": "AYQ7lrPVr4ZXBDuzirBKFQ",
    "size": [
      1.9693148807954197,
      4.321744333266535,
      1.7400000000000042
    ],
    "obj_class": "vehicle",
    "point_num_in_lidar": 5881,
    "speed": 2.2275279979707747,
    "if_vehicle": true,
    "motion_state": true,
    "pose": [
      [
        -0.06486239934728519,
        -0.9978252351307871,
        -0.011733255605430024,
        5.165390445276785
      ],
      [
        0.996142040366492,
        -0.06404755897717651,
        -0.059991212719427034,
        -17.523956905074897
      ],
      [
        0.059109259557160294,
        -0.015579163175670053,
        0.9981299439999534,
        0.3637323455078212
      ],
      [
        0.0,
        0.0,
        0.0,
        1.0
      ]
    ],
    "location": [
      5.165390445276785,
      -17.523956905074897,
      0.3637323455078212
    ],
    "rotation": [
      -0.015607084347048439,
      -0.0591437341395892,
      1.6358181427012295
    ]
  },
  {
    "label_id": "BOBPYchErBQE6-5HVkKRGA",
    "size": [
      0.5102401153011137,
      0.08965668545129057,
      0.5251665147398521
    ],
    "obj_class": "sign",
    "point_num_in_lidar": 31,
    "speed": 0.008505132799255603,
    "if_vehicle": false,
    "motion_state": false,
    "pose": [
      [
        -0.05047789155933109,
        -0.9986562537613339,
        -0.011733255605430024,
        13.79432967504627
      ],
      [
        0.9969614926157633,
        -0.04968738912241297,
        -0.059991212719427034,
        -44.00765963755339
      ],
      [
        0.05932760491604257,
        -0.014725833951795787,
        0.9981299439999534,
        0.38652447158653036
      ],
      [
        0.0,
        0.0,
        0.0,
        1.0
      ]
    ],
    "location": [
      13.79432967504627,
      -44.00765963755339,
      0.38652447158653036
    ],
    "rotation": [
      -0.014752353392715346,
      -0.05936246335803436,
      1.6213848636407122
    ]
  },
  {
    "label_id": "FC_Nzw77TdePKfA1A8_YUw",
    "size": [
      1.9791979559302373,
      4.6815017276940125,
      1.6894924373811975
    ],
    "obj_class": "vehicle",
    "point_num_in_lidar": 45,
    "speed": 0.029302881163293347,
    "if_vehicle": true,
    "motion_state": false,
    "pose": [
      [
        0.09149620132088418,
        0.9957362983525034,
        -0.011733255605430024,
        -1.813235706713968
      ],
      [
        -0.9940754728404284,
        0.0906366851420078,
        -0.059991212719427034,
        -67.264908248001
      ],
      [
        -0.05867196469291985,
        0.01715270969038614,
        0.9981299439999534,
        -3.0934276677140593
      ],
      [
        0.0,
        0.0,
        0.0,
        1.0
      ]
    ],
    "location": [
      -1.813235706713968,
      -67.264908248001,
      -3.0934276677140593
    ],
    "rotation": [
      0.01718315494481836,
      0.05870567900163818,
      -1.4790134240011377
    ]
  },
  {
    "label_id": "HQ79XKCpGS7EMRFYkBU-8A",
    "size": [
      0.5102401153011137,
      0.08965668545129057,
      0.5251665147398521
    ],
    "obj_class": "sign",
    "point_num_in_lidar": 31,
    "speed": 0.008505132798989908,
    "if_vehicle": false,
    "motion_state": false,
    "pose": [
      [
        -0.05047789155933109,
        -0.9986562537613339,
        -0.011733255605430024,
        13.791530074552682
      ],
      [
        0.9969614926157633,
        -0.04968738912241297,
        -0.059991212719427034,
        -44.010753452640415
      ],
      [
        0.05932760491604257,
        -0.014725833951795787,
        0.9981299439999534,
        0.9331093952584748
      ],
      [
        0.0,
        0.0,
        0.0,
        1.0
      ]
    ],
    "location": [
      13.791530074552682,
      -44.010753452640415,
      0.9331093952584748
    ],
    "rotation": [
      -0.014752353392715346,
      -0.05936246335803436,
      1.6213848636407122
    ]
  },
  {
    "label_id": "Igomu2nuSP6CbWRKi0IzQQ",
    "size": [
      0.8756509835635466,
      0.877486198740949,
      1.094815857252211
    ],
    "obj_class": "sign",
    "point_num_in_lidar": 237,
    "speed": 5.347542221830668e-14,
    "if_vehicle": false,
    "motion_state": false,
    "pose": [
      [
        -0.0784554143502099,
        -0.996848573591814,
        -0.011733255605430024,
        -7.138473223023269
      ],
      [
        0.9951766403510404,
        -0.07761770993831645,
        -0.059991212719427034,
        -15.156515008010047
      ],
      [
        0.058891446397189545,
        -0.016383297345066092,
        0.9981299439999534,
        0.03606033651437013
      ],
      [
        0.0,
        0.0,
        0.0,
        1.0
      ]
    ],
    "location": [
      -7.138473223023269,
      -15.156515008010047,
      0.03606033651437013
    ],
    "rotation": [
      -0.016412518587053795,
      -0.05892554087819113,
      1.6494692774033772
    ]
  },
  {
    "label_id": "KclHjYw0mozzMvMK8NDx3Q",
    "size": [
      2.0645906151284135,
      4.380822220647019,
      1.9700000000000042
    ],
    "obj_class": "vehicle",
    "point_num_in_lidar": 333,
    "speed": 0.014201015432843491,
    "if_vehicle": true,
    "motion_state": false,
    "pose": [
      [
        0.044050375106739294,
        0.9989604072063382,
        -0.011733255605430024,
        -3.280071856949988
      ],
      [
        -0.9972605941749833,
        0.043270795026346356,
        -0.059991212719427034,
        -43.647700477414105
      ],
      [
        -0.0594211389887066,
        0.014343748880077048,
        0.9981299439999534,
        -1.3158241203792151
      ],
      [
        0.0,
        0.0,
        0.0,
        1.0
      ]
    ],
    "location": [
      -3.280071856949988,
      -43.647700477414105,
      -1.3158241203792151
    ],
    "rotation": [
      0.014369633623180158,
      0.059456162736511546,
      -1.5266536425222579
    ]
  },
  {
    "label_id": "Nqn-60j6K3SDijkPy2jP0A",
    "size": [
      0.7617642865803222,
      1.0236133004027541,
      1.1999999999999993
    ],
    "obj_class": "sign",
    "point_num_in_lidar": 43,
    "speed": 1.9860273225978185e-14,
    "if_vehicle": false,
    "motion_state": false,
    "pose": [
      [
        -0.03288431583406918,
        -0.9993902903695946,
        -0.011733255605430024,
        14.254831837314427
      ],
      [
        0.9976818717272368,
        -0.0321237797167453,
        -0.059991212719427034,
        -58.6382563183073
      ],
      [
        0.059577718980863205,
        -0.013678826400213985,
        0.9981299439999534,
        -2.608640509427615
      ],
      [
        0.0,
        0.0,
        0.0,
        1.0
      ]
    ],
    "location": [
      14.254831837314427,
      -58.6382563183073,
      -2.608640509427615
    ],
    "rotation": [
      -0.013703596640238855,
      -0.05961302062774707,
      1.6037451213092069
    ]
  },
  {
    "label_id": "QDVEnIR7naYiy3U9lHiF0Q",
    "size": [
      2.082181077124266,
      5.2704203782678345,
      2.0460419520279647
    ],
    "obj_class": "vehicle",
    "point_num_in_lidar": 25,
    "speed": 3.554447978966673e-14,
    "if_vehicle": true,
    "motion_state": false,
    "pose": [
      [
        0.15190932195970488,
        0.9883247890317434,
        -0.011733255605430024,
        23.034876760816402
      ],
      [
        -0.9867193350692841,
        0.15095035010519944,
        -0.059991212719427034,
        -67.30073489691517
      ],
      [
        -0.05751966361317271,
        0.02069065461693645,
        0.9981299439999534,
        -2.561668459288277
      ],
      [
        0.0,
        0.0,
        0.0,
        1.0
      ]
    ],
    "location": [
      23.034876760816402,
      -67.30073489691517,
      -2.561668459288277
    ],
    "rotation": [
      0.020726451353086903,
      0.05755142834158557,
      -1.418041713392088
    ]
  },
  {
    "label_id": "SjUOrL45KnzmIi-re1XD_A",
    "size": [
      2.3214774507527762,
      4.913178953138767,
      1.6300000000000043
    ],
    "obj_class": "vehicle",
    "point_num_in_lidar": 98,
    "speed": 2.1317438523750434e-13,
    "if_vehicle": true,
    "motion_state": false,
    "pose": [
      [
        -0.049826210940973954,
        -0.9986889803217831,
        -0.011733255605430024,
        12.564276301109814
      ],
      [
        0.9969937036972627,
        -0.04903681458320157,
        -0.059991212719427034,
        -59.36544086234642
      ],
      [
        0.059337201579451,
        -0.014687116782047357,
        0.9981299439999534,
        -2.431492298325167
      ],
      [
        0.0,
        0.0,
        0.0,
        1.0
      ]
    ],
    "location": [
      12.564276301109814,
      -59.36544086234642,
      -2.431492298325167
    ],
    "rotation": [
      -0.014713572103136742,
      -0.05937207695790307,
      1.6207312361778246
    ]
  },
  {
    "label_id": "Z5OZAUTb34FY2vz4RawbPg",
    "size": [
      1.8448350692434752,
      3.7343130673035665,
      1.7200000000000042
    ],
    "obj_class": "vehicle",
    "point_num_in_lidar": 2407,
    "speed": 0.10382259539908449,
    "if_vehicle": true,
    "motion_state": false,
    "pose": [
      [
        -0.04157655138904682,
        -0.9990664247623835,
        -0.011733255605430024,
        9.995447840161546
      ],
      [
        0.997364686497277,
        -0.04080118288286274,
        -0.059991212719427034,
        -12.287710497674198
      ],
      [
        0.059456475700989074,
        -0.01419656253702263,
        0.9981299439999534,
        0.5757842610676951
      ],
      [
        0.0,
        0.0,
        0.0,
        1.0
      ]
    ],
    "location": [
      9.995447840161546,
      -12.287710497674198,
      0.5757842610676951
    ],
    "rotation": [
      -0.014222201653256232,
      -0.05949156203648954,
      1.6124586131399428
    ]
  },
  {
    "label_id": "_97KU6k1lx7ZVpU6wBMpeg",
    "size": [
      2.2881166653445164,
      5.071750066375591,
      1.921386651855216
    ],
    "obj_class": "vehicle",
    "point_num_in_lidar": 1174,
    "speed": 0.020447069506443226,
    "if_vehicle": true,
    "motion_state": false,
    "pose": [
      [
        -0.0802405216632293,
        -0.996706471031522,
        -0.011733255605430024,
        10.787881839208922
      ],
      [
        0.9950360406974122,
        -0.07939982436800595,
        -0.059991212719427034,
        -29.629965385480546
      ],
      [
        0.05886201148814542,
        -0.016488738405934393,
        0.9981299439999534,
        -0.4507105830319711
      ],
      [
        0.0,
        0.0,
        0.0,
        1.0
      ]
    ],
    "location": [
      10.787881839208922,
      -29.629965385480546,
      -0.4507105830319711
    ],
    "rotation": [
      -0.016518128561175908,
      -0.05889605481852043,
      1.6512630242330157
    ]
  },
  {
    "label_id": "agustPTQy50BIJjPrfHUJg",
    "size": [
      1.9111363298310018,
      4.4729556239008765,
      1.3933782373620502
    ],
    "obj_class": "vehicle",
    "point_num_in_lidar": 74,
    "speed": 0.02195637291861703,
    "if_vehicle": true,
    "motion_state": false,
    "pose": [
      [
        0.15874925365770243,
        0.9872492112815385,
        -0.011733255605430024,
        25.347633820584846
      ],
      [
        -0.9856504361299455,
        0.1577791879599487,
        -0.059991212719427034,
        -66.51698130754198
      ],
      [
        -0.05737501389952608,
        0.021088448749945737,
        0.9981299439999534,
        -2.598691909091918
      ],
      [
        0.0,
        0.0,
        0.0,
        1.0
      ]
    ],
    "location": [
      25.347633820584846,
      -66.51698130754198,
      -2.598691909091918
    ],
    "rotation": [
      0.021124816284032726,
      0.057406539349141784,
      -1.411107304480719
    ]
  },
  {
    "label_id": "auOooDPcS5q1p_53EHycZg",
    "size": [
      2.0646533219326875,
      4.50592062313768,
      1.5935171151616743
    ],
    "obj_class": "vehicle",
    "point_num_in_lidar": 89,
    "speed": 5.370542509574172e-14,
    "if_vehicle": true,
    "motion_state": false,
    "pose": [
      [
        -0.9859950615614097,
        0.16636126138440163,
        -0.011733255605430024,
        36.10929174461117
      ],
      [
        -0.16537888983771282,
        -0.9844038181521332,
        -0.059991212719427034,
        -73.01347211095037
      ],
      [
        -0.021530475437324077,
        -0.057210606692226953,
        0.9981299439999534,
        -2.591957089798731
      ],
      [
        0.0,
        0.0,
        0.0,
        1.0
      ]
    ],
    "location": [
      36.10929174461117,
      -73.01347211095037,
      -2.591957089798731
    ],
    "rotation": [
      -0.057255148337596845,
      0.021532139233877354,
      -2.9754115942206396
    ]
  },
  {
    "label_id": "bbXGUt1GvNBwGyS4Fx0khw",
    "size": [
      2.227660337375044,
      4.893110129792886,
      2.0000000000000044
    ],
    "obj_class": "vehicle",
    "point_num_in_lidar": 548,
    "speed": 0.01921019276400725,
    "if_vehicle": true,
    "motion_state": false,
    "pose": [
      [
        -0.06772052542400335,
        -0.9976353347537337,
        -0.011733255605430024,
        11.343234086364092
      ],
      [
        0.9959544811053743,
        -0.06690086668031382,
        -0.059991212719427034,
        -39.967130845747874
      ],
      [
        0.05906438861464313,
        -0.015748424944365534,
        0.9981299439999534,
        -0.9700905972380562
      ],
      [
        0.0,
        0.0,
        0.0,
        1.0
      ]
    ],
    "location": [
      11.343234086364092,
      -39.967130845747874,
      -0.9700905972380562
    ],
    "rotation": [
      -0.015776621484656136,
      -0.05909878466347138,
      1.6386874291155376
    ]
  },
  {
    "label_id": "bt0JgK4wmCTNwXTjOI9DVA",
    "size": [
      0.8338709143193958,
      0.776021301024688,
      1.126207121866221
    ],
    "obj_class": "sign",
    "point_num_in_lidar": 137,
    "speed": 7.108895957933346e-14,
    "if_vehicle": false,
    "motion_state": false,
    "pose": [
      [
        -0.13236381367856365,
        -0.9911317528670766,
        -0.011733255605430024,
        -5.439584353165131
      ],
      [
        0.9895076756624492,
        -0.13143673079299203,
        -0.059991212719427034,
        -30.965258991537326
      ],
      [
        0.057917015060891114,
        -0.019550812184827782,
        0.9981299439999534,
        -0.910223668603801
      ],
      [
        0.0,
        0.0,
        0.0,
        1.0
      ]
    ],
    "location": [
      -5.439584353165131,
      -30.965258991537326,
      -0.910223668603801
    ],
    "rotation": [
      -0.019584937350323024,
      -0.057949443319916374,
      1.7037742645531062
    ]
  },
  {
    "label_id": "e395WJBHUGGz23_cnf-9bQ",
    "size": [
      2.2143668834733985,
      4.400387997189263,
      1.7363276684535638
    ],
    "obj_class": "vehicle",
    "point_num_in_lidar": 27,
    "speed": 4.358469167706392,
    "if_vehicle": true,
    "motion_state": true,
    "pose": [
      [
        -0.9846247950569387,
        0.17428810536573877,
        -0.011733255605430024,
        27.821800364328098
      ],
      [
        -0.17329296422182927,
        -0.9830415062181578,
        -0.059991212719427034,
        -80.23857055215205
      ],
      [
        -0.021990032066666523,
        -0.057035544885245704,
        0.9981299439999534,
        -2.5189768024676162
      ],
      [
        0.0,
        0.0,
        0.0,
        1.0
      ]
    ],
    "location": [
      27.821800364328098,
      -80.23857055215205,
      -2.5189768024676162
    ],
    "rotation": [
      -0.05708033111840506,
      0.021991804707944703,
      -2.96737785196037
    ]
  },
  {
    "label_id": "fc4qoqiOrYcBeCY2itubyA",
    "size": [
      1.9746309587090425,
      4.268983569132553,
      1.4639776465190382
    ],
    "obj_class": "vehicle",
    "point_num_in_lidar": 111,
    "speed": 0.007650863885891418,
    "if_vehicle": true,
    "motion_state": false,
    "pose": [
      [
        -0.08156977132263987,
        -0.9965985666853378,
        -0.011733255605430024,
        11.606838787578326
      ],
      [
        0.9949292590863607,
        -0.08072684689939243,
        -0.059991212719427034,
        -44.92464822942293
      ],
      [
        0.058839967881005206,
        -0.01656722880907289,
        0.9981299439999534,
        -1.5299677981248765
      ],
      [
        0.0,
        0.0,
        0.0,
        1.0
      ]
    ],
    "location": [
      11.606838787578326,
      -44.92464822942293,
      -1.5299677981248765
    ],
    "rotation": [
      -0.01659674446433939,
      -0.05887397293859022,
      1.652598870782496
    ]
  },
  {
    "label_id": "op516gA0LiM91RFRCh0Qwg",
    "size": [
      1.993036858177639,
      4.7185740620167955,
      1.9805953887445877
    ],
    "obj_class": "vehicle",
    "point_num_in_lidar": 3942,
    "speed": 0.04676224967236116,
    "if_vehicle": true,
    "motion_state": false,
    "pose": [
      [
        0.042474130094918974,
        0.9990286677496183,
        -0.011733255605430024,
        -4.478754355547721
      ],
      [
        -0.9973276267889359,
        0.04169723300173956,
        -0.059991212719427034,
        -21.640710832979494
      ],
      [
        -0.05944369702692458,
        0.014249974541068406,
        0.9981299439999534,
        0.14566658705289637
      ],
      [
        0.0,
        0.0,
        0.0,
        1.0
      ]
    ],
    "location": [
      -4.478754355547721,
      -21.640710832979494,
      0.14566658705289637
    ],
    "rotation": [
      0.014275702863902928,
      0.059478760720473985,
      -1.5282341055579325
    ]
  }
]