[
  {
    "label_id": "0FthUnFInpdwtS3fei1NLw",
    "size": [
      2.2397743837265485,
      4.869392282684742,
      2.1004180595197823
    ],
    "obj_class": "vehicle",
    "point_num_in_lidar": 983,
    "speed": 0.008242303268012199,
    "if_vehicle": true,
    "motion_state": false,
    "pose": [
      [
        0.03600759472203127,
        0.9991829413967169,
        -0.01835491062737013,
        -2.6382526325453597
      ],
      [
        -0.9967950936861795,
        0.03459653620954636,
        -0.07212919579103882,
        -54.805409505566786
      ],
      [
        -0.07143524568092707,
        0.02089328370808063,
        0.9972263917337924,
        -2.092849514550637
      ],
      [
        0.0,
        0.0,
        0.0,
        1.0
      ]
    ],
    "location": [
      -2.6382526325453597,
      -54.805409505566786,
      -2.092849514550637
    ],
    "rotation": [
      0.02094832986205955,
      0.07149614123106272,
      -1.5346886602081495
    ]
  },
  {
    "label_id": "2ZzcZmYwGNGC34_vckVgMg",
    "size": [
      2.1352331253612573,
      4.64124244299159,
      1.4900000000000038
    ],
    "obj_class": "vehicle",
    "point_num_in_lidar": 291,
    "speed": 8.89911452410874e-14,
    "if_vehicle": true,
    "motion_state": false,
    "pose": [
      [
        -0.08516832371586641,
        -0.9961974974327583,
        -0.01835491062737013,
        20.650832836124167
      ],
      [
        0.9938820338717324,
        -0.08364138844810438,
        -0.07212919579103882,
        -50.447396535438884
      ],
      [
        0.07031969412915623,
        -0.024385738602360804,
        0.9972263917337924,
        -1.9258922747062117
      ],
      [
        0.0,
        0.0,
        0.0,
        1.0
      ]
    ],
    "location": [
      20.650832836124167,
      -50.447396535438884,
      -1.9258922747062117
    ],
    "rotation": [
      -0.024448690734687188,
      -0.07037777696724629,
      1.6562800810347988
    ]
  },
  {
    "label_id": "BOBPYchErBQE6-5HVkKRGA",
    "size": [
      0.510240115301114,
      0.08965668545129057,
      0.5251665147398521
    ],
    "obj_class": "sign",
    "point_num_in_lidar": 24,
    "speed": 0.00039056484202187235,
    "if_vehicle": false,
    "motion_state": false,
    "pose": [
      [
        -0.050472862174008884,
        -0.9985567522378609,
        -0.01835491062737013,
        13.792508360283549
      ],
      [
        0.9961895882626896,
        -0.049027373492273076,
        -0.07212919579103882,
        -44.019430362985304
      ],
      [
        0.07112520243188315,
        -0.021925537818361523,
        0.9972263917337924,
        0.4282467086855819
      ],
      [
        0.0,
        0.0,
        0.0,
        1.0
      ]
    ],
    "location": [
      13.792508360283549,
      -44.019430362985304,
      0.4282467086855819
    ],
    "rotation": [
      -0.021982978025754486,
      -0.0711853073217682,
      1.6214189598999764
    ]
  },
  {
    "label_id": "FC_Nzw77TdePKfA1A8_YUw",
    "size": [
      1.9791979559302653,
      4.6815017276940125,
      1.6894924373811975
    ],
    "obj_class": "vehicle",
    "point_num_in_lidar": 248,
    "speed": 0.02930288140844614,
    "if_vehicle": true,
    "motion_state": false,
    "pose": [
      [
        0.09148708505951593,
        0.9956370877599799,
        -0.01835491062737013,
        -1.8730316642342189
      ],
      [
        -0.9933313585975916,
        0.08994548983245843,
        -0.07212919579103882,
        -67.25034907071608
      ],
      [
        -0.0701635610126495,
        0.024831398181032194,
        0.9972263917337924,
        -3.0977579532132653
      ],
      [
        0.0,
        0.0,
        0.0,
        1.0
      ]
    ],
    "location": [
      -1.8730316642342189,
      -67.25034907071608,
      -3.0977579532132653
    ],
    "rotation": [
      0.02489531785318754,
      0.07022125724787959,
      -1.4789541547066096
    ]
  },
  {
    "label_id": "FHlfveZieODUAJsHQCO3WQ",
    "size": [
      0.472565029462466,
      0.11859601717126622,
      0.48564117926519934
    ],
    "obj_class": "sign",
    "point_num_in_lidar": 26,
    "speed": 0.0015238901697361303,
    "if_vehicle": false,
    "motion_state": false,
    "pose": [
      [
        0.055040555311706096,
        0.9983153983220133,
        -0.01835491062737013,
        -3.8847062091549986
      ],
      [
        -0.9959548719743707,
        0.05358425239800325,
        -0.07212919579103882,
        -70.38330732794054
      ],
      [
        -0.07102415266297764,
        0.022250693654508984,
        0.9972263917337924,
        -1.201885680973378
      ],
      [
        0.0,
        0.0,
        0.0,
        1.0
      ]
    ],
    "location": [
      -3.8847062091549986,
      -70.38330732794054,
      -1.201885680973378
    ],
    "rotation": [
      0.02230887833475832,
      0.07108400134972966,
      -1.51558837932343
    ]
  },
  {
    "label_id": "H77al2aLVyQfPGZQ91uLDw",
    "size": [
      2.1004080334660173,
      4.321158116249892,
      1.6473094557536303
    ],
    "obj_class": "vehicle",
    "point_num_in_lidar": 25,
    "speed": 0.0277055049378657,
    "if_vehicle": true,
    "motion_state": false,
    "pose": [
      [
        0.9862153595583406,
        -0.16444561966520754,
        -0.01835491062737013,
        28.860987623243247
      ],
      [
        0.16273866392454983,
        0.9840292202869741,
        -0.07212919579103882,
        -55.6000330533717
      ],
      [
        0.029923098690898584,
        0.06814786712976058,
        0.9972263917337924,
        -1.9860301805389984
      ],
      [
        0.0,
        0.0,
        0.0,
        1.0
      ]
    ],
    "location": [
      28.860987623243247,
      -55.6000330533717,
      -1.9860301805389984
    ],
    "rotation": [
      0.06823132681561668,
      -0.029927565974161078,
      0.16353957906382413
    ]
  },
  {
    "label_id": "HQ79XKCpGS7EMRFYkBU-8A",
    "size": [
      0.510240115301114,
      0.08965668545129057,
      0.5251665147398521
    ],
    "obj_class": "sign",
    "point_num_in_lidar": 27,
    "speed": 0.0003905648419685293,
    "if_vehicle": false,
    "motion_state": false,
    "pose": [
      [
        -0.050472862174008884,
        -0.9985567522378609,
        -0.01835491062737013,
        13.789708759789946
      ],
      [
        0.9961895882626896,
        -0.049027373492273076,
        -0.07212919579103882,
        -44.022524178072445
      ],
      [
        0.07112520243188315,
        -0.021925537818361523,
        0.9972263917337924,
        0.8193176580528787
      ],
      [
        0.0,
        0.0,
        0.0,
        1.0
      ]
    ],
    "location": [
      13.789708759789946,
      -44.022524178072445,
      0.8193176580528787
    ],
    "rotation": [
      -0.021982978025754486,
      -0.0711853073217682,
      1.6214189598999764
    ]
  },
  {
    "label_id": "KclHjYw0mozzMvMK8NDx3Q",
    "size": [
      2.0645906151284126,
      4.380822220647019,
      1.9700000000000042
    ],
    "obj_class": "vehicle",
    "point_num_in_lidar": 3075,
    "speed": 0.04601142120709888,
    "if_vehicle": true,
    "motion_state": false,
    "pose": [
      [
        0.04404598612963444,
        0.9988608753784128,
        -0.01835491062737013,
        -3.298687731438264
      ],
      [
        -0.9964844585258892,
        0.04261576035815062,
        -0.07212919579103882,
        -43.66874743682581
      ],
      [
        -0.07126482317548671,
        0.021467384735159797,
        0.9972263917337924,
        -1.3444023182671279
      ],
      [
        0.0,
        0.0,
        0.0,
        1.0
      ]
    ],
    "location": [
      -3.298687731438264,
      -43.66874743682581,
      -1.3444023182671279
    ],
    "rotation": [
      0.021523768050103205,
      0.07132528326628752,
      -1.526623701511421
    ]
  },
  {
    "label_id": "LL6B_Rm4x-qfLkApf2lzsQ",
    "size": [
      0.765389429731342,
      0.8266685395879885,
      1.0311899151793327
    ],
    "obj_class": "sign",
    "point_num_in_lidar": 256,
    "speed": 2.360366527284141e-14,
    "if_vehicle": false,
    "motion_state": false,
    "pose": [
      [
        -0.018433064887873548,
        -0.999661602430893,
        -0.01835491062737013,
        -5.069669196648093
      ],
      [
        0.9972493127714128,
        -0.01706421083680006,
        -0.07212919579103882,
        -42.40214562827862
      ],
      [
        0.07179157538168543,
        -0.01963398415545192,
        0.9972263917337924,
        -1.6337060339246916
      ],
      [
        0.0,
        0.0,
        0.0,
        1.0
      ]
    ],
    "location": [
      -5.069669196648093,
      -42.40214562827862,
      -1.6337060339246916
    ],
    "rotation": [
      -0.019686049157040822,
      -0.07185338817828801,
      1.5892781305256996
    ]
  },
  {
    "label_id": "Nqn-60j6K3SDijkPy2jP0A",
    "size": [
      0.76176428658032,
      1.0236133004027541,
      1.1999999999999993
    ],
    "obj_class": "sign",
    "point_num_in_lidar": 63,
    "speed": 1.9860273225978185e-14,
    "if_vehicle": false,
    "motion_state": false,
    "pose": [
      [
        -0.032881039391841234,
        -0.9992907157100848,
        -0.01835491062737013,
        14.254831837314441
      ],
      [
        0.9968984645771723,
        -0.03147745920836239,
        -0.07212919579103882,
        -58.6382563183073
      ],
      [
        0.07150026973507385,
        -0.020669665149983484,
        0.9972263917337924,
        -2.6086405094276115
      ],
      [
        0.0,
        0.0,
        0.0,
        1.0
      ]
    ],
    "location": [
      14.254831837314441,
      -58.6382563183073,
      -2.6086405094276115
    ],
    "rotation": [
      -0.020724186689414864,
      -0.07156133198381377,
      1.603767712115717
    ]
  },
  {
    "label_id": "QDVEnIR7naYiy3U9lHiF0Q",
    "size": [
      2.082181077124267,
      5.2704203782678345,
      2.0460419520279647
    ],
    "obj_class": "vehicle",
    "point_num_in_lidar": 363,
    "speed": 3.554447978966673e-14,
    "if_vehicle": true,
    "motion_state": false,
    "pose": [
      [
        0.15189418641240954,
        0.9882263168879755,
        -0.01835491062737013,
        23.034876760816402
      ],
      [
        -0.9860186530985642,
        0.1502151618720001,
        -0.07212919579103882,
        -67.30073489691517
      ],
      [
        -0.06852278362563348,
        0.029054289765805257,
        0.9972263917337924,
        -2.5772679249383055
      ],
      [
        0.0,
        0.0,
        0.0,
        1.0
      ]
    ],
    "location": [
      23.034876760816402,
      -67.30073489691517,
      -2.5772679249383055
    ],
    "rotation": [
      0.029126859498539846,
      0.06857652057014672,
      -1.4179498401123463
    ]
  },
  {
    "label_id": "R9GNlFkDZMkdo8iVjWgl3A",
    "size": [
      3.7688700330461984,
      12.908695691698984,
      3.736177492803977
    ],
    "obj_class": "vehicle",
    "point_num_in_lidar": 287,
    "speed": 8.120328846365803,
    "if_vehicle": true,
    "motion_state": true,
    "pose": [
      [
        -0.98651397647781,
        0.16264461709444927,
        -0.01835491062737013,
        59.25512503318465
      ],
      [
        -0.16094165586607526,
        -0.9843247241239163,
        -0.07212919579103882,
        -75.42073261859196
      ],
      [
        -0.029798617770369313,
        -0.06820239005032146,
        0.9972263917337924,
        -0.7971154300799563
      ],
      [
        0.0,
        0.0,
        0.0,
        1.0
      ]
    ],
    "location": [
      59.25512503318465,
      -75.42073261859196,
      -0.7971154300799563
    ],
    "rotation": [
      -0.06828574703611692,
      0.029803029518404675,
      -2.979875534042033
    ]
  },
  {
    "label_id": "SjUOrL45KnzmIi-re1XD_A",
    "size": [
      2.3214774507527776,
      4.913178953138767,
      1.6300000000000043
    ],
    "obj_class": "vehicle",
    "point_num_in_lidar": 377,
    "speed": 2.1317438523750434e-13,
    "if_vehicle": true,
    "motion_state": false,
    "pose": [
      [
        -0.04982124648610995,
        -0.9985894755375863,
        -0.01835491062737013,
        12.564276301109814
      ],
      [
        0.9962213688174943,
        -0.048377302797238744,
        -0.07212919579103882,
        -59.36544086234653
      ],
      [
        0.0711394947266848,
        -0.021879120632071678,
        0.9972263917337924,
        -2.4353483733495143
      ],
      [
        0.0,
        0.0,
        0.0,
        1.0
      ]
    ],
    "location": [
      12.564276301109814,
      -59.36544086234653,
      -2.4353483733495143
    ],
    "rotation": [
      -0.02193645418067336,
      -0.0711996359125215,
      1.6207649136839035
    ]
  },
  {
    "label_id": "T1crxPSUfT-4K4xwSV1uPA",
    "size": [
      1.8978891977530177,
      4.256426255755278,
      1.3700000000000037
    ],
    "obj_class": "vehicle",
    "point_num_in_lidar": 21,
    "speed": 0.0017674932031734073,
    "if_vehicle": true,
    "motion_state": false,
    "pose": [
      [
        -0.05577164992189228,
        -0.9982748220409303,
        -0.01835491062737013,
        11.158602658930292
      ],
      [
        0.9959153628396499,
        -0.05431361868358893,
        -0.07212919579103882,
        -103.20667294082773
      ],
      [
        0.07100783847546838,
        -0.022302701734152115,
        0.9972263917337924,
        -3.480421692129256
      ],
      [
        0.0,
        0.0,
        0.0,
        1.0
      ]
    ],
    "location": [
      11.158602658930292,
      -103.20667294082773,
      -3.480421692129256
    ],
    "rotation": [
      -0.022361005053590913,
      -0.07106764586751962,
      1.6267382880062637
    ]
  },
  {
    "label_id": "TDnHTGfixp8YOmZl6aYmUg",
    "size": [
      0.7962296755069178,
      1.1287846662723604,
      1.0511899151793322
    ],
    "obj_class": "sign",
    "point_num_in_lidar": 53,
    "speed": 3.580361673049448e-14,
    "if_vehicle": false,
    "motion_state": false,
    "pose": [
      [
        -0.018433064887899295,
        -0.9996616024308924,
        -0.01835491062737013,
        -4.2683393382922645
      ],
      [
        0.9972493127714124,
        -0.017064210836825747,
        -0.07212919579103882,
        -55.671295923906314
      ],
      [
        0.07179157538168492,
        -0.019633984155453768,
        0.9972263917337924,
        -2.4894118179812157
      ],
      [
        0.0,
        0.0,
        0.0,
        1.0
      ]
    ],
    "location": [
      -4.2683393382922645,
      -55.671295923906314,
      -2.4894118179812157
    ],
    "rotation": [
      -0.019686049157042678,
      -0.0718533881782875,
      1.5892781305257253
    ]
  },
  {
    "label_id": "TSkHv1dU9BwYbpsysO-m5g",
    "size": [
      2.237075243841107,
      4.880771797860977,
      1.4175253135198727
    ],
    "obj_class": "vehicle",
    "point_num_in_lidar": 33,
    "speed": 1.209601699459188e-30,
    "if_vehicle": true,
    "motion_state": false,
    "pose": [
      [
        0.9837481227750496,
        -0.1786133483041708,
        -0.01835491062737013,
        34.065330836711965
      ],
      [
        0.1768751258833892,
        0.9815867607900349,
        -0.07212919579103882,
        -54.8647076805139
      ],
      [
        0.030900174438035385,
        0.06771043382891402,
        0.9972263917337924,
        -2.050643599723233
      ],
      [
        0.0,
        0.0,
        0.0,
        1.0
      ]
    ],
    "location": [
      34.065330836711965,
      -54.8647076805139,
      -2.050643599723233
    ],
    "rotation": [
      0.06779470284574747,
      -0.030905093906851686,
      0.17789646419235175
    ]
  },
  {
    "label_id": "VzUz0V5Me5lZL90Hr-sPyA",
    "size": [
      2.2360176904537807,
      4.518482971237546,
      1.7189099499414766
    ],
    "obj_class": "vehicle",
    "point_num_in_lidar": 48,
    "speed": 3.5188455018694914e-30,
    "if_vehicle": true,
    "motion_state": false,
    "pose": [
      [
        -0.979668481496716,
        0.19978179000544477,
        -0.01835491062737013,
        61.10246318292386
      ],
      [
        -0.19799737190126784,
        -0.9775450986193572,
        -0.07212919579103882,
        -68.92365893058582
      ],
      [
        -0.032352852766168956,
        -0.0670284756464844,
        0.9972263917337924,
        -1.7803146885220968
      ],
      [
        0.0,
        0.0,
        0.0,
        1.0
      ]
    ],
    "location": [
      61.10246318292386,
      -68.92365893058582,
      -1.7803146885220968
    ],
    "rotation": [
      -0.06711395482686128,
      0.03235849941960276,
      -2.942172432049941
    ]
  },
  {
    "label_id": "_97KU6k1lx7ZVpU6wBMpeg",
    "size": [
      2.288116665344517,
      5.071750066375591,
      1.921386651855216
    ],
    "obj_class": "vehicle",
    "point_num_in_lidar": 3644,
    "speed": 0.042805094014584884,
    "if_vehicle": true,
    "motion_state": false,
    "pose": [
      [
        -0.08023252686610205,
        -0.9966071637754473,
        -0.01835491062737013,
        10.820226343996694
      ],
      [
        0.9942841648149252,
        -0.07871708018482682,
        -0.07212919579103882,
        -29.65821404613746
      ],
      [
        0.07043962827107113,
        -0.024037104622522162,
        0.9972263917337924,
        -0.4888926223547161
      ],
      [
        0.0,
        0.0,
        0.0,
        1.0
      ]
    ],
    "location": [
      10.820226343996694,
      -29.65821404613746,
      -0.4888926223547161
    ],
    "rotation": [
      -0.024099293050192844,
      -0.07049800925198044,
      1.6513156216550935
    ]
  },
  {
    "label_id": "agustPTQy50BIJjPrfHUJg",
    "size": [
      1.9111363298310045,
      4.4729556239008765,
      1.3933782373620502
    ],
    "obj_class": "vehicle",
    "point_num_in_lidar": 154,
    "speed": 0.021956372551500312,
    "if_vehicle": true,
    "motion_state": false,
    "pose": [
      [
        0.15873343661102132,
        0.9871508463033987,
        -0.01835491062737013,
        25.334651027998277
      ],
      [
        -0.9849548617077771,
        0.157039165537619,
        -0.07212919579103882,
        -66.56122949360861
      ],
      [
        -0.06831995681986773,
        0.029528073586540762,
        0.9972263917337924,
        -2.655059008551045
      ],
      [
        0.0,
        0.0,
        0.0,
        1.0
      ]
    ],
    "location": [
      25.334651027998277,
      -66.56122949360861,
      -2.655059008551045
    ],
    "rotation": [
      0.02960155151425608,
      0.06837321732532854,
      -1.4110120937010222
    ]
  },
  {
    "label_id": "auOooDPcS5q1p_53EHycZg",
    "size": [
      2.0646533219326875,
      4.50592062313768,
      1.5935171151616743
    ],
    "obj_class": "vehicle",
    "point_num_in_lidar": 207,
    "speed": 5.370542509574172e-14,
    "if_vehicle": true,
    "motion_state": false,
    "pose": [
      [
        -0.9858968215409903,
        0.16634468591221577,
        -0.01835491062737013,
        36.10929174461118
      ],
      [
        -0.16463352300936898,
        -0.9837139737830612,
        -0.07212919579103882,
        -73.01347211095037
      ],
      [
        -0.030054290490644283,
        -0.06809011126958692,
        0.9972263917337924,
        -2.5919570897987256
      ],
      [
        0.0,
        0.0,
        0.0,
        1.0
      ]
    ],
    "location": [
      36.10929174461118,
      -73.01347211095037,
      -2.5919570897987256
    ],
    "rotation": [
      -0.06817367930362939,
      0.03005881680564352,
      -2.9761307669767496
    ]
  },
  {
    "label_id": "b4zV2_qtCFu2PXzfOzUGDg",
    "size": [
      2.041593439597832,
      4.159733527544294,
      1.4200000000000035
    ],
    "obj_class": "vehicle",
    "point_num_in_lidar": 44,
    "speed": 0.005672255152926208,
    "if_vehicle": true,
    "motion_state": false,
    "pose": [
      [
        -0.05951808629473355,
        -0.9980584625459942,
        -0.01835491062737013,
        8.011478829960296
      ],
      [
        0.9957044923989264,
        -0.05805120955789155,
        -0.07212919579103882,
        -102.42232249079132
      ],
      [
        0.07092362949263738,
        -0.022569058668714014,
        0.9972263917337924,
        -3.481141511401865
      ],
      [
        0.0,
        0.0,
        0.0,
        1.0
      ]
    ],
    "location": [
      8.011478829960296,
      -102.42232249079132,
      -3.481141511401865
    ],
    "rotation": [
      -0.022627967681933515,
      -0.0709832240364559,
      1.6305001361495597
    ]
  },
  {
    "label_id": "bbXGUt1GvNBwGyS4Fx0khw",
    "size": [
      2.2276603373750414,
      4.893110129792886,
      2.0000000000000044
    ],
    "obj_class": "vehicle",
    "point_num_in_lidar": 3112,
    "speed": 0.0512016048715309,
    "if_vehicle": true,
    "motion_state": false,
    "pose": [
      [
        -0.06771377806180956,
        -0.9975359349499432,
        -0.01835491062737013,
        11.34764714069297
      ],
      [
        0.9951940926153977,
        -0.06622761612766315,
        -0.07212919579103882,
        -39.98483464109279
      ],
      [
        0.0707358627855144,
        -0.02315083898241355,
        0.9972263917337924,
        -0.9700905972380465
      ],
      [
        0.0,
        0.0,
        0.0,
        1.0
      ]
    ],
    "location": [
      11.34764714069297,
      -39.98483464109279,
      -0.9700905972380465
    ],
    "rotation": [
      -0.023211059689866052,
      -0.07079498455043147,
      1.6387323938951102
    ]
  },
  {
    "label_id": "dfzL3tnfvkEvla1-NoD7hA",
    "size": [
      0.7458580713482076,
      0.7726354434738887,
      1.0113073558196382
    ],
    "obj_class": "sign",
    "point_num_in_lidar": 21,
    "speed": 3.552713678800501e-14,
    "if_vehicle": false,
    "motion_state": false,
    "pose": [
      [
        -0.06424601393595804,
        -0.9977652764799955,
        -0.01835491062737013,
        -3.4955006937702393
      ],
      [
        0.9954182825126575,
        -0.06276800103626642,
        -0.07212919579103882,
        -69.49817827502795
      ],
      [
        0.07081590593144624,
        -0.02290482693035063,
        0.9972263917337924,
        -3.5015529170281754
      ],
      [
        0.0,
        0.0,
        0.0,
        1.0
      ]
    ],
    "location": [
      -3.4955006937702393,
      -69.49817827502795,
      -3.5015529170281754
    ],
    "rotation": [
      -0.02296449487715679,
      -0.07087522892981545,
      1.6352486569354323
    ]
  },
  {
    "label_id": "e395WJBHUGGz23_cnf-9bQ",
    "size": [
      2.214366883473265,
      4.400387997189263,
      1.7363276684535638
    ],
    "obj_class": "vehicle",
    "point_num_in_lidar": 230,
    "speed": 0.19781094274382147,
    "if_vehicle": true,
    "motion_state": false,
    "pose": [
      [
        -0.9867465084394373,
        0.16122786774760936,
        -0.01835491062737013,
        24.60313950921188
      ],
      [
        -0.15952805192502412,
        -0.9845548129807424,
        -0.07212919579103882,
        -80.78343856410925
      ],
      [
        -0.02970065203974767,
        -0.06824510896770984,
        0.9972263917337924,
        -2.538172272841254
      ],
      [
        0.0,
        0.0,
        0.0,
        1.0
      ]
    ],
    "location": [
      24.60313950921188,
      -80.78343856410925,
      -2.538172272841254
    ],
    "rotation": [
      -0.06832838520459607,
      0.029705020407113186,
      -2.9813087671294474
    ]
  },
  {
    "label_id": "fc4qoqiOrYcBeCY2itubyA",
    "size": [
      1.9746309587090451,
      4.268983569132553,
      1.4639776465190382
    ],
    "obj_class": "vehicle",
    "point_num_in_lidar": 1235,
    "speed": 0.007650864013780169,
    "if_vehicle": true,
    "motion_state": false,
    "pose": [
      [
        -0.08156164408517802,
        -0.9964992701803569,
        -0.01835491062737013,
        11.609015135629917
      ],
      [
        0.9941782944578258,
        -0.08004310053631408,
        -0.07212919579103882,
        -44.90872769765292
      ],
      [
        0.07040750700778463,
        -0.024131029537703488,
        0.9972263917337924,
        -1.5991110894723066
      ],
      [
        0.0,
        0.0,
        0.0,
        1.0
      ]
    ],
    "location": [
      11.609015135629917,
      -44.90872769765292,
      -1.5991110894723066
    ],
    "rotation": [
      -0.024193424296544003,
      -0.07046580803882363,
      1.6526522655590705
    ]
  },
  {
    "label_id": "iuT6AwtQpCbc9M0iGh3j9w",
    "size": [
      2.1317443926048054,
      4.751092980351478,
      1.712260309168392
    ],
    "obj_class": "vehicle",
    "point_num_in_lidar": 135,
    "speed": 4.067014256085735,
    "if_vehicle": true,
    "motion_state": true,
    "pose": [
      [
        -0.9968641269461493,
        0.0769740843644977,
        -0.01835491062737013,
        29.487833954993505
      ],
      [
        -0.07546623990931935,
        -0.9945361862438626,
        -0.07212919579103882,
        -77.16805186263286
      ],
      [
        -0.02380670161615443,
        -0.07051783170064256,
        0.9972263917337924,
        -2.5208240621044586
      ],
      [
        0.0,
        0.0,
        0.0,
        1.0
      ]
    ],
    "location": [
      29.487833954993505,
      -77.16805186263286,
      -2.5208240621044586
    ],
    "rotation": [
      -0.07059644935151466,
      0.02380895096711256,
      -3.06603314162413
    ]
  },
  {
    "label_id": "j4pYCjXzBIBJETm7p7ALAg",
    "size": [
      0.4735549949797945,
      0.11589494026634384,
      0.5419955349083043
    ],
    "obj_class": "sign",
    "point_num_in_lidar": 28,
    "speed": 0.0023485773912506704,
    "if_vehicle": false,
    "motion_state": false,
    "pose": [
      [
        0.05504055531171851,
        0.9983153983220127,
        -0.01835491062737013,
        -3.8857646616334733
      ],
      [
        -0.9959548719743699,
        0.05358425239801563,
        -0.07212919579103882,
        -70.38553841378996
      ],
      [
        -0.07102415266297735,
        0.02225069365450987,
        0.9972263917337924,
        -1.729418191271126
      ],
      [
        0.0,
        0.0,
        0.0,
        1.0
      ]
    ],
    "location": [
      -3.8857646616334733,
      -70.38553841378996,
      -1.729418191271126
    ],
    "rotation": [
      0.022308878334759204,
      0.07108400134972936,
      -1.5155883793234175
    ]
  },
  {
    "label_id": "p65_dOfmQkmZo7JqvWBsSw",
    "size": [
      0.8916477119127862,
      1.3736536652180864,
      1.8155989146434655
    ],
    "obj_class": "pedestrian",
    "point_num_in_lidar": 41,
    "speed": 0.3753889862546274,
    "if_vehicle": false,
    "motion_state": false,
    "pose": [
      [
        0.17590021094080105,
        0.9842368683639334,
        -0.01835491062737013,
        -6.952330852033796
      ],
      [
        -0.9820707218476943,
        0.1741679545843227,
        -0.07212919579103882,
        -77.11956801811436
      ],
      [
        -0.06779537654243396,
        0.030713361083905367,
        0.9972263917337924,
        -3.3884548816197304
      ],
      [
        0.0,
        0.0,
        0.0,
        1.0
      ]
    ],
    "location": [
      -6.952330852033796,
      -77.11956801811436,
      -3.3884548816197304
    ],
    "rotation": [
      0.030789052168826887,
      0.06784741791748966,
      -1.3935640875673365
    ]
  },
  {
    "label_id": "rmtoge8lH9ELbT6J6nkCPw",
    "size": [
      2.0437022907748994,
      4.743477809726895,
      1.5709305980602917
    ],
    "obj_class": "vehicle",
    "point_num_in_lidar": 110,
    "speed": 8.881784197001252e-14,
    "if_vehicle": true,
    "motion_state": false,
    "pose": [
      [
        0.9904304356889146,
        -0.13678687552878732,
        -0.01835491062737013,
        -12.596471384913954
      ],
      [
        0.13514175639119835,
        0.9881973916146711,
        -0.07212919579103882,
        -95.63829459510919
      ],
      [
        0.02800460213194793,
        0.06895843595262335,
        0.9972263917337924,
        -3.9281010208725897
      ],
      [
        0.0,
        0.0,
        0.0,
        1.0
      ]
    ],
    "location": [
      -12.596471384913954,
      -95.63829459510919,
      -3.9281010208725897
    ],
    "rotation": [
      0.06904032694587665,
      -0.028008263895388956,
      0.1356100452399394
    ]
  }
]