[
  {
    "label_id": "0FthUnFInpdwtS3fei1NLw",
    "size": [
      2.2397743837265476,
      4.869392282684742,
      2.1004180595197823
    ],
    "obj_class": "vehicle",
    "point_num_in_lidar": 186,
    "speed": 0.004987041557289349,
    "if_vehicle": true,
    "motion_state": false,
    "pose": [
      [
        0.03601107701995614,
        0.999279572474428,
        -0.011980749859137997,
        -2.636116084318047
      ],
      [
        -0.9975059835280597,
        0.03521376792343997,
        -0.06117028179069053,
        -54.81617209322212
      ],
      [
        -0.060704325690853045,
        0.014153677400540089,
        0.9980554384694571,
        -2.07204762250037
      ],
      [
        0.0,
        0.0,
        0.0,
        1.0
      ]
    ],
    "location": [
      -2.636116084318047,
      -54.81617209322212,
      -2.07204762250037
    ],
    "rotation": [
      0.014180303181353148,
      0.06074167037785616,
      -1.5347108841617514
    ]
  },
  {
    "label_id": "2ZzcZmYwGNGC34_vckVgMg",
    "size": [
      2.1352331253612524,
      4.64124244299159,
      1.4900000000000038
    ],
    "obj_class": "vehicle",
    "point_num_in_lidar": 86,
    "speed": 8.89911452410874e-14,
    "if_vehicle": true,
    "motion_state": false,
    "pose": [
      [
        -0.08517656035258798,
        -0.9962938397878984,
        -0.011980749859137997,
        20.650832836124174
      ],
      [
        0.9945616658633877,
        -0.08429287882550261,
        -0.06117028179069053,
        -50.447396535438884
      ],
      [
        0.059933683030039854,
        -0.0171258687369264,
        0.9980554384694571,
        -1.7951767295157675
      ],
      [
        0.0,
        0.0,
        0.0,
        1.0
      ]
    ],
    "location": [
      20.650832836124174,
      -50.447396535438884,
      -1.7951767295157675
    ],
    "rotation": [
      -0.017157552106214634,
      -0.059969621914106416,
      1.6562301711129466
    ]
  },
  {
    "label_id": "AJ0q_6oQDfTnsT5VhV-_2Q",
    "size": [
      2.037614848486491,
      4.404962483824093,
      1.8466878336803472
    ],
    "obj_class": "vehicle",
    "point_num_in_lidar": 50,
    "speed": 14.8381100082929,
    "if_vehicle": true,
    "motion_state": true,
    "pose": [
      [
        -0.9862652654966028,
        0.1647339907478971,
        -0.011980749859137997,
        -7.293603282899426
      ],
      [
        -0.1637143545307101,
        -0.9846094691532479,
        -0.06117028179069053,
        -83.22301212907189
      ],
      [
        -0.021873184393417584,
        -0.05836870348081472,
        0.9980554384694571,
        -3.3315755163642935
      ],
      [
        0.0,
        0.0,
        0.0,
        1.0
      ]
    ],
    "location": [
      -7.293603282899426,
      -83.22301212907189,
      -3.3315755163642935
    ],
    "rotation": [
      -0.05841588889488639,
      0.02187492892288855,
      -2.9770982990753483
    ]
  },
  {
    "label_id": "AYQ7lrPVr4ZXBDuzirBKFQ",
    "size": [
      1.9693148807953673,
      4.321744333266535,
      1.7400000000000042
    ],
    "obj_class": "vehicle",
    "point_num_in_lidar": 5457,
    "speed": 2.1578405206650944,
    "if_vehicle": true,
    "motion_state": true,
    "pose": [
      [
        -0.06546229300291069,
        -0.9977831176300859,
        -0.011980749859137997,
        5.179349741166035
      ],
      [
        0.996033811109301,
        -0.06461303082760406,
        -0.06117028179069053,
        -17.74916615392965
      ],
      [
        0.06026056191143977,
        -0.015937578851797238,
        0.9980554384694571,
        0.3520703087301058
      ],
      [
        0.0,
        0.0,
        0.0,
        1.0
      ]
    ],
    "location": [
      5.179349741166035,
      -17.74916615392965,
      0.3520703087301058
    ],
    "rotation": [
      -0.015967273726086254,
      -0.06029709268912085,
      1.636424903698012
    ]
  },
  {
    "label_id": "BOBPYchErBQE6-5HVkKRGA",
    "size": [
      0.5102401153011137,
      0.08965668545129057,
      0.5251665147398521
    ],
    "obj_class": "sign",
    "point_num_in_lidar": 28,
    "speed": 0.008505132870379052,
    "if_vehicle": false,
    "motion_state": false,
    "pose": [
      [
        -0.05047774340930913,
        -0.9986533227567597,
        -0.011980749859137997,
        13.794459717574242
      ],
      [
        0.996891465510275,
        -0.049654834794044554,
        -0.06117028179069053,
        -44.00681920353168
      ],
      [
        0.060493003009276125,
        -0.01503124507349371,
        0.9980554384694571,
        0.38927133768637123
      ],
      [
        0.0,
        0.0,
        0.0,
        1.0
      ]
    ],
    "location": [
      13.794459717574242,
      -44.00681920353168,
      0.38927133768637123
    ],
    "rotation": [
      -0.015059392683484898,
      -0.06052995861458615,
      1.621388262963646
    ]
  },
  {
    "label_id": "FC_Nzw77TdePKfA1A8_YUw",
    "size": [
      1.979197955930265,
      4.6815017276940125,
      1.6894924373811975
    ],
    "obj_class": "vehicle",
    "point_num_in_lidar": 41,
    "speed": 0.029302881163276766,
    "if_vehicle": true,
    "motion_state": false,
    "pose": [
      [
        0.09149593278425155,
        0.9957333759178469,
        -0.011980749859137997,
        -1.8103888568255968
      ],
      [
        -0.9940068434637326,
        0.09060127909093975,
        -0.06117028179069053,
        -67.26560140175172
      ],
      [
        -0.059823819931583776,
        0.017505779340925065,
        0.9980554384694571,
        -3.093221505403066
      ],
      [
        0.0,
        0.0,
        0.0,
        1.0
      ]
    ],
    "location": [
      -1.8103888568255968,
      -67.26560140175172,
      -3.093221505403066
    ],
    "rotation": [
      0.017538088360349768,
      0.05985956132923442,
      -1.4790073904378416
    ]
  },
  {
    "label_id": "HQ79XKCpGS7EMRFYkBU-8A",
    "size": [
      0.5102401153011137,
      0.08965668545129057,
      0.5251665147398521
    ],
    "obj_class": "sign",
    "point_num_in_lidar": 29,
    "speed": 0.008505132870328084,
    "if_vehicle": false,
    "motion_state": false,
    "pose": [
      [
        -0.05047774340930913,
        -0.9986533227567597,
        -0.011980749859137997,
        13.791660117080639
      ],
      [
        0.996891465510275,
        -0.049654834794044554,
        -0.06117028179069053,
        -44.009913018618704
      ],
      [
        0.060493003009276125,
        -0.01503124507349371,
        0.9980554384694571,
        0.935612423682417
      ],
      [
        0.0,
        0.0,
        0.0,
        1.0
      ]
    ],
    "location": [
      13.791660117080639,
      -44.009913018618704,
      0.935612423682417
    ],
    "rotation": [
      -0.015059392683484898,
      -0.06052995861458615,
      1.621388262963646
    ]
  },
  {
    "label_id": "Igomu2nuSP6CbWRKi0IzQQ",
    "size": [
      0.8756509835635462,
      0.877486198740949,
      1.094815857252211
    ],
    "obj_class": "sign",
    "point_num_in_lidar": 271,
    "speed": 5.347542221830668e-14,
    "if_vehicle": false,
    "motion_state": false,
    "pose": [
      [
        -0.07845518408761767,
        -0.9968456478926869,
        -0.011980749859137997,
        -7.138473223023269
      ],
      [
        0.9951075534320779,
        -0.07758320519333899,
        -0.06117028179069053,
        -15.156515008009933
      ],
      [
        0.060047824208727556,
        -0.016721260399188597,
        0.9980554384694571,
        0.03606033651438434
      ],
      [
        0.0,
        0.0,
        0.0,
        1.0
      ]
    ],
    "location": [
      -7.138473223023269,
      -15.156515008009933,
      0.03606033651438434
    ],
    "rotation": [
      -0.01675227198310811,
      -0.06008396903971219,
      1.6494744869202043
    ]
  },
  {
    "label_id": "KclHjYw0mozzMvMK8NDx3Q",
    "size": [
      2.0645906151284117,
      4.380822220647019,
      1.9700000000000042
    ],
    "obj_class": "vehicle",
    "point_num_in_lidar": 314,
    "speed": 0.014201015551668432,
    "if_vehicle": true,
    "motion_state": false,
    "pose": [
      [
        0.044050245821160655,
        0.9989574753090884,
        -0.011980749859137997,
        -3.279897951722731
      ],
      [
        -0.997190359028488,
        0.043238692004766786,
        -0.06117028179069053,
        -43.64910975955365
      ],
      [
        -0.06058847830842829,
        0.01464165420329391,
        0.9980554384694571,
        -1.3163781424234946
      ],
      [
        0.0,
        0.0,
        0.0,
        1.0
      ]
    ],
    "location": [
      -3.279897951722731,
      -43.64910975955365,
      -1.3163781424234946
    ],
    "rotation": [
      0.01466912899878654,
      0.06062560936335319,
      -1.526650666853978
    ]
  },
  {
    "label_id": "Nqn-60j6K3SDijkPy2jP0A",
    "size": [
      0.7617642865803232,
      1.0236133004027541,
      1.1999999999999993
    ],
    "obj_class": "sign",
    "point_num_in_lidar": 33,
    "speed": 1.9860273225978185e-14,
    "if_vehicle": false,
    "motion_state": false,
    "pose": [
      [
        -0.03288421932029677,
        -0.99938735721066,
        -0.011980749859137997,
        14.254831837314427
      ],
      [
        0.9976112822174319,
        -0.03209246357229298,
        -0.06117028179069053,
        -58.638256318307185
      ],
      [
        0.06074831448020642,
        -0.013963668191190397,
        0.9980554384694571,
        -2.6086405094276044
      ],
      [
        0.0,
        0.0,
        0.0,
        1.0
      ]
    ],
    "location": [
      14.254831837314427,
      -58.638256318307185,
      -2.6086405094276044
    ],
    "rotation": [
      -0.013989961535149921,
      -0.06078574050065179,
      1.603747354390507
    ]
  },
  {
    "label_id": "QDVEnIR7naYiy3U9lHiF0Q",
    "size": [
      2.0821810771242677,
      5.2704203782678345,
      2.0460419520279647
    ],
    "obj_class": "vehicle",
    "point_num_in_lidar": 34,
    "speed": 3.554447978966673e-14,
    "if_vehicle": true,
    "motion_state": false,
    "pose": [
      [
        0.15190887611368747,
        0.9883218883494835,
        -0.011980749859137997,
        23.034876760816402
      ],
      [
        -0.9866529870111899,
        0.15091083409598072,
        -0.06117028179069053,
        -67.30073489691506
      ],
      [
        -0.05864790345590747,
        0.021113151393533758,
        0.9980554384694571,
        -2.561668459288266
      ],
      [
        0.0,
        0.0,
        0.0,
        1.0
      ]
    ],
    "location": [
      23.034876760816402,
      -67.30073489691506,
      -2.561668459288266
    ],
    "rotation": [
      0.021151132511863648,
      0.058681576260270166,
      -1.4180320417960424
    ]
  },
  {
    "label_id": "SjUOrL45KnzmIi-re1XD_A",
    "size": [
      2.3214774507527776,
      4.913178953138767,
      1.6300000000000043
    ],
    "obj_class": "vehicle",
    "point_num_in_lidar": 100,
    "speed": 2.1317438523750434e-13,
    "if_vehicle": true,
    "motion_state": false,
    "pose": [
      [
        -0.04982606470361693,
        -0.9986860492211572,
        -0.011980749859137997,
        12.5642763011098
      ],
      [
        0.9969236553634626,
        -0.04900430595773877,
        -0.06117028179069053,
        -59.36544086234642
      ],
      [
        0.06050279871958928,
        -0.014991767362008569,
        0.9980554384694571,
        -2.431492298325157
      ],
      [
        0.0,
        0.0,
        0.0,
        1.0
      ]
    ],
    "location": [
      12.5642763011098,
      -59.36544086234642,
      -2.431492298325157
    ],
    "rotation": [
      -0.015019847001790425,
      -0.06053977230038741,
      1.6207345926754952
    ]
  },
  {
    "label_id": "Z5OZAUTb34FY2vz4RawbPg",
    "size": [
      1.8448350692434754,
      3.7343130673035665,
      1.7200000000000042
    ],
    "obj_class": "vehicle",
    "point_num_in_lidar": 2515,
    "speed": 0.10341185638085883,
    "if_vehicle": true,
    "motion_state": false,
    "pose": [
      [
        -0.04157642936401447,
        -0.9990634925539776,
        -0.011980749859137997,
        9.995963627507734
      ],
      [
        0.9972943720705952,
        -0.04076925388040279,
        -0.06117028179069053,
        -12.279858393245377
      ],
      [
        0.060624549133633465,
        -0.014491576307751407,
        0.9980554384694571,
        0.5757842610677137
      ],
      [
        0.0,
        0.0,
        0.0,
        1.0
      ]
    ],
    "location": [
      9.995963627507734,
      -12.279858393245377,
      0.5757842610677137
    ],
    "rotation": [
      -0.014518790723370808,
      -0.06066174661838837,
      1.6124614250052145
    ]
  },
  {
    "label_id": "_97KU6k1lx7ZVpU6wBMpeg",
    "size": [
      2.288116665344517,
      5.071750066375591,
      1.921386651855216
    ],
    "obj_class": "vehicle",
    "point_num_in_lidar": 895,
    "speed": 0.020447069677412468,
    "if_vehicle": true,
    "motion_state": false,
    "pose": [
      [
        -0.08024028616143922,
        -0.9967035457494585,
        -0.011980749859137997,
        10.786341936619124
      ],
      [
        0.9949670156829914,
        -0.07936519595219081,
        -0.06117028179069053,
        -29.628620483587724
      ],
      [
        0.060017782195050114,
        -0.016828771848451836,
        0.9980554384694571,
        -0.4507105830319489
      ],
      [
        0.0,
        0.0,
        0.0,
        1.0
      ]
    ],
    "location": [
      10.786341936619124,
      -29.628620483587724,
      -0.4507105830319489
    ],
    "rotation": [
      -0.016859962479790002,
      -0.06005387274449978,
      1.6512683473121803
    ]
  },
  {
    "label_id": "agustPTQy50BIJjPrfHUJg",
    "size": [
      1.911136329831001,
      4.4729556239008765,
      1.3933782373620502
    ],
    "obj_class": "vehicle",
    "point_num_in_lidar": 74,
    "speed": 0.02195637255148108,
    "if_vehicle": true,
    "motion_state": false,
    "pose": [
      [
        0.15874878773683448,
        0.9872463137560444,
        -0.011980749859137997,
        25.34825192359982
      ],
      [
        -0.985584363287835,
        0.15773921347642306,
        -0.06117028179069053,
        -66.51487467778327
      ],
      [
        -0.05850030114963952,
        0.021518747801422024,
        0.9980554384694571,
        -2.59600830509161
      ],
      [
        0.0,
        0.0,
        0.0,
        1.0
      ]
    ],
    "location": [
      25.34825192359982,
      -66.51487467778327,
      -2.59600830509161
    ],
    "rotation": [
      0.021557333872530476,
      0.05853372009419353,
      -1.411097240917156
    ]
  },
  {
    "label_id": "auOooDPcS5q1p_53EHycZg",
    "size": [
      2.064653321932686,
      4.50592062313768,
      1.5935171151616743
    ],
    "obj_class": "vehicle",
    "point_num_in_lidar": 75,
    "speed": 5.370542509574172e-14,
    "if_vehicle": true,
    "motion_state": false,
    "pose": [
      [
        -0.9859921677167803,
        0.16636077312268377,
        -0.011980749859137997,
        36.10929174461117
      ],
      [
        -0.16533840678491618,
        -0.9843380556838556,
        -0.06117028179069053,
        -73.01347211095015
      ],
      [
        -0.021969443392810224,
        -0.05833254064885076,
        0.9980554384694571,
        -2.591957089798707
      ],
      [
        0.0,
        0.0,
        0.0,
        1.0
      ]
    ],
    "location": [
      36.10929174461117,
      -73.01347211095015,
      -2.591957089798707
    ],
    "rotation": [
      -0.05837977903130435,
      0.021971211058999848,
      -2.9754510503970426
    ]
  },
  {
    "label_id": "bbXGUt1GvNBwGyS4Fx0khw",
    "size": [
      2.227660337375044,
      4.893110129792886,
      2.0000000000000044
    ],
    "obj_class": "vehicle",
    "point_num_in_lidar": 529,
    "speed": 0.019210192603349958,
    "if_vehicle": true,
    "motion_state": false,
    "pose": [
      [
        -0.06772032666775443,
        -0.9976324067455034,
        -0.011980749859137997,
        11.341394425357919
      ],
      [
        0.9958850267707955,
        -0.06686710760440831,
        -0.06117028179069053,
        -39.96768337335493
      ],
      [
        0.060224337354134745,
        -0.016073920859426005,
        0.9980554384694571,
        -0.970090597238042
      ],
      [
        0.0,
        0.0,
        0.0,
        1.0
      ]
    ],
    "location": [
      11.341394425357919,
      -39.96768337335493,
      -0.970090597238042
    ],
    "rotation": [
      -0.016103846251313968,
      -0.060260802220131124,
      1.6386919507343563
    ]
  },
  {
    "label_id": "bt0JgK4wmCTNwXTjOI9DVA",
    "size": [
      0.8338709143193961,
      0.776021301024688,
      1.126207121866221
    ],
    "obj_class": "sign",
    "point_num_in_lidar": 125,
    "speed": 7.108895957933346e-14,
    "if_vehicle": false,
    "motion_state": false,
    "pose": [
      [
        -0.13236342519760189,
        -0.9911288439465231,
        -0.011980749859137997,
        -5.439584353165131
      ],
      [
        0.9894405602406667,
        -0.13139853262606524,
        -0.06117028179069053,
        -30.965258991537326
      ],
      [
        0.059053377723839486,
        -0.019950947870847082,
        0.9980554384694571,
        -0.9102236686038045
      ],
      [
        0.0,
        0.0,
        0.0,
        1.0
      ]
    ],
    "location": [
      -5.439584353165131,
      -30.965258991537326,
      -0.9102236686038045
    ],
    "rotation": [
      -0.01998715734619862,
      -0.05908775451956004,
      1.7037827929757938
    ]
  },
  {
    "label_id": "e395WJBHUGGz23_cnf-9bQ",
    "size": [
      2.2143668834732706,
      4.400387997189263,
      1.7363276684535638
    ],
    "obj_class": "vehicle",
    "point_num_in_lidar": 35,
    "speed": 4.6962079014357965,
    "if_vehicle": true,
    "motion_state": true,
    "pose": [
      [
        -0.9845538890438076,
        0.17467140922751692,
        -0.011980749859137997,
        28.284993900709893
      ],
      [
        -0.17363512730951758,
        -0.982908459211668,
        -0.06117028179069053,
        -80.15541810806121
      ],
      [
        -0.02246067970746997,
        -0.058145159803875045,
        0.9980554384694571,
        -2.481547589579165
      ],
      [
        0.0,
        0.0,
        0.0,
        1.0
      ]
    ],
    "location": [
      28.284993900709893,
      -80.15541810806121,
      -2.481547589579165
    ],
    "rotation": [
      -0.05819267020764009,
      0.022462568638255003,
      -2.967028489587324
    ]
  },
  {
    "label_id": "fc4qoqiOrYcBeCY2itubyA",
    "size": [
      1.9746309587090431,
      4.268983569132553,
      1.4639776465190382
    ],
    "obj_class": "vehicle",
    "point_num_in_lidar": 106,
    "speed": 0.007650863821955843,
    "if_vehicle": true,
    "motion_state": false,
    "pose": [
      [
        -0.08156953191956798,
        -0.9965956417199682,
        -0.011980749859137997,
        11.606735172945093
      ],
      [
        0.9948602803177213,
        -0.08069212645476913,
        -0.06117028179069053,
        -44.925406196448876
      ],
      [
        0.05999528405272799,
        -0.01690880341633323,
        0.9980554384694571,
        -1.5299677981248605
      ],
      [
        0.0,
        0.0,
        0.0,
        1.0
      ]
    ],
    "location": [
      11.606735172945093,
      -44.925406196448876,
      -1.5299677981248605
    ],
    "rotation": [
      -0.01694012707685893,
      -0.060031333986983654,
      1.6526042782684582
    ]
  },
  {
    "label_id": "op516gA0LiM91RFRCh0Qwg",
    "size": [
      1.9930368581776388,
      4.7185740620167955,
      1.9805953887445877
    ],
    "obj_class": "vehicle",
    "point_num_in_lidar": 3296,
    "speed": 0.048569317989889414,
    "if_vehicle": true,
    "motion_state": false,
    "pose": [
      [
        0.04247400543553855,
        0.9990257356520275,
        -0.011980749859137997,
        -4.479861586547372
      ],
      [
        -0.9972573410767417,
        0.041665240839276405,
        -0.06117028179069053,
        -21.636818884279137
      ],
      [
        -0.06061150493767031,
        0.014546037629900721,
        0.9980554384694571,
        0.15503828265156905
      ],
      [
        0.0,
        0.0,
        0.0,
        1.0
      ]
    ],
    "location": [
      -4.479861586547372,
      -21.636818884279137,
      0.15503828265156905
    ],
    "rotation": [
      0.014573346610229751,
      0.060648678390430984,
      -1.5282312342123505
    ]
  }
]