[
  {
    "label_id": "0FthUnFInpdwtS3fei1NLw",
    "size": [
      2.2397743837265476,
      4.869392282684742,
      2.1004180595197823
    ],
    "obj_class": "vehicle",
    "point_num_in_lidar": 8674,
    "speed": 0.04278647142347347,
    "if_vehicle": true,
    "motion_state": false,
    "pose": [
      [
        0.0360016135888037,
        0.9990169695694235,
        -0.025864615429731685,
        -2.631658591017157
      ],
      [
        -0.9969734674647476,
        0.03411941201088069,
        -0.0698553569552813,
        -54.89531531724151
      ],
      [
        -0.0689042015433055,
        0.028301240897833795,
        0.9972217660948454,
        -2.1802115589748885
      ],
      [
        0.0,
        0.0,
        0.0,
        1.0
      ]
    ],
    "location": [
      -2.631658591017157,
      -54.89531531724151,
      -2.1802115589748885
    ],
    "rotation": [
      0.028372471713707693,
      0.06895884213213375,
      -1.5347011062851346
    ]
  },
  {
    "label_id": "2ZzcZmYwGNGC34_vckVgMg",
    "size": [
      2.135233125361254,
      4.64124244299159,
      1.4900000000000038
    ],
    "obj_class": "vehicle",
    "point_num_in_lidar": 979,
    "speed": 8.89911452410874e-14,
    "if_vehicle": true,
    "motion_state": false,
    "pose": [
      [
        -0.08515417661454129,
        -0.9960320215102383,
        -0.025864615429731685,
        20.65083283612418
      ],
      [
        0.9940836870523317,
        -0.08317362707668943,
        -0.0698553569552813,
        -50.447396535439
      ],
      [
        0.06742691852325362,
        -0.03166006767422015,
        0.9972217660948454,
        -2.0514776828590673
      ],
      [
        0.0,
        0.0,
        0.0,
        1.0
      ]
    ],
    "location": [
      20.65083283612418,
      -50.447396535439,
      -2.0514776828590673
    ],
    "rotation": [
      -0.031737611326353936,
      -0.0674781148377929,
      1.656248697084527
    ]
  },
  {
    "label_id": "4AeZa77bkV7le7_KKTO9gw",
    "size": [
      1.854669866259003,
      4.570722738993197,
      1.7243322628737179
    ],
    "obj_class": "vehicle",
    "point_num_in_lidar": 38,
    "speed": 8.883908979104366e-14,
    "if_vehicle": true,
    "motion_state": false,
    "pose": [
      [
        0.9815907940367785,
        -0.1892367161280254,
        -0.025864615429731685,
        70.69492613162717
      ],
      [
        0.18706259256577776,
        0.9798611205508769,
        -0.0698553569552813,
        -82.5859036834812
      ],
      [
        0.038562929411762835,
        0.06373107328345474,
        0.9972217660948454,
        -1.4774028001641017
      ],
      [
        0.0,
        0.0,
        0.0,
        1.0
      ]
    ],
    "location": [
      70.69492613162717,
      -82.5859036834812,
      -1.4774028001641017
    ],
    "rotation": [
      0.06382183139466868,
      -0.038572493632473476,
      0.1883128497039753
    ]
  },
  {
    "label_id": "739MebKySTL_wlcubUtzJg",
    "size": [
      0.9999999999999065,
      1.0,
      1.6400000000000041
    ],
    "obj_class": "pedestrian",
    "point_num_in_lidar": 28,
    "speed": 1.4647491992044182,
    "if_vehicle": false,
    "motion_state": true,
    "pose": [
      [
        0.03616231406499242,
        0.999011165458193,
        -0.025864615429731685,
        -5.167044669590538
      ],
      [
        -0.9969679661491534,
        0.034279783795570166,
        -0.0698553569552813,
        -108.17390409065013
      ],
      [
        -0.06889964814050689,
        0.02831232439754864,
        0.9972217660948454,
        -3.952437555998338
      ],
      [
        0.0,
        0.0,
        0.0,
        1.0
      ]
    ],
    "location": [
      -5.167044669590538,
      -108.17390409065013,
      -3.952437555998338
    ],
    "rotation": [
      0.02838357714362175,
      0.06895427788211361,
      -1.5345399289317363
    ]
  },
  {
    "label_id": "AW93vUUwt0tOGzfuMl_ixg",
    "size": [
      2.1475562215189226,
      4.350822809280177,
      1.9439356952888378
    ],
    "obj_class": "vehicle",
    "point_num_in_lidar": 177,
    "speed": 0.016152501171294374,
    "if_vehicle": true,
    "motion_state": false,
    "pose": [
      [
        -0.16285114633694053,
        -0.9863115764328312,
        -0.025864615429731685,
        28.56051798464027
      ],
      [
        0.9845242340600485,
        -0.16072417880681533,
        -0.0698553569552813,
        -48.83783989399001
      ],
      [
        0.06474207816574393,
        -0.03684036565315803,
        0.9972217660948454,
        -1.609172227626945
      ],
      [
        0.0,
        0.0,
        0.0,
        1.0
      ]
    ],
    "location": [
      28.56051798464027,
      -48.83783989399001,
      -1.609172227626945
    ],
    "rotation": [
      -0.036926209279487664,
      -0.06478739182073336,
      1.734723034430041
    ]
  },
  {
    "label_id": "FC_Nzw77TdePKfA1A8_YUw",
    "size": [
      1.9791979559302662,
      4.6815017276940125,
      1.6894924373811975
    ],
    "obj_class": "vehicle",
    "point_num_in_lidar": 1267,
    "speed": 0.0293028811632829,
    "if_vehicle": true,
    "motion_state": false,
    "pose": [
      [
        0.09147188836424594,
        0.9954717049257358,
        -0.025864615429731685,
        -1.9385054375164117
      ],
      [
        -0.9935359754787001,
        0.08947901728471525,
        -0.0698553569552813,
        -67.23440745338485
      ],
      [
        -0.06722469091537027,
        0.03208722733441795,
        0.9972217660948454,
        -3.102499413050672
      ],
      [
        0.0,
        0.0,
        0.0,
        1.0
      ]
    ],
    "location": [
      -1.9385054375164117,
      -67.23440745338485,
      -3.102499413050672
    ],
    "rotation": [
      0.032165523881130954,
      0.06727542734053114,
      -1.4789881302633134
    ]
  },
  {
    "label_id": "FHlfveZieODUAJsHQCO3WQ",
    "size": [
      0.4725650294624662,
      0.11859601717126622,
      0.48564117926519934
    ],
    "obj_class": "sign",
    "point_num_in_lidar": 53,
    "speed": 0.016058821981667575,
    "if_vehicle": false,
    "motion_state": false,
    "pose": [
      [
        0.055031412660085294,
        0.998149570600172,
        -0.025864615429731685,
        -3.891320886953295
      ],
      [
        -0.9961423050003908,
        0.05311061375242046,
        -0.0698553569552813,
        -70.39453772297531
      ],
      [
        -0.06835240894909239,
        0.029609076607245235,
        0.9972217660948454,
        -1.2419005217145118
      ],
      [
        0.0,
        0.0,
        0.0,
        1.0
      ]
    ],
    "location": [
      -3.891320886953295,
      -70.39453772297531,
      -1.2419005217145118
    ],
    "rotation": [
      0.02968284608276186,
      0.06840574549400368,
      -1.5156078962278576
    ]
  },
  {
    "label_id": "H77al2aLVyQfPGZQ91uLDw",
    "size": [
      2.1004080334660147,
      4.321158116249892,
      1.6473094557536303
    ],
    "obj_class": "vehicle",
    "point_num_in_lidar": 210,
    "speed": 0.02721252787411416,
    "if_vehicle": true,
    "motion_state": false,
    "pose": [
      [
        0.9860515417442555,
        -0.16441830400672836,
        -0.025864615429731685,
        28.89183862604814
      ],
      [
        0.16228849886823454,
        0.9842675816259242,
        -0.0698553569552813,
        -55.638091619694706
      ],
      [
        0.03694320179507853,
        0.0646834528129551,
        0.9972217660948454,
        -1.9860301805389886
      ],
      [
        0.0,
        0.0,
        0.0,
        1.0
      ]
    ],
    "location": [
      28.89183862604814,
      -55.638091619694706,
      -1.9860301805389886
    ],
    "rotation": [
      0.06477292134259494,
      -0.03695161030822243,
      0.163121806716625
    ]
  },
  {
    "label_id": "Nqn-60j6K3SDijkPy2jP0A",
    "size": [
      0.7617642865803221,
      1.0236133004027541,
      1.1999999999999993
    ],
    "obj_class": "sign",
    "point_num_in_lidar": 20,
    "speed": 2.1113107144150478e-29,
    "if_vehicle": false,
    "motion_state": false,
    "pose": [
      [
        -0.032875577603049544,
        -0.9991247259806646,
        -0.025864615429731685,
        14.254831837314455
      ],
      [
        0.9970753445916904,
        -0.030999779225217468,
        -0.0698553569552813,
        -58.6382563183073
      ],
      [
        0.06899241700816011,
        -0.028085505550903347,
        0.9972217660948454,
        -2.6086405094276115
      ],
      [
        0.0,
        0.0,
        0.0,
        1.0
      ]
    ],
    "location": [
      14.254831837314455,
      -58.6382563183073,
      -2.6086405094276115
    ],
    "rotation": [
      -0.02815630811442298,
      -0.06904726802999105,
      1.603756395407312
    ]
  },
  {
    "label_id": "QDVEnIR7naYiy3U9lHiF0Q",
    "size": [
      2.0821810771242677,
      5.2704203782678345,
      2.0460419520279647
    ],
    "obj_class": "vehicle",
    "point_num_in_lidar": 525,
    "speed": 3.554447978966673e-14,
    "if_vehicle": true,
    "motion_state": false,
    "pose": [
      [
        0.1518689556417123,
        0.9880621650387024,
        -0.025864615429731685,
        23.03487676081641
      ],
      [
        -0.986251272048446,
        0.1497620028160441,
        -0.0698553569552813,
        -67.30073489691517
      ],
      [
        -0.06514789862396325,
        0.036117869975394325,
        0.9972217660948454,
        -2.6048651153950466
      ],
      [
        0.0,
        0.0,
        0.0,
        1.0
      ]
    ],
    "location": [
      23.03487676081641,
      -67.30073489691517,
      -2.6048651153950466
    ],
    "rotation": [
      0.03620266898527801,
      0.06519407084393093,
      -1.418010321932868
    ]
  },
  {
    "label_id": "R9GNlFkDZMkdo8iVjWgl3A",
    "size": [
      3.7688700330460723,
      12.908695691698984,
      3.736177492803977
    ],
    "obj_class": "vehicle",
    "point_num_in_lidar": 1328,
    "speed": 4.930123343446015,
    "if_vehicle": true,
    "motion_state": true,
    "pose": [
      [
        -0.9877750644169341,
        0.15372522169375447,
        -0.025864615429731685,
        44.30714377907737
      ],
      [
        -0.15161486998300835,
        -0.9859681335137996,
        -0.0698553569552813,
        -77.8294370462811
      ],
      [
        -0.03624021683375174,
        -0.06507991941083163,
        0.9972217660948454,
        -1.2971154300799501
      ],
      [
        0.0,
        0.0,
        0.0,
        1.0
      ]
    ],
    "location": [
      44.30714377907737,
      -77.8294370462811,
      -1.2971154300799501
    ],
    "rotation": [
      -0.06516881660812651,
      0.03624815422721085,
      -2.9892900014677917
    ]
  },
  {
    "label_id": "RIGkOpXIIKDuFZVaTZWJwg",
    "size": [
      0.5331272326095502,
      0.085936283990451,
      0.4941245749102219
    ],
    "obj_class": "sign",
    "point_num_in_lidar": 20,
    "speed": 0.009650676560136047,
    "if_vehicle": false,
    "motion_state": false,
    "pose": [
      [
        -0.9866857767802049,
        0.16056836415781256,
        -0.025864615429731685,
        38.96298210027713
      ],
      [
        -0.1584455382709613,
        -0.9848935173442233,
        -0.0698553569552813,
        -70.58331341728831
      ],
      [
        -0.0366904524593137,
        -0.06482715422574496,
        0.9972217660948454,
        -0.27236250384832505
      ],
      [
        0.0,
        0.0,
        0.0,
        1.0
      ]
    ],
    "location": [
      38.96298210027713,
      -70.58331341728831,
      -0.27236250384832505
    ],
    "rotation": [
      -0.06491641802874748,
      0.036698689499262416,
      -2.9823684261499435
    ]
  },
  {
    "label_id": "SjUOrL45KnzmIi-re1XD_A",
    "size": [
      2.3214774507527762,
      4.913178953138767,
      1.6300000000000043
    ],
    "obj_class": "vehicle",
    "point_num_in_lidar": 2194,
    "speed": 2.1317438523750434e-13,
    "if_vehicle": true,
    "motion_state": false,
    "pose": [
      [
        -0.049812970801073324,
        -0.9984236022894509,
        -0.025864615429731685,
        12.564276301109814
      ],
      [
        0.9964063234016057,
        -0.04790269084242716,
        -0.0698553569552813,
        -59.36544086234653
      ],
      [
        0.06850625245381871,
        -0.02925136922284737,
        0.9972217660948454,
        -2.5257781490315345
      ],
      [
        0.0,
        0.0,
        0.0,
        1.0
      ]
    ],
    "location": [
      12.564276301109814,
      -59.36544086234653,
      -2.5257781490315345
    ],
    "rotation": [
      -0.02932445428751915,
      -0.06855995046055333,
      1.6207473690367378
    ]
  },
  {
    "label_id": "T1crxPSUfT-4K4xwSV1uPA",
    "size": [
      1.8978891977529528,
      4.256426255755278,
      1.3700000000000037
    ],
    "obj_class": "vehicle",
    "point_num_in_lidar": 43,
    "speed": 0.0017674932032969326,
    "if_vehicle": true,
    "motion_state": false,
    "pose": [
      [
        -0.0554871664071564,
        -0.9981243389642278,
        -0.025864615429731685,
        11.15837442117963
      ],
      [
        0.9961179506189205,
        -0.05356545117342221,
        -0.0698553569552813,
        -103.20261472602738
      ],
      [
        0.06833888218917969,
        -0.029640283531219835,
        0.9972217660948454,
        -3.4804216921292523
      ],
      [
        0.0,
        0.0,
        0.0,
        1.0
      ]
    ],
    "location": [
      11.15837442117963,
      -103.20261472602738,
      -3.4804216921292523
    ],
    "rotation": [
      -0.029714112355347162,
      -0.0683921870303699,
      1.626442230135523
    ]
  },
  {
    "label_id": "TDnHTGfixp8YOmZl6aYmUg",
    "size": [
      0.7962296755069176,
      1.1287846662723604,
      1.0511899151793322
    ],
    "obj_class": "sign",
    "point_num_in_lidar": 44,
    "speed": 3.580361673049448e-14,
    "if_vehicle": false,
    "motion_state": false,
    "pose": [
      [
        -0.01843000301670629,
        -0.999495551094389,
        -0.025864615429731685,
        -4.26833933829225
      ],
      [
        0.9974192695415262,
        -0.016584023995971718,
        -0.0698553569552813,
        -55.67129592390643
      ],
      [
        0.0693911790939809,
        -0.027085300268314388,
        0.9972217660948454,
        -2.5994103150794547
      ],
      [
        0.0,
        0.0,
        0.0,
        1.0
      ]
    ],
    "location": [
      -4.26833933829225,
      -55.67129592390643,
      -2.5994103150794547
    ],
    "rotation": [
      -0.027154083272500185,
      -0.06944698809735665,
      1.589271913262054
    ]
  },
  {
    "label_id": "TSkHv1dU9BwYbpsysO-m5g",
    "size": [
      2.237075243841105,
      4.880771797860977,
      1.4175253135198727
    ],
    "obj_class": "vehicle",
    "point_num_in_lidar": 82,
    "speed": 3.3306690738754696e-15,
    "if_vehicle": true,
    "motion_state": false,
    "pose": [
      [
        0.9835847147876143,
        -0.17858367927904145,
        -0.025864615429731685,
        34.06533083671198
      ],
      [
        0.17642843574446604,
        0.9818315721983131,
        -0.0698553569552813,
        -54.8647076805139
      ],
      [
        0.03786972269410312,
        0.06414540770584762,
        0.9972217660948454,
        -2.139971462477032
      ],
      [
        0.0,
        0.0,
        0.0,
        1.0
      ]
    ],
    "location": [
      34.06533083671198,
      -54.8647076805139,
      -2.139971462477032
    ],
    "rotation": [
      0.0642356190925597,
      -0.03787878013578228,
      0.1774854454428135
    ]
  },
  {
    "label_id": "To2rVuVuEoUSu3imKi5-iQ",
    "size": [
      2.227564938488094,
      4.642568388368268,
      1.6575253135198729
    ],
    "obj_class": "vehicle",
    "point_num_in_lidar": 242,
    "speed": 0.011846609325641484,
    "if_vehicle": true,
    "motion_state": false,
    "pose": [
      [
        0.16793590301344755,
        0.9854585501926147,
        -0.025864615429731685,
        26.130974878405993
      ],
      [
        -0.9836822014712481,
        0.16579974551648022,
        -0.0698553569552813,
        -48.155045648034616
      ],
      [
        -0.06455121213220796,
        0.037173784296737546,
        0.9972217660948454,
        -1.8432763209114107
      ],
      [
        0.0,
        0.0,
        0.0,
        1.0
      ]
    ],
    "location": [
      26.130974878405993,
      -48.155045648034616,
      -1.8432763209114107
    ],
    "rotation": [
      0.03726009699711741,
      0.06459612569984698,
      -1.401704819428857
    ]
  },
  {
    "label_id": "VzUz0V5Me5lZL90Hr-sPyA",
    "size": [
      2.236017690453784,
      4.518482971237546,
      1.7189099499414766
    ],
    "obj_class": "vehicle",
    "point_num_in_lidar": 33,
    "speed": 5.551115123125783e-16,
    "if_vehicle": true,
    "motion_state": false,
    "pose": [
      [
        -0.9795057511684866,
        0.19974860474238898,
        -0.025864615429731685,
        61.10246318292388
      ],
      [
        -0.1975560638174791,
        -0.9777994839196811,
        -0.0698553569552813,
        -68.92365893058593
      ],
      [
        -0.03924391770457163,
        -0.06331401227117495,
        0.9972217660948454,
        -1.7803146885220968
      ],
      [
        0.0,
        0.0,
        0.0,
        1.0
      ]
    ],
    "location": [
      61.10246318292388,
      -68.92365893058593,
      -1.7803146885220968
    ],
    "rotation": [
      -0.06340529860243348,
      0.03925399785406696,
      -2.9425730656938343
    ]
  },
  {
    "label_id": "YNxoawT6vIVOXCltkBdhSg",
    "size": [
      2.0910824509631003,
      4.688438300872428,
      1.2315137479379885
    ],
    "obj_class": "vehicle",
    "point_num_in_lidar": 78,
    "speed": 5.3316719684500096e-14,
    "if_vehicle": true,
    "motion_state": false,
    "pose": [
      [
        -0.9801836091770251,
        0.19639530027313062,
        -0.025864615429731685,
        50.847677237053176
      ],
      [
        -0.19420861149771446,
        -0.9784698484494964,
        -0.0698553569552813,
        -60.43858690969466
      ],
      [
        -0.03902701014465326,
        -0.06344794485124648,
        0.9972217660948454,
        -2.1774490541839917
      ],
      [
        0.0,
        0.0,
        0.0,
        1.0
      ]
    ],
    "location": [
      50.847677237053176,
      -60.43858690969466,
      -2.1774490541839917
    ],
    "rotation": [
      -0.0635390639614019,
      0.03903692399654007,
      -2.9459910711024495
    ]
  },
  {
    "label_id": "agustPTQy50BIJjPrfHUJg",
    "size": [
      1.911136329831003,
      4.4729556239008765,
      1.3933782373620502
    ],
    "obj_class": "vehicle",
    "point_num_in_lidar": 149,
    "speed": 0.02260254083591646,
    "if_vehicle": true,
    "motion_state": false,
    "pose": [
      [
        0.1587070697892514,
        0.9869868730979059,
        -0.025864615429731685,
        25.320435478091007
      ],
      [
        -0.9851906129433875,
        0.15658762809648405,
        -0.0698553569552813,
        -66.60967918524011
      ],
      [
        -0.06489624154866175,
        0.03656811534021725,
        0.9972217660948454,
        -2.7167783428273324
      ],
      [
        0.0,
        0.0,
        0.0,
        1.0
      ]
    ],
    "location": [
      25.320435478091007,
      -66.60967918524011,
      -2.7167783428273324
    ],
    "rotation": [
      0.03665356983557352,
      0.06494188008846072,
      -1.4110757681228425
    ]
  },
  {
    "label_id": "auOooDPcS5q1p_53EHycZg",
    "size": [
      2.064653321932691,
      4.50592062313768,
      1.5935171151616743
    ],
    "obj_class": "vehicle",
    "point_num_in_lidar": 93,
    "speed": 5.370542509574172e-14,
    "if_vehicle": true,
    "motion_state": false,
    "pose": [
      [
        -0.9857330566384742,
        0.16631705480449913,
        -0.025864615429731685,
        36.10929174461118
      ],
      [
        -0.1641838178526314,
        -0.9839532016615345,
        -0.0698553569552813,
        -73.01347211095037
      ],
      [
        -0.037067708392948186,
        -0.06461218322555771,
        0.9972217660948454,
        -2.6233820030969515
      ],
      [
        0.0,
        0.0,
        0.0,
        1.0
      ]
    ],
    "location": [
      36.10929174461118,
      -73.01347211095037,
      -2.6233820030969515
    ],
    "rotation": [
      -0.0647017522992934,
      0.0370762022437275,
      -2.9765476433633498
    ]
  },
  {
    "label_id": "b4zV2_qtCFu2PXzfOzUGDg",
    "size": [
      2.041593439597833,
      4.159733527544294,
      1.4200000000000035
    ],
    "obj_class": "vehicle",
    "point_num_in_lidar": 114,
    "speed": 0.03876987189840253,
    "if_vehicle": true,
    "motion_state": false,
    "pose": [
      [
        -0.05950819989141881,
        -0.9978926775031247,
        -0.025864615429731685,
        8.024153308956897
      ],
      [
        0.995894048112311,
        -0.05757841643467392,
        -0.0698553569552813,
        -102.4192386955823
      ],
      [
        0.0682189055919064,
        -0.029915383108364915,
        0.9972217660948454,
        -3.4893547525673574
      ],
      [
        0.0,
        0.0,
        0.0,
        1.0
      ]
    ],
    "location": [
      8.024153308956897,
      -102.4192386955823,
      -3.4893547525673574
    ],
    "rotation": [
      -0.029989732589552166,
      -0.06827192978546605,
      1.6304789074304304
    ]
  },
  {
    "label_id": "e395WJBHUGGz23_cnf-9bQ",
    "size": [
      2.2143668834732684,
      4.400387997189263,
      1.7363276684535638
    ],
    "obj_class": "vehicle",
    "point_num_in_lidar": 297,
    "speed": 0.018277741723456756,
    "if_vehicle": true,
    "motion_state": false,
    "pose": [
      [
        -0.9865826023975147,
        0.1612010865820062,
        -0.025864615429731685,
        24.56473747633605
      ],
      [
        -0.15907711176685854,
        -0.9847917046850896,
        -0.0698553569552813,
        -80.76635003551633
      ],
      [
        -0.036732018164834984,
        -0.06480361153682651,
        0.9972217660948454,
        -2.652283026681621
      ],
      [
        0.0,
        0.0,
        0.0,
        1.0
      ]
    ],
    "location": [
      24.56473747633605,
      -80.76635003551633,
      -2.652283026681621
    ],
    "rotation": [
      -0.06489290906353294,
      0.036740283242488236,
      -2.981728050956839
    ]
  },
  {
    "label_id": "gNkR8vsrfHgMRzMUczWVJg",
    "size": [
      1.827225069872097,
      4.323699343690174,
      1.5999999999999996
    ],
    "obj_class": "vehicle",
    "point_num_in_lidar": 27,
    "speed": 3.5596458096434965e-14,
    "if_vehicle": true,
    "motion_state": false,
    "pose": [
      [
        -0.06342425148689157,
        -0.9976514351174962,
        -0.025864615429731685,
        11.508177791163746
      ],
      [
        0.9956603950969652,
        -0.06148663871123315,
        -0.0698553569552813,
        -112.78151363809968
      ],
      [
        0.06810096885274847,
        -0.030182896945036047,
        0.9972217660948454,
        -4.202491484703196
      ],
      [
        0.0,
        0.0,
        0.0,
        1.0
      ]
    ],
    "location": [
      11.508177791163746,
      -112.78151363809968,
      -4.202491484703196
    ],
    "rotation": [
      -0.03025774835584058,
      -0.0681537181340836,
      1.634411062190893
    ]
  },
  {
    "label_id": "gV6Bw661MKF2mu-9UbidXQ",
    "size": [
      2.0619088630284677,
      4.979403080777294,
      1.5159977183298867
    ],
    "obj_class": "vehicle",
    "point_num_in_lidar": 33,
    "speed": 0.01905724637356915,
    "if_vehicle": true,
    "motion_state": false,
    "pose": [
      [
        0.9846284967157877,
        -0.1727360562357501,
        -0.025864615429731685,
        -26.924940751258077
      ],
      [
        0.17059126794066048,
        0.9828625785973583,
        -0.0698553569552813,
        -98.0908955813519
      ],
      [
        0.03748790148309097,
        0.06436929756546787,
        0.9972217660948454,
        -4.302283415169389
      ],
      [
        0.0,
        0.0,
        0.0,
        1.0
      ]
    ],
    "location": [
      -26.924940751258077,
      -98.0908955813519,
      -4.302283415169389
    ],
    "rotation": [
      0.06445920436623451,
      -0.037496687599077386,
      0.17155148420624936
    ]
  },
  {
    "label_id": "igeAxNTqmAvEuIemThLM8g",
    "size": [
      2.3167718466597162,
      4.915583154046055,
      2.160000000000001
    ],
    "obj_class": "vehicle",
    "point_num_in_lidar": 30,
    "speed": 7.041124859015672e-29,
    "if_vehicle": true,
    "motion_state": false,
    "pose": [
      [
        0.9821672158151507,
        -0.18622186189217294,
        -0.025864615429731685,
        49.099025848685166
      ],
      [
        0.18405305951932607,
        0.9804308748638152,
        -0.0698553569552813,
        -52.614465133239264
      ],
      [
        0.038367062169142804,
        0.06384917984740927,
        0.9972217660948454,
        -1.587465875135055
      ],
      [
        0.0,
        0.0,
        0.0,
        1.0
      ]
    ],
    "location": [
      49.099025848685166,
      -52.614465133239264,
      -1.587465875135055
    ],
    "rotation": [
      0.06393978435036221,
      -0.03837648133028361,
      0.185246350934293
    ]
  },
  {
    "label_id": "irRilzG-gquG7JntU8rgVQ",
    "size": [
      2.5830279728458394,
      5.479408345867389,
      2.229999999999997
    ],
    "obj_class": "vehicle",
    "point_num_in_lidar": 80,
    "speed": 5.3290705182007514e-14,
    "if_vehicle": true,
    "motion_state": false,
    "pose": [
      [
        -0.980490985872711,
        0.19485494166438658,
        -0.025864615429731685,
        49.57858082607224
      ],
      [
        -0.192670948339486,
        -0.9787737914199652,
        -0.0698553569552813,
        -55.065373016827266
      ],
      [
        -0.03892726921224405,
        -0.0635091878262914,
        0.9972217660948454,
        -1.8673175668870527
      ],
      [
        0.0,
        0.0,
        0.0,
        1.0
      ]
    ],
    "location": [
      49.57858082607224,
      -55.065373016827266,
      -1.8673175668870527
    ],
    "rotation": [
      -0.06360022971340355,
      0.03893710721357233,
      -2.947560343240443
    ]
  },
  {
    "label_id": "iuT6AwtQpCbc9M0iGh3j9w",
    "size": [
      2.1317443926046904,
      4.751092980351478,
      1.712260309168392
    ],
    "obj_class": "vehicle",
    "point_num_in_lidar": 515,
    "speed": 0.2763601512886896,
    "if_vehicle": true,
    "motion_state": false,
    "pose": [
      [
        -0.9897902292740748,
        0.14016534415556026,
        -0.025864615429731685,
        25.300814323959344
      ],
      [
        -0.13807996943768228,
        -0.9879545288851806,
        -0.0698553569552813,
        -77.68273451946686
      ],
      [
        -0.03534436410042345,
        -0.06557076446873547,
        0.9972217660948454,
        -2.738401671144292
      ],
      [
        0.0,
        0.0,
        0.0,
        1.0
      ]
    ],
    "location": [
      25.300814323959344,
      -77.68273451946686,
      -2.738401671144292
    ],
    "rotation": [
      -0.06565892597508789,
      0.035351727078696354,
      -3.0029829396417607
    ]
  },
  {
    "label_id": "j4pYCjXzBIBJETm7p7ALAg",
    "size": [
      0.47355499497979464,
      0.11589494026634384,
      0.5419955349083043
    ],
    "obj_class": "sign",
    "point_num_in_lidar": 113,
    "speed": 0.016586997572783153,
    "if_vehicle": false,
    "motion_state": false,
    "pose": [
      [
        0.05503141266006313,
        0.9981495706001732,
        -0.025864615429731685,
        -3.893145313812667
      ],
      [
        -0.996142305000392,
        0.05311061375239834,
        -0.0698553569552813,
        -70.39154306969749
      ],
      [
        -0.06835240894909304,
        0.02960907660724372,
        0.9972217660948454,
        -1.8027471535270028
      ],
      [
        0.0,
        0.0,
        0.0,
        1.0
      ]
    ],
    "location": [
      -3.893145313812667,
      -70.39154306969749,
      -1.8027471535270028
    ],
    "rotation": [
      0.02968284608276034,
      0.06840574549400433,
      -1.5156078962278798
    ]
  },
  {
    "label_id": "p65_dOfmQkmZo7JqvWBsSw",
    "size": [
      0.8916477119128009,
      1.3736536652180864,
      1.8155989146434655
    ],
    "obj_class": "pedestrian",
    "point_num_in_lidar": 42,
    "speed": 2.702520454965358,
    "if_vehicle": false,
    "motion_state": true,
    "pose": [
      [
        0.066600271469461,
        0.9974444473297078,
        -0.025864615429731685,
        -6.516456247397528
      ],
      [
        -0.9954595864085617,
        0.06465632940359123,
        -0.0698553569552813,
        -80.73107254519061
      ],
      [
        -0.06800452681615808,
        0.03039956511511504,
        0.9972217660948454,
        -3.551599333980005
      ],
      [
        0.0,
        0.0,
        0.0,
        1.0
      ]
    ],
    "location": [
      -6.516456247397528,
      -80.73107254519061,
      -3.551599333980005
    ],
    "rotation": [
      0.03047481986976102,
      0.06805705199872723,
      -1.5039918402555077
    ]
  },
  {
    "label_id": "rmtoge8lH9ELbT6J6nkCPw",
    "size": [
      2.043702290774901,
      4.743477809726895,
      1.5709305980602917
    ],
    "obj_class": "vehicle",
    "point_num_in_lidar": 207,
    "speed": 8.881784197001252e-14,
    "if_vehicle": true,
    "motion_state": false,
    "pose": [
      [
        0.9902659177188734,
        -0.13676415419644677,
        -0.025864615429731685,
        -12.596471384913954
      ],
      [
        0.13468509821925556,
        0.9884230639874404,
        -0.0698553569552813,
        -95.63829459510919
      ],
      [
        0.03511889124199214,
        0.06569180089334443,
        0.9972217660948454,
        -3.9450484815286133
      ],
      [
        0.0,
        0.0,
        0.0,
        1.0
      ]
    ],
    "location": [
      -12.596471384913954,
      -95.63829459510919,
      -3.9450484815286133
    ],
    "rotation": [
      0.06577977614142633,
      -0.035126114153300664,
      0.13517955603474904
    ]
  },
  {
    "label_id": "uRAjQ1brh2PNKP6H45Ipsw",
    "size": [
      1.8510172426114258,
      3.8732833809560465,
      1.5800000000000045
    ],
    "obj_class": "vehicle",
    "point_num_in_lidar": 79,
    "speed": 1.2434993501203063e-13,
    "if_vehicle": true,
    "motion_state": false,
    "pose": [
      [
        -0.19494731468809418,
        -0.9804726238730858,
        -0.025864615429731685,
        39.36626642690843
      ],
      [
        0.9787556351860541,
        -0.19276315959278698,
        -0.0698553569552813,
        -55.02067327120312
      ],
      [
        0.06350552013364824,
        -0.038933252358780424,
        0.9972217660948454,
        -1.9680585847452488
      ],
      [
        0.0,
        0.0,
        0.0,
        1.0
      ]
    ],
    "location": [
      39.36626642690843,
      -55.02067327120312,
      -1.9680585847452488
    ],
    "rotation": [
      -0.03902190098603922,
      -0.06354828356354711,
      1.76740208949079
    ]
  }
]