[
  {
    "label_id": "BBGHrrdA-BRayce_KINWBQ",
    "size": [
      1.8510172426114275,
      3.8732833809560465,
      1.690000000000004
    ],
    "obj_class": "vehicle",
    "point_num_in_lidar": 48,
    "speed": 1.0658719261875217e-13,
    "if_vehicle": true,
    "motion_state": false,
    "pose": [
      [
        -0.19489376696200167,
        -0.9802033096761289,
        -0.03489829937581449,
        41.932175036396174
      ],
      [
        0.9794311544784761,
        -0.19259793422975405,
        -0.060171832009594015,
        -54.52843931718405
      ],
      [
        0.0522592885171667,
        -0.04590759665234399,
        0.9975777961308506,
        -2.098995867056221
      ],
      [
        0.0,
        0.0,
        0.0,
        1.0
      ]
    ],
    "location": [
      41.932175036396174,
      -54.52843931718405,
      -2.098995867056221
    ],
    "rotation": [
      -0.04598661973349226,
      -0.05228310477377802,
      1.7672173638992268
    ]
  },
  {
    "label_id": "FC_Nzw77TdePKfA1A8_YUw",
    "size": [
      1.9791979559302653,
      4.6815017276940125,
      1.6894924373811975
    ],
    "obj_class": "vehicle",
    "point_num_in_lidar": 5179,
    "speed": 0.029302881163261886,
    "if_vehicle": true,
    "motion_state": false,
    "pose": [
      [
        0.09144676305471683,
        0.9951982708121485,
        -0.03489829937581449,
        -1.9954504112316016
      ],
      [
        -0.9941905422859454,
        0.0892441385290207,
        -0.060171832009594015,
        -67.2205424363807
      ],
      [
        -0.056768434503624635,
        0.04019807844564785,
        0.9975777961308506,
        -3.1690496351456554
      ],
      [
        0.0,
        0.0,
        0.0,
        1.0
      ]
    ],
    "location": [
      -1.9954504112316016,
      -67.2205424363807,
      -3.1690496351456554
    ],
    "rotation": [
      0.040273894096485394,
      0.05679896965432652,
      -1.4790732973159617
    ]
  },
  {
    "label_id": "Fx7eRIb3HDnYZKvfiwRh2w",
    "size": [
      2.161655508485934,
      4.945521685175522,
      1.9600000000000044
    ],
    "obj_class": "vehicle",
    "point_num_in_lidar": 147,
    "speed": 6.661338147750939e-15,
    "if_vehicle": true,
    "motion_state": false,
    "pose": [
      [
        0.986011559540943,
        -0.16298255474839438,
        -0.03489829937581449,
        -46.54520082908118
      ],
      [
        0.16071298836712442,
        0.9851653089724168,
        -0.060171832009594015,
        -100.9898025744767
      ],
      [
        0.04418755279200103,
        0.053721511938597734,
        0.9975777961308506,
        -4.775246195475241
      ],
      [
        0.0,
        0.0,
        0.0,
        1.0
      ]
    ],
    "location": [
      -46.54520082908118,
      -100.9898025744767,
      -4.775246195475241
    ],
    "rotation": [
      0.053799985264213375,
      -0.0442019451006994,
      0.16157218982050586
    ]
  },
  {
    "label_id": "H77al2aLVyQfPGZQ91uLDw",
    "size": [
      2.100408033466014,
      4.321158116249892,
      1.6473094557536303
    ],
    "obj_class": "vehicle",
    "point_num_in_lidar": 181,
    "speed": 0.029930012785493,
    "if_vehicle": true,
    "motion_state": false,
    "pose": [
      [
        0.9857806951416505,
        -0.1643731419262907,
        -0.03489829937581449,
        28.858114699740398
      ],
      [
        0.1621023841833611,
        0.9849376465922496,
        -0.060171832009594015,
        -55.687551371484915
      ],
      [
        0.04426328194016442,
        0.053659132853599974,
        0.9975777961308506,
        -1.9860301805389824
      ],
      [
        0.0,
        0.0,
        0.0,
        1.0
      ]
    ],
    "location": [
      28.858114699740398,
      -55.687551371484915,
      -1.9860301805389824
    ],
    "rotation": [
      0.053737635324476264,
      -0.0442777484165452,
      0.16298201098340023
    ]
  },
  {
    "label_id": "QDVEnIR7naYiy3U9lHiF0Q",
    "size": [
      2.082181077124264,
      5.2704203782678345,
      2.0460419520279647
    ],
    "obj_class": "vehicle",
    "point_num_in_lidar": 1123,
    "speed": 3.554447978966673e-14,
    "if_vehicle": true,
    "motion_state": false,
    "pose": [
      [
        0.151827240590385,
        0.9877907661622402,
        -0.03489829937581449,
        23.034876760816417
      ],
      [
        -0.9869189167121155,
        0.14956738437371123,
        -0.060171832009594015,
        -67.30073489691517
      ],
      [
        -0.05421753268541119,
        0.043577515030358796,
        0.9975777961308506,
        -2.628867417483211
      ],
      [
        0.0,
        0.0,
        0.0,
        1.0
      ]
    ],
    "location": [
      23.034876760816417,
      -67.30073489691517,
      -2.628867417483211
    ],
    "rotation": [
      0.04365557073341035,
      0.05424413032566011,
      -1.4181533718042338
    ]
  },
  {
    "label_id": "R9GNlFkDZMkdo8iVjWgl3A",
    "size": [
      3.7688700330460767,
      12.908695691698984,
      3.736177492803977
    ],
    "obj_class": "vehicle",
    "point_num_in_lidar": 1672,
    "speed": 1.978949992383922,
    "if_vehicle": true,
    "motion_state": true,
    "pose": [
      [
        -0.989277049199848,
        0.1418204097692479,
        -0.03489829937581449,
        37.37948527848946
      ],
      [
        -0.13956949475639463,
        -0.9883823687045686,
        -0.060171832009594015,
        -78.8788490872688
      ],
      [
        -0.04302645767299567,
        -0.0546558744036603,
        0.9975777961308506,
        -1.6133942316237784
      ],
      [
        0.0,
        0.0,
        0.0,
        1.0
      ]
    ],
    "location": [
      37.37948527848946,
      -78.8788490872688,
      -1.6133942316237784
    ],
    "rotation": [
      -0.05473386079486898,
      0.043039744386631856,
      -3.001435362327233
    ]
  },
  {
    "label_id": "RIGkOpXIIKDuFZVaTZWJwg",
    "size": [
      0.5331272326096791,
      0.085936283990451,
      0.4941245749102219
    ],
    "obj_class": "sign",
    "point_num_in_lidar": 26,
    "speed": 0.01662345130450036,
    "if_vehicle": false,
    "motion_state": false,
    "pose": [
      [
        -0.9825884195817743,
        0.18248864733036665,
        -0.03489829937581449,
        38.940178295774906
      ],
      [
        -0.18020275787001688,
        -0.9817873072558277,
        -0.060171832009594015,
        -70.5895828108961
      ],
      [
        -0.045243383602809516,
        -0.052835375525151745,
        0.9975777961308506,
        -0.2748943296780917
      ],
      [
        0.0,
        0.0,
        0.0,
        1.0
      ]
    ],
    "location": [
      38.940178295774906,
      -70.5895828108961,
      -0.2748943296780917
    ],
    "rotation": [
      -0.05291422383422916,
      0.04525883309919749,
      -2.9602122784966935
    ]
  },
  {
    "label_id": "SjUOrL45KnzmIi-re1XD_A",
    "size": [
      2.321477450752777,
      4.913178953138767,
      1.6300000000000043
    ],
    "obj_class": "vehicle",
    "point_num_in_lidar": 2067,
    "speed": 2.1317438523750434e-13,
    "if_vehicle": true,
    "motion_state": false,
    "pose": [
      [
        -0.04979928827705033,
        -0.9981493573547875,
        -0.03489829937581449,
        12.564276301109814
      ],
      [
        0.99705050851563,
        -0.047640676961318865,
        -0.060171832009594015,
        -59.36544086234653
      ],
      [
        0.05839789684417392,
        -0.03779188154739055,
        0.9975777961308506,
        -2.557781075150266
      ],
      [
        0.0,
        0.0,
        0.0,
        1.0
      ]
    ],
    "location": [
      12.564276301109814,
      -59.36544086234653,
      -2.557781075150266
    ],
    "rotation": [
      -0.0378655358832937,
      -0.0584311404174445,
      1.6207014608930006
    ]
  },
  {
    "label_id": "T1crxPSUfT-4K4xwSV1uPA",
    "size": [
      1.8978891977529877,
      4.256426255755278,
      1.3700000000000037
    ],
    "obj_class": "vehicle",
    "point_num_in_lidar": 116,
    "speed": 0.3055266715300134,
    "if_vehicle": true,
    "motion_state": false,
    "pose": [
      [
        -0.05523083258628779,
        -0.9978635497063221,
        -0.03489829937581449,
        11.155803183871157
      ],
      [
        0.99677646506703,
        -0.053066272914960404,
        -0.060171832009594015,
        -103.15689646395265
      ],
      [
        0.05819135520248102,
        -0.03810914386880743,
        0.9975777961308506,
        -3.48042169212924
      ],
      [
        0.0,
        0.0,
        0.0,
        1.0
      ]
    ],
    "location": [
      11.155803183871157,
      -103.15689646395265,
      -3.48042169212924
    ],
    "rotation": [
      -0.038183108936308205,
      -0.05822424693694152,
      1.6261491717464565
    ]
  },
  {
    "label_id": "TSkHv1dU9BwYbpsysO-m5g",
    "size": [
      2.2370752438411037,
      4.880771797860977,
      1.4175253135198727
    ],
    "obj_class": "vehicle",
    "point_num_in_lidar": 83,
    "speed": 3.3306690738754696e-15,
    "if_vehicle": true,
    "motion_state": false,
    "pose": [
      [
        0.9833145457679475,
        -0.178534626282554,
        -0.03489829937581449,
        34.06533083671198
      ],
      [
        0.17625197785822036,
        0.9825042447407922,
        -0.060171832009594015,
        -54.8647076805139
      ],
      [
        0.04503048281154217,
        0.053016943371663586,
        0.9975777961308506,
        -2.198460255706677
      ],
      [
        0.0,
        0.0,
        0.0,
        1.0
      ]
    ],
    "location": [
      34.06533083671198,
      -54.8647076805139,
      -2.198460255706677
    ],
    "rotation": [
      0.05309572166274331,
      -0.045045715099632115,
      0.17735933136005946
    ]
  },
  {
    "label_id": "VzUz0V5Me5lZL90Hr-sPyA",
    "size": [
      2.2360176904537834,
      4.518482971237546,
      1.7189099499414766
    ],
    "obj_class": "vehicle",
    "point_num_in_lidar": 91,
    "speed": 5.551115123125783e-16,
    "if_vehicle": true,
    "motion_state": false,
    "pose": [
      [
        -0.9792367025501286,
        0.1996937382078541,
        -0.03489829937581449,
        61.10246318292388
      ],
      [
        -0.19739415000924196,
        -0.9784758045934188,
        -0.060171832009594015,
        -68.92365893058593
      ],
      [
        -0.04616307962950293,
        -0.05203374622141817,
        0.9975777961308506,
        -1.7803146885221013
      ],
      [
        0.0,
        0.0,
        0.0,
        1.0
      ]
    ],
    "location": [
      61.10246318292388,
      -68.92365893058593,
      -1.7803146885221013
    ],
    "rotation": [
      -0.05211286211169029,
      0.04617949118978757,
      -2.9426787029222004
    ]
  },
  {
    "label_id": "YNxoawT6vIVOXCltkBdhSg",
    "size": [
      2.0910824509630994,
      4.688438300872428,
      1.2315137479379885
    ],
    "obj_class": "vehicle",
    "point_num_in_lidar": 68,
    "speed": 5.3316719684500096e-14,
    "if_vehicle": true,
    "motion_state": false,
    "pose": [
      [
        -0.979914374366028,
        0.19634135481734838,
        -0.03489829937581449,
        50.84767723705317
      ],
      [
        -0.19404438408458932,
        -0.9791456110496751,
        -0.060171832009594015,
        -60.43858690969455
      ],
      [
        -0.045984735685531956,
        -0.05219142411015953,
        0.9975777961308506,
        -2.1774490541839997
      ],
      [
        0.0,
        0.0,
        0.0,
        1.0
      ]
    ],
    "location": [
      50.84767723705317,
      -60.43858690969455,
      -2.1774490541839997
    ],
    "rotation": [
      -0.05227049269333125,
      0.04600095764896201,
      -2.9460999544498105
    ]
  },
  {
    "label_id": "aZOVhbLb4jnpJ6hsxZsHSw",
    "size": [
      2.21252543064664,
      4.8947233763453095,
      1.6300000000000043
    ],
    "obj_class": "vehicle",
    "point_num_in_lidar": 74,
    "speed": 1.243759521053382e-13,
    "if_vehicle": true,
    "motion_state": false,
    "pose": [
      [
        -0.9815403893336963,
        0.1880440714495728,
        -0.03489829937581449,
        50.28401677323892
      ],
      [
        -0.18575368680054077,
        -0.9807522207329514,
        -0.060171832009594015,
        -57.844732479996765
      ],
      [
        -0.04554154089029722,
        -0.052578595645492124,
        0.9975777961308506,
        -2.1511177282274163
      ],
      [
        0.0,
        0.0,
        0.0,
        1.0
      ]
    ],
    "location": [
      50.28401677323892,
      -57.844732479996765,
      -2.1511177282274163
    ],
    "rotation": [
      -0.052657537022326166,
      0.045557298036220356,
      -2.954557460254057
    ]
  },
  {
    "label_id": "auOooDPcS5q1p_53EHycZg",
    "size": [
      2.0646533219326892,
      4.50592062313768,
      1.5935171151616743
    ],
    "obj_class": "vehicle",
    "point_num_in_lidar": 240,
    "speed": 5.370542509574172e-14,
    "if_vehicle": true,
    "motion_state": false,
    "pose": [
      [
        -0.9854622975167002,
        0.1662713711791136,
        -0.03489829937581449,
        36.109291744611184
      ],
      [
        -0.16399899400399767,
        -0.9846236238270367,
        -0.060171832009594015,
        -73.01347211095049
      ],
      [
        -0.044366543011409756,
        -0.05357378582787953,
        0.9975777961308506,
        -2.671957089798732
      ],
      [
        0.0,
        0.0,
        0.0,
        1.0
      ]
    ],
    "location": [
      36.109291744611184,
      -73.01347211095049,
      -2.671957089798732
    ],
    "rotation": [
      -0.05365232749783192,
      0.0443811110300566,
      -2.9766856066454035
    ]
  },
  {
    "label_id": "b4zV2_qtCFu2PXzfOzUGDg",
    "size": [
      2.041593439597913,
      4.159733527544294,
      1.4200000000000035
    ],
    "obj_class": "vehicle",
    "point_num_in_lidar": 296,
    "speed": 0.7250522385825993,
    "if_vehicle": true,
    "motion_state": false,
    "pose": [
      [
        -0.05567478969453793,
        -0.9978388780224716,
        -0.03489829937581449,
        7.962844103884109
      ],
      [
        0.9967527565317464,
        -0.05350974657923828,
        -0.060171832009594015,
        -101.79724840408028
      ],
      [
        0.05817439418536372,
        -0.038135030193782435,
        0.9975777961308506,
        -3.4904263152673964
      ],
      [
        0.0,
        0.0,
        0.0,
        1.0
      ]
    ],
    "location": [
      7.962844103884109,
      -101.79724840408028,
      -3.4904263152673964
    ],
    "rotation": [
      -0.038209020275612716,
      -0.05820725713811309,
      1.6265945147964886
    ]
  },
  {
    "label_id": "dfzL3tnfvkEvla1-NoD7hA",
    "size": [
      0.7458580713482084,
      0.7726354434738887,
      1.0113073558196382
    ],
    "obj_class": "sign",
    "point_num_in_lidar": 246,
    "speed": 3.552713678800501e-14,
    "if_vehicle": false,
    "motion_state": false,
    "pose": [
      [
        -0.06421769815694653,
        -0.9973255215545722,
        -0.03489829937581449,
        -3.495500693770211
      ],
      [
        0.9962579801414212,
        -0.062043433473213415,
        -0.060171832009594015,
        -69.49817827502807
      ],
      [
        0.05784569342621083,
        -0.038631805792062164,
        0.9975777961308506,
        -3.501552917028188
      ],
      [
        0.0,
        0.0,
        0.0,
        1.0
      ]
    ],
    "location": [
      -3.495500693770211,
      -69.49817827502807,
      -3.501552917028188
    ],
    "rotation": [
      -0.03870626592982262,
      -0.05787800191148753,
      1.6351661788364522
    ]
  },
  {
    "label_id": "e395WJBHUGGz23_cnf-9bQ",
    "size": [
      2.2143668834732666,
      4.400387997189263,
      1.7363276684535638
    ],
    "obj_class": "vehicle",
    "point_num_in_lidar": 690,
    "speed": 0.018277741723433064,
    "if_vehicle": true,
    "motion_state": false,
    "pose": [
      [
        -0.9863116099242654,
        0.16115680820021194,
        -0.03489829937581449,
        24.531337801273807
      ],
      [
        -0.15888881242710737,
        -0.9854611590103959,
        -0.060171832009594015,
        -80.75148750716687
      ],
      [
        -0.04408801894060744,
        -0.053803227157926285,
        0.9975777961308506,
        -2.7515293898025117
      ],
      [
        0.0,
        0.0,
        0.0,
        1.0
      ]
    ],
    "location": [
      24.531337801273807,
      -80.75148750716687,
      -2.7515293898025117
    ],
    "rotation": [
      -0.05388166167032726,
      0.04410231415423024,
      -2.98187095039988
    ]
  },
  {
    "label_id": "gNkR8vsrfHgMRzMUczWVJg",
    "size": [
      1.8272250698720962,
      4.323699343690174,
      1.5999999999999996
    ],
    "obj_class": "vehicle",
    "point_num_in_lidar": 59,
    "speed": 3.5596458096434965e-14,
    "if_vehicle": true,
    "motion_state": false,
    "pose": [
      [
        -0.06340683024437806,
        -0.9973774022801181,
        -0.03489829937581449,
        11.508177791163746
      ],
      [
        0.9963080934967353,
        -0.06123343421293278,
        -0.060171832009594015,
        -112.78151363809968
      ],
      [
        0.05787708278119237,
        -0.038584763255121605,
        0.9975777961308506,
        -4.202491484703184
      ],
      [
        0.0,
        0.0,
        0.0,
        1.0
      ]
    ],
    "location": [
      11.508177791163746,
      -112.78151363809968,
      -4.202491484703184
    ],
    "rotation": [
      -0.038659179697576665,
      -0.05790944394361953,
      1.634352402479063
    ]
  },
  {
    "label_id": "gV6Bw661MKF2mu-9UbidXQ",
    "size": [
      2.061908863028468,
      4.979403080777294,
      1.5159977183298867
    ],
    "obj_class": "vehicle",
    "point_num_in_lidar": 42,
    "speed": 0.01905724637355586,
    "if_vehicle": true,
    "motion_state": false,
    "pose": [
      [
        0.9843580409922548,
        -0.17268860945229264,
        -0.03489829937581449,
        -26.937110330665476
      ],
      [
        0.17041081614251843,
        0.9835341907499963,
        -0.060171832009594015,
        -98.05477416367
      ],
      [
        0.044714660633076546,
        0.05328357900126053,
        0.9975777961308506,
        -4.302283415169396
      ],
      [
        0.0,
        0.0,
        0.0,
        1.0
      ]
    ],
    "location": [
      -26.937110330665476,
      -98.05477416367,
      -4.302283415169396
    ],
    "rotation": [
      0.05336224812004185,
      -0.04472957447735244,
      0.17141971928923014
    ]
  },
  {
    "label_id": "irRilzG-gquG7JntU8rgVQ",
    "size": [
      2.58302797284584,
      5.479408345867389,
      2.229999999999997
    ],
    "obj_class": "vehicle",
    "point_num_in_lidar": 170,
    "speed": 5.3290705182007514e-14,
    "if_vehicle": true,
    "motion_state": false,
    "pose": [
      [
        -0.9802216666321175,
        0.19480141931112777,
        -0.03489829937581449,
        49.578580826072255
      ],
      [
        -0.19250565933525338,
        -0.9794492951431986,
        -0.060171832009594015,
        -55.065373016827266
      ],
      [
        -0.04590267300335749,
        -0.05226361332573182,
        0.9975777961308506,
        -1.7731925746709463
      ],
      [
        0.0,
        0.0,
        0.0,
        1.0
      ]
    ],
    "location": [
      49.578580826072255,
      -55.065373016827266,
      -1.7731925746709463
    ],
    "rotation": [
      -0.052342659383269666,
      0.04591880821947067,
      -2.9476707175399803
    ]
  },
  {
    "label_id": "iuT6AwtQpCbc9M0iGh3j9w",
    "size": [
      2.13174439260469,
      4.751092980351478,
      1.712260309168392
    ],
    "obj_class": "vehicle",
    "point_num_in_lidar": 718,
    "speed": 0.028217522365842473,
    "if_vehicle": true,
    "motion_state": false,
    "pose": [
      [
        -0.9895183557364948,
        0.1401268438280819,
        -0.03489829937581449,
        25.244859980654482
      ],
      [
        -0.13787746354882308,
        -0.9886198236318914,
        -0.060171832009594015,
        -77.69010573369383
      ],
      [
        -0.042932839480828634,
        -0.054729443271681284,
        0.9975777961308506,
        -2.764936257425985
      ],
      [
        0.0,
        0.0,
        0.0,
        1.0
      ]
    ],
    "location": [
      25.244859980654482,
      -77.69010573369383,
      -2.764936257425985
    ],
    "rotation": [
      -0.054807387286146134,
      0.04294603960633774,
      -3.0031460899774483
    ]
  },
  {
    "label_id": "j4pYCjXzBIBJETm7p7ALAg",
    "size": [
      0.4735549949797933,
      0.11589494026634384,
      0.5419955349083043
    ],
    "obj_class": "sign",
    "point_num_in_lidar": 38,
    "speed": 0.07278912207357979,
    "if_vehicle": false,
    "motion_state": false,
    "pose": [
      [
        0.055016296745226026,
        0.9978754009359672,
        -0.03489829937581449,
        -3.91170125662633
      ],
      [
        -0.9967878509546986,
        0.05285197084047777,
        -0.060171832009594015,
        -70.47690996050926
      ],
      [
        -0.058199547090632485,
        0.03809663220233554,
        0.9975777961308506,
        -1.8394181912711165
      ],
      [
        0.0,
        0.0,
        0.0,
        1.0
      ]
    ],
    "location": [
      -3.91170125662633,
      -70.47690996050926,
      -1.8394181912711165
    ],
    "rotation": [
      0.03817058516124178,
      0.05823245273220446,
      -1.5156586838010726
    ]
  },
  {
    "label_id": "p65_dOfmQkmZo7JqvWBsSw",
    "size": [
      0.8916477119127872,
      1.3736536652180864,
      1.8155989146434655
    ],
    "obj_class": "pedestrian",
    "point_num_in_lidar": 208,
    "speed": 3.103653544481042,
    "if_vehicle": false,
    "motion_state": true,
    "pose": [
      [
        0.05568589010736328,
        0.9978382586088923,
        -0.03489829937581449,
        -6.194584798676672
      ],
      [
        -0.9967521612031646,
        0.05352083490968515,
        -0.060171832009594015,
        -86.62750843154981
      ],
      [
        -0.058173969950238366,
        0.038135677350003123,
        0.9975777961308506,
        -3.3936092800432016
      ],
      [
        0.0,
        0.0,
        0.0,
        1.0
      ]
    ],
    "location": [
      -6.194584798676672,
      -86.62750843154981,
      -3.3936092800432016
    ],
    "rotation": [
      0.03820966805653226,
      0.05820683218330476,
      -1.5149870035973032
    ]
  },
  {
    "label_id": "rmtoge8lH9ELbT6J6nkCPw",
    "size": [
      2.0437022907749043,
      4.743477809726895,
      1.5709305980602917
    ],
    "obj_class": "vehicle",
    "point_num_in_lidar": 615,
    "speed": 8.881784197001252e-14,
    "if_vehicle": true,
    "motion_state": false,
    "pose": [
      [
        0.9899939135201734,
        -0.1367265881008066,
        -0.03489829937581449,
        -12.596471384913954
      ],
      [
        0.13448030794665064,
        0.989087659111761,
        -0.060171832009594015,
        -95.63829459510919
      ],
      [
        0.042744566527052476,
        0.05487661340798248,
        0.9975777961308506,
        -3.9619989164361096
      ],
      [
        0.0,
        0.0,
        0.0,
        1.0
      ]
    ],
    "location": [
      -12.596471384913954,
      -95.63829459510919,
      -3.9619989164361096
    ],
    "rotation": [
      0.05495447086930715,
      -0.04275759365916612,
      0.13501313945809854
    ]
  },
  {
    "label_id": "uRAjQ1brh2PNKP6H45Ipsw",
    "size": [
      1.8510172426114275,
      3.8732833809560465,
      1.5800000000000045
    ],
    "obj_class": "vehicle",
    "point_num_in_lidar": 48,
    "speed": 1.2434993501203063e-13,
    "if_vehicle": true,
    "motion_state": false,
    "pose": [
      [
        -0.19489376696200167,
        -0.9802033096761289,
        -0.03489829937581449,
        39.36626642690843
      ],
      [
        0.9794311544784761,
        -0.19259793422975405,
        -0.060171832009594015,
        -55.02067327120312
      ],
      [
        0.0522592885171667,
        -0.04590759665234399,
        0.9975777961308506,
        -1.9680585847452585
      ],
      [
        0.0,
        0.0,
        0.0,
        1.0
      ]
    ],
    "location": [
      39.36626642690843,
      -55.02067327120312,
      -1.9680585847452585
    ],
    "rotation": [
      -0.04598661973349226,
      -0.05228310477377802,
      1.7672173638992268
    ]
  }
]