[
  {
    "label_id": "JZDJSyBGlcWvWlB1T2W3-A",
    "size": [
      0.6630706823346955,
      0.1115083760311948,
      0.6899999999999995
    ],
    "obj_class": "sign",
    "point_num_in_lidar": 27,
    "speed": 0.03564253519956317,
    "if_vehicle": false,
    "motion_state": false,
    "pose": [
      [
        -0.5209384561120614,
        -0.8533932836089683,
        -0.01852102682588116,
        17.80892015837253
      ],
      [
        0.8535929735636179,
        -0.520852405402495,
        -0.009581610994800527,
        -25.10255416860582
      ],
      [
        -0.0014698389036677253,
        -0.020800848000453172,
        0.9997825585076283,
        2.773026687246281
      ],
      [
        0.0,
        0.0,
        0.0,
        1.0
      ]
    ],
    "location": [
      17.80892015837253,
      -25.10255416860582,
      2.773026687246281
    ],
    "rotation": [
      -0.020802370768947816,
      0.0014698394329147025,
      2.118746985479404
    ]
  },
  {
    "label_id": "L3P3ut9dh42bTITD96wEOw",
    "size": [
      2.8631838675043118,
      14.094796505769377,
      4.589999999999998
    ],
    "obj_class": "vehicle",
    "point_num_in_lidar": 2341,
    "speed": 0.044545220699507365,
    "if_vehicle": true,
    "motion_state": false,
    "pose": [
      [
        0.8586310240143527,
        -0.5122594422413113,
        -0.01852102682588116,
        -33.01763459583708
      ],
      [
        0.5121713713718716,
        0.8588298312691522,
        -0.009581610994800527,
        7.888027518059971
      ],
      [
        0.020814681047772694,
        -0.0012588712484540201,
        0.9997825585076283,
        2.0479267875536085
      ],
      [
        0.0,
        0.0,
        0.0,
        1.0
      ]
    ],
    "location": [
      -33.01763459583708,
      7.888027518059971,
      2.0479267875536085
    ],
    "rotation": [
      -0.0012591443733954244,
      -0.020816184337589916,
      0.5378402489894799
    ]
  },
  {
    "label_id": "SneQky8SS6AQwyUsQ3EM5g",
    "size": [
      0.47588994541033036,
      0.07998952727482711,
      0.6600000000000037
    ],
    "obj_class": "sign",
    "point_num_in_lidar": 105,
    "speed": 0.02587507025845343,
    "if_vehicle": false,
    "motion_state": false,
    "pose": [
      [
        -0.8525929763902871,
        0.5222472481260828,
        -0.01852102682588116,
        -17.991373528768236
      ],
      [
        -0.5221615039123793,
        -0.8527927981419088,
        -0.009581610994800527,
        10.416584199202589
      ],
      [
        -0.020798568265953745,
        0.0015017529847327468,
        0.9997825585076283,
        2.2095094300770306
      ],
      [
        0.0,
        0.0,
        0.0,
        1.0
      ]
    ],
    "location": [
      -17.991373528768236,
      10.416584199202589,
      2.2095094300770306
    ],
    "rotation": [
      0.0015020784694783908,
      0.02080006806690042,
      -2.592076731995854
    ]
  },
  {
    "label_id": "zM1MmpSFqwDnRZS6vkB-Xw",
    "size": [
      0.6238640276002788,
      0.11224072006464123,
      0.629999999999999
    ],
    "obj_class": "sign",
    "point_num_in_lidar": 78,
    "speed": 0.009726322193843095,
    "if_vehicle": false,
    "motion_state": false,
    "pose": [
      [
        -0.5629160603489985,
        -0.8263065294226336,
        -0.01852102682588116,
        -6.924721866656
      ],
      [
        0.8265102684227241,
        -0.562840091786771,
        -0.009581610994800527,
        8.317041803402162
      ],
      [
        -0.002507028711272828,
        -0.02070146156631327,
        0.9997825585076283,
        0.7514583604569509
      ],
      [
        0.0,
        0.0,
        0.0,
        1.0
      ]
    ],
    "location": [
      -6.924721866656,
      8.317041803402162,
      0.7514583604569509
    ],
    "rotation": [
      -0.02070300552577824,
      0.0025070313374734566,
      2.1687081892772997
    ]
  }
]