[
  {
    "label_id": "K5o-MD7445mL6ssVBhw-Kw",
    "size": [
      1.0030425382886612,
      0.11213834757584759,
      0.9100000000000001
    ],
    "obj_class": "sign",
    "point_num_in_lidar": 25,
    "speed": 0.0306847122390497,
    "if_vehicle": false,
    "motion_state": false,
    "pose": [
      [
        -0.8966789302309421,
        0.4424845762217172,
        -0.013202116715913767,
        -17.98057692634211
      ],
      [
        -0.4424345684814725,
        -0.8967761059465504,
        -0.006653451431761754,
        10.38041371267218
      ],
      [
        -0.014783392455943886,
        -0.00012493689992831925,
        0.9998907118771855,
        2.9853715549127386
      ],
      [
        0.0,
        0.0,
        0.0,
        1.0
      ]
    ],
    "location": [
      -17.98057692634211,
      10.38041371267218,
      2.9853715549127386
    ],
    "rotation": [
      -0.00012495055488970946,
      0.014783930990757478,
      -2.6832271464878352
    ]
  },
  {
    "label_id": "L3P3ut9dh42bTITD96wEOw",
    "size": [
      2.863183867504312,
      14.094796505769377,
      4.589999999999998
    ],
    "obj_class": "vehicle",
    "point_num_in_lidar": 2637,
    "speed": 0.06055567400227144,
    "if_vehicle": true,
    "motion_state": false,
    "pose": [
      [
        0.8587034853147476,
        -0.5123026726677546,
        -0.013202116715913767,
        -33.067815799239725
      ],
      [
        0.5122605407680012,
        0.858804325767005,
        -0.006653451431761754,
        7.851241972530488
      ],
      [
        0.014746615895864278,
        -0.0010495815143500378,
        0.9998907118771855,
        2.0508665026724877
      ],
      [
        0.0,
        0.0,
        0.0,
        1.0
      ]
    ],
    "location": [
      -33.067815799239725,
      7.851241972530488,
      2.0508665026724877
    ],
    "rotation": [
      -0.0010496958481410025,
      -0.014747150421276837,
      0.5378797128358661
    ]
  },
  {
    "label_id": "SneQky8SS6AQwyUsQ3EM5g",
    "size": [
      0.4758899454103324,
      0.07998952727482711,
      0.6600000000000037
    ],
    "obj_class": "sign",
    "point_num_in_lidar": 68,
    "speed": 0.03472341405755342,
    "if_vehicle": false,
    "motion_state": false,
    "pose": [
      [
        -0.8526649281297963,
        0.5222913214400836,
        -0.013202116715913767,
        -18.01113889779208
      ],
      [
        -0.5222503695104093,
        -0.852766253512817,
        -0.006653451431761754,
        10.440133689280174
      ],
      [
        -0.014733359550700983,
        0.0012216456463272885,
        0.9998907118771855,
        2.2095094300770235
      ],
      [
        0.0,
        0.0,
        0.0,
        1.0
      ]
    ],
    "location": [
      -18.01113889779208,
      10.440133689280174,
      2.2095094300770235
    ],
    "rotation": [
      0.001221778564345415,
      0.014733892635793989,
      -2.5920385238283985
    ]
  },
  {
    "label_id": "zM1MmpSFqwDnRZS6vkB-Xw",
    "size": [
      0.6238640276002759,
      0.11224072006464123,
      0.629999999999999
    ],
    "obj_class": "sign",
    "point_num_in_lidar": 56,
    "speed": 0.03455665596134272,
    "if_vehicle": false,
    "motion_state": false,
    "pose": [
      [
        -0.5629635657717008,
        -0.8263762628051651,
        -0.013202116715913767,
        -6.928795340530996
      ],
      [
        0.8264794521811443,
        -0.5629275679040784,
        -0.006653451431761754,
        8.256757450107898
      ],
      [
        -0.0019335811251401614,
        -0.014656928933713363,
        0.9998907118771855,
        0.7214583604569302
      ],
      [
        0.0,
        0.0,
        0.0,
        1.0
      ]
    ],
    "location": [
      -6.928795340530996,
      8.256757450107898,
      0.7214583604569302
    ],
    "rotation": [
      -0.014657481167173634,
      0.001933582330000405,
      2.168764800238036
    ]
  },
  {
    "label_id": "zkKxYH8UsgsQZlJ37qS5aw",
    "size": [
      0.7795919983986996,
      0.11530928539956106,
      0.7999999999999989
    ],
    "obj_class": "sign",
    "point_num_in_lidar": 351,
    "speed": 0.035739188542358316,
    "if_vehicle": false,
    "motion_state": false,
    "pose": [
      [
        -0.7114393412394621,
        0.7026234893959779,
        -0.013202116715913767,
        -5.499233876797916
      ],
      [
        -0.702606669868357,
        -0.7115473273370809,
        -0.006653451431761754,
        34.14428482348649
      ],
      [
        -0.01406880212591175,
        0.004542368157400203,
        0.9998907118771855,
        2.700341508200472
      ],
      [
        0.0,
        0.0,
        0.0,
        1.0
      ]
    ],
    "location": [
      -5.499233876797916,
      34.14428482348649,
      2.700341508200472
    ],
    "rotation": [
      0.004542833387632335,
      0.014069266276386456,
      -2.362440790828101
    ]
  }
]