[
  {
    "label_id": "GdUOVRonOQNrvLP4qH7QFg",
    "size": [
      0.5647540635372288,
      0.10487488230928503,
      0.6199999999999992
    ],
    "obj_class": "sign",
    "point_num_in_lidar": 25,
    "speed": 0.034904509455106196,
    "if_vehicle": false,
    "motion_state": false,
    "pose": [
      [
        -0.520872682192992,
        -0.8532855338050694,
        -0.024401777477799647,
        17.805340691766105
      ],
      [
        0.8536309429522593,
        -0.5207388089212971,
        -0.012054298721429574,
        -25.10242695779857
      ],
      [
        -0.002421193820191121,
        -0.02710886722507189,
        0.9996295549543633,
        0.9580266872462122
      ],
      [
        0.0,
        0.0,
        0.0,
        1.0
      ]
    ],
    "location": [
      17.805340691766105,
      -25.10242695779857,
      0.9580266872462122
    ],
    "rotation": [
      -0.027112268153999298,
      0.002421196185776164,
      2.1186710613049167
    ]
  },
  {
    "label_id": "JZDJSyBGlcWvWlB1T2W3-A",
    "size": [
      0.6630706823346968,
      0.1115083760311948,
      0.6899999999999995
    ],
    "obj_class": "sign",
    "point_num_in_lidar": 31,
    "speed": 0.03564253609353572,
    "if_vehicle": false,
    "motion_state": false,
    "pose": [
      [
        -0.5208726821966745,
        -0.8532855338028216,
        -0.024401777477799647,
        17.799334949507283
      ],
      [
        0.853630942950012,
        -0.520738808924981,
        -0.012054298721429574,
        -25.107298230144806
      ],
      [
        -0.0024211938203081134,
        -0.027108867225061443,
        0.9996295549543633,
        2.773026687246217
      ],
      [
        0.0,
        0.0,
        0.0,
        1.0
      ]
    ],
    "location": [
      17.799334949507283,
      -25.107298230144806,
      2.773026687246217
    ],
    "rotation": [
      -0.027112268153988855,
      0.0024211961858931564,
      2.1186710613092306
    ]
  },
  {
    "label_id": "L3P3ut9dh42bTITD96wEOw",
    "size": [
      2.863183867504314,
      14.094796505769377,
      4.589999999999998
    ],
    "obj_class": "vehicle",
    "point_num_in_lidar": 2377,
    "speed": 0.10277073061548589,
    "if_vehicle": true,
    "motion_state": false,
    "pose": [
      [
        0.8585226128888472,
        -0.5121947641419526,
        -0.024401777477799647,
        -33.05586502255301
      ],
      [
        0.5120573957753003,
        0.8588666469913429,
        -0.012054298721429574,
        7.86123210888627
      ],
      [
        0.027132021493505912,
        -0.0021462225927060563,
        0.9996295549543633,
        2.0391045087850834
      ],
      [
        0.0,
        0.0,
        0.0,
        1.0
      ]
    ],
    "location": [
      -33.05586502255301,
      7.86123210888627,
      2.0391045087850834
    ],
    "rotation": [
      -0.0021470146458495223,
      -0.02713535145424506,
      0.5377978863112007
    ]
  },
  {
    "label_id": "zM1MmpSFqwDnRZS6vkB-Xw",
    "size": [
      0.6238640276002767,
      0.11224072006464123,
      0.629999999999999
    ],
    "obj_class": "sign",
    "point_num_in_lidar": 41,
    "speed": 0.03667899790776622,
    "if_vehicle": false,
    "motion_state": false,
    "pose": [
      [
        -0.562844986323057,
        -0.8262021996018419,
        -0.024401777477799647,
        -6.9161967895961425
      ],
      [
        0.8265538646765023,
        -0.5627285337271186,
        -0.012054298721429574,
        8.283068882584985
      ],
      [
        -0.003772288342114838,
        -0.026954085078248403,
        0.9996295549543633,
        0.7514583604568799
      ],
      [
        0.0,
        0.0,
        0.0,
        1.0
      ]
    ],
    "location": [
      -6.9161967895961425,
      8.283068882584985,
      0.7514583604568799
    ],
    "rotation": [
      -0.02695754179042928,
      0.0037722972888828243,
      2.168624903979208
    ]
  }
]