[
  {
    "label_id": "K5o-MD7445mL6ssVBhw-Kw",
    "size": [
      1.0030425382886603,
      0.11213834757584759,
      0.9100000000000001
    ],
    "obj_class": "sign",
    "point_num_in_lidar": 34,
    "speed": 0.03868350354712874,
    "if_vehicle": false,
    "motion_state": false,
    "pose": [
      [
        -0.8967200634132672,
        0.44250487423269014,
        -0.009086481850381762,
        -17.989718867733245
      ],
      [
        -0.44247386486258783,
        -0.8967658088769725,
        -0.0052879998859189925,
        10.374064979052491
      ],
      [
        -0.010488411970864597,
        -0.0007213248506884511,
        0.9999447349252805,
        2.985371554912728
      ],
      [
        0.0,
        0.0,
        0.0,
        1.0
      ]
    ],
    "location": [
      -17.989718867733245,
      10.374064979052491,
      2.985371554912728
    ],
    "rotation": [
      -0.0007213645918386621,
      0.010488604279799243,
      -2.68321010619326
    ]
  },
  {
    "label_id": "L3P3ut9dh42bTITD96wEOw",
    "size": [
      2.8631838675043113,
      14.094796505769377,
      4.589999999999998
    ],
    "obj_class": "vehicle",
    "point_num_in_lidar": 2819,
    "speed": 0.04730959183568772,
    "if_vehicle": true,
    "motion_state": false,
    "pose": [
      [
        0.8587428764567052,
        -0.5123261734309956,
        -0.009086481850381762,
        -33.08579734009345
      ],
      [
        0.5122988952038422,
        0.8587909402352408,
        -0.0052879998859189925,
        7.838177615710947
      ],
      [
        0.010512569038376225,
        -0.00011396238050353641,
        0.9999447349252805,
        2.050866502672484
      ],
      [
        0.0,
        0.0,
        0.0,
        1.0
      ]
    ],
    "location": [
      -33.08579734009345,
      7.838177615710947,
      2.050866502672484
    ],
    "rotation": [
      -0.00011396867849765548,
      -0.010512762679204368,
      0.5378924714882088
    ]
  },
  {
    "label_id": "SneQky8SS6AQwyUsQ3EM5g",
    "size": [
      0.47588994541032836,
      0.07998952727482711,
      0.6600000000000037
    ],
    "obj_class": "sign",
    "point_num_in_lidar": 37,
    "speed": 0.02770798813830962,
    "if_vehicle": false,
    "motion_state": false,
    "pose": [
      [
        -0.8527040422661561,
        0.5223152804107305,
        -0.009086481850381762,
        -18.01855306532343
      ],
      [
        -0.5222885650853064,
        -0.8527524211858551,
        -0.0052879998859189925,
        10.448967314621086
      ],
      [
        -0.010510522541200069,
        0.00023666668908347337,
        0.9999447349252805,
        2.209509430076986
      ],
      [
        0.0,
        0.0,
        0.0,
        1.0
      ]
    ],
    "location": [
      -18.01855306532343,
      10.448967314621086,
      2.209509430076986
    ],
    "rotation": [
      0.0002366797647892152,
      0.010510716068957449,
      -2.5920263811848048
    ]
  },
  {
    "label_id": "zM1MmpSFqwDnRZS6vkB-Xw",
    "size": [
      0.6238640276002767,
      0.11224072006464123,
      0.629999999999999
    ],
    "obj_class": "sign",
    "point_num_in_lidar": 38,
    "speed": 0.023787408668437277,
    "if_vehicle": false,
    "motion_state": false,
    "pose": [
      [
        -0.5629893904924682,
        -0.8264141710065855,
        -0.009086481850381762,
        -6.929741563864809
      ],
      [
        0.8264637867022869,
        -0.562965048939029,
        -0.0052879998859189925,
        8.252410529402141
      ],
      [
        -0.0007452936575791052,
        -0.01048673603056589,
        0.9999447349252805,
        0.7154585764354824
      ],
      [
        0.0,
        0.0,
        0.0,
        1.0
      ]
    ],
    "location": [
      -6.929741563864809,
      8.252410529402141,
      0.7154585764354824
    ],
    "rotation": [
      -0.010486931159981653,
      0.0007452937265762522,
      2.168794962997713
    ]
  },
  {
    "label_id": "zkKxYH8UsgsQZlJ37qS5aw",
    "size": [
      0.7795919983987015,
      0.11530928539956106,
      0.7999999999999989
    ],
    "obj_class": "sign",
    "point_num_in_lidar": 188,
    "speed": 0.03254250441629129,
    "if_vehicle": false,
    "motion_state": false,
    "pose": [
      [
        -0.7114719769612943,
        0.702655720709915,
        -0.009086481850381762,
        -5.496837923365092
      ],
      [
        -0.7026407155830175,
        -0.7115251660076342,
        -0.0052879998859189925,
        34.153118798084506
      ],
      [
        -0.010180903877972599,
        0.002622268376478459,
        0.9999447349252805,
        2.7003415082004363
      ],
      [
        0.0,
        0.0,
        0.0,
        1.0
      ]
    ],
    "location": [
      -5.496837923365092,
      34.153118798084506,
      2.7003415082004363
    ],
    "rotation": [
      0.002622407292879991,
      0.010181079762654834,
      -2.362439499248366
    ]
  }
]