[
  {
    "label_id": "AEN52j0QjCp4DpcB-GvkpQ",
    "size": [
      0.5936682808511685,
      0.11867356970242335,
      0.7052380400734553
    ],
    "obj_class": "sign",
    "point_num_in_lidar": 25,
    "speed": 3.8216856526044285e-05,
    "if_vehicle": false,
    "motion_state": false,
    "pose": [
      [
        0.9954445929208132,
        -0.09449362331527864,
        0.012689270170773283,
        -102.70018181173054
      ],
      [
        0.09441122695163727,
        0.995509066800526,
        0.006943928530211409,
        144.7480942441057
      ],
      [
        -0.013288440472948275,
        -0.005714286543083999,
        0.9998953766665293,
        1.1746308576050914
      ],
      [
        0.0,
        0.0,
        0.0,
        1.0
      ]
    ],
    "location": [
      -102.70018181173054,
      144.7480942441057,
      1.1746308576050914
    ],
    "rotation": [
      -0.005714822238705251,
      0.013288831588700615,
      0.09456042216037695
    ]
  },
  {
    "label_id": "AKE7eOA5USPiUnCev9KARg",
    "size": [
      0.6221409115479133,
      0.0651573019821576,
      0.5999999999999996
    ],
    "obj_class": "sign",
    "point_num_in_lidar": 42,
    "speed": 0.014427910605411317,
    "if_vehicle": false,
    "motion_state": false,
    "pose": [
      [
        -0.39886923937795005,
        -0.9169200141236905,
        0.012689270170773283,
        -88.66069651979888
      ],
      [
        0.9170068828410027,
        -0.39881093099211185,
        0.006943928530211409,
        137.70600612057706
      ],
      [
        -0.0013064073955788152,
        0.014405867575968397,
        0.9998953766665293,
        2.5352788379789146
      ],
      [
        0.0,
        0.0,
        0.0,
        1.0
      ]
    ],
    "location": [
      -88.66069651979888,
      137.70600612057706,
      2.5352788379789146
    ],
    "rotation": [
      0.014406378189645727,
      0.0013064077671867459,
      1.9810801147290729
    ]
  },
  {
    "label_id": "E1dTwumR1z0JhLD_YZjqoQ",
    "size": [
      0.6160044785965462,
      0.11867356970350527,
      0.6199999999999992
    ],
    "obj_class": "sign",
    "point_num_in_lidar": 21,
    "speed": 0.020997681613354278,
    "if_vehicle": false,
    "motion_state": false,
    "pose": [
      [
        0.9954445929207492,
        -0.0944936233159523,
        0.012689270170773283,
        -102.52716714830603
      ],
      [
        0.094411226952311,
        0.995509066800462,
        0.006943928530211409,
        143.22179271003847
      ],
      [
        -0.013288440472952141,
        -0.005714286543075005,
        0.9998953766665293,
        1.1096306129350335
      ],
      [
        0.0,
        0.0,
        0.0,
        1.0
      ]
    ],
    "location": [
      -102.52716714830603,
      143.22179271003847,
      1.1096306129350335
    ],
    "rotation": [
      -0.005714822238696258,
      0.013288831588704484,
      0.09456042216105377
    ]
  },
  {
    "label_id": "F9FUcVQYNCEwutjovcCwqw",
    "size": [
      0.7508438588343743,
      0.121545521829909,
      0.7299999999999986
    ],
    "obj_class": "sign",
    "point_num_in_lidar": 23,
    "speed": 0.017804425895862504,
    "if_vehicle": false,
    "motion_state": false,
    "pose": [
      [
        0.27097516383356807,
        0.9625026976626633,
        0.012689270170773283,
        -62.57129891214208
      ],
      [
        -0.9625808664001644,
        0.27090562470512947,
        0.006943928530211409,
        165.4545882107625
      ],
      [
        0.003245955280039712,
        -0.014096080846091333,
        0.9998953766665293,
        0.69027797306798
      ],
      [
        0.0,
        0.0,
        0.0,
        1.0
      ]
    ],
    "location": [
      -62.57129891214208,
      165.4545882107625,
      0.69027797306798
    ],
    "rotation": [
      -0.014096621969571323,
      -0.0032459609800863003,
      -1.2963888901899334
    ]
  },
  {
    "label_id": "UX7op2gThYH0XgAmGxdBbA",
    "size": [
      0.6160044785965462,
      0.11867356970350527,
      0.5999999999999996
    ],
    "obj_class": "sign",
    "point_num_in_lidar": 21,
    "speed": 0.020688780893965454,
    "if_vehicle": false,
    "motion_state": false,
    "pose": [
      [
        0.9954445929207492,
        -0.0944936233159523,
        0.012689270170773283,
        -102.35864139548994
      ],
      [
        0.094411226952311,
        0.995509066800462,
        0.006943928530211409,
        141.76183584983164
      ],
      [
        -0.013288440472952141,
        -0.005714286543075005,
        0.9998953766665293,
        1.1596306129350253
      ],
      [
        0.0,
        0.0,
        0.0,
        1.0
      ]
    ],
    "location": [
      -102.35864139548994,
      141.76183584983164,
      1.1596306129350253
    ],
    "rotation": [
      -0.005714822238696258,
      0.013288831588704484,
      0.09456042216105377
    ]
  },
  {
    "label_id": "rSr2nlegGIgnE40IyOa11g",
    "size": [
      0.6982772704601038,
      0.07583749113649342,
      0.7899999999999991
    ],
    "obj_class": "sign",
    "point_num_in_lidar": 61,
    "speed": 0.009596410256933537,
    "if_vehicle": false,
    "motion_state": false,
    "pose": [
      [
        -0.39886923937986546,
        -0.9169200141228572,
        0.012689270170773283,
        -88.66007217048082
      ],
      [
        0.9170068828401696,
        -0.3988109309940274,
        0.006943928530211409,
        137.69957801439477
      ],
      [
        -0.0013064073955487213,
        0.014405867575971126,
        0.9998953766665293,
        3.2502788379789074
      ],
      [
        0.0,
        0.0,
        0.0,
        1.0
      ]
    ],
    "location": [
      -88.66007217048082,
      137.69957801439477,
      3.2502788379789074
    ],
    "rotation": [
      0.014406378189648456,
      0.001306407767156652,
      1.9810801147311616
    ]
  }
]