[
  {
    "label_id": "FrJDAe6-yejYfG4OU3ihjQ",
    "size": [
      0.6323361145347847,
      0.060826084646346056,
      0.879999999999999
    ],
    "obj_class": "sign",
    "point_num_in_lidar": 26,
    "speed": 0.062138121615627095,
    "if_vehicle": false,
    "motion_state": false,
    "pose": [
      [
        0.29983041590716114,
        0.9536309401474143,
        -0.026263124157214348,
        69.96492869723625
      ],
      [
        -0.9539824286272219,
        0.2995870035545833,
        -0.012851193395693284,
        -66.32461156938962
      ],
      [
        -0.0043872049697093905,
        0.02890773762757168,
        0.9995724561720423,
        2.171520999290813
      ],
      [
        0.0,
        0.0,
        0.0,
        1.0
      ]
    ],
    "location": [
      69.96492869723625,
      -66.32461156938962,
      2.171520999290813
    ],
    "rotation": [
      0.028912043624796987,
      0.00438721904366855,
      -1.2662784155392617
    ]
  },
  {
    "label_id": "W1xotH3PDL4kwISHESTm9A",
    "size": [
      0.84480701128457,
      0.173560207915898,
      1.0200000000000031
    ],
    "obj_class": "sign",
    "point_num_in_lidar": 34,
    "speed": 0.00813741581833271,
    "if_vehicle": false,
    "motion_state": false,
    "pose": [
      [
        -0.2696352682728959,
        -0.9626043166394519,
        -0.026263124157214348,
        46.15735572641461
      ],
      [
        0.9629479613594876,
        -0.2693809023333196,
        -0.012851193395693284,
        -109.29000861930353
      ],
      [
        0.005295830153100364,
        -0.02875515684499529,
        0.9995724561720423,
        2.7233487382701576
      ],
      [
        0.0,
        0.0,
        0.0,
        1.0
      ]
    ],
    "location": [
      46.15735572641461,
      -109.29000861930353,
      2.7233487382701576
    ],
    "rotation": [
      -0.02875952447002616,
      -0.005295854907726682,
      1.8438145047062862
    ]
  },
  {
    "label_id": "mRs5DD59eAv6VVlgCh3tuw",
    "size": [
      0.6287711284283717,
      0.08533747563449268,
      0.7074857036580458
    ],
    "obj_class": "sign",
    "point_num_in_lidar": 29,
    "speed": 0.06144463791039966,
    "if_vehicle": false,
    "motion_state": false,
    "pose": [
      [
        0.29983041592072956,
        0.9536309401431483,
        -0.026263124157214348,
        69.96702722863938
      ],
      [
        -0.9539824286229593,
        0.2995870035681567,
        -0.012851193395693284,
        -66.32374151315844
      ],
      [
        -0.004387204969298086,
        0.028907737627634104,
        0.9995724561720423,
        3.7272478256323645
      ],
      [
        0.0,
        0.0,
        0.0,
        1.0
      ]
    ],
    "location": [
      69.96702722863938,
      -66.32374151315844,
      3.7272478256323645
    ],
    "rotation": [
      0.028912043624859385,
      0.004387219043257242,
      -1.2662784155250393
    ]
  }
]