[
  {
    "label_id": "KDfDlzMjzUZYQubQOYUZQg",
    "size": [
      0.46500184958593843,
      0.0829023724588383,
      0.6513716814159292
    ],
    "obj_class": "sign",
    "point_num_in_lidar": 20,
    "speed": 0.027148718631982306,
    "if_vehicle": false,
    "motion_state": false,
    "pose": [
      [
        -0.017365863115964015,
        0.9991258822396277,
        -0.038024968601212135,
        85.08302611638646
      ],
      [
        -0.9998378178168944,
        -0.01753458406576377,
        -0.004108092597710116,
        -140.30347756980268
      ],
      [
        -0.004771253649545185,
        0.03794746105507233,
        0.9992683450095302,
        1.379885788386689
      ],
      [
        0.0,
        0.0,
        0.0,
        1.0
      ]
    ],
    "location": [
      85.08302611638646,
      -140.30347756980268,
      1.379885788386689
    ],
    "rotation": [
      0.037957006667503075,
      0.004771271752551966,
      -1.5881632605747456
    ]
  },
  {
    "label_id": "Od9UB8D2-QVgXGdTsEHMMA",
    "size": [
      0.22863740857383139,
      0.06767676233317493,
      0.31000000000000405
    ],
    "obj_class": "sign",
    "point_num_in_lidar": 23,
    "speed": 0.0629394153013458,
    "if_vehicle": false,
    "motion_state": false,
    "pose": [
      [
        0.9992767893646269,
        -3.657401966835773e-15,
        -0.038024968601212135,
        47.63685329144482
      ],
      [
        -0.0001563231465973193,
        0.9999915495334362,
        -0.004108092597710116,
        -149.77632717972688
      ],
      [
        0.03802464727248639,
        0.004111065764193359,
        0.9992683450095302,
        1.180990124014702
      ],
      [
        0.0,
        0.0,
        0.0,
        1.0
      ]
    ],
    "location": [
      47.63685329144482,
      -149.77632717972688,
      1.180990124014702
    ],
    "rotation": [
      0.00411405263745973,
      -0.038033816379766314,
      -0.00015643628170481025
    ]
  },
  {
    "label_id": "jD1QaewzbSZpQPoDttsH9A",
    "size": [
      2.142759589916802,
      4.7075148303350245,
      1.6200000000000045
    ],
    "obj_class": "vehicle",
    "point_num_in_lidar": 535,
    "speed": 20.919060019854673,
    "if_vehicle": true,
    "motion_state": true,
    "pose": [
      [
        -0.07405458604029545,
        -0.9965289860557381,
        -0.038024968601212135,
        78.71824153735724
      ],
      [
        0.9972533656069401,
        -0.07395166232641089,
        -0.004108092597710116,
        -169.20656776557394
      ],
      [
        0.0012818237130499278,
        -0.03822475101139564,
        0.9992683450095302,
        1.0836198664727021
      ],
      [
        0.0,
        0.0,
        0.0,
        1.0
      ]
    ],
    "location": [
      78.71824153735724,
      -169.20656776557394,
      1.0836198664727021
    ],
    "rotation": [
      -0.03823409712841,
      -0.001281824064071636,
      1.6449188283290128
    ]
  },
  {
    "label_id": "mA1iuwlBMxHSO-g3CUMrBA",
    "size": [
      0.5550493247787576,
      0.09700850334015737,
      0.7999999999999989
    ],
    "obj_class": "sign",
    "point_num_in_lidar": 27,
    "speed": 0.029680238008223184,
    "if_vehicle": false,
    "motion_state": false,
    "pose": [
      [
        0.04883782677619878,
        0.9980826460963315,
        -0.038024968601212135,
        89.00231374311261
      ],
      [
        -0.9988041921294607,
        0.048716623033868506,
        -0.004108092597710116,
        -167.0506652117599
      ],
      [
        -0.0022477678691113262,
        0.03818012835914934,
        0.9992683450095302,
        1.6290562959639505
      ],
      [
        0.0,
        0.0,
        0.0,
        1.0
      ]
    ],
    "location": [
      89.00231374311261,
      -167.0506652117599,
      1.6290562959639505
    ],
    "rotation": [
      0.03818950697525766,
      0.0022477697619086518,
      -1.521938941506883
    ]
  }
]