[
  {
    "label_id": "W1xotH3PDL4kwISHESTm9A",
    "size": [
      0.8448070112845706,
      0.173560207915898,
      1.0200000000000031
    ],
    "obj_class": "sign",
    "point_num_in_lidar": 177,
    "speed": 0.03609532271006939,
    "if_vehicle": false,
    "motion_state": false,
    "pose": [
      [
        -0.2696973823839987,
        -0.962826065492548,
        -0.015142309710171236,
        46.13062475251536
      ],
      [
        0.9629399189990531,
        -0.26961084754964526,
        -0.007530158143025308,
        -109.30676817648327
      ],
      [
        0.0031677015825672394,
        -0.01661199842588234,
        0.9998569933620419,
        2.612823836354501
      ],
      [
        0.0,
        0.0,
        0.0,
        1.0
      ]
    ],
    "location": [
      46.13062475251536,
      -109.30676817648327,
      2.612823836354501
    ],
    "rotation": [
      -0.016612845915076304,
      -0.003167706880220082,
      1.843876487047148
    ]
  },
  {
    "label_id": "YBF41L1yKOOHaqTb6q3NWw",
    "size": [
      0.7340860637796423,
      0.11138156206219951,
      0.7506104074456204
    ],
    "obj_class": "sign",
    "point_num_in_lidar": 26,
    "speed": 0.01519560178208611,
    "if_vehicle": false,
    "motion_state": false,
    "pose": [
      [
        0.23715871342563066,
        0.9713528993640472,
        -0.015142309710171236,
        82.82630905204951
      ],
      [
        -0.9714637777196228,
        0.23706839792992296,
        -0.007530158143025308,
        -118.3946579143219
      ],
      [
        -0.0037246778409484116,
        0.01649604801153489,
        0.9998569933620419,
        2.405320467711281
      ],
      [
        0.0,
        0.0,
        0.0,
        1.0
      ]
    ],
    "location": [
      82.82630905204951,
      -118.3946579143219,
      2.405320467711281
    ],
    "rotation": [
      0.016496910696283854,
      0.0037246864532178123,
      -1.3313545577215498
    ]
  },
  {
    "label_id": "n1uZLI6Xgl67AQBbdLb0Aw",
    "size": [
      0.49019901817431044,
      0.10474677039853414,
      0.6400000000000023
    ],
    "obj_class": "sign",
    "point_num_in_lidar": 35,
    "speed": 0.01677384256566579,
    "if_vehicle": false,
    "motion_state": false,
    "pose": [
      [
        -0.2696973823852609,
        -0.9628260654921945,
        -0.015142309710171236,
        46.14865535461195
      ],
      [
        0.9629399189986997,
        -0.26961084755090764,
        -0.007530158143025308,
        -109.31793326341176
      ],
      [
        0.0031677015825454617,
        -0.016611998425886492,
        0.9998569933620419,
        0.8146444843277862
      ],
      [
        0.0,
        0.0,
        0.0,
        1.0
      ]
    ],
    "location": [
      46.14865535461195,
      -109.31793326341176,
      0.8146444843277862
    ],
    "rotation": [
      -0.016612845915080457,
      -0.0031677068801983037,
      1.843876487048459
    ]
  },
  {
    "label_id": "s2rWalMo_WoiJBkHAhpOLA",
    "size": [
      2.0895353214747825,
      4.688242259389762,
      1.8400000000000034
    ],
    "obj_class": "vehicle",
    "point_num_in_lidar": 38,
    "speed": 21.77519105298387,
    "if_vehicle": true,
    "motion_state": true,
    "pose": [
      [
        -0.08406763942764797,
        -0.9963449916859644,
        -0.015142309710171236,
        77.75418136501776
      ],
      [
        0.996440566868424,
        -0.08396126140831188,
        -0.007530158143025308,
        -153.5581254914016
      ],
      [
        0.00623126792850524,
        -0.01572145429090128,
        0.9998569933620419,
        1.4146598940440196
      ],
      [
        0.0,
        0.0,
        0.0,
        1.0
      ]
    ],
    "location": [
      77.75418136501776,
      -153.5581254914016,
      1.4146598940440196
    ],
    "rotation": [
      -0.01572240726129309,
      -0.00623130825454869,
      1.6549649432662308
    ]
  }
]