[
  {
    "label_id": "3M4Q7kpgVZdYYqEN_WdRTA",
    "size": [
      1.9898724555569793,
      4.301253351856641,
      1.810000000000004
    ],
    "obj_class": "vehicle",
    "point_num_in_lidar": 20,
    "speed": 23.099148582462288,
    "if_vehicle": true,
    "motion_state": true,
    "pose": [
      [
        -0.050025675370349736,
        -0.997862647455974,
        -0.04204246205796081,
        84.47507858952304
      ],
      [
        0.9987445055800243,
        -0.04987089498089264,
        -0.0047229659661852655,
        -222.3411728340534
      ],
      [
        0.0026161761128313645,
        -0.042225947543654586,
        0.9991046616729335,
        0.9596444843278817
      ],
      [
        0.0,
        0.0,
        0.0,
        1.0
      ]
    ],
    "location": [
      84.47507858952304,
      -222.3411728340534,
      0.9596444843278817
    ],
    "rotation": [
      -0.04223865061736271,
      -0.002616179097190023,
      1.6208430625548793
    ]
  },
  {
    "label_id": "Ab93s46ItOzNu8VatFPXCQ",
    "size": [
      0.2376531591667108,
      0.07048046548334262,
      0.3363274336283215
    ],
    "obj_class": "sign",
    "point_num_in_lidar": 41,
    "speed": 0.04180978777013431,
    "if_vehicle": false,
    "motion_state": false,
    "pose": [
      [
        0.9991158248091685,
        -4.286941217737318e-15,
        -0.04204246205796081,
        52.53073031094118
      ],
      [
        -0.0001987408391494668,
        0.9999888269848624,
        -0.0047229659661852655,
        -170.3686056851816
      ],
      [
        0.04204199231689583,
        0.004727145591040131,
        0.9991046616729335,
        1.192247731804132
      ],
      [
        0.0,
        0.0,
        0.0,
        1.0
      ]
    ],
    "location": [
      52.53073031094118,
      -170.3686056851816,
      1.192247731804132
    ],
    "rotation": [
      0.004731346473431505,
      -0.042054387252479515,
      -0.00019891671375155782
    ]
  },
  {
    "label_id": "j9pmj7UxwUc0dOdhEC98YQ",
    "size": [
      1.2903383367307901,
      0.2139058649050754,
      1.299999999999999
    ],
    "obj_class": "sign",
    "point_num_in_lidar": 29,
    "speed": 0.02018980033680789,
    "if_vehicle": false,
    "motion_state": false,
    "pose": [
      [
        0.03593108690154976,
        0.9984695230091793,
        -0.04204246205796081,
        92.17745181149621
      ],
      [
        -0.9993491077565049,
        0.03576387029894605,
        -0.0047229659661852655,
        -229.390338078098
      ],
      [
        -0.0032121364153563196,
        0.04218479824607391,
        0.9991046616729335,
        1.287221727118924
      ],
      [
        0.0,
        0.0,
        0.0,
        1.0
      ]
    ],
    "location": [
      92.17745181149621,
      -229.390338078098,
      1.287221727118924
    ],
    "rotation": [
      0.042197537809520576,
      0.0032121419390897126,
      -1.5348573184819694
    ]
  },
  {
    "label_id": "mi0vnhXUf4v8GrUfy5muNQ",
    "size": [
      1.2387854454718443,
      0.19552949233649633,
      1.3600000000000048
    ],
    "obj_class": "sign",
    "point_num_in_lidar": 37,
    "speed": 0.04319543210010286,
    "if_vehicle": false,
    "motion_state": false,
    "pose": [
      [
        0.020779316793158416,
        0.9988997203812375,
        -0.04204246205796081,
        78.06085235129285
      ],
      [
        -0.9997766670838051,
        0.020598775383033497,
        -0.0047229659661852655,
        -229.2614667075204
      ],
      [
        -0.00385174615051092,
        0.042131212598320054,
        0.9991046616729335,
        1.3946444843278591
      ],
      [
        0.0,
        0.0,
        0.0,
        1.0
      ]
    ],
    "location": [
      78.06085235129285,
      -229.2614667075204,
      1.3946444843278591
    ],
    "rotation": [
      0.04214399946567966,
      0.0038517556746257005,
      -1.5500153601867528
    ]
  }
]