[
  {
    "label_id": "RwjFrwYJflA6IzQ9kJPocA",
    "size": [
      0.6628669339547761,
      0.1728992090924205,
      0.8099999999999987
    ],
    "obj_class": "sign",
    "point_num_in_lidar": 33,
    "speed": 0.057467340995082355,
    "if_vehicle": false,
    "motion_state": false,
    "pose": [
      [
        0.9996885653112226,
        1.413554836723616e-14,
        -0.02495540795077096,
        18.86489231361884
      ],
      [
        -0.00018124415396240636,
        0.999973626097376,
        -0.007260458678496257,
        -151.21379936226685
      ],
      [
        0.024954749779271625,
        0.007262720541608163,
        0.9996621996223467,
        2.4700923001004753
      ],
      [
        0.0,
        0.0,
        0.0,
        1.0
      ]
    ],
    "location": [
      18.86489231361884,
      -151.21379936226685,
      2.4700923001004753
    ],
    "rotation": [
      0.00726504689908691,
      -0.024957340556910186,
      -0.00018130061527727383
    ]
  },
  {
    "label_id": "jD1QaewzbSZpQPoDttsH9A",
    "size": [
      2.142759589915592,
      4.7075148303350245,
      1.6200000000000045
    ],
    "obj_class": "vehicle",
    "point_num_in_lidar": 145,
    "speed": 21.467945559959134,
    "if_vehicle": true,
    "motion_state": true,
    "pose": [
      [
        -0.050586398000400726,
        -0.9984078545120505,
        -0.02495540795077096,
        79.6215525367661
      ],
      [
        0.9987017214492243,
        -0.05041981073084257,
        -0.007260458678496257,
        -184.13370205519232
      ],
      [
        0.0059906520263820085,
        -0.025290289332278497,
        0.9996621996223467,
        1.0836198664726595
      ],
      [
        0.0,
        0.0,
        0.0,
        1.0
      ]
    ],
    "location": [
      79.6215525367661,
      -184.13370205519232,
      1.0836198664726595
    ],
    "rotation": [
      -0.025293440013280415,
      -0.005990687858959184,
      1.621405233546932
    ]
  },
  {
    "label_id": "mA1iuwlBMxHSO-g3CUMrBA",
    "size": [
      0.5550493247787596,
      0.09700850334015737,
      0.7999999999999989
    ],
    "obj_class": "sign",
    "point_num_in_lidar": 30,
    "speed": 0.012019609780411906,
    "if_vehicle": false,
    "motion_state": false,
    "pose": [
      [
        0.04885795157301895,
        0.9984939299675782,
        -0.02495540795077096,
        89.01437935904505
      ],
      [
        -0.9987875080807289,
        0.04869085583213467,
        -0.007260458678496257,
        -167.05667062777366
      ],
      [
        -0.0060344237484958405,
        0.025279880858800417,
        0.9996621996223467,
        1.6397930819744193
      ],
      [
        0.0,
        0.0,
        0.0,
        1.0
      ]
    ],
    "location": [
      89.01437935904505,
      -167.05667062777366,
      1.6397930819744193
    ],
    "rotation": [
      0.025283034679624256,
      0.006034460372285231,
      -1.5219180255291087
    ]
  }
]