[
  {
    "label_id": "FrJDAe6-yejYfG4OU3ihjQ",
    "size": [
      0.6323361145347867,
      0.060826084646346056,
      0.879999999999999
    ],
    "obj_class": "sign",
    "point_num_in_lidar": 23,
    "speed": 0.06213812161733004,
    "if_vehicle": false,
    "motion_state": false,
    "pose": [
      [
        0.29982269124776983,
        0.9536063713450691,
        -0.027225766160658645,
        69.98920578716206
      ],
      [
        -0.953980098999924,
        0.2995366967363949,
        -0.01413287020899808,
        -66.31917902773148
      ],
      [
        -0.005322079014812277,
        0.030210194278411148,
        0.9995293990857,
        2.1687140582579687
      ],
      [
        0.0,
        0.0,
        0.0,
        1.0
      ]
    ],
    "location": [
      69.98920578716206,
      -66.31917902773148,
      2.1687140582579687
    ],
    "rotation": [
      0.03021521946755148,
      0.005322104139359237,
      -1.2662850863941397
    ]
  },
  {
    "label_id": "W1xotH3PDL4kwISHESTm9A",
    "size": [
      0.844807011284576,
      0.173560207915898,
      1.0200000000000031
    ],
    "obj_class": "sign",
    "point_num_in_lidar": 20,
    "speed": 0.005087182671399807,
    "if_vehicle": false,
    "motion_state": false,
    "pose": [
      [
        -0.26962832154394295,
        -0.9625795166521888,
        -0.027225766160658645,
        46.160362179971344
      ],
      [
        0.9629440478593001,
        -0.26933069389136033,
        -0.01413287020899808,
        -109.28723462719154
      ],
      [
        0.0062712768829113795,
        -0.030027511545865936,
        0.9995293990857,
        2.744644484327761
      ],
      [
        0.0,
        0.0,
        0.0,
        1.0
      ]
    ],
    "location": [
      46.160362179971344,
      -109.28723462719154,
      2.744644484327761
    ],
    "rotation": [
      -0.03003261652779132,
      -0.006271317990723508,
      1.8438088703956705
    ]
  },
  {
    "label_id": "mRs5DD59eAv6VVlgCh3tuw",
    "size": [
      0.6287711284283701,
      0.08533747563449268,
      0.7074857036580458
    ],
    "obj_class": "sign",
    "point_num_in_lidar": 23,
    "speed": 0.06384269498769497,
    "if_vehicle": false,
    "motion_state": false,
    "pose": [
      [
        0.29982269126134553,
        0.9536063713408007,
        -0.027225766160658645,
        69.99152466035957
      ],
      [
        -0.9539800989956596,
        0.2995366967499759,
        -0.01413287020899808,
        -66.31839830634726
      ],
      [
        -0.005322079014382199,
        0.03021019427848691,
        0.9995293990857,
        3.729077967221844
      ],
      [
        0.0,
        0.0,
        0.0,
        1.0
      ]
    ],
    "location": [
      69.99152466035957,
      -66.31839830634726,
      3.729077967221844
    ],
    "rotation": [
      0.030215219467627213,
      0.005322104138929153,
      -1.2662850863799098
    ]
  }
]