[
  {
    "label_id": "3M4Q7kpgVZdYYqEN_WdRTA",
    "size": [
      1.9898724555569862,
      4.301253351856641,
      1.810000000000004
    ],
    "obj_class": "vehicle",
    "point_num_in_lidar": 218,
    "speed": 23.008377581956687,
    "if_vehicle": true,
    "motion_state": true,
    "pose": [
      [
        -0.06301523999408712,
        -0.9970190882755283,
        -0.044519851108489605,
        83.45269622032902
      ],
      [
        0.9979962304063054,
        -0.06320670077180796,
        0.0029046638958740503,
        -203.91429904301685
      ],
      [
        -0.0057099582566309355,
        -0.04424760549202194,
        0.9990042771604785,
        0.9596444843278356
      ],
      [
        0.0,
        0.0,
        0.0,
        1.0
      ]
    ],
    "location": [
      83.45269622032902,
      -203.91429904301685,
      0.9596444843278356
    ],
    "rotation": [
      -0.04426277863525779,
      0.005709989284640838,
      1.633854375572964
    ]
  },
  {
    "label_id": "j9pmj7UxwUc0dOdhEC98YQ",
    "size": [
      1.2903383367307886,
      0.2139058649050754,
      1.299999999999999
    ],
    "obj_class": "sign",
    "point_num_in_lidar": 35,
    "speed": 0.08166772501293483,
    "if_vehicle": false,
    "motion_state": false,
    "pose": [
      [
        0.03592722718795136,
        0.9983622675180905,
        -0.044519851108489605,
        92.18819359741246
      ],
      [
        -0.9993442468983205,
        0.036092092193177466,
        0.0029046638958740503,
        -229.34535436281067
      ],
      [
        0.004506721404096889,
        0.0443863005583472,
        0.9990042771604785,
        1.2872217271188315
      ],
      [
        0.0,
        0.0,
        0.0,
        1.0
      ]
    ],
    "location": [
      92.18819359741246,
      -229.34535436281067,
      1.2872217271188315
    ],
    "rotation": [
      0.044401339266093534,
      -0.004506736659892239,
      -1.5348610010837882
    ]
  },
  {
    "label_id": "mA1iuwlBMxHSO-g3CUMrBA",
    "size": [
      0.5550493247787546,
      0.09700850334015737,
      0.7999999999999989
    ],
    "obj_class": "sign",
    "point_num_in_lidar": 28,
    "speed": 0.039650960805294844,
    "if_vehicle": false,
    "motion_state": false,
    "pose": [
      [
        0.04882471461859986,
        0.9978146772320451,
        -0.044519851108489605,
        88.9366610316647
      ],
      [
        -0.9987944443010363,
        0.04900225465257904,
        0.0029046638958740503,
        -167.03529212125136
      ],
      [
        0.005079889348842252,
        0.04432436056248975,
        0.9990042771604785,
        1.5682210106221355
      ],
      [
        0.0,
        0.0,
        0.0,
        1.0
      ]
    ],
    "location": [
      88.9366610316647,
      -167.03529212125136,
      1.5682210106221355
    ],
    "rotation": [
      0.04433945951844746,
      -0.005079911197086906,
      -1.5219515621168274
    ]
  },
  {
    "label_id": "mi0vnhXUf4v8GrUfy5muNQ",
    "size": [
      1.2387854454718437,
      0.19552949233649633,
      1.3600000000000048
    ],
    "obj_class": "sign",
    "point_num_in_lidar": 45,
    "speed": 0.1215649910064897,
    "if_vehicle": false,
    "motion_state": false,
    "pose": [
      [
        0.020777084681141617,
        0.9987924186783911,
        -0.044519851108489605,
        78.06173235485858
      ],
      [
        -0.9997767861913514,
        0.020927033247568283,
        0.0029046638958740503,
        -229.33026134874103
      ],
      [
        0.003832824682331993,
        0.04444956321522838,
        0.9990042771604785,
        1.3946444843278414
      ],
      [
        0.0,
        0.0,
        0.0,
        1.0
      ]
    ],
    "location": [
      78.06173235485858,
      -229.33026134874103,
      1.3946444843278414
    ],
    "rotation": [
      0.044464540036992406,
      -0.003832834066774639,
      -1.550017594308222
    ]
  }
]