[
  {
    "label_id": "-Q_L38boUWc0s3ivaWf-9g",
    "size": [
      0.3113921258608501,
      0.06191161022496325,
      0.39000000000000234
    ],
    "obj_class": "sign",
    "point_num_in_lidar": 35,
    "speed": 0.010155946389434253,
    "if_vehicle": false,
    "motion_state": false,
    "pose": [
      [
        -0.9997117998655548,
        0.02390786331005338,
        0.0021751509191384136,
        15.35667859489945
      ],
      [
        -0.023980477575236796,
        -0.998742406264544,
        -0.04402888397600222,
        -48.979935659093826
      ],
      [
        0.0011197789231763735,
        -0.04406835600356001,
        0.9990278905487607,
        -0.5238039475038292
      ],
      [
        0.0,
        0.0,
        0.0,
        1.0
      ]
    ],
    "location": [
      15.35667859489945,
      -48.979935659093826,
      -0.5238039475038292
    ],
    "rotation": [
      -0.04408265974353019,
      -0.0011197791571925402,
      -3.1176098619985098
    ]
  },
  {
    "label_id": "-roDyLaSj9Ly7YWd600gHw",
    "size": [
      2.3762110385417325,
      5.77472060364153,
      2.21
    ],
    "obj_class": "vehicle",
    "point_num_in_lidar": 879,
    "speed": 4.777565652062598,
    "if_vehicle": true,
    "motion_state": true,
    "pose": [
      [
        -0.16205014457576664,
        -0.9867801271617971,
        0.0021751509191384136,
        7.880135307655337
      ],
      [
        0.9858100135625423,
        -0.16198788391619923,
        -0.04402888397600222,
        -32.378885778154654
      ],
      [
        0.04379917582322108,
        -0.004990601456724398,
        0.9990278905487607,
        0.5593177984245754
      ],
      [
        0.0,
        0.0,
        0.0,
        1.0
      ]
    ],
    "location": [
      7.880135307655337,
      -32.378885778154654,
      0.5593177984245754
    ],
    "rotation": [
      -0.004995416035671855,
      -0.04381319174750751,
      1.7337219791273202
    ]
  },
  {
    "label_id": "2xD7DXqVqhgyGAvnNyEh_Q",
    "size": [
      2.1384268411218037,
      4.654138098945802,
      1.9600000000000044
    ],
    "obj_class": "vehicle",
    "point_num_in_lidar": 412,
    "speed": 0.03898501727327091,
    "if_vehicle": true,
    "motion_state": false,
    "pose": [
      [
        -0.14205803558981878,
        -0.9898559406513863,
        0.0021751509191384136,
        -0.9926463400313423
      ],
      [
        0.9888847662059191,
        -0.14201540952196767,
        -0.04402888397600222,
        -29.30271264869225
      ],
      [
        0.04389115731244995,
        -0.004103683158708144,
        0.9990278905487607,
        0.45497129180147944
      ],
      [
        0.0,
        0.0,
        0.0,
        1.0
      ]
    ],
    "location": [
      -0.9926463400313423,
      -29.30271264869225,
      0.45497129180147944
    ],
    "rotation": [
      -0.004107653166919869,
      -0.04390526177699126,
      1.7134749903037476
    ]
  },
  {
    "label_id": "5OCWU22ua0BgHKgEUw2kpQ",
    "size": [
      1.0171855902806008,
      1.0964827223306206,
      1.7825413884871502
    ],
    "obj_class": "pedestrian",
    "point_num_in_lidar": 90,
    "speed": 1.225830872169346,
    "if_vehicle": false,
    "motion_state": true,
    "pose": [
      [
        -0.17103624686972282,
        -0.9852623361192685,
        0.0021751509191384136,
        12.57624772780423
      ],
      [
        0.9842928302065784,
        -0.17096514785110878,
        -0.04402888397600222,
        -24.744556884830672
      ],
      [
        0.043751876081409145,
        -0.0053895496147927085,
        0.9990278905487607,
        0.6464202990255696
      ],
      [
        0.0,
        0.0,
        0.0,
        1.0
      ]
    ],
    "location": [
      12.57624772780423,
      -24.744556884830672,
      0.6464202990255696
    ],
    "rotation": [
      -0.005394741609550255,
      -0.04376584662028285,
      1.742844035372595
    ]
  },
  {
    "label_id": "5voCBJ6iDkdItMO3-fiqDg",
    "size": [
      0.93652025098874,
      1.1978745489032638,
      1.730000000000004
    ],
    "obj_class": "pedestrian",
    "point_num_in_lidar": 186,
    "speed": 1.5793238264736487,
    "if_vehicle": false,
    "motion_state": true,
    "pose": [
      [
        -0.17548357028861492,
        -0.9844799567676529,
        0.0021751509191384136,
        -1.4818687833374042
      ],
      [
        0.9835107817954384,
        -0.1754080940776482,
        -0.04402888397600222,
        -45.38016374498147
      ],
      [
        0.04372709287027998,
        -0.005587061374927168,
        0.9990278905487607,
        -0.14225267740152425
      ],
      [
        0.0,
        0.0,
        0.0,
        1.0
      ]
    ],
    "location": [
      -1.4818687833374042,
      -45.38016374498147,
      -0.14225267740152425
    ],
    "rotation": [
      -0.0055924395923653124,
      -0.04374103966817543,
      1.7473639251067008
    ]
  },
  {
    "label_id": "Ajn5P334xqYzHGHWL_0Qaw",
    "size": [
      2.36278506281182,
      5.609335176106013,
      2.160000000000001
    ],
    "obj_class": "vehicle",
    "point_num_in_lidar": 76,
    "speed": 1.707982987138493,
    "if_vehicle": true,
    "motion_state": true,
    "pose": [
      [
        -0.04030859632770786,
        -0.999184910705005,
        0.0021751509191384136,
        5.752827598281556
      ],
      [
        0.9982144561105794,
        -0.040365294346604075,
        -0.04402888397600222,
        -14.795442878719768
      ],
      [
        0.044080797111102105,
        0.00039652458075801995,
        0.9990278905487607,
        1.230896812795038
      ],
      [
        0.0,
        0.0,
        0.0,
        1.0
      ]
    ],
    "location": [
      5.752827598281556,
      -14.795442878719768,
      1.230896812795038
    ],
    "rotation": [
      0.00039691040028688837,
      -0.04409508529690141,
      1.6111550978137164
    ]
  },
  {
    "label_id": "K_rHufsxHB91zomztpCw9g",
    "size": [
      0.8869632576274133,
      0.8221758496597003,
      1.6000000000000032
    ],
    "obj_class": "pedestrian",
    "point_num_in_lidar": 484,
    "speed": 0.13798413839931062,
    "if_vehicle": false,
    "motion_state": false,
    "pose": [
      [
        -0.5758601735236928,
        0.8175453071651391,
        0.0021751509191384136,
        16.04103093422259
      ],
      [
        -0.8168095780234337,
        -0.5752248000782025,
        -0.04402888397600222,
        -51.460968753886846
      ],
      [
        -0.034744406721697686,
        -0.027131164870873904,
        0.9990278905487607,
        -0.5183022318738768
      ],
      [
        0.0,
        0.0,
        0.0,
        1.0
      ]
    ],
    "location": [
      16.04103093422259,
      -51.460968753886846,
      -0.5183022318738768
    ],
    "rotation": [
      -0.027150891412916975,
      0.03475140094472964,
      -2.184877823838954
    ]
  },
  {
    "label_id": "QY1qEYd55QF-nFZcCsP7eA",
    "size": [
      0.8484711943731174,
      0.9635469452995944,
      1.5319292035398284
    ],
    "obj_class": "pedestrian",
    "point_num_in_lidar": 35,
    "speed": 1.0436226424204769,
    "if_vehicle": false,
    "motion_state": true,
    "pose": [
      [
        -0.25999968467127166,
        -0.9656062513723275,
        0.0021751509191384136,
        -3.567123240530691
      ],
      [
        0.9646472403955176,
        -0.25984064149616837,
        -0.04402888397600222,
        -30.359879341813212
      ],
      [
        0.043079758218354545,
        -0.009349242618597936,
        0.9990278905487607,
        0.4967855813397861
      ],
      [
        0.0,
        0.0,
        0.0,
        1.0
      ]
    ],
    "location": [
      -3.567123240530691,
      -30.359879341813212,
      0.4967855813397861
    ],
    "rotation": [
      -0.009358066767123948,
      -0.04309309439892423,
      1.8340684149585205
    ]
  },
  {
    "label_id": "QuYOuiSD1qcDP7C_tY12xQ",
    "size": [
      1.0369836013926472,
      1.3268741498980898,
      1.8200000000000038
    ],
    "obj_class": "pedestrian",
    "point_num_in_lidar": 37,
    "speed": 1.2279426710960772,
    "if_vehicle": false,
    "motion_state": true,
    "pose": [
      [
        -0.05722702419042491,
        -0.9983588214769215,
        0.0021751509191384136,
        12.71829805658399
      ],
      [
        0.9973875457504697,
        -0.057267276499606064,
        -0.04402888397600222,
        -18.242213283818273
      ],
      [
        0.04408118968634036,
        -0.0003501735714957497,
        0.9990278905487607,
        0.9525708063733944
      ],
      [
        0.0,
        0.0,
        0.0,
        1.0
      ]
    ],
    "location": [
      12.71829805658399,
      -18.242213283818273,
      0.9525708063733944
    ],
    "rotation": [
      -0.00035051429541430967,
      -0.04409547825410957,
      1.6281104059142195
    ]
  },
  {
    "label_id": "S_zkAqSyVSDXt7mjflF5ng",
    "size": [
      2.4682978956075456,
      5.136041162096543,
      2.0500000000000034
    ],
    "obj_class": "vehicle",
    "point_num_in_lidar": 491,
    "speed": 0.016467152120893256,
    "if_vehicle": true,
    "motion_state": false,
    "pose": [
      [
        -0.15782690303518487,
        -0.9874643980401528,
        0.0021751509191384136,
        10.307316031440223
      ],
      [
        0.9864940269485631,
        -0.15776879339918656,
        -0.04402888397600222,
        -29.12642341688479
      ],
      [
        0.043820126347716364,
        -0.004803169012586185,
        0.9990278905487607,
        0.45992739143036765
      ],
      [
        0.0,
        0.0,
        0.0,
        1.0
      ]
    ],
    "location": [
      10.307316031440223,
      -29.12642341688479,
      0.45992739143036765
    ],
    "rotation": [
      -0.004807805717496311,
      -0.043834162406009236,
      1.7294395886644127
    ]
  },
  {
    "label_id": "VOMFwLan-yMeZ2OM0S_JtQ",
    "size": [
      2.0752103727859517,
      4.523204878148739,
      1.5400000000000045
    ],
    "obj_class": "vehicle",
    "point_num_in_lidar": 81,
    "speed": 6.480443821982886,
    "if_vehicle": true,
    "motion_state": true,
    "pose": [
      [
        -0.1590583495212685,
        -0.9872667877357413,
        0.0021751509191384136,
        -1.8101886320880567
      ],
      [
        0.9862964898734184,
        -0.15899902968006288,
        -0.04402888397600222,
        -6.685479471489089
      ],
      [
        0.04381410173612807,
        -0.0048578178999951795,
        0.9990278905487607,
        1.0218356434267903
      ],
      [
        0.0,
        0.0,
        0.0,
        1.0
      ]
    ],
    "location": [
      -1.8101886320880567,
      -6.685479471489089,
      1.0218356434267903
    ],
    "rotation": [
      -0.0048625065024298225,
      -0.04382813200263486,
      1.730687977086119
    ]
  },
  {
    "label_id": "YMb2DQvXVMNwYg9V1LLfjg",
    "size": [
      2.035551169466782,
      3.7736514423989274,
      1.8000000000000007
    ],
    "obj_class": "vehicle",
    "point_num_in_lidar": 2972,
    "speed": 9.957706385521815,
    "if_vehicle": true,
    "motion_state": true,
    "pose": [
      [
        -0.2701840716290511,
        -0.9628062298076528,
        0.0021751509191384136,
        9.783766284756666
      ],
      [
        0.9618489521654651,
        -0.2700149080958766,
        -0.04402888397600222,
        -48.57904294906257
      ],
      [
        0.042978606959099094,
        -0.00980373650954433,
        0.9990278905487607,
        -0.31616686140977457
      ],
      [
        0.0,
        0.0,
        0.0,
        1.0
      ]
    ],
    "location": [
      9.783766284756666,
      -48.57904294906257,
      -0.31616686140977457
    ],
    "rotation": [
      -0.009812961098746794,
      -0.042991849368078885,
      1.8446400799156473
    ]
  },
  {
    "label_id": "YVE7uof7rH-IR5paQgk24Q",
    "size": [
      0.26300838548349276,
      0.04386089271513011,
      0.37000000000000277
    ],
    "obj_class": "sign",
    "point_num_in_lidar": 20,
    "speed": 0.054394572122695044,
    "if_vehicle": false,
    "motion_state": false,
    "pose": [
      [
        -0.9934077741642396,
        0.11461353737028677,
        0.0021751509191384136,
        15.606538232830644
      ],
      [
        -0.11459780079531787,
        -0.9924357920937276,
        -0.04402888397600222,
        -50.632445103086866
      ],
      [
        -0.00288760851359702,
        -0.0439879031412671,
        0.9990278905487607,
        -0.7026144827694001
      ],
      [
        0.0,
        0.0,
        0.0,
        1.0
      ]
    ],
    "location": [
      15.606538232830644,
      -50.632445103086866,
      -0.7026144827694001
    ],
    "rotation": [
      -0.04400228470465182,
      0.0028876125265615395,
      -3.0267420489191195
    ]
  },
  {
    "label_id": "eIU2UxcEUk0HGjsXvhfsMg",
    "size": [
      0.9166732473662612,
      1.104870018567485,
      1.8900000000000041
    ],
    "obj_class": "pedestrian",
    "point_num_in_lidar": 25,
    "speed": 0.0017829035887157757,
    "if_vehicle": false,
    "motion_state": false,
    "pose": [
      [
        -0.8878708277189793,
        -0.46008766773745824,
        0.0021751509191384136,
        9.696925841420352
      ],
      [
        0.4595575555470882,
        -0.8870559793583563,
        -0.04402888397600222,
        -14.008162073836502
      ],
      [
        0.02218662717043056,
        -0.038092354619970736,
        0.9990278905487607,
        1.1622160311224246
      ],
      [
        0.0,
        0.0,
        0.0,
        1.0
      ]
    ],
    "location": [
      9.696925841420352,
      -14.008162073836502,
      1.1622160311224246
    ],
    "rotation": [
      -0.03811095850490483,
      -0.02218844778839809,
      2.663968280909037
    ]
  },
  {
    "label_id": "fFlvjmk1h67aKf0yiFwEOw",
    "size": [
      0.8602328125686223,
      1.047075004275744,
      1.7000000000000046
    ],
    "obj_class": "pedestrian",
    "point_num_in_lidar": 288,
    "speed": 1.3413389313234942,
    "if_vehicle": false,
    "motion_state": true,
    "pose": [
      [
        -0.17557397154210352,
        -0.9844638384600075,
        0.0021751509191384136,
        17.79414132477359
      ],
      [
        0.9834946704226449,
        -0.17549840633487485,
        -0.04402888397600222,
        -47.91768171104377
      ],
      [
        0.04372657964197209,
        -0.005591076685895643,
        0.9990278905487607,
        -0.34289651060471726
      ],
      [
        0.0,
        0.0,
        0.0,
        1.0
      ]
    ],
    "location": [
      17.79414132477359,
      -47.91768171104377,
      -0.34289651060471726
    ],
    "rotation": [
      -0.005596458684662054,
      -0.04374052594850725,
      1.7474558387377346
    ]
  },
  {
    "label_id": "gUKgMUj38YVBqDRACfxBNg",
    "size": [
      1.0028819644267972,
      0.9520999166186406,
      1.690000000000004
    ],
    "obj_class": "pedestrian",
    "point_num_in_lidar": 67,
    "speed": 1.1859629390710662,
    "if_vehicle": false,
    "motion_state": true,
    "pose": [
      [
        -0.1856385462283276,
        -0.9826156923603002,
        0.0021751509191384136,
        13.086233062273777
      ],
      [
        0.9816473483040695,
        -0.18555306772838964,
        -0.04402888397600222,
        -24.117810153677055
      ],
      [
        0.0436670782377491,
        -0.006038226881427375,
        0.9990278905487607,
        0.6394196448570977
      ],
      [
        0.0,
        0.0,
        0.0,
        1.0
      ]
    ],
    "location": [
      13.086233062273777,
      -24.117810153677055,
      0.6394196448570977
    ],
    "rotation": [
      -0.006044028812732539,
      -0.043680967656422445,
      1.7576983719634602
    ]
  },
  {
    "label_id": "kNtdgBIGtz-619syo5GotQ",
    "size": [
      2.3096827218116918,
      5.064638733456315,
      1.9400000000000048
    ],
    "obj_class": "vehicle",
    "point_num_in_lidar": 74,
    "speed": 9.07906615149573,
    "if_vehicle": true,
    "motion_state": true,
    "pose": [
      [
        -0.16233712943021422,
        -0.9867329553262305,
        0.0021751509191384136,
        -1.1460044771340563
      ],
      [
        0.985762859875679,
        -0.16227458662880712,
        -0.04402888397600222,
        7.541121111722532
      ],
      [
        0.04379772252161484,
        -0.005003339645969062,
        0.9990278905487607,
        1.3685207258423224
      ],
      [
        0.0,
        0.0,
        0.0,
        1.0
      ]
    ],
    "location": [
      -1.1460044771340563,
      7.541121111722532,
      1.3685207258423224
    ],
    "rotation": [
      -0.005008166300889394,
      -0.04381173704995531,
      1.734013091378292
    ]
  },
  {
    "label_id": "mBVZklj4mzD2zJYHiMldUg",
    "size": [
      2.3982298749735436,
      5.942315180112966,
      2.2200000000000006
    ],
    "obj_class": "vehicle",
    "point_num_in_lidar": 7816,
    "speed": 1.7053025658242404e-12,
    "if_vehicle": true,
    "motion_state": false,
    "pose": [
      [
        -0.14602382838283637,
        -0.989278681799471,
        0.0021751509191384136,
        15.697817320799004
      ],
      [
        0.9883076859805968,
        -0.14597731059142596,
        -0.04402888397600222,
        -61.380604964237136
      ],
      [
        0.04387435898218762,
        -0.004279547826047307,
        0.9990278905487607,
        -0.8587410377286773
      ],
      [
        0.0,
        0.0,
        0.0,
        1.0
      ]
    ],
    "location": [
      15.697817320799004,
      -61.380604964237136,
      -0.8587410377286773
    ],
    "rotation": [
      -0.004283685861009938,
      -0.04388844724908859,
      1.7174864167935786
    ]
  },
  {
    "label_id": "rbj9kBChW72Ay5dtSpapXQ",
    "size": [
      2.1360084669821306,
      4.857696674908094,
      1.770000000000004
    ],
    "obj_class": "vehicle",
    "point_num_in_lidar": 101,
    "speed": 0.0057390983773831904,
    "if_vehicle": true,
    "motion_state": false,
    "pose": [
      [
        -0.14205803559029925,
        -0.9898559406513174,
        0.0021751509191384136,
        -1.8607853948210504
      ],
      [
        0.9888847662058503,
        -0.14201540952244768,
        -0.04402888397600222,
        -24.127916444367656
      ],
      [
        0.043891157312447956,
        -0.004103683158729448,
        0.9990278905487607,
        0.5128357149213638
      ],
      [
        0.0,
        0.0,
        0.0,
        1.0
      ]
    ],
    "location": [
      -1.8607853948210504,
      -24.127916444367656,
      0.5128357149213638
    ],
    "rotation": [
      -0.004107653166941194,
      -0.043905261776989266,
      1.7134749903042334
    ]
  },
  {
    "label_id": "ryg82GvjxiurhXuYlN2xPg",
    "size": [
      0.9795127061289444,
      0.8740044961228312,
      1.7100000000000044
    ],
    "obj_class": "pedestrian",
    "point_num_in_lidar": 33,
    "speed": 0.9731934741697059,
    "if_vehicle": false,
    "motion_state": false,
    "pose": [
      [
        -0.10539314738336204,
        -0.99442825442719,
        0.0021751509191384136,
        14.498223846718474
      ],
      [
        0.9934561681976948,
        -0.10538642818589783,
        -0.04402888397600222,
        -31.61793363639117
      ],
      [
        0.04401279762276643,
        -0.0024794255606288063,
        0.9990278905487607,
        0.35275629101514916
      ],
      [
        0.0,
        0.0,
        0.0,
        1.0
      ]
    ],
    "location": [
      14.498223846718474,
      -31.61793363639117,
      0.35275629101514916
    ],
    "rotation": [
      -0.0024818330833532858,
      -0.04402701974881825,
      1.676488370355935
    ]
  },
  {
    "label_id": "t-LPOe5gpociAs9F4-TjPw",
    "size": [
      1.0602432104076567,
      1.9174464105824227,
      1.8000000000000043
    ],
    "obj_class": "cyclist",
    "point_num_in_lidar": 31,
    "speed": 0.49954654129174525,
    "if_vehicle": false,
    "motion_state": false,
    "pose": [
      [
        0.9873050466671913,
        0.15882069620793862,
        0.0021751509191384136,
        -10.0335361381251
      ],
      [
        -0.15857250168072037,
        0.9863651550447966,
        -0.04402888397600222,
        -9.92159776722292
      ],
      [
        -0.009138191079929019,
        0.04312502022585032,
        0.9990278905487607,
        1.2459995322061594
      ],
      [
        0.0,
        0.0,
        0.0,
        1.0
      ]
    ],
    "location": [
      -10.0335361381251,
      -9.92159776722292,
      1.2459995322061594
    ],
    "rotation": [
      0.043140200909521524,
      0.009138318267822593,
      -0.1592513993090286
    ]
  },
  {
    "label_id": "vdhAti93bTRosfry8WrmWQ",
    "size": [
      2.022944880509767,
      4.197556005392045,
      1.9300000000000042
    ],
    "obj_class": "vehicle",
    "point_num_in_lidar": 650,
    "speed": 0.014258472480536017,
    "if_vehicle": true,
    "motion_state": false,
    "pose": [
      [
        -0.14205803559047817,
        -0.9898559406512917,
        0.0021751509191384136,
        0.38172501311760243
      ],
      [
        0.9888847662058247,
        -0.1420154095226264,
        -0.04402888397600222,
        -37.68483171519438
      ],
      [
        0.043891157312447214,
        -0.004103683158737381,
        0.9990278905487607,
        0.07523088769518793
      ],
      [
        0.0,
        0.0,
        0.0,
        1.0
      ]
    ],
    "location": [
      0.38172501311760243,
      -37.68483171519438,
      0.07523088769518793
    ],
    "rotation": [
      -0.004107653166949134,
      -0.04390526177698852,
      1.7134749903044144
    ]
  }
]