[
  {
    "label_id": "-roDyLaSj9Ly7YWd600gHw",
    "size": [
      2.376211038541755,
      5.77472060364153,
      2.21
    ],
    "obj_class": "vehicle",
    "point_num_in_lidar": 3731,
    "speed": 4.183242098796544,
    "if_vehicle": true,
    "motion_state": true,
    "pose": [
      [
        -0.15418995714851802,
        -0.9880393598235112,
        -0.001918477022046893,
        5.889073568586127
      ],
      [
        0.9874731667784996,
        -0.15403518530610927,
        -0.03420389714863249,
        -19.335098957473747
      ],
      [
        0.03349928367860757,
        -0.007168342016012395,
        0.9994130341684372,
        1.0859822567349964
      ],
      [
        0.0,
        0.0,
        0.0,
        1.0
      ]
    ],
    "location": [
      5.889073568586127,
      -19.335098957473747,
      1.0859822567349964
    ],
    "rotation": [
      -0.007172429064276374,
      -0.03350555233863618,
      1.7256915180276096
    ]
  },
  {
    "label_id": "2xD7DXqVqhgyGAvnNyEh_Q",
    "size": [
      2.1384268411218046,
      4.654138098945802,
      1.9600000000000044
    ],
    "obj_class": "vehicle",
    "point_num_in_lidar": 6886,
    "speed": 0.048741879026734346,
    "if_vehicle": true,
    "motion_state": false,
    "pose": [
      [
        -0.14205811022229103,
        -0.9898564606881076,
        -0.001918477022046893,
        -0.9831491295628894
      ],
      [
        0.989288411663679,
        -0.14191029549613735,
        -0.03420389714863249,
        -29.328295359508047
      ],
      [
        0.033584696932184195,
        -0.006756868077126378,
        0.9994130341684372,
        0.4862362865209917
      ],
      [
        0.0,
        0.0,
        0.0,
        1.0
      ]
    ],
    "location": [
      -0.9831491295628894,
      -29.328295359508047,
      0.4862362865209917
    ],
    "rotation": [
      -0.006760733449790343,
      -0.0335910136805555,
      1.7134176354298731
    ]
  },
  {
    "label_id": "4SpFUxzqvfhAQYbRKCel4w",
    "size": [
      2.261872947513714,
      4.8971219523584635,
      1.5900000000000043
    ],
    "obj_class": "vehicle",
    "point_num_in_lidar": 38,
    "speed": 6.964114510246252e-28,
    "if_vehicle": true,
    "motion_state": false,
    "pose": [
      [
        0.9819485304664949,
        -0.18913858136458284,
        -0.001918477022046893,
        -19.041156349028597
      ],
      [
        0.18896382410715484,
        0.9813881834415199,
        -0.03420389714863249,
        -5.322121320890801
      ],
      [
        0.008352047263473349,
        0.033223943786779134,
        0.9994130341684372,
        1.1003903674380204
      ],
      [
        0.0,
        0.0,
        0.0,
        1.0
      ]
    ],
    "location": [
      -19.041156349028597,
      -5.322121320890801,
      1.1003903674380204
    ],
    "rotation": [
      0.033231218588639075,
      -0.008352144368388383,
      0.19011356513075736
    ]
  },
  {
    "label_id": "56KZFAsnH_K9TXcdzOHYfA",
    "size": [
      2.1482165501021036,
      4.504355029583435,
      1.4500000000000037
    ],
    "obj_class": "vehicle",
    "point_num_in_lidar": 34,
    "speed": 0.0017030889769425433,
    "if_vehicle": true,
    "motion_state": false,
    "pose": [
      [
        0.9896910957990104,
        -0.14320563655830623,
        -0.001918477022046893,
        15.447912854705237
      ],
      [
        0.1430571633456549,
        0.9891232185300981,
        -0.03420389714863249,
        3.720416559093792
      ],
      [
        0.006795801030667814,
        0.033576840568908896,
        0.9994130341684372,
        0.7210024901360459
      ],
      [
        0.0,
        0.0,
        0.0,
        1.0
      ]
    ],
    "location": [
      15.447912854705237,
      3.720416559093792,
      0.7210024901360459
    ],
    "rotation": [
      0.03358392868628758,
      -0.006795853340068028,
      0.14355300299440973
    ]
  },
  {
    "label_id": "5OCWU22ua0BgHKgEUw2kpQ",
    "size": [
      1.0171855902822746,
      1.0964827223306206,
      1.7825413884871502
    ],
    "obj_class": "pedestrian",
    "point_num_in_lidar": 379,
    "speed": 0.9932151365753927,
    "if_vehicle": false,
    "motion_state": false,
    "pose": [
      [
        -0.13653747474901043,
        -0.990633048830433,
        -0.001918477022046893,
        12.031131350799797
      ],
      [
        0.9900641845698376,
        -0.13639282918067414,
        -0.03420389714863249,
        -21.10459531779452
      ],
      [
        0.033621844405477275,
        -0.006569529131697989,
        0.9994130341684372,
        0.7794203387968528
      ],
      [
        0.0,
        0.0,
        0.0,
        1.0
      ]
    ],
    "location": [
      12.031131350799797,
      -21.10459531779452,
      0.7794203387968528
    ],
    "rotation": [
      -0.006573292810577248,
      -0.033628182144717474,
      1.7078396024004467
    ]
  },
  {
    "label_id": "7895HQG9qOZmWXe25Kltyg",
    "size": [
      2.104242263463556,
      4.591495372947606,
      1.7100000000000044
    ],
    "obj_class": "vehicle",
    "point_num_in_lidar": 191,
    "speed": 2.8421709430404007e-13,
    "if_vehicle": true,
    "motion_state": false,
    "pose": [
      [
        0.9802931764278423,
        -0.19753887641405446,
        -0.001918477022046893,
        -12.084882307772887
      ],
      [
        0.19735932799388697,
        0.9797343461743327,
        -0.03420389714863249,
        -3.90454446088188
      ],
      [
        0.00863619724256834,
        0.03315121764620128,
        0.9994130341684372,
        1.050634307999455
      ],
      [
        0.0,
        0.0,
        0.0,
        1.0
      ]
    ],
    "location": [
      -12.084882307772887,
      -3.90454446088188,
      1.050634307999455
    ],
    "rotation": [
      0.03315852988979152,
      -0.008636304599720883,
      0.19867104189659576
    ]
  },
  {
    "label_id": "94aiZ8MRixFdnh4AdsXx2Q",
    "size": [
      0.7515883471699604,
      0.8679089169108871,
      1.9400000000000048
    ],
    "obj_class": "pedestrian",
    "point_num_in_lidar": 136,
    "speed": 0.2993048062258106,
    "if_vehicle": false,
    "motion_state": false,
    "pose": [
      [
        -0.7205927078980435,
        0.6933559466609345,
        -0.001918477022046893,
        12.800655272947779
      ],
      [
        -0.6929042358281817,
        -0.7202178929957304,
        -0.03420389714863249,
        -10.029577721979877
      ],
      [
        -0.02509719696556266,
        -0.023317758012083932,
        0.9994130341684372,
        1.1791766473511505
      ],
      [
        0.0,
        0.0,
        0.0,
        1.0
      ]
    ],
    "location": [
      12.800655272947779,
      -10.029577721979877,
      1.1791766473511505
    ],
    "rotation": [
      -0.023327220615736898,
      0.025099832371575686,
      -2.3757806177169045
    ]
  },
  {
    "label_id": "9iYq7jdXbd8oinkPb-bYgQ",
    "size": [
      0.9224308020219529,
      1.0171580896583552,
      1.7400000000000038
    ],
    "obj_class": "pedestrian",
    "point_num_in_lidar": 63,
    "speed": 1.1289847470723393,
    "if_vehicle": false,
    "motion_state": true,
    "pose": [
      [
        -0.25595625845347664,
        -0.9666864606502011,
        -0.001918477022046893,
        -9.311577681297877
      ],
      [
        0.9661394003500178,
        -0.25574352877669065,
        -0.03420389714863249,
        0.4605437249665556
      ],
      [
        0.03257380619155979,
        -0.010608217778357187,
        0.9994130341684372,
        0.950601361037358
      ],
      [
        0.0,
        0.0,
        0.0,
        1.0
      ]
    ],
    "location": [
      -9.311577681297877,
      0.4605437249665556,
      0.950601361037358
    ],
    "rotation": [
      -0.01061404949272089,
      -0.03257956936539658,
      1.829773696703984
    ]
  },
  {
    "label_id": "ASwakCk2X3PwReTVQIAm1A",
    "size": [
      0.7361340846518021,
      0.8920853326114213,
      1.7100000000000044
    ],
    "obj_class": "pedestrian",
    "point_num_in_lidar": 167,
    "speed": 1.2582622393966554,
    "if_vehicle": false,
    "motion_state": true,
    "pose": [
      [
        0.0008677153503201382,
        0.9999977832555363,
        -0.001918477022046893,
        10.493727029066122
      ],
      [
        -0.9994145540633981,
        0.0008015897360696611,
        -0.03420389714863249,
        -14.203842110482583
      ],
      [
        -0.034202283495843096,
        0.0019470331040665125,
        0.9994130341684372,
        1.0480575363095816
      ],
      [
        0.0,
        0.0,
        0.0,
        1.0
      ]
    ],
    "location": [
      10.493727029066122,
      -14.203842110482583,
      1.0480575363095816
    ],
    "rotation": [
      0.0019481741524821883,
      0.034208955292052166,
      -1.5699281033647285
    ]
  },
  {
    "label_id": "Ajn5P334xqYzHGHWL_0Qaw",
    "size": [
      2.3627850628113722,
      5.609335176106013,
      2.160000000000001
    ],
    "obj_class": "vehicle",
    "point_num_in_lidar": 34,
    "speed": 2.8443014029999265,
    "if_vehicle": true,
    "motion_state": true,
    "pose": [
      [
        0.5668183812243417,
        -0.8238405441298289,
        -0.001918477022046893,
        8.152344720572273
      ],
      [
        0.8233228138870753,
        0.566541823304259,
        -0.03420389714863249,
        -6.98186631965109
      ],
      [
        0.029265454708327875,
        0.0178078717131824,
        0.9994130341684372,
        1.3266103541476628
      ],
      [
        0.0,
        0.0,
        0.0,
        1.0
      ]
    ],
    "location": [
      8.152344720572273,
      -6.98186631965109,
      1.3266103541476628
    ],
    "rotation": [
      0.017816445092342155,
      -0.0292696338011085,
      0.9678626988680497
    ]
  },
  {
    "label_id": "B6xeIGelvSq42ol4SnNpDg",
    "size": [
      0.7251573055752225,
      0.9402309291111298,
      1.6300000000000043
    ],
    "obj_class": "pedestrian",
    "point_num_in_lidar": 29,
    "speed": 1.340491356545028,
    "if_vehicle": false,
    "motion_state": true,
    "pose": [
      [
        -0.7819872280930412,
        -0.6232915004596786,
        -0.001918477022046893,
        -14.299811508752555
      ],
      [
        0.6229792560801278,
        -0.7814902046178803,
        -0.03420389714863249,
        5.737081939285417
      ],
      [
        0.019819727374825544,
        -0.027942182109240196,
        0.9994130341684372,
        1.167659932648907
      ],
      [
        0.0,
        0.0,
        0.0,
        1.0
      ]
    ],
    "location": [
      -14.299811508752555,
      5.737081939285417,
      1.167659932648907
    ],
    "rotation": [
      -0.02795131134462167,
      -0.01982102520707014,
      2.4688905919136066
    ]
  },
  {
    "label_id": "B7yEJzXzOD9VpSIN-buPtQ",
    "size": [
      0.7141289851718395,
      0.7478260869567088,
      1.7696521739130233
    ],
    "obj_class": "pedestrian",
    "point_num_in_lidar": 141,
    "speed": 0.9199495477471732,
    "if_vehicle": false,
    "motion_state": false,
    "pose": [
      [
        0.8103238245744442,
        0.5859791965359872,
        -0.001918477022046893,
        -7.076181377801049
      ],
      [
        -0.5856905753911272,
        0.8098127211385704,
        -0.03420389714863249,
        -16.12803556950712
      ],
      [
        -0.0184891650718896,
        0.028839866663748114,
        0.9994130341684372,
        1.0224269309160103
      ],
      [
        0.0,
        0.0,
        0.0,
        1.0
      ]
    ],
    "location": [
      -7.076181377801049,
      -16.12803556950712,
      1.0224269309160103
    ],
    "rotation": [
      0.02884879878861858,
      0.018490218651764066,
      -0.6258553424426525
    ]
  },
  {
    "label_id": "CtgoVb_DXruEPrv8xQWdlA",
    "size": [
      0.8150497136908652,
      0.8824110696171119,
      1.7500000000000044
    ],
    "obj_class": "pedestrian",
    "point_num_in_lidar": 93,
    "speed": 1.2859053495405497,
    "if_vehicle": false,
    "motion_state": true,
    "pose": [
      [
        0.02329295407310818,
        0.9997268415604653,
        -0.001918477022046893,
        11.122858585778204
      ],
      [
        -0.999145241941129,
        0.02321376587821818,
        -0.03420389714863249,
        -13.883801670192042
      ],
      [
        -0.034150018989028835,
        0.0027135469937559537,
        0.9994130341684372,
        1.0462397782897694
      ],
      [
        0.0,
        0.0,
        0.0,
        1.0
      ]
    ],
    "location": [
      11.122858585778204,
      -13.883801670192042,
      1.0462397782897694
    ],
    "rotation": [
      0.0027151340166018147,
      0.034156660235752395,
      -1.5474876679146885
    ]
  },
  {
    "label_id": "EAPUGFwlCZxnOc2oZvepvg",
    "size": [
      0.8165363079986319,
      0.9894246705008585,
      1.6400000000000041
    ],
    "obj_class": "pedestrian",
    "point_num_in_lidar": 82,
    "speed": 1.561838884550706,
    "if_vehicle": false,
    "motion_state": true,
    "pose": [
      [
        0.3982817176656615,
        0.9172611366558631,
        -0.001918477022046893,
        -8.158153830202082
      ],
      [
        -0.9167522448699024,
        0.3979892146099443,
        -0.03420389714863249,
        -4.958919121872896
      ],
      [
        -0.030610372413363215,
        0.015381555023909789,
        0.9994130341684372,
        1.137843847165021
      ],
      [
        0.0,
        0.0,
        0.0,
        1.0
      ]
    ],
    "location": [
      -8.158153830202082,
      -4.958919121872896,
      1.137843847165021
    ],
    "rotation": [
      0.015389373755593228,
      0.030615154723890765,
      -1.16094993841648
    ]
  },
  {
    "label_id": "IGBmzIiv4jqIHomOewuqIQ",
    "size": [
      2.8065665144207084,
      5.908068729613541,
      2.259999999999999
    ],
    "obj_class": "vehicle",
    "point_num_in_lidar": 143,
    "speed": 1.1368683772161603e-12,
    "if_vehicle": true,
    "motion_state": false,
    "pose": [
      [
        -0.15782698595253886,
        -0.9874649168203663,
        -0.001918477022046893,
        1.8125822887120648
      ],
      [
        0.986899297501227,
        -0.15767013037170552,
        -0.03420389714863249,
        24.846721260781123
      ],
      [
        0.0334726619306255,
        -0.007291641620129631,
        0.9994130341684372,
        1.4749273914301444
      ],
      [
        0.0,
        0.0,
        0.0,
        1.0
      ]
    ],
    "location": [
      1.8125822887120648,
      24.846721260781123,
      1.4749273914301444
    ],
    "rotation": [
      -0.007295794627158961,
      -0.03347891565246829,
      1.7293756105939195
    ]
  },
  {
    "label_id": "IswoOeecokrg845OsZfmfA",
    "size": [
      0.9821389224110079,
      1.2133081386274753,
      1.8000000000000043
    ],
    "obj_class": "pedestrian",
    "point_num_in_lidar": 197,
    "speed": 1.6793526532376817,
    "if_vehicle": false,
    "motion_state": true,
    "pose": [
      [
        -0.06588754713704914,
        -0.9978252104342618,
        -0.001918477022046893,
        -5.190307885714219
      ],
      [
        0.9972475150539801,
        -0.06578363883601697,
        -0.03420389714863249,
        -14.299710518678694
      ],
      [
        0.03400330647047254,
        -0.004166807328575729,
        0.9994130341684372,
        1.0370469797319375
      ],
      [
        0.0,
        0.0,
        0.0,
        1.0
      ]
    ],
    "location": [
      -5.190307885714219,
      -14.299710518678694,
      1.0370469797319375
    ],
    "rotation": [
      -0.004169230381174325,
      -0.03400986246012731,
      1.6367698453367128
    ]
  },
  {
    "label_id": "KEXkbxDlTHzrbM_KCkyZuw",
    "size": [
      0.8777988654623465,
      1.036695723580972,
      1.4900000000000038
    ],
    "obj_class": "pedestrian",
    "point_num_in_lidar": 134,
    "speed": 1.2934691248894554,
    "if_vehicle": false,
    "motion_state": true,
    "pose": [
      [
        0.005560032664510862,
        0.9999827025917425,
        -0.001918477022046893,
        10.635384177356855
      ],
      [
        -0.9993997901041024,
        0.0054911710701678156,
        -0.03420389714863249,
        -15.012137294148488
      ],
      [
        -0.034192770824337276,
        0.0021075003185531765,
        0.9994130341684372,
        0.8735151803242385
      ],
      [
        0.0,
        0.0,
        0.0,
        1.0
      ]
    ],
    "location": [
      10.635384177356855,
      -15.012137294148488,
      0.8735151803242385
    ],
    "rotation": [
      0.002108734950064218,
      0.034199437053266675,
      -1.5652330123359826
    ]
  },
  {
    "label_id": "Li88-LQOe4JSKR2F2lRTvA",
    "size": [
      1.8803181685248558,
      4.301639040022977,
      1.9200000000000044
    ],
    "obj_class": "vehicle",
    "point_num_in_lidar": 232,
    "speed": 1.5273393773256663e-27,
    "if_vehicle": true,
    "motion_state": false,
    "pose": [
      [
        0.23168958307853676,
        0.9727878784908915,
        -0.001918477022046893,
        45.79610900084117
      ],
      [
        -0.972235666940097,
        0.2314906074755316,
        -0.03420389714863249,
        -42.38927208948189
      ],
      [
        -0.032829027132077374,
        0.00978989845706683,
        0.9994130341684372,
        1.2416156399821245
      ],
      [
        0.0,
        0.0,
        0.0,
        1.0
      ]
    ],
    "location": [
      45.79610900084117,
      -42.38927208948189,
      1.2416156399821245
    ],
    "rotation": [
      0.009795334872974163,
      0.0328349268805804,
      -1.3368537099708901
    ]
  },
  {
    "label_id": "Naa-LlLyB0BSLRLoqgivZw",
    "size": [
      0.8900340684658151,
      0.780395166582821,
      1.980000000000004
    ],
    "obj_class": "pedestrian",
    "point_num_in_lidar": 149,
    "speed": 0.004920005937895449,
    "if_vehicle": false,
    "motion_state": false,
    "pose": [
      [
        0.48626618184289827,
        -0.8738086288437791,
        -0.001918477022046893,
        16.532582278671043
      ],
      [
        0.8732670386512966,
        0.48603988789505814,
        -0.03420389714863249,
        -12.111303235718879
      ],
      [
        0.030820116825285127,
        0.014956855722849273,
        0.9994130341684372,
        1.1252869717257576
      ],
      [
        0.0,
        0.0,
        0.0,
        1.0
      ]
    ],
    "location": [
      16.532582278671043,
      -12.111303235718879,
      1.1252869717257576
    ],
    "rotation": [
      0.014964522905615903,
      -0.030824998145452448,
      1.062720201187862
    ]
  },
  {
    "label_id": "QCejAUMzNgKQBygPRkJ3vA",
    "size": [
      0.8928711067168498,
      1.04776036441304,
      1.810000000000004
    ],
    "obj_class": "pedestrian",
    "point_num_in_lidar": 55,
    "speed": 1.198759855827665,
    "if_vehicle": false,
    "motion_state": true,
    "pose": [
      [
        -0.7574510154906581,
        -0.652889177868715,
        -0.001918477022046893,
        -12.90531798076222
      ],
      [
        0.6525580594788949,
        -0.7569663614910406,
        -0.03420389714863249,
        3.5681836871954147
      ],
      [
        0.020879131718293753,
        -0.02715969427163148,
        0.9994130341684372,
        1.171046980924216
      ],
      [
        0.0,
        0.0,
        0.0,
        1.0
      ]
    ],
    "location": [
      -12.90531798076222,
      3.5681836871954147,
      1.171046980924216
    ],
    "rotation": [
      -0.02716895852942284,
      -0.020880649017610064,
      2.4304494017323233
    ]
  },
  {
    "label_id": "QY1qEYd55QF-nFZcCsP7eA",
    "size": [
      0.8484711943746052,
      0.9635469452995944,
      1.5319292035398284
    ],
    "obj_class": "pedestrian",
    "point_num_in_lidar": 167,
    "speed": 1.1220170592557837,
    "if_vehicle": false,
    "motion_state": true,
    "pose": [
      [
        -0.52709119688447,
        -0.8498065601140136,
        -0.001918477022046893,
        -4.78846842304074
      ],
      [
        0.8493454661649192,
        -0.5267279872239009,
        -0.03420389714863249,
        -26.55326010081626
      ],
      [
        0.02805618063801484,
        -0.01965802284680312,
        0.9994130341684372,
        0.6192572970433545
      ],
      [
        0.0,
        0.0,
        0.0,
        1.0
      ]
    ],
    "location": [
      -4.78846842304074,
      -26.55326010081626,
      0.6192572970433545
    ],
    "rotation": [
      -0.01966703213432287,
      -0.028059862676099136,
      2.126214628813375
    ]
  },
  {
    "label_id": "QuYOuiSD1qcDP7C_tY12xQ",
    "size": [
      1.0369836013939244,
      1.3268741498980898,
      1.8200000000000038
    ],
    "obj_class": "pedestrian",
    "point_num_in_lidar": 158,
    "speed": 1.2213483581440272,
    "if_vehicle": false,
    "motion_state": true,
    "pose": [
      [
        -0.19219564451644736,
        -0.9813547542427372,
        -0.001918477022046893,
        12.171961987806526
      ],
      [
        0.9807949541633262,
        -0.19201914307590504,
        -0.03420389714863249,
        -14.008699803673153
      ],
      [
        0.03319777276665585,
        -0.008455472640357576,
        0.9994130341684372,
        1.0926167698018894
      ],
      [
        0.0,
        0.0,
        0.0,
        1.0
      ]
    ],
    "location": [
      12.171961987806526,
      -14.008699803673153,
      1.0926167698018894
    ],
    "rotation": [
      -0.008460236774114763,
      -0.03320387362675267,
      1.7643033526898613
    ]
  },
  {
    "label_id": "S728HGpQewxrenfG0threA",
    "size": [
      0.8266434409176474,
      0.6878010899886708,
      1.8400000000000043
    ],
    "obj_class": "pedestrian",
    "point_num_in_lidar": 126,
    "speed": 0.6185697710691028,
    "if_vehicle": false,
    "motion_state": false,
    "pose": [
      [
        0.49874842268807273,
        0.8667446742334649,
        -0.001918477022046893,
        -6.606692362858439
      ],
      [
        -0.8662718406529933,
        0.4984006335384424,
        -0.03420389714863249,
        -15.440653615532938
      ],
      [
        -0.0286898755283893,
        0.018721062373804564,
        0.9994130341684372,
        1.0443570778149436
      ],
      [
        0.0,
        0.0,
        0.0,
        1.0
      ]
    ],
    "location": [
      -6.606692362858439,
      -15.440653615532938,
      1.0443570778149436
    ],
    "rotation": [
      0.01872986694890806,
      0.02869381280251733,
      -1.0484051647722892
    ]
  },
  {
    "label_id": "S_zkAqSyVSDXt7mjflF5ng",
    "size": [
      2.468297895607546,
      5.136041162096543,
      2.0500000000000034
    ],
    "obj_class": "vehicle",
    "point_num_in_lidar": 9520,
    "speed": 0.038927738254473335,
    "if_vehicle": true,
    "motion_state": false,
    "pose": [
      [
        -0.1578269859520828,
        -0.9874649168204391,
        -0.001918477022046893,
        10.27787366517532
      ],
      [
        0.9868992975012997,
        -0.15767013037124972,
        -0.03420389714863249,
        -29.053638107465304
      ],
      [
        0.033472661930628866,
        -0.0072916416201141716,
        0.9994130341684372,
        0.45992739143021666
      ],
      [
        0.0,
        0.0,
        0.0,
        1.0
      ]
    ],
    "location": [
      10.27787366517532,
      -29.053638107465304,
      0.45992739143021666
    ],
    "rotation": [
      -0.007295794627143492,
      -0.03347891565247166,
      1.7293756105934575
    ]
  },
  {
    "label_id": "TMMyTPiiIGQPubNMKfayZg",
    "size": [
      2.261791317311222,
      5.4918941817510945,
      1.9300000000000042
    ],
    "obj_class": "vehicle",
    "point_num_in_lidar": 80,
    "speed": 3.552713678800501e-14,
    "if_vehicle": true,
    "motion_state": false,
    "pose": [
      [
        0.9806291107693428,
        -0.195864408603615,
        -0.001918477022046893,
        20.327731786469712
      ],
      [
        0.1956858148355758,
        0.9800699746915944,
        -0.03420389714863249,
        -6.095823453615594
      ],
      [
        0.008579567813399682,
        0.03316591850640697,
        0.9994130341684372,
        1.0464823779273997
      ],
      [
        0.0,
        0.0,
        0.0,
        1.0
      ]
    ],
    "location": [
      20.327731786469712,
      -6.095823453615594,
      1.0464823779273997
    ],
    "rotation": [
      0.03317322320981785,
      -0.008579673072431114,
      0.19696408128237075
    ]
  },
  {
    "label_id": "VOMFwLan-yMeZ2OM0S_JtQ",
    "size": [
      2.0752103727853983,
      4.523204878148739,
      1.5400000000000045
    ],
    "obj_class": "vehicle",
    "point_num_in_lidar": 37,
    "speed": 4.406208240646346,
    "if_vehicle": true,
    "motion_state": true,
    "pose": [
      [
        -0.1620514177638689,
        -0.9867804504785428,
        -0.001918477022046893,
        -4.754208575769553
      ],
      [
        0.986215507605675,
        -0.16189214303951482,
        -0.03420389714863249,
        11.252534173669119
      ],
      [
        0.03344115067997809,
        -0.00743482181611325,
        0.9994130341684372,
        0.9818341294223005
      ],
      [
        0.0,
        0.0,
        0.0,
        1.0
      ]
    ],
    "location": [
      -4.754208575769553,
      11.252534173669119,
      0.9818341294223005
    ],
    "rotation": [
      -0.007439051138048945,
      -0.03344738675071075,
      1.7336574258616162
    ]
  },
  {
    "label_id": "YMb2DQvXVMNwYg9V1LLfjg",
    "size": [
      2.0355511694666952,
      3.7736514423989274,
      1.8000000000000007
    ],
    "obj_class": "vehicle",
    "point_num_in_lidar": 803,
    "speed": 10.933040979153857,
    "if_vehicle": true,
    "motion_state": true,
    "pose": [
      [
        -0.15428828843095738,
        -0.9880240095761649,
        -0.001918477022046893,
        1.825592849341092
      ],
      [
        0.987457831937222,
        -0.15413346024042576,
        -0.03420389714863249,
        -14.629162679726505
      ],
      [
        0.033498570102122795,
        -0.007171675909542817,
        0.9994130341684372,
        0.9980781748586969
      ],
      [
        0.0,
        0.0,
        0.0,
        1.0
      ]
    ],
    "location": [
      1.825592849341092,
      -14.629162679726505,
      0.9980781748586969
    ],
    "rotation": [
      -0.007175764744152129,
      -0.03350483836143417,
      1.7257910937508534
    ]
  },
  {
    "label_id": "aIHuAOqXLcai6jaSCXZ0Nw",
    "size": [
      1.9772833188032641,
      4.230636946077594,
      1.7800000000000047
    ],
    "obj_class": "vehicle",
    "point_num_in_lidar": 138,
    "speed": 3.378093024127423e-28,
    "if_vehicle": true,
    "motion_state": false,
    "pose": [
      [
        0.9893023242262596,
        -0.14586716808945177,
        -0.001918477022046893,
        22.799159468606376
      ],
      [
        0.1457171679499766,
        0.988734848371637,
        -0.03420389714863249,
        5.002986123074152
      ],
      [
        0.006886090702191903,
        0.03355843990830829,
        0.9994130341684372,
        0.7747851806319126
      ],
      [
        0.0,
        0.0,
        0.0,
        1.0
      ]
    ],
    "location": [
      22.799159468606376,
      5.002986123074152,
      0.7747851806319126
    ],
    "rotation": [
      0.03356553796554862,
      -0.006886145124409367,
      0.14624133147779514
    ]
  },
  {
    "label_id": "d1iW-GYfbNf_o3P5WE4HTg",
    "size": [
      2.058762401672241,
      4.364956623428219,
      1.7900000000000045
    ],
    "obj_class": "vehicle",
    "point_num_in_lidar": 270,
    "speed": 7.037689442180768e-29,
    "if_vehicle": true,
    "motion_state": false,
    "pose": [
      [
        0.2183168663424289,
        0.9758760501807274,
        -0.001918477022046893,
        42.32367167960524
      ],
      [
        -0.9753211598254676,
        0.21812548823223396,
        -0.03420389714863249,
        -43.11153270831346
      ],
      [
        -0.032960295313099026,
        0.009338418876429472,
        0.9994130341684372,
        0.8480489886639155
      ],
      [
        0.0,
        0.0,
        0.0,
        1.0
      ]
    ],
    "location": [
      42.32367167960524,
      -43.11153270831346,
      0.8480489886639155
    ],
    "rotation": [
      0.009343631508558235,
      0.03296626613932567,
      -1.3505853082209727
    ]
  },
  {
    "label_id": "e2kCF-ImQeQ5Fr3lsqfRUw",
    "size": [
      2.30849200176668,
      5.048858220044428,
      1.88
    ],
    "obj_class": "vehicle",
    "point_num_in_lidar": 73,
    "speed": 0.014705442650201048,
    "if_vehicle": true,
    "motion_state": false,
    "pose": [
      [
        -0.1162518262545482,
        -0.9932179178500548,
        -0.001918477022046893,
        -9.97227482916037
      ],
      [
        0.9926462147310723,
        -0.11611884343171798,
        -0.03420389714863249,
        26.149663201522344
      ],
      [
        0.033749152175371784,
        -0.005880634462534651,
        0.9994130341684372,
        1.293584212011913
      ],
      [
        0.0,
        0.0,
        0.0,
        1.0
      ]
    ],
    "location": [
      -9.97227482916037,
      26.149663201522344,
      1.293584212011913
    ],
    "rotation": [
      -0.005884020315410979,
      -0.033755562205103555,
      1.6873783206421316
    ]
  },
  {
    "label_id": "eIU2UxcEUk0HGjsXvhfsMg",
    "size": [
      0.9166732473657655,
      1.104870018567485,
      1.8900000000000041
    ],
    "obj_class": "pedestrian",
    "point_num_in_lidar": 210,
    "speed": 0.0017829035905854947,
    "if_vehicle": false,
    "motion_state": false,
    "pose": [
      [
        -0.884973399714534,
        -0.46563762868094677,
        -0.001918477022046893,
        9.691826920483663
      ],
      [
        0.46542409973690635,
        -0.8844266508896801,
        -0.03420389714863249,
        -14.011439359024735
      ],
      [
        0.014229869352518491,
        -0.03116244458396368,
        0.9994130341684372,
        1.1538221297594609
      ],
      [
        0.0,
        0.0,
        0.0,
        1.0
      ]
    ],
    "location": [
      9.691826920483663,
      -14.011439359024735,
      1.1538221297594609
    ],
    "rotation": [
      -0.03117064746190131,
      -0.014230349628716303,
      2.6574256931191456
    ]
  },
  {
    "label_id": "fLt8TLeWA-0VGBpIoLIDpQ",
    "size": [
      0.9007591488630509,
      0.106480003356836,
      0.33013654716762986
    ],
    "obj_class": "sign",
    "point_num_in_lidar": 29,
    "speed": 0.01674649684353751,
    "if_vehicle": false,
    "motion_state": false,
    "pose": [
      [
        0.15177724500723266,
        0.9884128627976926,
        -0.001918477022046893,
        -11.15216204269791
      ],
      [
        -0.9878462935718096,
        0.15162385596034655,
        -0.03420389714863249,
        0.943666999686684
      ],
      [
        -0.033516685015863606,
        0.00708653369326189,
        0.9994130341684372,
        3.0361627293089004
      ],
      [
        0.0,
        0.0,
        0.0,
        1.0
      ]
    ],
    "location": [
      -11.15216204269791,
      0.943666999686684,
      3.0361627293089004
    ],
    "rotation": [
      0.007090576857687551,
      0.03352296345310685,
      -1.4183439015930606
    ]
  },
  {
    "label_id": "gUKgMUj38YVBqDRACfxBNg",
    "size": [
      1.0028819644271396,
      0.9520999166186406,
      1.690000000000004
    ],
    "obj_class": "pedestrian",
    "point_num_in_lidar": 216,
    "speed": 1.1458179166723736,
    "if_vehicle": false,
    "motion_state": true,
    "pose": [
      [
        -0.2554718306981514,
        -0.9668145960656835,
        -0.001918477022046893,
        12.100168176220905
      ],
      [
        0.9662674292377527,
        -0.2552593751737842,
        -0.03420389714863249,
        -20.117660587855426
      ],
      [
        0.03257911775969437,
        -0.010591894081717375,
        0.9994130341684372,
        0.8094201835847956
      ],
      [
        0.0,
        0.0,
        0.0,
        1.0
      ]
    ],
    "location": [
      12.100168176220905,
      -20.117660587855426,
      0.8094201835847956
    ],
    "rotation": [
      -0.010597718046178765,
      -0.03258488375416312,
      1.8292723701261455
    ]
  },
  {
    "label_id": "i-L3VmVSRycoEAIp1V6QkA",
    "size": [
      2.1028896263353296,
      4.384922543951328,
      1.6200000000000045
    ],
    "obj_class": "vehicle",
    "point_num_in_lidar": 226,
    "speed": 1.7053025658242404e-12,
    "if_vehicle": true,
    "motion_state": false,
    "pose": [
      [
        0.9920542483052092,
        -0.1257962156247244,
        -0.001918477022046893,
        -12.609072420170605
      ],
      [
        0.12565774203916955,
        0.9914838502393588,
        -0.03420389714863249,
        -7.561452953341359
      ],
      [
        0.006204859805330064,
        0.03369104998415086,
        0.9994130341684372,
        1.1256343079993876
      ],
      [
        0.0,
        0.0,
        0.0,
        1.0
      ]
    ],
    "location": [
      -12.609072420170605,
      -7.561452953341359,
      1.1256343079993876
    ],
    "rotation": [
      0.03369807589792926,
      -0.006204899620831902,
      0.12599323889291453
    ]
  },
  {
    "label_id": "jhxnn4ABZp_sAXjRO7flDA",
    "size": [
      0.9046168088194344,
      0.9776028620185125,
      1.900000000000004
    ],
    "obj_class": "pedestrian",
    "point_num_in_lidar": 51,
    "speed": 0.5909838515180099,
    "if_vehicle": false,
    "motion_state": false,
    "pose": [
      [
        0.2834153714166483,
        -0.9589953319441545,
        -0.001918477022046893,
        -9.268704341520333
      ],
      [
        0.9584173644146201,
        0.2833129877156697,
        -0.03420389714863249,
        2.466835247914787
      ],
      [
        0.03334490715681651,
        0.007855208523116325,
        0.9994130341684372,
        1.098918570566192
      ],
      [
        0.0,
        0.0,
        0.0,
        1.0
      ]
    ],
    "location": [
      -9.268704341520333,
      2.466835247914787,
      1.098918570566192
    ],
    "rotation": [
      0.007859660124500222,
      -0.03335108952228696,
      1.2832782435729433
    ]
  },
  {
    "label_id": "kNtdgBIGtz-619syo5GotQ",
    "size": [
      2.309682721812182,
      5.064638733456315,
      1.9400000000000048
    ],
    "obj_class": "vehicle",
    "point_num_in_lidar": 46,
    "speed": 8.025238294065531,
    "if_vehicle": true,
    "motion_state": true,
    "pose": [
      [
        -0.1570163007132288,
        -0.9875941477936413,
        -0.001918477022046893,
        -5.751691552262173
      ],
      [
        0.9870283998988332,
        -0.15685990951481169,
        -0.03420389714863249,
        36.88289510444156
      ],
      [
        0.033478636523640554,
        -0.007264160705567654,
        0.9994130341684372,
        1.8328095085659246
      ],
      [
        0.0,
        0.0,
        0.0,
        1.0
      ]
    ],
    "location": [
      -5.751691552262173,
      36.88289510444156,
      1.8328095085659246
    ],
    "rotation": [
      -0.00726829903086101,
      -0.033484893595921036,
      1.7285542495333144
    ]
  },
  {
    "label_id": "mS-SuI1AiLLjq3zm4BaeoA",
    "size": [
      0.6861295975509458,
      0.6975727121070656,
      1.5000000000000036
    ],
    "obj_class": "pedestrian",
    "point_num_in_lidar": 83,
    "speed": 0.9694592377585987,
    "if_vehicle": false,
    "motion_state": false,
    "pose": [
      [
        0.17837279627383357,
        0.9839611094933423,
        -0.001918477022046893,
        -6.532489394095137
      ],
      [
        -0.9833988821094718,
        0.1782041864987661,
        -0.03420389714863249,
        -14.034532927311375
      ],
      [
        -0.03331342395033415,
        0.007987672936697806,
        0.9994130341684372,
        0.8818570241806123
      ],
      [
        0.0,
        0.0,
        0.0,
        1.0
      ]
    ],
    "location": [
      -6.532489394095137,
      -14.034532927311375,
      0.8818570241806123
    ],
    "rotation": [
      0.007992194009467199,
      0.03331958881492482,
      -1.3913631732436718
    ]
  },
  {
    "label_id": "qLZr7jBQioW9t_LjrOA7Dw",
    "size": [
      2.2083265899923186,
      6.2950457149596755,
      2.3599999999999968
    ],
    "obj_class": "vehicle",
    "point_num_in_lidar": 76,
    "speed": 1.1374233532693354e-12,
    "if_vehicle": true,
    "motion_state": false,
    "pose": [
      [
        0.9914093000795903,
        -0.13078195273665572,
        -0.001918477022046893,
        29.24406340112523
      ],
      [
        0.13064061335460803,
        0.9908396053661651,
        -0.03420389714863249,
        6.070051563048764
      ],
      [
        0.00637415547573089,
        0.03365943071725311,
        0.9994130341684372,
        1.2139965150253529
      ],
      [
        0.0,
        0.0,
        0.0,
        1.0
      ]
    ],
    "location": [
      29.24406340112523,
      6.070051563048764,
      1.2139965150253529
    ],
    "rotation": [
      0.033666473940121795,
      -0.006374198640025424,
      0.13101778022500235
    ]
  },
  {
    "label_id": "rbj9kBChW72Ay5dtSpapXQ",
    "size": [
      2.136008466982131,
      4.857696674908094,
      1.770000000000004
    ],
    "obj_class": "vehicle",
    "point_num_in_lidar": 2914,
    "speed": 0.04330906888367333,
    "if_vehicle": true,
    "motion_state": false,
    "pose": [
      [
        -0.14205811022277282,
        -0.9898564606880385,
        -0.001918477022046893,
        -1.8885043157372365
      ],
      [
        0.9892884116636099,
        -0.14191029549661885,
        -0.03420389714863249,
        -24.065634740551104
      ],
      [
        0.033584696932180906,
        -0.006756868077142725,
        0.9994130341684372,
        0.5661289964050571
      ],
      [
        0.0,
        0.0,
        0.0,
        1.0
      ]
    ],
    "location": [
      -1.8885043157372365,
      -24.065634740551104,
      0.5661289964050571
    ],
    "rotation": [
      -0.006760733449806698,
      -0.03359101368055221,
      1.71341763543036
    ]
  },
  {
    "label_id": "ryg82GvjxiurhXuYlN2xPg",
    "size": [
      0.9795127061285144,
      0.8740044961228312,
      1.7100000000000044
    ],
    "obj_class": "pedestrian",
    "point_num_in_lidar": 55,
    "speed": 1.0161786898028977,
    "if_vehicle": false,
    "motion_state": true,
    "pose": [
      [
        -0.16396481206293576,
        -0.986464322644809,
        -0.001918477022046893,
        13.996378830167032
      ],
      [
        0.9858996897215614,
        -0.16380444202394154,
        -0.03420389714863249,
        -28.27881029182572
      ],
      [
        0.03342666917440633,
        -0.007499661468569491,
        0.9994130341684372,
        0.46524672953421664
      ],
      [
        0.0,
        0.0,
        0.0,
        1.0
      ]
    ],
    "location": [
      13.996378830167032,
      -28.27881029182572,
      0.46524672953421664
    ],
    "rotation": [
      -0.007503925249884067,
      -0.03343289714444272,
      1.7355977939382585
    ]
  },
  {
    "label_id": "t-LPOe5gpociAs9F4-TjPw",
    "size": [
      1.060243210405892,
      1.9174464105824227,
      1.8000000000000043
    ],
    "obj_class": "cyclist",
    "point_num_in_lidar": 133,
    "speed": 0.049242649034530676,
    "if_vehicle": false,
    "motion_state": false,
    "pose": [
      [
        0.9998253385449087,
        0.018590638759180367,
        -0.001918477022046893,
        -9.591546223858359
      ],
      [
        -0.018645403244422726,
        0.9992409330875606,
        -0.03420389714863249,
        -10.12396562453796
      ],
      [
        0.001281148473570797,
