[
  {
    "label_id": "-roDyLaSj9Ly7YWd600gHw",
    "size": [
      2.3762110385416007,
      5.77472060364153,
      2.21
    ],
    "obj_class": "vehicle",
    "point_num_in_lidar": 2455,
    "speed": 3.8511582303467584,
    "if_vehicle": true,
    "motion_state": true,
    "pose": [
      [
        -0.15882061990040128,
        -0.9872693056033761,
        -0.008679222769342684,
        6.290636851582121
      ],
      [
        0.9866417671344703,
        -0.15838464340100833,
        -0.03810942246354503,
        -22.035099482234727
      ],
      [
        0.036249607449209555,
        -0.014615845790204498,
        0.9992358795657885,
        1.0093101697372378
      ],
      [
        0.0,
        0.0,
        0.0,
        1.0
      ]
    ],
    "location": [
      6.290636851582121,
      -22.035099482234727,
      1.0093101697372378
    ],
    "rotation": [
      -0.014625979581479836,
      -0.03625755101694869,
      1.730398117285682
    ]
  },
  {
    "label_id": "2xD7DXqVqhgyGAvnNyEh_Q",
    "size": [
      2.1384268411218033,
      4.654138098945802,
      1.9600000000000044
    ],
    "obj_class": "vehicle",
    "point_num_in_lidar": 3423,
    "speed": 0.036399472985444006,
    "if_vehicle": true,
    "motion_state": false,
    "pose": [
      [
        -0.14205302099752923,
        -0.9898209991294363,
        -0.008679222769342684,
        -0.9712760286740831
      ],
      [
        0.9891861564716192,
        -0.14162775068608568,
        -0.03810942246354503,
        -29.360278025109437
      ],
      [
        0.036492287820586465,
        -0.013998925601784729,
        0.9992358795657885,
        0.4781818464951684
      ],
      [
        0.0,
        0.0,
        0.0,
        1.0
      ]
    ],
    "location": [
      -0.9712760286740831,
      -29.360278025109437,
      0.4781818464951684
    ],
    "rotation": [
      -0.014008714199185647,
      -0.03650039206271112,
      1.7134271385852564
    ]
  },
  {
    "label_id": "56KZFAsnH_K9TXcdzOHYfA",
    "size": [
      2.14821655010211,
      4.504355029583435,
      1.4500000000000037
    ],
    "obj_class": "vehicle",
    "point_num_in_lidar": 35,
    "speed": 0.0017030890178231543,
    "if_vehicle": true,
    "motion_state": false,
    "pose": [
      [
        0.9896556401645281,
        -0.14320050622347008,
        -0.008679222769342684,
        15.44726190766778
      ],
      [
        0.14277450017266274,
        0.9890212909841432,
        -0.03810942246354503,
        3.721415155005161
      ],
      [
        0.014041224696738004,
        0.03647603319168002,
        0.9992358795657885,
        0.7210024901361791
      ],
      [
        0.0,
        0.0,
        0.0,
        1.0
      ]
    ],
    "location": [
      15.44726190766778,
      3.721415155005161,
      0.7210024901361791
    ],
    "rotation": [
      0.03648772526583062,
      -0.014041686122938619,
      0.1432782925233729
    ]
  },
  {
    "label_id": "5OCWU22ua0BgHKgEUw2kpQ",
    "size": [
      1.0171855902806657,
      1.0964827223306206,
      1.7825413884871502
    ],
    "obj_class": "pedestrian",
    "point_num_in_lidar": 135,
    "speed": 1.006198112921261,
    "if_vehicle": false,
    "motion_state": true,
    "pose": [
      [
        -0.18232589766147525,
        -0.9831998464880155,
        -0.008679222769342684,
        12.141141365490512
      ],
      [
        0.9825828864345273,
        -0.1818750758226305,
        -0.03810942246354503,
        -21.78675565265621
      ],
      [
        0.03589064401664871,
        -0.015476390420735245,
        0.9992358795657885,
        0.7769202939722994
      ],
      [
        0.0,
        0.0,
        0.0,
        1.0
      ]
    ],
    "location": [
      12.141141365490512,
      -21.78675565265621,
      0.7769202939722994
    ],
    "rotation": [
      -0.01548698700345112,
      -0.03589835383894026,
      1.7542673594980924
    ]
  },
  {
    "label_id": "5voCBJ6iDkdItMO3-fiqDg",
    "size": [
      0.9365202509897086,
      1.1978745489032638,
      1.730000000000004
    ],
    "obj_class": "pedestrian",
    "point_num_in_lidar": 518,
    "speed": 1.6029572587385807,
    "if_vehicle": false,
    "motion_state": true,
    "pose": [
      [
        -0.11368990439154975,
        -0.9934783725535047,
        -0.008679222769342684,
        -2.112338366587437
      ],
      [
        0.9928316284421509,
        -0.11328296202166344,
        -0.03810942246354503,
        -41.1878162753419
      ],
      [
        0.036877678944679686,
        -0.012949663471996307,
        0.9992358795657885,
        0.024118891308342327
      ],
      [
        0.0,
        0.0,
        0.0,
        1.0
      ]
    ],
    "location": [
      -2.112338366587437,
      -41.1878162753419,
      0.024118891308342327
    ],
    "rotation": [
      -0.012958840693162714,
      -0.03688604277862367,
      1.6848104726000468
    ]
  },
  {
    "label_id": "7895HQG9qOZmWXe25Kltyg",
    "size": [
      2.104242263463562,
      4.591495372947606,
      1.7100000000000044
    ],
    "obj_class": "vehicle",
    "point_num_in_lidar": 102,
    "speed": 2.8421709430404007e-13,
    "if_vehicle": true,
    "motion_state": false,
    "pose": [
      [
        0.9802580574733558,
        -0.19753179959359254,
        -0.008679222769342684,
        -12.084882307772887
      ],
      [
        0.19707147636924396,
        0.9796481537374229,
        -0.03810942246354503,
        -3.9045444608836988
      ],
      [
        0.016030407362558896,
        0.03564664119065421,
        0.9992358795657885,
        1.050634307999557
      ],
      [
        0.0,
        0.0,
        0.0,
        1.0
      ]
    ],
    "location": [
      -12.084882307772887,
      -3.9045444608836988,
      1.050634307999557
    ],
    "rotation": [
      0.03565877870016433,
      -0.016031094008175,
      0.1983957483238959
    ]
  },
  {
    "label_id": "94aiZ8MRixFdnh4AdsXx2Q",
    "size": [
      0.7515883471689807,
      0.8679089169108871,
      1.9400000000000048
    ],
    "obj_class": "pedestrian",
    "point_num_in_lidar": 102,
    "speed": 0.4540303030948674,
    "if_vehicle": false,
    "motion_state": false,
    "pose": [
      [
        -0.7937278127786904,
        0.6082111724669946,
        -0.008679222769342684,
        12.961216807829942
      ],
      [
        -0.6075296568833107,
        -0.7933822457849318,
        -0.03810942246354503,
        -9.83057365053537
      ],
      [
        -0.030064517771001564,
        -0.024975623307176113,
        0.9992358795657885,
        1.2404272159011756
      ],
      [
        0.0,
        0.0,
        0.0,
        1.0
      ]
    ],
    "location": [
      12.961216807829942,
      -9.83057365053537,
      1.2404272159011756
    ],
    "rotation": [
      -0.02498951919995783,
      0.030069048709654905,
      -2.4882999243632717
    ]
  },
  {
    "label_id": "9iYq7jdXbd8oinkPb-bYgQ",
    "size": [
      0.9224308020230707,
      1.0171580896583552,
      1.7400000000000038
    ],
    "obj_class": "pedestrian",
    "point_num_in_lidar": 55,
    "speed": 1.1856496627478885,
    "if_vehicle": false,
    "motion_state": true,
    "pose": [
      [
        -0.21294292951911167,
        -0.9770260896516217,
        -0.008679222769342684,
        -9.1051916193951
      ],
      [
        0.9764235100073642,
        -0.21247305952612858,
        -0.03810942246354503,
        -0.31252178300019295
      ],
      [
        0.035389798992328,
        -0.016589729222246143,
        0.9992358795657885,
        0.9425841193884601
      ],
      [
        0.0,
        0.0,
        0.0,
        1.0
      ]
    ],
    "location": [
      -9.1051916193951,
      -0.31252178300019295,
      0.9425841193884601
    ],
    "rotation": [
      -0.016600890288357956,
      -0.03539719041296335,
      1.7855189236827667
    ]
  },
  {
    "label_id": "ASwakCk2X3PwReTVQIAm1A",
    "size": [
      0.7361340846511774,
      0.8920853326114213,
      1.7100000000000044
    ],
    "obj_class": "pedestrian",
    "point_num_in_lidar": 105,
    "speed": 1.2986394968047204,
    "if_vehicle": false,
    "motion_state": true,
    "pose": [
      [
        0.02410669318480198,
        0.9996717153324955,
        -0.008679222769342684,
        10.46644958856291
      ],
      [
        -0.9989910721876242,
        0.023759410954736684,
        -0.03810942246354503,
        -13.29863602525802
      ],
      [
        -0.03789069850391828,
        0.009589158214879571,
        0.9992358795657885,
        1.0516942261931952
      ],
      [
        0.0,
        0.0,
        0.0,
        1.0
      ]
    ],
    "location": [
      10.46644958856291,
      -13.29863602525802,
      1.0516942261931952
    ],
    "rotation": [
      0.00959619651735761,
      0.03789977101101628,
      -1.5466699693889494
    ]
  },
  {
    "label_id": "B6xeIGelvSq42ol4SnNpDg",
    "size": [
      0.725157305573628,
      0.9402309291111298,
      1.6300000000000043
    ],
    "obj_class": "pedestrian",
    "point_num_in_lidar": 31,
    "speed": 1.3158301392316936,
    "if_vehicle": false,
    "motion_state": true,
    "pose": [
      [
        -0.7809585356922495,
        -0.6245225669433713,
        -0.008679222769342684,
        -13.616851842952883
      ],
      [
        0.6243506981203872,
        -0.7802139947963508,
        -0.03810942246354503,
        5.12134144400261
      ],
      [
        0.01702854327306622,
        -0.03518075755838891,
        0.9992358795657885,
        1.1676599326489416
      ],
      [
        0.0,
        0.0,
        0.0,
        1.0
      ]
    ],
    "location": [
      -13.616851842952883,
      5.12134144400261,
      1.1676599326489416
    ],
    "rotation": [
      -0.03519312369832046,
      -0.017029366345236302,
      2.4671767017704314
    ]
  },
  {
    "label_id": "B7yEJzXzOD9VpSIN-buPtQ",
    "size": [
      0.7141289851701551,
      0.7478260869567088,
      1.7696521739130233
    ],
    "obj_class": "pedestrian",
    "point_num_in_lidar": 76,
    "speed": 1.0380535256864878,
    "if_vehicle": false,
    "motion_state": true,
    "pose": [
      [
        0.5303660280283973,
        0.8477243345601808,
        -0.008679222769342684,
        -7.391248147014039
      ],
      [
        -0.8473158224051893,
        0.5297202743159003,
        -0.03810942246354503,
        -15.530540373356416
      ],
      [
        -0.027708724532156507,
        0.02756598580109,
        0.9992358795657885,
        0.9831381003634494
      ],
      [
        0.0,
        0.0,
        0.0,
        1.0
      ]
    ],
    "location": [
      -7.391248147014039,
      -15.530540373356416,
      0.9831381003634494
    ],
    "rotation": [
      0.027580070491828413,
      0.027712271428082934,
      -1.0115237483467832
    ]
  },
  {
    "label_id": "CtgoVb_DXruEPrv8xQWdlA",
    "size": [
      0.8150497136933929,
      0.8824110696171119,
      1.7500000000000044
    ],
    "obj_class": "pedestrian",
    "point_num_in_lidar": 46,
    "speed": 1.2702396839155696,
    "if_vehicle": false,
    "motion_state": true,
    "pose": [
      [
        0.07854163110748325,
        0.9968730527379582,
        -0.008679222769342684,
        11.069180929927143
      ],
      [
        -0.9962123436989487,
        0.07815777748466499,
        -0.03810942246354503,
        -12.978432038567917
      ],
      [
        -0.03731190754736853,
        0.011639525057383146,
        0.9992358795657885,
        1.1035155686717646
      ],
      [
        0.0,
        0.0,
        0.0,
        1.0
      ]
    ],
    "location": [
      11.069180929927143,
      -12.978432038567917,
      1.1035155686717646
    ],
    "rotation": [
      0.011647899058403528,
      0.03732057044784024,
      -1.4921188207458265
    ]
  },
  {
    "label_id": "EAPUGFwlCZxnOc2oZvepvg",
    "size": [
      0.8165363080002359,
      0.9894246705008585,
      1.6400000000000041
    ],
    "obj_class": "pedestrian",
    "point_num_in_lidar": 58,
    "speed": 1.6596414538575164,
    "if_vehicle": false,
    "motion_state": true,
    "pose": [
      [
        0.5140726567327437,
        0.8577027309574448,
        -0.008679222769342684,
        -8.652155858280139
      ],
      [
        -0.8572819556455846,
        0.5134348258970918,
        -0.03810942246354503,
        -3.909362875698207
      ],
      [
        -0.028230340490694034,
        0.02703155312157088,
        0.9992358795657885,
        1.1238426042749632
      ],
      [
        0.0,
        0.0,
        0.0,
        1.0
      ]
    ],
    "location": [
      -8.652155858280139,
      -3.909362875698207,
      1.1238426042749632
    ],
    "rotation": [
      0.027045628029876603,
      0.02823409154105346,
      -1.0306311888382311
    ]
  },
  {
    "label_id": "GBRhruMLKWI0CHchOvgi4Q",
    "size": [
      2.4852872065917766,
      5.818153190451702,
      2.1300000000000017
    ],
    "obj_class": "vehicle",
    "point_num_in_lidar": 254,
    "speed": 8.533911106286719e-13,
    "if_vehicle": true,
    "motion_state": false,
    "pose": [
      [
        0.1598920575066449,
        0.987096348406989,
        -0.008679222769342684,
        48.765977393551566
      ],
      [
        -0.9864692834940888,
        0.15945540016617196,
        -0.03810942246354503,
        -30.299305989405184
      ],
      [
        -0.0362337228138477,
        0.014655180634645227,
        0.9992358795657885,
        1.8236492231392365
      ],
      [
        0.0,
        0.0,
        0.0,
        1.0
      ]
    ],
    "location": [
      48.765977393551566,
      -30.299305989405184,
      1.8236492231392365
    ],
    "rotation": [
      0.01466533606247107,
      0.036241655939395996,
      -1.410108590694733
    ]
  },
  {
    "label_id": "IGBmzIiv4jqIHomOewuqIQ",
    "size": [
      2.8065665144207075,
      5.908068729613541,
      2.259999999999999
    ],
    "obj_class": "vehicle",
    "point_num_in_lidar": 106,
    "speed": 1.1368683772161603e-12,
    "if_vehicle": true,
    "motion_state": false,
    "pose": [
      [
        -0.15782133180858776,
        -0.9874295409386351,
        -0.008679222769342684,
        1.81258228871161
      ],
      [
        0.9868015615430774,
        -0.15738599065875872,
        -0.03810942246354503,
        24.846721260781123
      ],
      [
        0.03626438145491373,
        -0.014579150389420384,
        0.9992358795657885,
        1.4749273914302066
      ],
      [
        0.0,
        0.0,
        0.0,
        1.0
      ]
    ],
    "location": [
      1.81258228871161,
      24.846721260781123,
      1.4749273914302066
    ],
    "rotation": [
      -0.014589263955143114,
      -0.0362723347429673,
      1.7293854678988207
    ]
  },
  {
    "label_id": "IswoOeecokrg845OsZfmfA",
    "size": [
      0.9821389224128748,
      1.2133081386274753,
      1.8000000000000043
    ],
    "obj_class": "pedestrian",
    "point_num_in_lidar": 114,
    "speed": 1.645573875581827,
    "if_vehicle": false,
    "motion_state": true,
    "pose": [
      [
        -0.03074209973198174,
        -0.9994896669781979,
        -0.008679222769342684,
        -5.137790234086424
      ],
      [
        0.9988113441296544,
        -0.030390306964683242,
        -0.03810942246354503,
        -15.46471624883452
      ],
      [
        0.03782620972264489,
        -0.009840469826350397,
        0.9992358795657885,
        1.0370469797320077
      ],
      [
        0.0,
        0.0,
        0.0,
        1.0
      ]
    ],
    "location": [
      -5.137790234086424,
      -15.46471624883452,
      1.0370469797320077
    ],
    "rotation": [
      -0.009847676536292534,
      -0.037835235965316426,
      1.6015652981476924
    ]
  },
  {
    "label_id": "KEXkbxDlTHzrbM_KCkyZuw",
    "size": [
      0.8777988654625078,
      1.036695723580972,
      1.4900000000000038
    ],
    "obj_class": "pedestrian",
    "point_num_in_lidar": 68,
    "speed": 1.209179070948707,
    "if_vehicle": false,
    "motion_state": true,
    "pose": [
      [
        -0.06476059523926096,
        0.9978630849953197,
        -0.008679222769342684,
        10.681887717009204
      ],
      [
        -0.9971542917400066,
        -0.06504606355484437,
        -0.03810942246354503,
        -14.17665157207557
      ],
      [
        -0.0385925351427243,
        0.006186535350454004,
        0.9992358795657885,
        0.923515180324344
      ],
      [
        0.0,
        0.0,
        0.0,
        1.0
      ]
    ],
    "location": [
      10.681887717009204,
      -14.17665157207557,
      0.923515180324344
    ],
    "rotation": [
      0.006191187117895358,
      0.038602121418293965,
      -1.635650656896374
    ]
  },
  {
    "label_id": "KPjwhQnTMm8REbWc23AAVA",
    "size": [
      0.9641979735894491,
      1.9235864377544982,
      1.8000000000000043
    ],
    "obj_class": "cyclist",
    "point_num_in_lidar": 31,
    "speed": 2.1283394697453457,
    "if_vehicle": false,
    "motion_state": true,
    "pose": [
      [
        0.9785207857226889,
        -0.20596539272599113,
        -0.008679222769342684,
        -17.418267992547044
      ],
      [
        0.20549983474012226,
        0.9779148684017834,
        -0.03810942246354503,
        -12.504182860124274
      ],
      [
        0.016336763156576277,
        0.035507283167693346,
        0.9992358795657885,
        1.1494532339617285
      ],
      [
        0.0,
        0.0,
        0.0,
        1.0
      ]
    ],
    "location": [
      -17.418267992547044,
      -12.504182860124274,
      1.1494532339617285
    ],
    "rotation": [
      0.03551949067908915,
      -0.01633748992985689,
      0.20700244183345656
    ]
  },
  {
    "label_id": "Li88-LQOe4JSKR2F2lRTvA",
    "size": [
      1.8803181685248451,
      4.301639040022977,
      1.9200000000000044
    ],
    "obj_class": "vehicle",
    "point_num_in_lidar": 176,
    "speed": 7.105427357601002e-14,
    "if_vehicle": true,
    "motion_state": false,
    "pose": [
      [
        0.23168128281070113,
        0.9727530284133317,
        -0.008679222769342684,
        45.796109000840715
      ],
      [
        -0.9721595906069586,
        0.23119991849134786,
        -0.03810942246354503,
        -42.38927208948007
      ],
      [
        -0.035064420515656204,
        0.01726682953775984,
        0.9992358795657885,
        1.2416156399824008
      ],
      [
        0.0,
        0.0,
        0.0,
        1.0
      ]
    ],
    "location": [
      45.796109000840715,
      -42.38927208948007,
      1.2416156399824008
    ],
    "rotation": [
      0.017278313935781733,
      0.03507160985766288,
      -1.3368441426562558
    ]
  },
  {
    "label_id": "QCejAUMzNgKQBygPRkJ3vA",
    "size": [
      0.8928711067140245,
      1.04776036441304,
      1.810000000000004
    ],
    "obj_class": "pedestrian",
    "point_num_in_lidar": 39,
    "speed": 1.2076075012404546,
    "if_vehicle": false,
    "motion_state": true,
    "pose": [
      [
        -0.767798084407599,
        -0.6406331030099379,
        -0.008679222769342684,
        -12.241479264165264
      ],
      [
        0.6404457832692587,
        -0.7670572798768815,
        -0.03810942246354503,
        3.044563425004526
      ],
      [
        0.017756696557839992,
        -0.034818913190069856,
        0.9992358795657885,
        1.1640464646508883
      ],
      [
        0.0,
        0.0,
        0.0,
        1.0
      ]
    ],
    "location": [
      -12.241479264165264,
      3.044563425004526,
      1.1640464646508883
    ],
    "rotation": [
      -0.034831446358261735,
      -0.017757629805471013,
      2.4463825795849
    ]
  },
  {
    "label_id": "QY1qEYd55QF-nFZcCsP7eA",
    "size": [
      0.8484711943752513,
      0.9635469452995944,
      1.5319292035398284
    ],
    "obj_class": "pedestrian",
    "point_num_in_lidar": 63,
    "speed": 1.1982349456901513,
    "if_vehicle": false,
    "motion_state": true,
    "pose": [
      [
        -0.46633949052393986,
        -0.8845632541938379,
        -0.008679222769342684,
        -4.417198785065466
      ],
      [
        0.8841081867679573,
        -0.465725655305105,
        -0.03810942246354503,
        -27.35327808056718
      ],
      [
        0.029668058038010033,
        -0.02544530056096991,
        0.9992358795657885,
        0.6038300482499626
      ],
      [
        0.0,
        0.0,
        0.0,
        1.0
      ]
    ],
    "location": [
      -4.417198785065466,
      -27.35327808056718,
      0.6038300482499626
    ],
    "rotation": [
      -0.02545925660300207,
      -0.029672412035596327,
      2.056176731974371
    ]
  },
  {
    "label_id": "QuYOuiSD1qcDP7C_tY12xQ",
    "size": [
      1.0369836013952227,
      1.3268741498980898,
      1.8200000000000038
    ],
    "obj_class": "pedestrian",
    "point_num_in_lidar": 138,
    "speed": 1.2595314513615639,
    "if_vehicle": false,
    "motion_state": true,
    "pose": [
      [
        -0.15551280940423182,
        -0.9877957467023853,
        -0.008679222769342684,
        12.333914389801748
      ],
      [
        0.987166751423619,
        -0.15507893732945743,
        -0.03810942246354503,
        -14.863649271073882
      ],
      [
        0.03629836077485883,
        -0.014494343498172553,
        0.9992358795657885,
        1.0782659735275981
      ],
      [
        0.0,
        0.0,
        0.0,
        1.0
      ]
    ],
    "location": [
      12.333914389801748,
      -14.863649271073882,
      1.0782659735275981
    ],
    "rotation": [
      -0.014504410170195362,
      -0.036306336449150524,
      1.7270466988917899
    ]
  },
  {
    "label_id": "S728HGpQewxrenfG0threA",
    "size": [
      0.8266434409194486,
      0.6878010899886708,
      1.8400000000000043
    ],
    "obj_class": "pedestrian",
    "point_num_in_lidar": 70,
    "speed": 0.9963495092654242,
    "if_vehicle": false,
    "motion_state": false,
    "pose": [
      [
        0.15171880537094573,
        0.9883855903385749,
        -0.008679222769342684,
        -6.774628813263689
      ],
      [
        -0.9877549337499572,
        0.1512873516593933,
        -0.03810942246354503,
        -14.935880977232955
      ],
      [
        -0.03635374739185735,
        0.01435486116107894,
        0.9992358795657885,
        1.007807468836516
      ],
      [
        0.0,
        0.0,
        0.0,
        1.0
      ]
    ],
    "location": [
      -6.774628813263689,
      -14.935880977232955,
      1.007807468836516
    ],
    "rotation": [
      0.014364850253062767,
      0.03636175964595979,
      -1.4183878183167142
    ]
  },
  {
    "label_id": "S_zkAqSyVSDXt7mjflF5ng",
    "size": [
      2.468297895607546,
      5.136041162096543,
      2.0500000000000034
    ],
    "obj_class": "vehicle",
    "point_num_in_lidar": 6030,
    "speed": 0.06964049206443294,
    "if_vehicle": true,
    "motion_state": false,
    "pose": [
      [
        -0.15782133180812952,
        -0.9874295409387084,
        -0.008679222769342684,
        10.286795617293365
      ],
      [
        0.9868015615431505,
        -0.15738599065830078,
        -0.03810942246354503,
        -29.095956832114098
      ],
      [
        0.036264381454920495,
        -0.014579150389403554,
        0.9992358795657885,
        0.45992739143038897
      ],
      [
        0.0,
        0.0,
        0.0,
        1.0
      ]
    ],
    "location": [
      10.286795617293365,
      -29.095956832114098,
      0.45992739143038897
    ],
    "rotation": [
      -0.014589263955126273,
      -0.036272334742974074,
      1.7293854678983565
    ]
  },
  {
    "label_id": "VOMFwLan-yMeZ2OM0S_JtQ",
    "size": [
      2.0752103727853615,
      4.523204878148739,
      1.5400000000000045
    ],
    "obj_class": "vehicle",
    "point_num_in_lidar": 33,
    "speed": 4.78797447109007,
    "if_vehicle": true,
    "motion_state": true,
    "pose": [
      [
        -0.15935582398419745,
        -0.987183059242022,
        -0.008679222769342684,
        -4.231349068753843
      ],
      [
        0.9865557572208827,
        -0.15891950734200505,
        -0.03810942246354503,
        8.06659270682394
      ],
      [
        0.03624167844689357,
        -0.014635495609537702,
        0.9992358795657885,
        1.0154720386000582
      ],
      [
        0.0,
        0.0,
        0.0,
        1.0
      ]
    ],
    "location": [
      -4.231349068753843,
      8.06659270682394,
      1.0154720386000582
    ],
    "rotation": [
      -0.014645640215077319,
      -0.03624961680114517,
      1.730940544775351
    ]
  },
  {
    "label_id": "YMb2DQvXVMNwYg9V1LLfjg",
    "size": [
      2.0355511694669586,
      3.7736514423989274,
      1.8000000000000007
    ],
    "obj_class": "vehicle",
    "point_num_in_lidar": 1016,
    "speed": 10.640886003170008,
    "if_vehicle": true,
    "motion_state": true,
    "pose": [
      [
        -0.19777749172066295,
        -0.9802085160111614,
        -0.008679222769342684,
        2.8918267136382383
      ],
      [
        0.9795987276728297,
        -0.19731701564048704,
        -0.03810942246354503,
        -22.13176662168007
      ],
      [
        0.035642622104108235,
        -0.016039341567800174,
        0.9992358795657885,
        0.7303350079525357
      ],
      [
        0.0,
        0.0,
        0.0,
        1.0
      ]
    ],
    "location": [
      2.8918267136382383,
      -22.13176662168007,
      0.7303350079525357
    ],
    "rotation": [
      -0.01605022855437099,
      -0.035650173132122494,
      1.77001471588994
    ]
  },
  {
    "label_id": "d1iW-GYfbNf_o3P5WE4HTg",
    "size": [
      2.058762401672248,
      4.364956623428219,
      1.7900000000000045
    ],
    "obj_class": "vehicle",
    "point_num_in_lidar": 488,
    "speed": 1.421529491362787e-12,
    "if_vehicle": true,
    "motion_state": false,
    "pose": [
      [
        0.21830904515150745,
        0.9758410894695699,
        -0.008679222769342684,
        42.32367167960524
      ],
      [
        -0.9752411011359007,
        0.21783587072548644,
        -0.03810942246354503,
        -43.11153270831346
      ],
      [
        -0.03529809428670166,
        0.016783966399869468,
        0.9992358795657885,
        0.8853660474192866
      ],
      [
        0.0,
        0.0,
        0.0,
        1.0
      ]
    ],
    "location": [
      42.32367167960524,
      -43.11153270831346,
      0.8853660474192866
    ],
    "rotation": [
      0.016795221804890063,
      0.03530542837507489,
      -1.350575446731556
    ]
  },
  {
    "label_id": "e2kCF-ImQeQ5Fr3lsqfRUw",
    "size": [
      2.308492001766681,
      5.048858220044428,
      1.88
    ],
    "obj_class": "vehicle",
    "point_num_in_lidar": 60,
    "speed": 0.011735417309433383,
    "if_vehicle": true,
    "motion_state": false,
    "pose": [
      [
        -0.11624766153862329,
        -0.993182335867348,
        -0.008679222769342684,
        -9.974556886852952
      ],
      [
        0.9925366417468314,
        -0.11583905519908642,
        -0.03810942246354503,
        26.159699659912803
      ],
      [
        0.03684421225543619,
        -0.013044577864430612,
        0.9992358795657885,
        1.2935842120120897
      ],
      [
        0.0,
        0.0,
        0.0,
        1.0
      ]
    ],
    "location": [
      -9.974556886852952,
      26.159699659912803,
      1.2935842120120897
    ],
    "rotation": [
      -0.013053811599493573,
      -0.0368525533300974,
      1.6873869353655448
    ]
  },
  {
    "label_id": "eIU2UxcEUk0HGjsXvhfsMg",
    "size": [
      0.9166732473678686,
      1.104870018567485,
      1.8900000000000041
    ],
    "obj_class": "pedestrian",
    "point_num_in_lidar": 136,
    "speed": 0.0017829036348404443,
    "if_vehicle": false,
    "motion_state": false,
    "pose": [
      [
        -0.8855411250224,
        -0.4644799102073008,
        -0.008679222769342684,
        9.692876673998171
      ],
      [
        0.46445288007539864,
        -0.8847774828221853,
        -0.03810942246354503,
        -14.010764639477202
      ],
      [
        0.010021880249207474,
        -0.03777855085435878,
        0.9992358795657885,
        1.1555502458762206
      ],
      [
        0.0,
        0.0,
        0.0,
        1.0
      ]
    ],
    "location": [
      9.692876673998171,
      -14.010764639477202,
      1.1555502458762206
    ],
    "rotation": [
      -0.037789441708784156,
      -0.010022048019864938,
      2.658549600194261
    ]
  },
  {
    "label_id": "fLt8TLeWA-0VGBpIoLIDpQ",
    "size": [
      0.9007591488630512,
      0.106480003356836,
      0.33013654716762986
    ],
    "obj_class": "sign",
    "point_num_in_lidar": 25,
    "speed": 0.016746497260854674,
    "if_vehicle": false,
    "motion_state": false,
    "pose": [
      [
        0.1517718075949144,
        0.9883774529558494,
        -0.008679222769342684,
        -11.146953992497174
      ],
      [
        -0.9877468195049592,
        0.15134032006485376,
        -0.03810942246354503,
        0.954167614434482
      ],
      [
        -0.03635297755631058,
        0.014356810619883727,
        0.9992358795657885,
        3.0361627293089937
      ],
      [
        0.0,
        0.0,
        0.0,
        1.0
      ]
    ],
    "location": [
      -11.146953992497174,
      0.954167614434482,
      3.0361627293089937
    ],
    "rotation": [
      0.014366800800024672,
      0.03636098930121365,
      -1.4183341631159656
    ]
  },
  {
    "label_id": "gUKgMUj38YVBqDRACfxBNg",
    "size": [
      1.0028819644268039,
      0.9520999166186406,
      1.690000000000004
    ],
    "obj_class": "pedestrian",
    "point_num_in_lidar": 38,
    "speed": 1.3100969545165653,
    "if_vehicle": false,
    "motion_state": true,
    "pose": [
      [
        -0.26698252669790545,
        -0.963662286037034,
        -0.008679222769342684,
        12.348169175118073
      ],
      [
        0.9630867874536492,
        -0.2664798524311067,
        -0.03810942246354503,
        -20.992967478905484
      ],
      [
        0.03441177516797976,
        -0.01853339467483598,
        0.9992358795657885,
        0.8105312370696929
      ],
      [
        0.0,
        0.0,
        0.0,
        1.0
      ]
    ],
    "location": [
      12.348169175118073,
      -20.992967478905484,
      0.8105312370696929
    ],
    "rotation": [
      -0.01854544082541626,
      -0.034418570356449824,
      1.8412210449475803
    ]
  },
  {
    "label_id": "i-L3VmVSRycoEAIp1V6QkA",
    "size": [
      2.1028896263353354,
      4.384922543951328,
      1.6200000000000045
    ],
    "obj_class": "vehicle",
    "point_num_in_lidar": 184,
    "speed": 1.7053025658242404e-12,
    "if_vehicle": true,
    "motion_state": false,
    "pose": [
      [
        0.9920187080109055,
        -0.12579170898152972,
        -0.008679222769342684,
        -12.609072420170605
      ],
      [
        0.1253769131984876,
        0.9913769724763198,
        -0.03810942246354503,
        -7.561452953341359
      ],
      [
        0.01339823097250692,
        0.036717085875545515,
        0.9992358795657885,
        1.1256343079995812
      ],
      [
        0.0,
        0.0,
        0.0,
        1.0
      ]
    ],
    "location": [
      -12.609072420170605,
      -7.561452953341359,
      1.1256343079995812
    ],
    "rotation": [
      0.03672863913109628,
      -0.013398631863423011,
      0.12571907747212704
    ]
  },
  {
    "label_id": "jhxnn4ABZp_sAXjRO7flDA",
    "size": [
      0.9046168088200162,
      0.9776028620185125,
      1.900000000000004
    ],
    "obj_class": "pedestrian",
    "point_num_in_lidar": 49,
    "speed": 0.7796312660708589,
    "if_vehicle": false,
    "motion_state": false,
    "pose": [
      [
        -0.08507807392262415,
        -0.9963364855457901,
        -0.008679222769342684,
        -9.321003824624086
      ],
      [
        0.9956783082753496,
        -0.08468989520263179,
        -0.03810942246354503,
        2.0262949721600307
      ],
      [
        0.03723476557673232,
        -0.011883990105626017,
        0.9992358795657885,
        1.054546496775064
      ],
      [
        0.0,
        0.0,
        0.0,
        1.0
      ]
    ],
    "location": [
      -9.321003824624086,
      2.0262949721600307,
      1.054546496775064
    ],
    "rotation": [
      -0.011892517157029037,
      -0.03724337483455163,
      1.6560366266280042
    ]
  },
  {
    "label_id": "kNtdgBIGtz-619syo5GotQ",
    "size": [
      2.3096827218114173,
      5.064638733456315,
      1.9400000000000048
    ],
    "obj_class": "vehicle",
    "point_num_in_lidar": 48,
    "speed": 8.26235517680031,
    "if_vehicle": true,
    "motion_state": true,
    "pose": [
      [
        -0.15437102211672038,
        -0.9879748269175481,
        -0.008679222769342684,
        -4.871528862584228
      ],
      [
        0.9873453305943497,
        -0.15393787731753747,
        -0.03810942246354503,
        31.2833785368166
      ],
      [
        0.03631508893246997,
        -0.014452380572474012,
        0.9992358795657885,
        1.368520725842421
      ],
      [
        0.0,
        0.0,
        0.0,
        1.0
      ]
    ],
    "location": [
      -4.871528862584228,
      31.2833785368166,
      1.368520725842421
    ],
    "rotation": [
      -0.014462423963905808,
      -0.03632307564302081,
      1.725890268456853
    ]
  },
  {
    "label_id": "mQsMM40X1GxN5fl1v6fRCQ",
    "size": [
      1.1219305826155563,
      1.1075329720768676,
      2.060000000000003
    ],
    "obj_class": "pedestrian",
    "point_num_in_lidar": 48,
    "speed": 0.010383154336240201,
    "if_vehicle": false,
    "motion_state": false,
    "pose": [
      [
        -0.9981076739739556,
        0.06087480797850633,
        -0.008679222769342684,
        11.436774243414902
      ],
      [
        -0.0605027156361945,
        -0.9974402705526484,
        -0.03810942246354503,
        4.7692782414997055
      ],
      [
        -0.010976910081879954,
        -0.037512190464423015,
        0.9992358795657885,
        1.094356164589259
      ],
      [
        0.0,
        0.0,
        0.0,
        1.0
      ]
    ],
    "location": [
      11.436774243414902,
      4.7692782414997055,
      1.094356164589259
    ],
    "rotation": [
      -0.03752325544275785,
      0.010977130533156925,
      -3.081049312441555
    ]
  },
  {
    "label_id": "rbj9kBChW72Ay5dtSpapXQ",
    "size": [
      2.136008466982131,
      4.857696674908094,
      1.770000000000004
    ],
    "obj_class": "vehicle",
    "point_num_in_lidar": 1214,
    "speed": 0.04330454242228781,
    "if_vehicle": true,
    "motion_state": false,
    "pose": [
      [
        -0.14205302099801187,
        -0.989820999129367,
        -0.008679222769342684,
        -1.8804440957658244
      ],
      [
        0.9891861564715502,
        -0.14162775068656802,
        -0.03810942246354503,
        -24.094856369785703
      ],
      [
        0.036492287820579644,
        -0.013998925601802523,
        0.9992358795657885,
        0.5689631402597577
      ],
      [
        0.0,
        0.0,
        0.0,
        1.0
      ]
    ],
    "location": [
      -1.8804440957658244,
      -24.094856369785703,
      0.5689631402597577
    ],
    "rotation": [
      -0.014008714199203453,
      -0.03650039206270429,
      1.7134271385857442
    ]
  },
  {
    "label_id": "ryg82GvjxiurhXuYlN2xPg",
    "size": [
      0.9795127061297458,
      0.8740044961228312,
      1.7100000000000044
    ],
    "obj_class": "pedestrian",
    "point_num_in_lidar": 326,
    "speed": 1.015476600234914,
    "if_vehicle": false,
    "motion_state": true,
    "pose": [
      [
        -0.15942492203128802,
        -0.9871719026225564,
        -0.008679222769342684,
        14.125001217818863
      ],
      [
        0.9865446311431842,
        -0.15898856148180412,
        -0.03810942246354503,
        -28.97832721693885
      ],
      [
        0.03624065393830663,
        -0.01463803233049879,
        0.9992358795657885,
        0.4360811708810992
      ],
      [
        0.0,
        0.0,
        0.0,
        1.0
      ]
    ],
    "location": [
      14.125001217818863,
      -28.97832721693885,
      0.4360811708810992
    ],
    "rotation": [
      -0.01464817833129609,
      -0.036248591619088624,
      1.731010578841149
    ]
  },
  {
    "label_id": "t-LPOe5gpociAs9F4-TjPw",
    "size": [
      1.0602432104069301,
      1.9174464105824227,
      1.8000000000000043
    ],
    "obj_class": "cyclist",
    "point_num_in_lidar": 46,
    "speed": 0.05768116862671297,
    "if_vehicle": false,
    "motion_state": false,
    "pose": [
      [
        0.9988259258064164,
        0.04765963731581673,
        -0.008679222769342684,
        -9.613321175532974
      ],
      [
        -0.047957204007055006,
        0.9981221260463674,
        -0.03810942246354503,
        -10.08996906567154
      ],
      [
        0.006846643030038566,
        0.038480910431070256,
        0.9992358795657885,
        1.215771376376475
      ],
      [
        0.0,
        0.0,
        0.0,
        1.0
      ]
    ],
    "location": [
      -9.613321175532974,
      -10.08996906567154,
      1.215771376376475
    ],
    "rotation": [
      0.03849131635425847,
      -0.006846696522301009,
      -0.04797673116920048
    ]
  },
  {
    "label_id": "vdhAti93bTRosfry8WrmWQ",
    "size": [
      2.0229448805097676,
      4.197556005392045,
      1.9300000000000042
    ],
    "obj_class": "vehicle",
    "point_num_in_lidar": 4835,
    "speed": 0.0038914867507283094,
    "if_vehicle": true,
    "motion_state": false,
    "pose": [
      [
        -0.1420530209981877,
        -0.9898209991293418,
        -0.008679222769342684,
        0.3846742249613726
      ],
      [
        0.9891861564715251,
        -0.14162775068674374,
        -0.03810942246354503,
        -37.742504995985655
      ],
      [
        0.03649228782057716,
        -0.013998925601809004,
        0.9992358795657885,
        0.10855842420419393
      ],
      [
        0.0,
        0.0,
        0.0,
        1.0
      ]
    ],
    "location": [
      0.3846742249613726,
      -37.742504995985655,
      0.10855842420419393
    ],
    "rotation": [
      -0.014008714199209937,
      -0.03650039206270181,
      1.7134271385859219
    ]
  },
  {
    "label_id": "vuY70TBlAdzIOr716UXhow",
    "size": [
      0.8556086793271837,
      1.1211029100138488,
      1.9300000000000042
    ],
    "obj_class": "pedestrian",
    "point_num_in_lidar": 32,
    "speed": 1.5361285357075711,
    "if_vehicle": false,
    "motion_state": true,
    "pose": [
      [
        -0.9025511992221105,
        -0.4304950683513696,
        -0.008679222769342684,
        -16.409290899675852
      ],
      [
        0.4304970751328664,
        -0.901787081423072,
        -0.03810942246354503,
        8.100555317014368
      ],
      [
        0.008579107458088828,
        -0.038132084962763206,
        0.9992358795657885,
        1.6303569629417645
      ],
      [
        0.0,
        0.0,
        0.0,
        1.0
      ]
    ],
    "location": [
      -16.409290899675852,
      8.100555317014368,
      1.6303569629417645
    ],
    "rotation": [
      -0.03814273642549224,
      -0.008579212700177093,
      2.696531675989133
    ]
  },
  {
    "label_id": "wHEo9Sy0NUjNJNQt3GVpFg",
    "size": [
      1.9885844257839491,
      4.469659497880261,
      1.6300000000000043
    ],
    "obj_class": "vehicle",
    "point_num_in_lidar": 42,
    "speed": 6.147904906703184,
    "if_vehicle": true,
    "motion_state": true,
    "pose": [
      [
        0.9877890145329629,
        -0.15555556518529987,
        -0.008679222769342684,
        19.53618074821179
      ],
      [
        0.1551216658853884,
        0.9871600380345817,
        -0.03810942246354503,
        -2.002389436660451
      ],
      [
        0.014495914629297042,
        0.03629773336511467,
