[
  {
    "label_id": "-roDyLaSj9Ly7YWd600gHw",
    "size": [
      2.3762110385419066,
      5.77472060364153,
      2.21
    ],
    "obj_class": "vehicle",
    "point_num_in_lidar": 1659,
    "speed": 3.6465454864578266,
    "if_vehicle": true,
    "motion_state": true,
    "pose": [
      [
        -0.15797641349759775,
        -0.9873041478409257,
        -0.016552112691119256,
        6.805992275716335
      ],
      [
        0.9866149515567891,
        -0.15713548922677356,
        -0.04358182407905195,
        -25.377264568302053
      ],
      [
        0.04042759135826582,
        -0.02321546212260301,
        0.9989127350151278,
        0.8359804241788096
      ],
      [
        0.0,
        0.0,
        0.0,
        1.0
      ]
    ],
    "location": [
      6.805992275716335,
      -25.377264568302053,
      0.8359804241788096
    ],
    "rotation": [
      -0.023236547960256475,
      -0.040438611874982544,
      1.729568223309747
    ]
  },
  {
    "label_id": "2xD7DXqVqhgyGAvnNyEh_Q",
    "size": [
      2.1384268411218033,
      4.654138098945802,
      1.9600000000000044
    ],
    "obj_class": "vehicle",
    "point_num_in_lidar": 1529,
    "speed": 0.021315590931637013,
    "if_vehicle": true,
    "motion_state": false,
    "pose": [
      [
        -0.14203891027726606,
        -0.9897226760728013,
        -0.016552112691119256,
        -0.9682234509289174
      ],
      [
        0.9890200122711081,
        -0.14120920627636024,
        -0.04358182407905195,
        -29.3685007778804
      ],
      [
        0.04079660886034353,
        -0.022560685496967586,
        0.9989127350151278,
        0.4692565622558167
      ],
      [
        0.0,
        0.0,
        0.0,
        1.0
      ]
    ],
    "location": [
      -0.9682234509289174,
      -29.3685007778804,
      0.4692565622558167
    ],
    "rotation": [
      -0.022581402621987864,
      -0.04080793407428852,
      1.7134367962092159
    ]
  },
  {
    "label_id": "5voCBJ6iDkdItMO3-fiqDg",
    "size": [
      0.9365202509889303,
      1.1978745489032638,
      1.730000000000004
    ],
    "obj_class": "pedestrian",
    "point_num_in_lidar": 482,
    "speed": 1.5509501075040852,
    "if_vehicle": false,
    "motion_state": true,
    "pose": [
      [
        -0.13425656415773426,
        -0.9908083581329039,
        -0.016552112691119256,
        -1.9518345629694522
      ],
      [
        0.9900991956127567,
        -0.13343240782101926,
        -0.04358182407905195,
        -42.53379902785855
      ],
      [
        0.04097264730930163,
        -0.022239379421749205,
        0.9989127350151278,
        -0.013003906312757607
      ],
      [
        0.0,
        0.0,
        0.0,
        1.0
      ]
    ],
    "location": [
      -1.9518345629694522,
      -42.53379902785855,
      -0.013003906312757607
    ],
    "rotation": [
      -0.022259908489164194,
      -0.04098411983696543,
      1.7055733890664222
    ]
  },
  {
    "label_id": "94aiZ8MRixFdnh4AdsXx2Q",
    "size": [
      0.7515883471665601,
      0.8679089169108871,
      1.9400000000000048
    ],
    "obj_class": "pedestrian",
    "point_num_in_lidar": 28,
    "speed": 0.56986135020428,
    "if_vehicle": false,
    "motion_state": false,
    "pose": [
      [
        -0.8532456641770991,
        0.5212464523893103,
        -0.016552112691119256,
        13.403427267313873
      ],
      [
        -0.520206734775936,
        -0.8529276509198782,
        -0.04358182407905195,
        -9.58211113125617
      ],
      [
        -0.036834625785258306,
        -0.028575481935689696,
        0.9989127350151278,
        1.2479265740097176
      ],
      [
        0.0,
        0.0,
        0.0,
        1.0
      ]
    ],
    "location": [
      13.403427267313873,
      -9.58211113125617,
      1.2479265740097176
    ],
    "rotation": [
      -0.028598785430207354,
      0.03684296034818625,
      -2.594085962061885
    ]
  },
  {
    "label_id": "9iYq7jdXbd8oinkPb-bYgQ",
    "size": [
      0.9224308020244284,
      1.0171580896583552,
      1.7400000000000038
    ],
    "obj_class": "pedestrian",
    "point_num_in_lidar": 44,
    "speed": 1.2219743989765541,
    "if_vehicle": false,
    "motion_state": true,
    "pose": [
      [
        -0.1582049578303084,
        -0.9872675518234005,
        -0.016552112691119256,
        -8.916695840105831
      ],
      [
        0.9865785502211838,
        -0.15736387404169294,
        -0.04358182407905195,
        -1.4078697083496081
      ],
      [
        0.04042221618587455,
        -0.023224819982496425,
        0.9989127350151278,
        1.0097680405010614
      ],
      [
        0.0,
        0.0,
        0.0,
        1.0
      ]
    ],
    "location": [
      -8.916695840105831,
      -1.4078697083496081,
      1.0097680405010614
    ],
    "rotation": [
      -0.023245910946414428,
      -0.040433232305220605,
      1.72979983761782
    ]
  },
  {
    "label_id": "ASwakCk2X3PwReTVQIAm1A",
    "size": [
      0.7361340846519772,
      0.8920853326114213,
      1.7100000000000044
    ],
    "obj_class": "pedestrian",
    "point_num_in_lidar": 69,
    "speed": 1.277946723796863,
    "if_vehicle": false,
    "motion_state": true,
    "pose": [
      [
        0.05628133306507306,
        0.9982777364610906,
        -0.016552112691119256,
        10.410987377130823
      ],
      [
        -0.9975062329805184,
        0.055515221110595175,
        -0.04358182407905195,
        -12.12460252314304
      ],
      [
        -0.042587870496586466,
        0.018963678734963945,
        0.9989127350151278,
        1.0516942261931241
      ],
      [
        0.0,
        0.0,
        0.0,
        1.0
      ]
    ],
    "location": [
      10.410987377130823,
      -12.12460252314304,
      1.0516942261931241
    ],
    "rotation": [
      0.018982039536688144,
      0.04260075480830288,
      -1.5144340483881256
    ]
  },
  {
    "label_id": "Ajn5P334xqYzHGHWL_0Qaw",
    "size": [
      2.3627850628122746,
      5.609335176106013,
      2.160000000000001
    ],
    "obj_class": "vehicle",
    "point_num_in_lidar": 34,
    "speed": 2.6466562629983303,
    "if_vehicle": true,
    "motion_state": true,
    "pose": [
      [
        0.27173049710409325,
        -0.9622310348918408,
        -0.016552112691119256,
        6.307260759938117
      ],
      [
        0.9612521728062243,
        0.27220375619240705,
        -0.04358182407905195,
        -10.566575153217855
      ],
      [
        0.04644133093350298,
        -0.004068243567167939,
        0.9989127350151278,
        1.3266103541476877
      ],
      [
        0.0,
        0.0,
        0.0,
        1.0
      ]
    ],
    "location": [
      6.307260759938117,
      -10.566575153217855,
      1.3266103541476877
    ],
    "rotation": [
      -0.004072649123329379,
      -0.046458041245828315,
      1.2953005976833782
    ]
  },
  {
    "label_id": "B7yEJzXzOD9VpSIN-buPtQ",
    "size": [
      0.7141289851714276,
      0.7478260869567088,
      1.7696521739130233
    ],
    "obj_class": "pedestrian",
    "point_num_in_lidar": 41,
    "speed": 1.276808376151573,
    "if_vehicle": false,
    "motion_state": true,
    "pose": [
      [
        0.1838705515905337,
        0.9828110946785518,
        -0.016552112691119256,
        -7.639989953041322
      ],
      [
        -0.9821442379686197,
        0.18301180408646311,
        -0.04358182407905195,
        -14.525901408909704
      ],
      [
        -0.03980346822617694,
        0.024269976138526928,
        0.9989127350151278,
        0.8456450259132575
      ],
      [
        0.0,
        0.0,
        0.0,
        1.0
      ]
    ],
    "location": [
      -7.639989953041322,
      -14.525901408909704,
      0.8456450259132575
    ],
    "rotation": [
      0.02429161360896053,
      0.03981398593890258,
      -1.3857252678998042
    ]
  },
  {
    "label_id": "CtgoVb_DXruEPrv8xQWdlA",
    "size": [
      0.815049713693281,
      0.8824110696171119,
      1.7500000000000044
    ],
    "obj_class": "pedestrian",
    "point_num_in_lidar": 30,
    "speed": 1.236397347090501,
    "if_vehicle": false,
    "motion_state": true,
    "pose": [
      [
        0.10457948628431464,
        0.9943787802512527,
        -0.016552112691119256,
        10.947921362634133
      ],
      [
        -0.9936452990795943,
        0.1037768964026494,
        -0.04358182407905195,
        -11.867013508926902
      ],
      [
        -0.0416191141848611,
        0.021004693738886967,
        0.9989127350151278,
        1.1166933774724201
      ],
      [
        0.0,
        0.0,
        0.0,
        1.0
      ]
    ],
    "location": [
      10.947921362634133,
      -11.867013508926902,
      1.1166933774724201
    ],
    "rotation": [
      0.021024457918198756,
      0.04163113865596478,
      -1.4659340754385919
    ]
  },
  {
    "label_id": "EAPUGFwlCZxnOc2oZvepvg",
    "size": [
      0.8165363080004346,
      0.9894246705008585,
      1.6400000000000041
    ],
    "obj_class": "pedestrian",
    "point_num_in_lidar": 36,
    "speed": 1.6829722523321502,
    "if_vehicle": false,
    "motion_state": true,
    "pose": [
      [
        0.5891188687880635,
        0.8078768383877166,
        -0.016552112691119256,
        -9.576049839876305
      ],
      [
        -0.8076447079988365,
        0.5880566726527442,
        -0.04358182407905195,
        -2.6981152579501213
      ],
      [
        -0.0254751659336413,
        0.03904310112235432,
        0.9989127350151278,
        1.0848468627290808
      ],
      [
        0.0,
        0.0,
        0.0,
        1.0
      ]
    ],
    "location": [
      -9.576049839876305,
      -2.6981152579501213,
      1.0848468627290808
    ],
    "rotation": [
      0.03906571226801322,
      0.025477922234860166,
      -0.9405916547190667
    ]
  },
  {
    "label_id": "Epgsupn8EYYShv3D2Ns2xg",
    "size": [
      1.0117485065944005,
      1.0472548432567341,
      1.8199410029498218
    ],
    "obj_class": "pedestrian",
    "point_num_in_lidar": 21,
    "speed": 0.047436539901293706,
    "if_vehicle": false,
    "motion_state": false,
    "pose": [
      [
        -0.031180809116803668,
        -0.9993766981015126,
        -0.016552112691119256,
        10.590540392448247
      ],
      [
        0.9985861888398915,
        -0.030434323849286522,
        -0.04358182407905195,
        3.722745996215963
      ],
      [
        0.04305090708733253,
        -0.017887627667044215,
        0.9989127350151278,
        0.8443939057968795
      ],
      [
        0.0,
        0.0,
        0.0,
        1.0
      ]
    ],
    "location": [
      10.590540392448247,
      3.722745996215963,
      0.8443939057968795
    ],
    "rotation": [
      -0.01790518374057916,
      -0.04306421647664588,
      1.6020111399465446
    ]
  },
  {
    "label_id": "GBRhruMLKWI0CHchOvgi4Q",
    "size": [
      2.4852872065917784,
      5.818153190451702,
      2.1300000000000017
    ],
    "obj_class": "vehicle",
    "point_num_in_lidar": 286,
    "speed": 8.533911106286719e-13,
    "if_vehicle": true,
    "motion_state": false,
    "pose": [
      [
        0.15987617476033072,
        0.9869982960012974,
        -0.016552112691119256,
        48.765977393551566
      ],
      [
        -0.9863107193410982,
        0.15903392569759567,
        -0.04358182407905195,
        -30.299305989405184
      ],
      [
        -0.040382838642794905,
        0.02329322149782925,
        0.9989127350151278,
        1.8236492231391992
      ],
      [
        0.0,
        0.0,
        0.0,
        1.0
      ]
    ],
    "location": [
      48.765977393551566,
      -30.299305989405184,
      1.8236492231391992
    ],
    "rotation": [
      0.023314349808404345,
      0.040393822583491355,
      -1.410098891111198
    ]
  },
  {
    "label_id": "IGBmzIiv4jqIHomOewuqIQ",
    "size": [
      2.806566514420706,
      5.908068729613541,
      2.259999999999999
    ],
    "obj_class": "vehicle",
    "point_num_in_lidar": 60,
    "speed": 1.1368683772161603e-12,
    "if_vehicle": true,
    "motion_state": false,
    "pose": [
      [
        -0.15780565475610808,
        -0.9873314554355374,
        -0.016552112691119256,
        1.81258228871161
      ],
      [
        0.9866421137220447,
        -0.15696484969584265,
        -0.04358182407905195,
        24.846721260781123
      ],
      [
        0.04043160591779573,
        -0.023208469736391693,
        0.9989127350151278,
        1.4749273914302634
      ],
      [
        0.0,
        0.0,
        0.0,
        1.0
      ]
    ],
    "location": [
      1.81258228871161,
      24.846721260781123,
      1.4749273914302634
    ],
    "rotation": [
      -0.023229551740934357,
      -0.040442629719544224,
      1.7293951763456328
    ]
  },
  {
    "label_id": "IswoOeecokrg845OsZfmfA",
    "size": [
      0.9821389224128307,
      1.2133081386274753,
      1.8000000000000043
    ],
    "obj_class": "pedestrian",
    "point_num_in_lidar": 37,
    "speed": 1.5652707361185172,
    "if_vehicle": false,
    "motion_state": true,
    "pose": [
      [
        -0.01299663502455728,
        -0.999778532997933,
        -0.016552112691119256,
        -5.145880501297597
      ],
      [
        0.9989745757019538,
        -0.012264652911680968,
        -0.04358182407905195,
        -16.921271389421236
      ],
      [
        0.04336916622601694,
        -0.017101556813841685,
        0.9989127350151278,
        1.0370469797318078
      ],
      [
        0.0,
        0.0,
        0.0,
        1.0
      ]
    ],
    "location": [
      -5.145880501297597,
      -16.921271389421236,
      1.0370469797318078
    ],
    "rotation": [
      -0.017118498628213397,
      -0.0433827731453636,
      1.5838055686187278
    ]
  },
  {
    "label_id": "KEXkbxDlTHzrbM_KCkyZuw",
    "size": [
      0.877798865460116,
      1.036695723580972,
      1.4900000000000038
    ],
    "obj_class": "pedestrian",
    "point_num_in_lidar": 49,
    "speed": 1.2140860768805215,
    "if_vehicle": false,
    "motion_state": true,
    "pose": [
      [
        -0.06712030540406172,
        0.9976075842574202,
        -0.016552112691119256,
        10.756364463853288
      ],
      [
        -0.9967475831648834,
        -0.06778554466039328,
        -0.04358182407905195,
        -13.086862106270928
      ],
      [
        -0.04459955221108262,
        0.013573052978893855,
        0.9989127350151278,
        0.9235151803242321
      ],
      [
        0.0,
        0.0,
        0.0,
        1.0
      ]
    ],
    "location": [
      10.756364463853288,
      -13.086862106270928,
      0.9235151803242321
    ],
    "rotation": [
      0.013586990403796385,
      0.04461435110543909,
      -1.638034138506194
    ]
  },
  {
    "label_id": "Li88-LQOe4JSKR2F2lRTvA",
    "size": [
      1.8803181685248571,
      4.301639040022977,
      1.9200000000000044
    ],
    "obj_class": "vehicle",
    "point_num_in_lidar": 160,
    "speed": 3.4820586896373295e-28,
    "if_vehicle": true,
    "motion_state": false,
    "pose": [
      [
        0.23165826894060743,
        0.9726564007895603,
        -0.016552112691119256,
        45.7961090008414
      ],
      [
        -0.9720322872130011,
        0.23076797270289584,
        -0.04358182407905195,
        -42.38927208948371
      ],
      [
        -0.038570442658895,
        0.026185277880783252,
        0.9989127350151278,
        1.241615639982169
      ],
      [
        0.0,
        0.0,
        0.0,
        1.0
      ]
    ],
    "location": [
      45.7961090008414,
      -42.38927208948371,
      1.241615639982169
    ],
    "rotation": [
      0.026207777306500334,
      0.03858001247340815,
      -1.3368370123098443
    ]
  },
  {
    "label_id": "QCejAUMzNgKQBygPRkJ3vA",
    "size": [
      0.8928711067164369,
      1.04776036441304,
      1.810000000000004
    ],
    "obj_class": "pedestrian",
    "point_num_in_lidar": 26,
    "speed": 1.2079866617775037,
    "if_vehicle": false,
    "motion_state": true,
    "pose": [
      [
        -0.780765544327814,
        -0.6246048289566395,
        -0.016552112691119256,
        -11.388145072301768
      ],
      [
        0.624660079466627,
        -0.779679684056658,
        -0.04358182407905195,
        2.371473618535674
      ],
      [
        0.014316071781032535,
        -0.044366630628855146,
        0.9989127350151278,
        1.1550476223907706
      ],
      [
        0.0,
        0.0,
        0.0,
        1.0
      ]
    ],
    "location": [
      -11.388145072301768,
      2.371473618535674,
      1.1550476223907706
    ],
    "rotation": [
      -0.044385750383730424,
      -0.014316560839078597,
      2.4668145038362224
    ]
  },
  {
    "label_id": "QY1qEYd55QF-nFZcCsP7eA",
    "size": [
      0.8484711943748844,
      0.9635469452995944,
      1.5319292035398284
    ],
    "obj_class": "pedestrian",
    "point_num_in_lidar": 169,
    "speed": 1.1682695760689854,
    "if_vehicle": false,
    "motion_state": true,
    "pose": [
      [
        -0.33215531190597514,
        -0.9430794644875398,
        -0.016552112691119256,
        -4.117944876136107
      ],
      [
        0.9425519277511848,
        -0.33120460157200127,
        -0.04358182407905195,
        -28.35692021124669
      ],
      [
        0.035618987424825464,
        -0.030077160095778144,
        0.9989127350151278,
        0.5395491326917172
      ],
      [
        0.0,
        0.0,
        0.0,
        1.0
      ]
    ],
    "location": [
      -4.117944876136107,
      -28.35692021124669,
      0.5395491326917172
    ],
    "rotation": [
      -0.030100803208986268,
      -0.035626523435785186,
      1.909607640627383
    ]
  },
  {
    "label_id": "QuYOuiSD1qcDP7C_tY12xQ",
    "size": [
      1.0369836013940665,
      1.3268741498980898,
      1.8200000000000038
    ],
    "obj_class": "pedestrian",
    "point_num_in_lidar": 31,
    "speed": 1.2647335626426248,
    "if_vehicle": false,
    "motion_state": true,
    "pose": [
      [
        -0.11550705817795714,
        -0.9931687404849865,
        -0.016552112691119256,
        12.493041314855873
      ],
      [
        0.9924441286959652,
        -0.11469645167505933,
        -0.04358182407905195,
        -15.997118950148433
      ],
      [
        0.04138563673523319,
        -0.021461055347215825,
        0.9989127350151278,
        1.059682030301369
      ],
      [
        0.0,
        0.0,
        0.0,
        1.0
      ]
    ],
    "location": [
      12.493041314855873,
      -15.997118950148433,
      1.059682030301369
    ],
    "rotation": [
      -0.021481109921569163,
      -0.041397459869385526,
      1.6866615001039773
    ]
  },
  {
    "label_id": "S_zkAqSyVSDXt7mjflF5ng",
    "size": [
      2.468297895607546,
      5.136041162096543,
      2.0500000000000034
    ],
    "obj_class": "vehicle",
    "point_num_in_lidar": 2214,
    "speed": 0.02509272760791098,
    "if_vehicle": true,
    "motion_state": false,
    "pose": [
      [
        -0.15780565475565209,
        -0.9873314554356102,
        -0.016552112691119256,
        10.304917814040664
      ],
      [
        0.9866421137221172,
        -0.15696484969538696,
        -0.04358182407905195,
        -29.155968021932495
      ],
      [
        0.04043160591780645,
        -0.02320846973637302,
        0.9989127350151278,
        0.4599273914302291
      ],
      [
        0.0,
        0.0,
        0.0,
        1.0
      ]
    ],
    "location": [
      10.304917814040664,
      -29.155968021932495,
      0.4599273914302291
    ],
    "rotation": [
      -0.023229551740915674,
      -0.04044262971955495,
      1.7293951763451707
    ]
  },
  {
    "label_id": "VOMFwLan-yMeZ2OM0S_JtQ",
    "size": [
      2.075210372786275,
      4.523204878148739,
      1.5400000000000045
    ],
    "obj_class": "vehicle",
    "point_num_in_lidar": 77,
    "speed": 5.287851746577647,
    "if_vehicle": true,
    "motion_state": true,
    "pose": [
      [
        -0.16150304685048755,
        -0.9867333953117579,
        -0.016552112691119256,
        -3.51471563733071
      ],
      [
        0.9860472080527486,
        -0.160659665446316,
        -0.04358182407905195,
        3.6297372284097946
      ],
      [
        0.040344384360017714,
        -0.023359761882521445,
        0.9989127350151278,
        1.0418374197041773
      ],
      [
        0.0,
        0.0,
        0.0,
        1.0
      ]
    ],
    "location": [
      -3.51471563733071,
      3.6297372284097946,
      1.0418374197041773
    ],
    "rotation": [
      -0.02338092631398987,
      -0.04035533693711781,
      1.733143181051788
    ]
  },
  {
    "label_id": "YMb2DQvXVMNwYg9V1LLfjg",
    "size": [
      2.035551169465968,
      3.7736514423989274,
      1.8000000000000007
    ],
    "obj_class": "vehicle",
    "point_num_in_lidar": 1356,
    "speed": 10.220599691953636,
    "if_vehicle": true,
    "motion_state": true,
    "pose": [
      [
        -0.2312221607098499,
        -0.9727601656945708,
        -0.016552112691119256,
        4.753656079850998
      ],
      [
        0.9721356530215005,
        -0.23033214437937977,
        -0.04358182407905195,
        -31.33830859241607
      ],
      [
        0.03858217880225557,
        -0.02616798241110164,
        0.9989127350151278,
        0.37500116308869735
      ],
      [
        0.0,
        0.0,
        0.0,
        1.0
      ]
    ],
    "location": [
      4.753656079850998,
      -31.33830859241607,
      0.37500116308869735
    ],
    "rotation": [
      -0.026190474893305424,
      -0.03859175735899096,
      1.8043071169763805
    ]
  },
  {
    "label_id": "d1iW-GYfbNf_o3P5WE4HTg",
    "size": [
      2.0587624016722392,
      4.364956623428219,
      1.7900000000000045
    ],
    "obj_class": "vehicle",
    "point_num_in_lidar": 364,
    "speed": 6.769372211764194e-28,
    "if_vehicle": true,
    "motion_state": false,
    "pose": [
      [
        0.21828735960166534,
        0.9757441550957883,
        -0.016552112691119256,
        42.32367167960524
      ],
      [
        -0.9751078815503951,
        0.21740571277738605,
        -0.04358182407905195,
        -43.11153270831528
      ],
      [
        -0.038926186255963426,
        0.025653456846261236,
        0.9989127350151278,
        0.874117499623484
      ],
      [
        0.0,
        0.0,
        0.0,
        1.0
      ]
    ],
    "location": [
      42.32367167960524,
      -43.11153270831528,
      0.874117499623484
    ],
    "rotation": [
      0.02567573563609895,
      0.03893602343586158,
      -1.3505675013610912
    ]
  },
  {
    "label_id": "e2kCF-ImQeQ5Fr3lsqfRUw",
    "size": [
      2.308492001766679,
      5.048858220044428,
      1.88
    ],
    "obj_class": "vehicle",
    "point_num_in_lidar": 39,
    "speed": 0.002061508197857433,
    "if_vehicle": true,
    "motion_state": false,
    "pose": [
      [
        -0.11623611417257183,
        -0.9930836789150858,
        -0.016552112691119256,
        -9.975860609878055
      ],
      [
        0.9923596623891352,
        -0.11542497594916022,
        -0.04358182407905195,
        26.16543341587203
      ],
      [
        0.041369870980974756,
        -0.02149143084148765,
        0.9989127350151278,
        1.2935842120119494
      ],
      [
        0.0,
        0.0,
        0.0,
        1.0
      ]
    ],
    "location": [
      -9.975860609878055,
      26.16543341587203,
      1.2935842120119494
    ],
    "rotation": [
      -0.021511504428634518,
      -0.04138168060135168,
      1.6873960616223078
    ]
  },
  {
    "label_id": "eIU2UxcEUk0HGjsXvhfsMg",
    "size": [
      0.9166732473669034,
      1.104870018567485,
      1.8900000000000041
    ],
    "obj_class": "pedestrian",
    "point_num_in_lidar": 91,
    "speed": 0.0017829036060486294,
    "if_vehicle": false,
    "motion_state": false,
    "pose": [
      [
        -0.8862214619293703,
        -0.462966033291029,
        -0.016552112691119256,
        9.69422608394325
      ],
      [
        0.46322887317165895,
        -0.8851664451785652,
        -0.04358182407905195,
        -14.009897318474032
      ],
      [
        0.00552552946647309,
        -0.04629056435940354,
        0.9989127350151278,
        1.1577716598026182
      ],
      [
        0.0,
        0.0,
        0.0,
        1.0
      ]
    ],
    "location": [
      9.69422608394325,
      -14.009897318474032,
      1.1577716598026182
    ],
    "rotation": [
      -0.04630781978492158,
      -0.005525557583954345,
      2.6599495852165522
    ]
  },
  {
    "label_id": "fFlvjmk1h67aKf0yiFwEOw",
    "size": [
      0.8602328125704346,
      1.047075004275744,
      1.7000000000000046
    ],
    "obj_class": "pedestrian",
    "point_num_in_lidar": 359,
    "speed": 1.3572736803339716,
    "if_vehicle": false,
    "motion_state": true,
    "pose": [
      [
        -0.1851530673859357,
        -0.9825702871566184,
        -0.016552112691119256,
        17.37759459541826
      ],
      [
        0.9819045517709016,
        -0.18429345029470648,
        -0.04358182407905195,
        -45.48491763021775
      ],
      [
        0.039771759442650136,
        -0.024321903203345607,
        0.9989127350151278,
        -0.22050632522643632
      ],
      [
        0.0,
        0.0,
        0.0,
        1.0
      ]
    ],
    "location": [
      17.37759459541826,
      -45.48491763021775,
      -0.22050632522643632
    ],
    "rotation": [
      -0.024343566459515333,
      -0.039782252027174315,
      1.757173139872384
    ]
  },
  {
    "label_id": "fLt8TLeWA-0VGBpIoLIDpQ",
    "size": [
      0.9007591488630506,
      0.106480003356836,
      0.33013654716762986
    ],
    "obj_class": "sign",
    "point_num_in_lidar": 23,
    "speed": 0.016746496981746458,
    "if_vehicle": false,
    "motion_state": false,
    "pose": [
      [
        0.1517567314669763,
        0.9882792732926865,
        -0.016552112691119256,
        -11.140259283076603
      ],
      [
        -0.987584795799494,
        0.15092016338320907,
        -0.04358182407905195,
        0.9676656725841895
      ],
      [
        -0.040572965877934165,
        0.02296045000571491,
        0.9989127350151278,
        3.036162729308911
      ],
      [
        0.0,
        0.0,
        0.0,
        1.0
      ]
    ],
    "location": [
      -11.140259283076603,
      0.9676656725841895,
      3.036162729308911
    ],
    "rotation": [
      0.022981394583913375,
      0.04058410576857247,
      -1.4183244494689897
    ]
  },
  {
    "label_id": "i-L3VmVSRycoEAIp1V6QkA",
    "size": [
      2.10288962633533,
      4.384922543951328,
      1.6200000000000045
    ],
    "obj_class": "vehicle",
    "point_num_in_lidar": 59,
    "speed": 1.7053025658242404e-12,
    "if_vehicle": true,
    "motion_state": false,
    "pose": [
      [
        0.991920166646662,
        -0.12577921356535252,
        -0.016552112691119256,
        -12.609072420170833
      ],
      [
        0.12496115143765385,
        0.9912039826601377,
        -0.04358182407905195,
        -7.561452953341359
      ],
      [
        0.021888207579283513,
        0.04116131914265066,
        0.9989127350151278,
        1.1256343079993236
      ],
      [
        0.0,
        0.0,
        0.0,
        1.0
      ]
    ],
    "location": [
      -12.609072420170833,
      -7.561452953341359,
      1.1256343079993236
    ],
    "rotation": [
      0.04118282294499572,
      -0.021889955706333182,
      0.12531885703036644
    ]
  },
  {
    "label_id": "jhxnn4ABZp_sAXjRO7flDA",
    "size": [
      0.9046168088173975,
      0.9776028620185125,
      1.900000000000004
    ],
    "obj_class": "pedestrian",
    "point_num_in_lidar": 37,
    "speed": 1.0367964621508716,
    "if_vehicle": false,
    "motion_state": true,
    "pose": [
      [
        -0.3289790167570942,
        -0.944192159519976,
        -0.016552112691119256,
        -9.082772549705396
      ],
      [
        0.9436614256730755,
        -0.3280300875020477,
        -0.04358182407905195,
        1.1919321147852315
      ],
      [
        0.035720025618608146,
        -0.029957095894010168,
        0.9989127350151278,
        0.987046979731808
      ],
      [
        0.0,
        0.0,
        0.0,
        1.0
      ]
    ],
    "location": [
      -9.082772549705396,
      1.1919321147852315,
      0.987046979731808
    ],
    "rotation": [
      -0.029980716760592354,
      -0.035727625967149616,
      1.906241002102849
    ]
  },
  {
    "label_id": "kNtdgBIGtz-619syo5GotQ",
    "size": [
      2.3096827218113516,
      5.064638733456315,
      1.9400000000000048
    ],
    "obj_class": "vehicle",
    "point_num_in_lidar": 52,
    "speed": 8.702311385108233,
    "if_vehicle": true,
    "motion_state": true,
    "pose": [
      [
        -0.1499112137814818,
        -0.9885609012842979,
        -0.016552112691119256,
        -3.7207385222911853
      ],
      [
        0.9878648630141235,
        -0.14907594384081502,
        -0.04358182407905195,
        23.780440807409832
      ],
      [
        0.04061576546921318,
        -0.022884654682708547,
        0.9989127350151278,
        1.3685207258422496
      ],
      [
        0.0,
        0.0,
        0.0,
        1.0
      ]
    ],
    "location": [
      -3.7207385222911853,
      23.780440807409832,
      1.3685207258422496
    ],
    "rotation": [
      -0.022905556696954946,
      -0.040626940668276657,
      1.7214000171533594
    ]
  },
  {
    "label_id": "mS-SuI1AiLLjq3zm4BaeoA",
    "size": [
      0.6861295975515963,
      0.6975727121070656,
      1.5000000000000036
    ],
    "obj_class": "pedestrian",
    "point_num_in_lidar": 23,
    "speed": 1.2723596704622726,
    "if_vehicle": false,
    "motion_state": true,
    "pose": [
      [
        0.03270442221954404,
        0.9993279983732799,
        -0.016552112691119256,
        -6.632101605773187
      ],
      [
        -0.9985386281215511,
        0.03195673260946868,
        -0.04358182407905195,
        -11.934440382825414
      ],
      [
        -0.04302358558298351,
        0.017953242274882746,
        0.9989127350151278,
        0.9380011878029588
      ],
      [
        0.0,
        0.0,
        0.0,
        1.0
      ]
    ],
    "location": [
      -6.632101605773187,
      -11.934440382825414,
      0.9380011878029588
    ],
    "rotation": [
      0.01797084863282514,
      0.043036869634584966,
      -1.5380557450332613
    ]
  },
  {
    "label_id": "rbj9kBChW72Ay5dtSpapXQ",
    "size": [
      2.1360084669821315,
      4.857696674908094,
      1.770000000000004
    ],
    "obj_class": "vehicle",
    "point_num_in_lidar": 468,
    "speed": 0.021301032828369787,
    "if_vehicle": true,
    "motion_state": false,
    "pose": [
      [
        -0.1420389102777478,
        -0.9897226760727321,
        -0.016552112691119256,
        -1.87008305854647
      ],
      [
        0.9890200122710394,
        -0.14120920627684164,
        -0.04358182407905195,
        -24.132419412626405
      ],
      [
        0.040796608860332546,
        -0.02256068549698744,
        0.9989127350151278,
        0.5726063001320965
      ],
      [
        0.0,
        0.0,
        0.0,
        1.0
      ]
    ],
    "location": [
      -1.87008305854647,
      -24.132419412626405,
      0.5726063001320965
    ],
    "rotation": [
      -0.02258140262200773,
      -0.040807934074277526,
      1.7134367962097028
    ]
  },
  {
    "label_id": "ryg82GvjxiurhXuYlN2xPg",
    "size": [
      0.9795127061306962,
      0.8740044961228312,
      1.7100000000000044
    ],
    "obj_class": "pedestrian",
    "point_num_in_lidar": 241,
    "speed": 0.9911967515051481,
    "if_vehicle": false,
    "motion_state": false,
    "pose": [
      [
        -0.14971573829535656,
        -0.9885905245712892,
        -0.016552112691119256,
        14.284221170253431
      ],
      [
        0.9878943211530717,
        -0.14888060600176997,
        -0.04358182407905195,
        -29.87417915934384
      ],
      [
        0.04062028976002019,
        -0.02287662309889601,
        0.9989127350151278,
        0.39891085314776653
      ],
      [
        0.0,
        0.0,
        0.0,
        1.0
      ]
    ],
    "location": [
      14.284221170253431,
      -29.87417915934384,
      0.39891085314776653
    ],
    "rotation": [
      -0.022897520587434435,
      -0.04063146869585022,
      1.7212021712714634
    ]
  },
  {
    "label_id": "t-LPOe5gpociAs9F4-TjPw",
    "size": [
      1.0602432104085486,
      1.9174464105824227,
      1.8000000000000043
    ],
    "obj_class": "cyclist",
    "point_num_in_lidar": 44,
    "speed": 0.057681168144863224,
    "if_vehicle": false,
    "motion_state": false,
    "pose": [
      [
        0.9962471895332228,
        0.08495625293417385,
        -0.016552112691119256,
        -9.641311876174086
      ],
      [
        -0.08560600075336332,
        0.9953754252767936,
        -0.04358182407905195,
        -10.046268050105937
      ],
      [
        0.012773017739359637,
        0.04483522992499255,
        0.9989127350151278,
        1.2293716561566495
      ],
      [
        0.0,
        0.0,
        0.0,
        1.0
      ]
    ],
    "location": [
      -9.641311876174086,
      -10.046268050105937,
      1.2293716561566495
    ],
    "rotation": [
      0.0448539263732294,
      -0.012773365084464187,
      -0.08571791596433814
    ]
  },
  {
    "label_id": "vdhAti93bTRosfry8WrmWQ",
    "size": [
      2.0229448805097685,
      4.197556005392045,
      1.9300000000000042
    ],
    "obj_class": "vehicle",
    "point_num_in_lidar": 3774,
    "speed": 0.01728418092587653,
    "if_vehicle": true,
    "motion_state": false,
    "pose": [
      [
        -0.1420389102779258,
        -0.9897226760727067,
        -0.016552112691119256,
        0.38405376809691916
      ],
      [
        0.9890200122710141,
        -0.14120920627701952,
        -0.04358182407905195,
        -37.710391884736964
      ],
      [
        0.040796608860328494,
        -0.02256068549699478,
        0.9989127350151278,
        0.09830605268149917
      ],
      [
        0.0,
        0.0,
        0.0,
        1.0
      ]
    ],
    "location": [
      0.38405376809691916,
      -37.710391884736964,
      0.09830605268149917
    ],
    "rotation": [
      -0.022581402622015072,
      -0.04080793407427347,
      1.7134367962098829
    ]
  },
  {
    "label_id": "vuY70TBlAdzIOr716UXhow",
    "size": [
      0.8556086793257658,
      1.1211029100138488,
      1.9300000000000042
    ],
    "obj_class": "pedestrian",
    "point_num_in_lidar": 21,
    "speed": 1.515826737596748,
    "if_vehicle": false,
    "motion_state": true,
    "pose": [
      [
        -0.8705458831183374,
        -0.4918087971469954,
        -0.016552112691119256,
        -15.221909642815945
      ],
      [
        0.49203686198315455,
        -0.8694828066498571,
        -0.04358182407905195,
        7.417185798854916
      ],
      [
        0.007042147079131413,
        -0.046084227118536165,
        0.9989127350151278,
        1.6303569629415318
      ],
      [
        0.0,
        0.0,
        0.0,
        1.0
      ]
    ],
    "location": [
      -15.221909642815945,
      7.417185798854916,
      1.6303569629415318
    ],
    "rotation": [
      -0.04610169862828763,
      -0.007042205285930285,
      2.62715075249189
    ]
  },
  {
    "label_id": "wHEo9Sy0NUjNJNQt3GVpFg",
    "size": [
      1.9885844257822876,
      4.469659497880261,
      1.6300000000000043
    ],
    "obj_class": "vehicle",
    "point_num_in_lidar": 25,
    "speed": 5.025866744676526,
    "if_vehicle": true,
    "motion_state": true,
    "pose": [
      [
        0.9773365618376791,
        -0.21104329522817053,
        -0.016552112691119256,
        14.680877634681792
      ],
      [
        0.210166392530777,
        0.9766937657528801,
        -0.04358182407905195,
        -2.8077783253647794
      ],
      [
        0.025363997041152858,
        0.03911541229097979,
        0.9989127350151278,
        0.9108499850669745
      ],
      [
        0.0,
        0.0,
        0.0,
        1.0
      ]
    ],
    "location": [
      14.680877634681792,
      -2.8077783253647794,
      0.9108499850669745
    ],
    "rotation": [
      0.03913799151913192,
      -0.02536671740872467,
      0.21181433203275452
    ]
  }
]