[
  {
    "label_id": "-roDyLaSj9Ly7YWd600gHw",
    "size": [
      2.3762110385419635,
      5.77472060364153,
      2.21
    ],
    "obj_class": "vehicle",
    "point_num_in_lidar": 752,
    "speed": 6.141013700470782,
    "if_vehicle": true,
    "motion_state": true,
    "pose": [
      [
        -0.1690438940249551,
        -0.9856078922566442,
        0.0011156228283342139,
        8.76440327521641
      ],
      [
        0.9845974033206905,
        -0.16892162484392792,
        -0.045093658470355645,
        -37.68181081487819
      ],
      [
        0.044633118499983394,
        -0.006524368283797168,
        0.9989821406569107,
        0.32931187900800474
      ],
      [
        0.0,
        0.0,
        0.0,
        1.0
      ]
    ],
    "location": [
      8.76440327521641,
      -37.68181081487819,
      0.32931187900800474
    ],
    "rotation": [
      -0.00653092308341437,
      -0.04464795085312151,
      1.7408269426162375
    ]
  },
  {
    "label_id": "2xD7DXqVqhgyGAvnNyEh_Q",
    "size": [
      2.1384268411218037,
      4.654138098945802,
      1.9600000000000044
    ],
    "obj_class": "vehicle",
    "point_num_in_lidar": 221,
    "speed": 0.038985017598178184,
    "if_vehicle": true,
    "motion_state": false,
    "pose": [
      [
        -0.14205828324532468,
        -0.9898576663071798,
        0.0011156228283342139,
        -1.0062216209096277
      ],
      [
        0.9888442145636583,
        -0.14196366186366338,
        -0.045093658470355645,
        -29.26614480741955
      ],
      [
        0.04479468144068826,
        -0.005302750528116284,
        0.9989821406569107,
        0.4470309306899072
      ],
      [
        0.0,
        0.0,
        0.0,
        1.0
      ]
    ],
    "location": [
      -1.0062216209096277,
      -29.26614480741955,
      0.4470309306899072
    ],
    "rotation": [
      -0.0053081036275245555,
      -0.04480967554563804,
      1.7134810077264022
    ]
  },
  {
    "label_id": "5OCWU22ua0BgHKgEUw2kpQ",
    "size": [
      1.017185590281019,
      1.0964827223306206,
      1.7825413884871502
    ],
    "obj_class": "pedestrian",
    "point_num_in_lidar": 62,
    "speed": 1.1852431219992328,
    "if_vehicle": false,
    "motion_state": true,
    "pose": [
      [
        -0.16055832310308132,
        -0.9870257242179817,
        0.0011156228283342139,
        12.752177239633966
      ],
      [
        0.9860142207798953,
        -0.16044475181686346,
        -0.045093658470355645,
        -25.928358677945653
      ],
      [
        0.044687596737154424,
        -0.0061401422128191385,
        0.9989821406569107,
        0.5438943867794164
      ],
      [
        0.0,
        0.0,
        0.0,
        1.0
      ]
    ],
    "location": [
      12.752177239633966,
      -25.928358677945653,
      0.5438943867794164
    ],
    "rotation": [
      -0.006146320983610257,
      -0.0447024835014241,
      1.7322152845843235
    ]
  },
  {
    "label_id": "5voCBJ6iDkdItMO3-fiqDg",
    "size": [
      0.9365202509903724,
      1.1978745489032638,
      1.730000000000004
    ],
    "obj_class": "pedestrian",
    "point_num_in_lidar": 124,
    "speed": 1.5509659943481422,
    "if_vehicle": false,
    "motion_state": true,
    "pose": [
      [
        -0.1833862717894743,
        -0.9830402996341819,
        0.0011156228283342139,
        -1.1941759442681814
      ],
      [
        0.9820316994236747,
        -0.18324929274845383,
        -0.045093658470355645,
        -46.92233836885134
      ],
      [
        0.04453332062856615,
        -0.0071739809262014766,
        0.9989821406569107,
        -0.22899065876086588
      ],
      [
        0.0,
        0.0,
        0.0,
        1.0
      ]
    ],
    "location": [
      -1.1941759442681814,
      -46.92233836885134,
      -0.22899065876086588
    ],
    "rotation": [
      -0.007181167025005171,
      -0.04454805365126985,
      1.7554116326163143
    ]
  },
  {
    "label_id": "Ajn5P334xqYzHGHWL_0Qaw",
    "size": [
      2.36278506281118,
      5.609335176106013,
      2.160000000000001
    ],
    "obj_class": "vehicle",
    "point_num_in_lidar": 87,
    "speed": 1.3996947931744483,
    "if_vehicle": true,
    "motion_state": true,
    "pose": [
      [
        -0.07280477146710934,
        -0.9973455873654462,
        0.0011156228283342139,
        5.852347305333069
      ],
      [
        0.9963280072580196,
        -0.07278093101233693,
        -0.045093658470355645,
        -16.270642269249947
      ],
      [
        0.04505515736167846,
        -0.0021715072301443394,
        0.9989821406569107,
        1.0716043896108154
      ],
      [
        0.0,
        0.0,
        0.0,
        1.0
      ]
    ],
    "location": [
      5.852347305333069,
      -16.270642269249947,
      1.0716043896108154
    ],
    "rotation": [
      -0.0021737163474819343,
      -0.045070414718471195,
      1.6437397750006952
    ]
  },
  {
    "label_id": "K_rHufsxHB91zomztpCw9g",
    "size": [
      0.886963257627413,
      0.8221758496597003,
      1.600000000000005
    ],
    "obj_class": "pedestrian",
    "point_num_in_lidar": 223,
    "speed": 0.13798413955422711,
    "if_vehicle": false,
    "motion_state": false,
    "pose": [
      [
        -0.5758611774439634,
        0.8175467324248548,
        0.0011156228283342139,
        15.910320065386031
      ],
      [
        -0.8167445715215218,
        -0.5752346189650662,
        -0.045093658470355645,
        -51.4165262845363
      ],
      [
        -0.03622442826295608,
        -0.02687886615090241,
        0.9989821406569107,
        -0.5319420049667709
      ],
      [
        0.0,
        0.0,
        0.0,
        1.0
      ]
    ],
    "location": [
      15.910320065386031,
      -51.4165262845363,
      -0.5319420049667709
    ],
    "rotation": [
      -0.026899762855281645,
      0.036232355282730694,
      -2.1849161267560393
    ]
  },
  {
    "label_id": "QY1qEYd55QF-nFZcCsP7eA",
    "size": [
      0.8484711943745552,
      0.9635469452995944,
      1.5319292035398284
    ],
    "obj_class": "pedestrian",
    "point_num_in_lidar": 28,
    "speed": 0.9473303483486367,
    "if_vehicle": false,
    "motion_state": false,
    "pose": [
      [
        -0.2281350712399908,
        -0.9736288536480568,
        0.0011156228283342139,
        -3.3544111336914284
      ],
      [
        0.972627570060374,
        -0.22795212638668508,
        -0.045093658470355645,
        -31.30973046502004
      ],
      [
        0.04415879559925367,
        -0.009202359466979811,
        0.9989821406569107,
        0.390105890897944
      ],
      [
        0.0,
        0.0,
        0.0,
        1.0
      ]
    ],
    "location": [
      -3.3544111336914284,
      -31.30973046502004,
      0.390105890897944
    ],
    "rotation": [
      -0.009211475174266326,
      -0.04417315981031084,
      1.8011869354781018
    ]
  },
  {
    "label_id": "QuYOuiSD1qcDP7C_tY12xQ",
    "size": [
      1.0369836013947122,
      1.3268741498980898,
      1.8200000000000038
    ],
    "obj_class": "pedestrian",
    "point_num_in_lidar": 40,
    "speed": 1.2086969030782881,
    "if_vehicle": false,
    "motion_state": true,
    "pose": [
      [
        -0.025097836973979538,
        -0.9996843771735819,
        0.0011156228283342139,
        12.737065582736932
      ],
      [
        0.9986668194353299,
        -0.025122613810691113,
        -0.045093658470355645,
        -19.45629547304634
      ],
      [
        0.04510745324389034,
        -1.76177871873206e-05,
        0.9989821406569107,
        0.9058984418052667
      ],
      [
        0.0,
        0.0,
        0.0,
        1.0
      ]
    ],
    "location": [
      12.737065582736932,
      -19.45629547304634,
      0.9058984418052667
    ],
    "rotation": [
      -1.7635737886073725e-05,
      -0.045122763822917,
      1.5959223795352686
    ]
  },
  {
    "label_id": "S_zkAqSyVSDXt7mjflF5ng",
    "size": [
      2.468297895607546,
      5.136041162096543,
      2.0500000000000034
    ],
    "obj_class": "vehicle",
    "point_num_in_lidar": 205,
    "speed": 0.016467152262008393,
    "if_vehicle": true,
    "motion_state": false,
    "pose": [
      [
        -0.15782717818119046,
        -0.9874661195266741,
        0.0011156228283342139,
        10.308649062707445
      ],
      [
        0.9864543057729576,
        -0.15771640557580346,
        -0.045093658470355645,
        -29.11000126837098
      ],
      [
        0.044704411967446414,
        -0.00601649392761368,
        0.9989821406569107,
        0.4599273914303694
      ],
      [
        0.0,
        0.0,
        0.0,
        1.0
      ]
    ],
    "location": [
      10.308649062707445,
      -29.11000126837098,
      0.4599273914303694
    ],
    "rotation": [
      -0.00602255129587754,
      -0.044719315553092547,
      1.7294461420046874
    ]
  },
  {
    "label_id": "VOMFwLan-yMeZ2OM0S_JtQ",
    "size": [
      2.075210372785642,
      4.523204878148739,
      1.5400000000000045
    ],
    "obj_class": "vehicle",
    "point_num_in_lidar": 77,
    "speed": 8.075276258625516,
    "if_vehicle": true,
    "motion_state": true,
    "pose": [
      [
        -0.1478741701431902,
        -0.9890055536700326,
        0.0011156228283342139,
        -0.7191720309276661
      ],
      [
        0.9879926756146665,
        -0.14777359337016627,
        -0.045093658470355645,
        -13.836933967479126
      ],
      [
        0.044762738256670175,
        -0.0055659601418815595,
        0.9989821406569107,
        0.9098157283481756
      ],
      [
        0.0,
        0.0,
        0.0,
        1.0
      ]
    ],
    "location": [
      -0.7191720309276661,
      -13.836933967479126,
      0.9098157283481756
    ],
    "rotation": [
      -0.005571573626386039,
      -0.04477770028821305,
      1.7193648136939113
    ]
  },
  {
    "label_id": "YMb2DQvXVMNwYg9V1LLfjg",
    "size": [
      2.035551169466051,
      3.7736514423989274,
      1.8000000000000007
    ],
    "obj_class": "vehicle",
    "point_num_in_lidar": 3992,
    "speed": 9.479810937862753,
    "if_vehicle": true,
    "motion_state": true,
    "pose": [
      [
        -0.20285037984807175,
        -0.9792091088124119,
        0.0011156228283342139,
        11.931180685003937
      ],
      [
        0.9782034242596475,
        -0.2026934205455594,
        -0.045093658470355645,
        -58.1566760562946
      ],
      [
        0.044382250530961995,
        -0.0080559596785921,
        0.9989821406569107,
        -0.7337042183880094
      ],
      [
        0.0,
        0.0,
        0.0,
        1.0
      ]
    ],
    "location": [
      11.931180685003937,
      -58.1566760562946,
      -0.7337042183880094
    ],
    "rotation": [
      -0.008063993067581977,
      -0.04439683403722206,
      1.7752686064852163
    ]
  },
  {
    "label_id": "fFlvjmk1h67aKf0yiFwEOw",
    "size": [
      0.8602328125686864,
      1.047075004275744,
      1.7000000000000046
    ],
    "obj_class": "pedestrian",
    "point_num_in_lidar": 197,
    "speed": 1.2430225990627801,
    "if_vehicle": false,
    "motion_state": true,
    "pose": [
      [
        -0.17793044016312187,
        -0.98404243498391,
        0.0011156228283342139,
        18.022239245354058
      ],
      [
        0.98303309045625,
        -0.1777990580227955,
        -0.045093658470355645,
        -49.19214341741463
      ],
      [
        0.04457243017148814,
        -0.006926840343474946,
        0.9989821406569107,
        -0.4333140339129127
      ],
      [
        0.0,
        0.0,
        0.0,
        1.0
      ]
    ],
    "location": [
      18.022239245354058,
      -49.19214341741463,
      -0.4333140339129127
    ],
    "rotation": [
      -0.006933786954792552,
      -0.044587202067489215,
      1.7498591417031217
    ]
  },
  {
    "label_id": "gUKgMUj38YVBqDRACfxBNg",
    "size": [
      1.0028819644260472,
      0.9520999166186406,
      1.690000000000004
    ],
    "obj_class": "pedestrian",
    "point_num_in_lidar": 20,
    "speed": 1.2529014031429206,
    "if_vehicle": false,
    "motion_state": true,
    "pose": [
      [
        -0.1655283234359988,
        -0.9862044055499714,
        0.0011156228283342139,
        13.304006978944244
      ],
      [
        0.9851934870489024,
        -0.16540965824939938,
        -0.045093658470355645,
        -25.33044834033717
      ],
      [
        0.04465609943660051,
        -0.006365173339715553,
        0.9989821406569107,
        0.6094196520057267
      ],
      [
        0.0,
        0.0,
        0.0,
        1.0
      ]
    ],
    "location": [
      13.304006978944244,
      -25.33044834033717,
      0.6094196520057267
    ],
    "rotation": [
      -0.006371572568637906,
      -0.04467095472615623,
      1.7372576349305289
    ]
  },
  {
    "label_id": "kNtdgBIGtz-619syo5GotQ",
    "size": [
      2.3096827218117233,
      5.064638733456315,
      1.9400000000000048
    ],
    "obj_class": "vehicle",
    "point_num_in_lidar": 73,
    "speed": 8.401750556730443,
    "if_vehicle": true,
    "motion_state": true,
    "pose": [
      [
        -0.16141631538740908,
        -0.9868857727784192,
        0.0011156228283342139,
        0.2643241716803004
      ],
      [
        0.9858743684536911,
        -0.1613018648118943,
        -0.045093658470355645,
        -1.0930790114780393
      ],
      [
        0.04468224202956006,
        -0.0061789882463065245,
        0.9989821406569107,
        1.3685207258423242
      ],
      [
        0.0,
        0.0,
        0.0,
        1.0
      ]
    ],
    "location": [
      0.2643241716803004,
      -1.0930790114780393,
      1.3685207258423242
    ],
    "rotation": [
      -0.006185205118896424,
      -0.04469712343982564,
      1.733085469276916
    ]
  },
  {
    "label_id": "mBVZklj4mzD2zJYHiMldUg",
    "size": [
      2.3982298749735453,
      5.942315180112966,
      2.2200000000000006
    ],
    "obj_class": "vehicle",
    "point_num_in_lidar": 9645,
    "speed": 6.964114510246252e-28,
    "if_vehicle": true,
    "motion_state": false,
    "pose": [
      [
        -0.1460240829520675,
        -0.989280406448906,
        0.0011156228283342139,
        15.697817320799004
      ],
      [
        0.9882673420472134,
        -0.14592540083444996,
        -0.045093658470355645,
        -61.380604964237136
      ],
      [
        0.04477307048822632,
        -0.005482226517802366,
        0.9989821406569107,
        -0.8649918833937384
      ],
      [
        0.0,
        0.0,
        0.0,
        1.0
      ]
    ],
    "location": [
      15.697817320799004,
      -61.380604964237136,
      -0.8649918833937384
    ],
    "rotation": [
      -0.005487757249387099,
      -0.04478804288910802,
      1.7174925716549483
    ]
  },
  {
    "label_id": "rbj9kBChW72Ay5dtSpapXQ",
    "size": [
      2.13600846698213,
      4.857696674908094,
      1.770000000000004
    ],
    "obj_class": "vehicle",
    "point_num_in_lidar": 53,
    "speed": 0.005739098427747413,
    "if_vehicle": true,
    "motion_state": false,
    "pose": [
      [
        -0.14205828324580339,
        -0.989857666307111,
        0.0011156228283342139,
        -1.8556173591052811
      ],
      [
        0.9888442145635897,
        -0.1419636618641416,
        -0.045093658470355645,
        -24.125413503687014
      ],
      [
        0.044794681440685685,
        -0.005302750528137948,
        0.9989821406569107,
        0.4796126894131625
      ],
      [
        0.0,
        0.0,
        0.0,
        1.0
      ]
    ],
    "location": [
      -1.8556173591052811,
      -24.125413503687014,
      0.4796126894131625
    ],
    "rotation": [
      -0.0053081036275462404,
      -0.04480967554563547,
      1.7134810077268863
    ]
  },
  {
    "label_id": "ryg82GvjxiurhXuYlN2xPg",
    "size": [
      0.9795127061284739,
      0.8740044961228312,
      1.7100000000000044
    ],
    "obj_class": "pedestrian",
    "point_num_in_lidar": 77,
    "speed": 0.932007711586604,
    "if_vehicle": false,
    "motion_state": false,
    "pose": [
      [
        -0.11372356958336306,
        -0.9935118042111644,
        0.0011156228283342139,
        14.607051607839594
      ],
      [
        0.9924960630634062,
        -0.11365793755562394,
        -0.045093658470355645,
        -32.568674680613185
      ],
      [
        0.044927881375123525,
        -0.00402096054183653,
        0.9989821406569107,
        0.2958344773151058
      ],
      [
        0.0,
        0.0,
        0.0,
        1.0
      ]
    ],
    "location": [
      14.607051607839594,
      -32.568674680613185,
      0.2958344773151058
    ],
    "rotation": [
      -0.004025035747644756,
      -0.044943009717561086,
      1.684882167977656
    ]
  },
  {
    "label_id": "vdhAti93bTRosfry8WrmWQ",
    "size": [
      2.022944880509769,
      4.197556005392045,
      1.9300000000000042
    ],
    "obj_class": "vehicle",
    "point_num_in_lidar": 343,
    "speed": 0.0142584725957243,
    "if_vehicle": true,
    "motion_state": false,
    "pose": [
      [
        -0.142058283245981,
        -0.9898576663070856,
        0.0011156228283342139,
        0.38043059201891083
      ],
      [
        0.9888442145635642,
        -0.14196366186431902,
        -0.045093658470355645,
        -37.67062428545978
      ],
      [
        0.04479468144068474,
        -0.005302750528145985,
        0.9989821406569107,
        0.062404729220540744
      ],
      [
        0.0,
        0.0,
        0.0,
        1.0
      ]
    ],
    "location": [
      0.38043059201891083,
      -37.67062428545978,
      0.062404729220540744
    ],
    "rotation": [
      -0.005308103627554285,
      -0.044809675545634524,
      1.713481007727066
    ]
  },
  {
    "label_id": "yzl0OBtXWrni5zCwbXTsEg",
    "size": [
      0.43711781140991557,
      0.07644024707565171,
      0.5323008849558137
    ],
    "obj_class": "sign",
    "point_num_in_lidar": 47,
    "speed": 0.023847119552224506,
    "if_vehicle": false,
    "motion_state": false,
    "pose": [
      [
        0.14770162041672516,
        0.989031337578329,
        0.0011156228283342139,
        15.437926433537314
      ],
      [
        -0.988018441991188,
        0.14760122035763887,
        -0.045093658470355645,
        -46.119359703487135
      ],
      [
        -0.04476370864415716,
        0.00555815049788934,
        0.9989821406569107,
        1.8479908756525667
      ],
      [
        0.0,
        0.0,
        0.0,
        1.0
      ]
    ],
    "location": [
      15.437926433537314,
      -46.119359703487135,
      1.8479908756525667
    ],
    "rotation": [
      0.005563756267509906,
      0.04477867164936862,
      -1.4224024778744218
    ]
  },
  {
    "label_id": "zio7LK3B97Y8q9gdkrfx6w",
    "size": [
      2.1603748933415994,
      4.926842135581183,
      1.5300000000000047
    ],
    "obj_class": "vehicle",
    "point_num_in_lidar": 5034,
    "speed": 1.6890462602841575e-28,
    "if_vehicle": true,
    "motion_state": false,
    "pose": [
      [
        -0.18024931522925142,
        -0.983620322962621,
        0.0011156228283342139,
        16.844227040407304
      ],
      [
        0.9826112909038062,
        -0.1801155544480113,
        -0.045093658470355645,
        -66.94438197599993
      ],
      [
        0.044555979932457634,
        -0.0070318774729521,
        0.9989821406569107,
        -1.389753491827955
      ],
      [
        0.0,
        0.0,
        0.0,
        1.0
      ]
    ],
    "location": [
      16.844227040407304,
      -66.94438197599993,
      -1.389753491827955
    ],
    "rotation": [
      -0.007038925974213782,
      -0.04457073546926064,
      1.7522184112249277
    ]
  }
]