[
  {
    "label_id": "-roDyLaSj9Ly7YWd600gHw",
    "size": [
      2.3762110385416086,
      5.77472060364153,
      2.21
    ],
    "obj_class": "vehicle",
    "point_num_in_lidar": 5574,
    "speed": 7.738800524210153,
    "if_vehicle": true,
    "motion_state": true,
    "pose": [
      [
        -0.151582262317137,
        -0.9884326298602286,
        0.004873805331677762,
        2.7920757629351556
      ],
      [
        0.9878009600119566,
        -0.15165962723671497,
        -0.035335829774857,
        -0.43743821435236896
      ],
      [
        0.03566624665248183,
        -0.0005419354325833883,
        0.9993636100817915,
        1.5293133284923321
      ],
      [
        0.0,
        0.0,
        0.0,
        1.0
      ]
    ],
    "location": [
      2.7920757629351556,
      -0.43743821435236896,
      1.5293133284923321
    ],
    "rotation": [
      -0.000542280481292545,
      -0.0356738127110487,
      1.7230627969472978
    ]
  },
  {
    "label_id": "0G-ubSILge3wWJWqAwzLaQ",
    "size": [
      2.1623097230288058,
      4.528455986150106,
      1.850000000000004
    ],
    "obj_class": "vehicle",
    "point_num_in_lidar": 659,
    "speed": 0.012248709282842258,
    "if_vehicle": true,
    "motion_state": false,
    "pose": [
      [
        0.9802833374218312,
        -0.19753689375583772,
        0.004873805331677762,
        -19.02168956717196
      ],
      [
        0.1975847010437033,
        0.9796487457490018,
        -0.035335829774857,
        -8.554791291266156
      ],
      [
        0.002205512771807376,
        0.03560211451167129,
        0.9993636100817915,
        1.3585311406517242
      ],
      [
        0.0,
        0.0,
        0.0,
        1.0
      ]
    ],
    "location": [
      -19.02168956717196,
      -8.554791291266156,
      1.3585311406517242
    ],
    "rotation": [
      0.03560972645876776,
      -0.002205514559852322,
      0.19889392423487573
    ]
  },
  {
    "label_id": "0lfvlVD0dFVDDeo9EHj4ow",
    "size": [
      2.702038521072633,
      6.172892319005234,
      2.7499999999999885
    ],
    "obj_class": "vehicle",
    "point_num_in_lidar": 191,
    "speed": 0.009177312002355107,
    "if_vehicle": true,
    "motion_state": false,
    "pose": [
      [
        0.9857653045399997,
        -0.1680565690080299,
        0.004873805331677762,
        38.88333505052174
      ],
      [
        0.16812338155793688,
        0.9851324315581366,
        -0.035335829774857,
        7.266961856843409
      ],
      [
        0.001137074617677528,
        0.03565223563260227,
        0.9993636100817915,
        0.9892191368307257
      ],
      [
        0.0,
        0.0,
        0.0,
        1.0
      ]
    ],
    "location": [
      38.88333505052174,
      7.266961856843409,
      0.9892191368307257
    ],
    "rotation": [
      0.03565981583734951,
      -0.001137074862705631,
      0.16892575307292407
    ]
  },
  {
    "label_id": "2OcPp60f47yILAOIjW5txw",
    "size": [
      1.0592622726031327,
      1.066028306528532,
      1.7800000000000047
    ],
    "obj_class": "pedestrian",
    "point_num_in_lidar": 61,
    "speed": 0.5337308604893631,
    "if_vehicle": false,
    "motion_state": false,
    "pose": [
      [
        -0.9223817137857304,
        -0.38624890950692387,
        0.004873805331677762,
        38.07505855937666
      ],
      [
        0.3858534176109926,
        -0.9218831375245125,
        -0.035335829774857,
        -7.255944917340457
      ],
      [
        0.018141504667911597,
        -0.030712548781774898,
        0.9993636100817915,
        0.8264035191815164
      ],
      [
        0.0,
        0.0,
        0.0,
        1.0
      ]
    ],
    "location": [
      38.07505855937666,
      -7.255944917340457,
      0.8264035191815164
    ],
    "rotation": [
      -0.030722436757474526,
      -0.0181424999197574,
      2.7453911134315194
    ]
  },
  {
    "label_id": "46_9c4l2SJ1GUWIL_ncT0g",
    "size": [
      0.6680003051338714,
      0.5447643847782806,
      1.7100000000000044
    ],
    "obj_class": "pedestrian",
    "point_num_in_lidar": 73,
    "speed": 0.00890150133328025,
    "if_vehicle": false,
    "motion_state": false,
    "pose": [
      [
        -0.20294474683492125,
        -0.9791780613114749,
        0.004873805331677762,
        9.807434021347717
      ],
      [
        0.9785432154242587,
        -0.20298905064380926,
        -0.035335829774857,
        6.6470747905386816
      ],
      [
        0.03558939841107677,
        -0.002401991887248373,
        0.9993636100817915,
        1.0551519498855972
      ],
      [
        0.0,
        0.0,
        0.0,
        1.0
      ]
    ],
    "location": [
      9.807434021347717,
      6.6470747905386816,
      1.0551519498855972
    ],
    "rotation": [
      -0.002403516835778942,
      -0.03559691564980275,
      1.7752920277296653
    ]
  },
  {
    "label_id": "4J73Y4_a-OgE0PICfWLtHA",
    "size": [
      2.339701997771807,
      5.278562788605551,
      2.0900000000000025
    ],
    "obj_class": "vehicle",
    "point_num_in_lidar": 38,
    "speed": 0.006191742877126886,
    "if_vehicle": true,
    "motion_state": false,
    "pose": [
      [
        0.993305866482504,
        -0.11541101174944622,
        0.004873805331677762,
        -61.864058893032734
      ],
      [
        0.1155113762920364,
        0.9926774406025564,
        -0.035335829774857,
        -8.81777719771162
      ],
      [
        -0.000759972737322522,
        0.035662266974034164,
        0.9993636100817915,
        1.5107954226811984
      ],
      [
        0.0,
        0.0,
        0.0,
        1.0
      ]
    ],
    "location": [
      -61.864058893032734,
      -8.81777719771162,
      1.5107954226811984
    ],
    "rotation": [
      0.035669840804312854,
      0.0007599728104773346,
      0.11576984029495505
    ]
  },
  {
    "label_id": "4SpFUxzqvfhAQYbRKCel4w",
    "size": [
      2.261872947513715,
      4.8971219523584635,
      1.5900000000000043
    ],
    "obj_class": "vehicle",
    "point_num_in_lidar": 303,
    "speed": 3.552713678800501e-14,
    "if_vehicle": true,
    "motion_state": false,
    "pose": [
      [
        0.9819386748460018,
        -0.18913668301856926,
        0.004873805331677762,
        -19.041156349028142
      ],
      [
        0.18918992178859126,
        0.9813045157481692,
        -0.035335829774857,
        -5.322121320890801
      ],
      [
        0.0019006144544723577,
        0.035619692713219915,
        0.9993636100817915,
        1.1003903674379547
      ],
      [
        0.0,
        0.0,
        0.0,
        1.0
      ]
    ],
    "location": [
      -19.041156349028142,
      -5.322121320890801,
      1.1003903674379547
    ],
    "rotation": [
      0.03562729354818183,
      -0.0019006155987503336,
      0.19033745198769644
    ]
  },
  {
    "label_id": "56KZFAsnH_K9TXcdzOHYfA",
    "size": [
      2.148216550102105,
      4.504355029583435,
      1.4500000000000037
    ],
    "obj_class": "vehicle",
    "point_num_in_lidar": 496,
    "speed": 0.01606329581586462,
    "if_vehicle": true,
    "motion_state": false,
    "pose": [
      [
        0.9896811624679417,
        -0.14320419923204933,
        0.004873805331677762,
        15.438399623449868
      ],
      [
        0.14328691200344207,
        0.9890501706094793,
        -0.035335829774857,
        3.7060422109752835
      ],
      [
        0.00023980121229512206,
        0.0356695576040318,
        0.9993636100817915,
        0.7210024901360441
      ],
      [
        0.0,
        0.0,
        0.0,
        1.0
      ]
    ],
    "location": [
      15.438399623449868,
      3.7060422109752835,
      0.7210024901360441
    ],
    "rotation": [
      0.03567712679694066,
      -0.0002398012145934018,
      0.1437818095215705
    ]
  },
  {
    "label_id": "7895HQG9qOZmWXe25Kltyg",
    "size": [
      2.104242263463557,
      4.591495372947606,
      1.7100000000000044
    ],
    "obj_class": "vehicle",
    "point_num_in_lidar": 1410,
    "speed": 2.8421709430404007e-13,
    "if_vehicle": true,
    "motion_state": false,
    "pose": [
      [
        0.9802833374218061,
        -0.19753689375596264,
        0.004873805331677762,
        -12.08488230777266
      ],
      [
        0.19758470104382814,
        0.9796487457489766,
        -0.035335829774857,
        -3.9045444608836988
      ],
      [
        0.0022055127718119136,
        0.03560211451167101,
        0.9993636100817915,
        1.0506343079994505
      ],
      [
        0.0,
        0.0,
        0.0,
        1.0
      ]
    ],
    "location": [
      -12.08488230777266,
      -3.9045444608836988,
      1.0506343079994505
    ],
    "rotation": [
      0.03560972645876748,
      -0.0022055145598568597,
      0.19889392423500307
    ]
  },
  {
    "label_id": "8_0szobTCQqOKZ5WHo3Kog",
    "size": [
      2.1793743279273796,
      5.266204570828405,
      1.9600000000000044
    ],
    "obj_class": "vehicle",
    "point_num_in_lidar": 320,
    "speed": 0.00882534690769237,
    "if_vehicle": true,
    "motion_state": false,
    "pose": [
      [
        0.9829647969063219,
        -0.18372929560770146,
        0.004873805331677762,
        24.380718407177255
      ],
      [
        0.18378602393917837,
        0.9823309404364448,
        -0.035335829774857,
        2.2313965466255468
      ],
      [
        0.0017045373392769452,
        0.0356296140415213,
        0.9993636100817915,
        1.0289967395263506
      ],
      [
        0.0,
        0.0,
        0.0,
        1.0
      ]
    ],
    "location": [
      24.380718407177255,
      2.2313965466255468,
      1.0289967395263506
    ],
    "rotation": [
      0.03563720859496213,
      -0.0017045381646853279,
      0.18483697808045293
    ]
  },
  {
    "label_id": "94aiZ8MRixFdnh4AdsXx2Q",
    "size": [
      0.7515883471677364,
      0.8679089169108871,
      1.9400000000000048
    ],
    "obj_class": "pedestrian",
    "point_num_in_lidar": 305,
    "speed": 0.09032179886656858,
    "if_vehicle": false,
    "motion_state": false,
    "pose": [
      [
        -0.5069886158271389,
        0.8619389708345194,
        0.004873805331677762,
        12.366819959680697
      ],
      [
        -0.861498219130353,
        -0.5065295623844205,
        -0.035335829774857,
        -10.441975299663682
      ],
      [
        -0.027988602267922418,
        -0.022113638040286564,
        0.9993636100817915,
        1.1977004873701187
      ],
      [
        0.0,
        0.0,
        0.0,
        1.0
      ]
    ],
    "location": [
      12.366819959680697,
      -10.441975299663682,
      1.1977004873701187
    ],
    "rotation": [
      -0.022124109449436016,
      0.02799225775725016,
      -2.1027143686252225
    ]
  },
  {
    "label_id": "9iYq7jdXbd8oinkPb-bYgQ",
    "size": [
      0.9224308020227665,
      1.0171580896583552,
      1.7400000000000038
    ],
    "obj_class": "pedestrian",
    "point_num_in_lidar": 154,
    "speed": 0.9851310040212652,
    "if_vehicle": false,
    "motion_state": false,
    "pose": [
      [
        -0.24266339719761348,
        -0.9700983051640191,
        0.004873805331677762,
        -10.191575383258396
      ],
      [
        0.9694621814871904,
        -0.24268180360344255,
        -0.035335829774857,
        3.438223413120795
      ],
      [
        0.03546201244445669,
        -0.0038497425469711574,
        0.9993636100817915,
        1.1439225776753865
      ],
      [
        0.0,
        0.0,
        0.0,
        1.0
      ]
    ],
    "location": [
      -10.191575383258396,
      3.438223413120795,
      1.1439225776753865
    ],
    "rotation": [
      -0.0038521749898455726,
      -0.03546944922155718,
      1.8160641305029448
    ]
  },
  {
    "label_id": "Ajn5P334xqYzHGHWL_0Qaw",
    "size": [
      2.3627850628106035,
      5.609335176106013,
      2.160000000000001
    ],
    "obj_class": "vehicle",
    "point_num_in_lidar": 1141,
    "speed": 6.072918868571808,
    "if_vehicle": true,
    "motion_state": true,
    "pose": [
      [
        0.9858119443168044,
        -0.16778276569394937,
        0.004873805331677762,
        20.328417339370617
      ],
      [
        0.16784975402208274,
        0.9851790899165738,
        -0.035335829774857,
        -2.261320231940772
      ],
      [
        0.0011271721466232687,
        0.035652550080473036,
        0.9993636100817915,
        1.326610354147614
      ],
      [
        0.0,
        0.0,
        0.0,
        1.0
      ]
    ],
    "location": [
      20.328417339370617,
      -2.261320231940772,
      1.326610354147614
    ],
    "rotation": [
      0.035660130085511596,
      -0.00112717238530531,
      0.1686481789453819
    ]
  },
  {
    "label_id": "Auz5h-zv8hbYEMOyMxaSCg",
    "size": [
      2.065801327339942,
      4.534804998051753,
      1.5400000000000045
    ],
    "obj_class": "vehicle",
    "point_num_in_lidar": 292,
    "speed": 0.0,
    "if_vehicle": true,
    "motion_state": false,
    "pose": [
      [
        0.983731705891458,
        -0.1795777738069804,
        0.004873805331677762,
        26.31205264926075
      ],
      [
        0.1796371776505027,
        0.983098094566297,
        -0.035335829774857,
        -6.68902318711298
      ],
      [
        0.0015541009117317657,
        0.035636492737710815,
        0.9993636100817915,
        0.6758499850669359
      ],
      [
        0.0,
        0.0,
        0.0,
        1.0
      ]
    ],
    "location": [
      26.31205264926075,
      -6.68902318711298,
      0.6758499850669359
    ],
    "rotation": [
      0.035644082931906865,
      -0.0015541015373175444,
      0.18061783733591735
    ]
  },
  {
    "label_id": "B6xeIGelvSq42ol4SnNpDg",
    "size": [
      0.7251573055731386,
      0.9402309291111298,
      1.6300000000000043
    ],
    "obj_class": "pedestrian",
    "point_num_in_lidar": 49,
    "speed": 1.3378739198099168,
    "if_vehicle": false,
    "motion_state": true,
    "pose": [
      [
        -0.9516315116148047,
        -0.3072030470605894,
        0.004873805331677762,
        -17.521702198940375
      ],
      [
        0.30685094513268724,
        -0.9511014018522413,
        -0.035335829774857,
        8.36448290565204
      ],
      [
        0.015490757660564018,
        -0.03213115733039253,
        0.9993636100817915,
        1.3236369398721441
      ],
      [
        0.0,
        0.0,
        0.0,
        1.0
      ]
    ],
    "location": [
      -17.521702198940375,
      8.36448290565204,
      1.3236369398721441
    ],
    "rotation": [
      -0.03214054650186094,
      -0.015491377263732526,
      2.8296713772047375
    ]
  },
  {
    "label_id": "Bs2WH-lVULU90VRe2Gi_lw",
    "size": [
      0.4757187935269533,
      0.1066008353852407,
      0.6144049904030737
    ],
    "obj_class": "sign",
    "point_num_in_lidar": 56,
    "speed": 0.008236809299483045,
    "if_vehicle": false,
    "motion_state": false,
    "pose": [
      [
        0.9939794532849214,
        -0.1094581768028203,
        0.004873805331677762,
        -15.190689904431792
      ],
      [
        0.10956230436051821,
        0.9933516399530103,
        -0.035335829774857,
        0.9695653567705449
      ],
      [
        -0.0009736070160631725,
        0.0356570741041246,
        0.9993636100817915,
        3.558953067580944
      ],
      [
        0.0,
        0.0,
        0.0,
        1.0
      ]
    ],
    "location": [
      -15.190689904431792,
      0.9695653567705449,
      3.558953067580944
    ],
    "rotation": [
      0.03566465123513506,
      0.0009736071698786436,
      0.10978274497196376
    ]
  },
  {
    "label_id": "CxbtD4PgRVqlo5t1DPk9WA",
    "size": [
      1.8418395196122683,
      3.7532901285724676,
      1.650000000000004
    ],
    "obj_class": "vehicle",
    "point_num_in_lidar": 35,
    "speed": 3.552713678800501e-13,
    "if_vehicle": true,
    "motion_state": false,
    "pose": [
      [
        -0.09699831647261244,
        -0.9952726122138937,
        0.004873805331677762,
        -0.7426739788334089
      ],
      [
        0.9946461525150935,
        -0.09711030028294403,
        -0.035335829774857,
        40.65368443455009
      ],
      [
        0.03564208030404725,
        0.0014201957219368948,
        0.9993636100817915,
        1.349927391430155
      ],
      [
        0.0,
        0.0,
        0.0,
        1.0
      ]
    ],
    "location": [
      -0.7426739788334089,
      40.65368443455009,
      1.349927391430155
    ],
    "rotation": [
      0.001421099139062444,
      -0.03564963098758805,
      1.668009357557629
    ]
  },
  {
    "label_id": "DXY4_S8POdnu7YJL2WT3rA",
    "size": [
      2.2319601337049697,
      5.01468204222107,
      1.7400000000000038
    ],
    "obj_class": "vehicle",
    "point_num_in_lidar": 22,
    "speed": 2.929642751054232e-13,
    "if_vehicle": true,
    "motion_state": false,
    "pose": [
      [
        0.9878212056993367,
        -0.15551691738295728,
        0.004873805331677762,
        -29.33975607354955
      ],
      [
        0.15559176643222744,
        0.9871892327981607,
        -0.035335829774857,
        -6.852384944442747
      ],
      [
        0.0006839511735681212,
        0.03566380595338831,
        0.9993636100817915,
        1.2353903674380788
      ],
      [
        0.0,
        0.0,
        0.0,
        1.0
      ]
    ],
    "location": [
      -29.33975607354955,
      -6.852384944442747,
      1.2353903674380788
    ],
    "rotation": [
      0.03567137880507993,
      -0.0006839512268922953,
      0.1562265241052123
    ]
  },
  {
    "label_id": "Dim3jKxYp8w_rgP9Tzan-A",
    "size": [
      2.107997291323906,
      4.492720993371877,
      1.8347182420150379
    ],
    "obj_class": "vehicle",
    "point_num_in_lidar": 264,
    "speed": 0.025621622523111797,
    "if_vehicle": true,
    "motion_state": false,
    "pose": [
      [
        0.9890108939733278,
        -0.14776230109086613,
        0.004873805331677762,
        -36.70988738763754
      ],
      [
        0.14784210590255695,
        0.988379527740442,
        -0.035335829774857,
        -17.67039387378827
      ],
      [
        0.0004041341064654972,
        0.03566807423891501,
        0.9993636100817915,
        1.2350179292504757
      ],
      [
        0.0,
        0.0,
        0.0,
        1.0
      ]
    ],
    "location": [
      -36.70988738763754,
      -17.67039387378827,
      1.2350179292504757
    ],
    "rotation": [
      0.03567564437565879,
      -0.00040413411746632313,
      0.1483860565937186
    ]
  },
  {
    "label_id": "EAPUGFwlCZxnOc2oZvepvg",
    "size": [
      0.816536308000388,
      0.9894246705008585,
      1.6400000000000041
    ],
    "obj_class": "pedestrian",
    "point_num_in_lidar": 164,
    "speed": 1.5025257078685632,
    "if_vehicle": false,
    "motion_state": true,
    "pose": [
      [
        0.12858906035706927,
        0.9916859883945497,
        0.004873805331677762,
        -7.125570467023408
      ],
      [
        -0.9910562853568536,
        0.12868107237972812,
        -0.035335829774857,
        -9.427162790410875
      ],
      [
        -0.03566921377267095,
        -0.0002864142598787799,
        0.9993636100817915,
        1.1098438748272361
      ],
      [
        0.0,
        0.0,
        0.0,
        1.0
      ]
    ],
    "location": [
      -7.125570467023408,
      -9.427162790410875,
      1.1098438748272361
    ],
    "rotation": [
      -0.00028659663924879373,
      0.03567678172040638,
      -1.4417676646987594
    ]
  },
  {
    "label_id": "EfwDhyFr1GT4NZeNIYzvxA",
    "size": [
      1.9946882009717213,
      4.3108038514819835,
      1.7100000000000044
    ],
    "obj_class": "vehicle",
    "point_num_in_lidar": 69,
    "speed": 0.013945981742707645,
    "if_vehicle": true,
    "motion_state": false,
    "pose": [
      [
        0.9892755559842744,
        -0.14597986283591868,
        0.004873805331677762,
        40.499487854254994
      ],
      [
        0.14606080524044704,
        0.9886443345848063,
        -0.035335829774857,
        -4.259495985557805
      ],
      [
        0.00033985955469455345,
        0.03566874457801737,
        0.9993636100817915,
        0.6808499850669012
      ],
      [
        0.0,
        0.0,
        0.0,
        1.0
      ]
    ],
    "location": [
      40.499487854254994,
      -4.259495985557805,
      0.6808499850669012
    ],
    "rotation": [
      0.0356763142882575,
      -0.00033985956123710613,
      0.14658520141994824
    ]
  },
  {
    "label_id": "Epgsupn8EYYShv3D2Ns2xg",
    "size": [
      1.011748506594948,
      1.0472548432567341,
      1.8199410029498218
    ],
    "obj_class": "pedestrian",
    "point_num_in_lidar": 224,
    "speed": 0.5446817192307204,
    "if_vehicle": false,
    "motion_state": false,
    "pose": [
      [
        -0.04712601258964795,
        -0.9988770619846015,
        0.004873805331677762,
        10.720294746909076
      ],
      [
        0.9982569832278594,
        -0.04726917146444987,
        -0.035335829774857,
        4.3292841309266805
      ],
      [
        0.03552653056820458,
        0.0032000734484049316,
        0.9993636100817915,
        0.9363848808065143
      ],
      [
        0.0,
        0.0,
        0.0,
        1.0
      ]
    ],
    "location": [
      10.720294746909076,
      4.3292841309266805,
      0.9363848808065143
    ],
    "rotation": [
      0.0032021002954821702,
      -0.035534008025121286,
      1.6179696012207678
    ]
  },
  {
    "label_id": "GKvQpjfig1hlng0vlNSl4g",
    "size": [
      0.7625823917676927,
      0.8797327453485261,
      2.0900000000000025
    ],
    "obj_class": "pedestrian",
    "point_num_in_lidar": 28,
    "speed": 0.1629390450292352,
    "if_vehicle": false,
    "motion_state": false,
    "pose": [
      [
        0.8401891250363063,
        -0.5422715926473699,
        0.004873805331677762,
        53.35530642687695
      ],
      [
        0.5420840704599573,
        0.8395809905468836,
        -0.035335829774857,
        -3.3828993993283802
      ],
      [
        0.015069662381425358,
        0.032330792133794285,
        0.9993636100817915,
        0.7230483135233117
      ],
      [
        0.0,
        0.0,
        0.0,
        1.0
      ]
    ],
    "location": [
      53.35530642687695,
      -3.3828993993283802,
      0.7230483135233117
    ],
    "rotation": [
      0.03234010086277475,
      -0.015070232813191812,
      0.5729884724730787
    ]
  },
  {
    "label_id": "HAwzx47-xhwNNgj0RAxUNQ",
    "size": [
      1.0428727676013612,
      0.9653574371278288,
      2.0400000000000036
    ],
    "obj_class": "pedestrian",
    "point_num_in_lidar": 26,
    "speed": 0.49934931908750996,
    "if_vehicle": false,
    "motion_state": false,
    "pose": [
      [
        -0.059023761890751335,
        -0.9982446802031317,
        0.004873805331677762,
        -16.927751213218244
      ],
      [
        0.99762293979687,
        -0.05915952269223273,
        -0.035335829774857,
        31.4944912999199
      ],
      [
        0.03556213609043134,
        0.002776566400142747,
        0.9993636100817915,
        1.6882243171691194
      ],
      [
        0.0,
        0.0,
        0.0,
        1.0
      ]
    ],
    "location": [
      -16.927751213218244,
      31.4944912999199,
      1.6882243171691194
    ],
    "rotation": [
      0.0027783273554569878,
      -0.03556963606068652,
      1.6298918371145805
    ]
  },
  {
    "label_id": "IGBmzIiv4jqIHomOewuqIQ",
    "size": [
      2.8065665144207075,
      5.908068729613541,
      2.259999999999999
    ],
    "obj_class": "vehicle",
    "point_num_in_lidar": 248,
    "speed": 1.1368683772161603e-12,
    "if_vehicle": true,
    "motion_state": false,
    "pose": [
      [
        -0.1578254018747303,
        -0.9874550058330095,
        0.004873805331677762,
        1.8125822887120648
      ],
      [
        0.9868228597078215,
        -0.1578987735614164,
        -0.035335829774857,
        24.846721260779304
      ],
      [
        0.03566210988089466,
        -0.0007673090197283888,
        0.9993636100817915,
        1.4749273914301888
      ],
      [
        0.0,
        0.0,
        0.0,
        1.0
      ]
    ],
    "location": [
      1.8125822887120648,
      24.846721260779304,
      1.4749273914301888
    ],
    "rotation": [
      -0.0007677974875291294,
      -0.03566967330609975,
      1.7293861237900807
    ]
  },
  {
    "label_id": "IswoOeecokrg845OsZfmfA",
    "size": [
      0.9821389224117953,
      1.2133081386274753,
      1.8000000000000043
    ],
    "obj_class": "pedestrian",
    "point_num_in_lidar": 650,
    "speed": 1.5195465780963313,
    "if_vehicle": false,
    "motion_state": true,
    "pose": [
      [
        -0.1803937649639292,
        -0.9835823989802419,
        0.004873805331677762,
        -5.862962993250221
      ],
      [
        0.9829487385947346,
        -0.18045264317582668,
        -0.035335829774857,
        -9.512502084326115
      ],
      [
        0.035635191274336994,
        -0.0015836625682820145,
        0.9993636100817915,
        1.2303788859245621
      ],
      [
        0.0,
        0.0,
        0.0,
        1.0
      ]
    ],
    "location": [
      -5.862962993250221,
      -9.512502084326115,
      1.2303788859245621
    ],
    "rotation": [
      -0.0015846697104896568,
      -0.03564273757878498,
      1.75229965668641
    ]
  },
  {
    "label_id": "KPjwhQnTMm8REbWc23AAVA",
    "size": [
      0.964197973591372,
      1.9235864377544982,
      1.8000000000000043
    ],
    "obj_class": "cyclist",
    "point_num_in_lidar": 331,
    "speed": 1.1561585043832407,
    "if_vehicle": false,
    "motion_state": true,
    "pose": [
      [
        0.9779748632187963,
        0.20866579243796848,
        0.004873805331677762,
        -11.761698767250891
      ],
      [
        -0.20836952244904536,
        0.9774116437041657,
        -0.035335829774857,
        -11.73774441147907
      ],
      [
        -0.012137093001752985,
        0.03354200080131713,
        0.9993636100817915,
        1.1301195434177798
      ],
      [
        0.0,
        0.0,
        0.0,
        1.0
      ]
    ],
    "location": [
      -11.761698767250891,
      -11.73774441147907,
      1.1301195434177798
    ],
    "rotation": [
      0.0335507656646894,
      0.012137391005400296,
      -0.20992328695233503
    ]
  },
  {
    "label_id": "MNZBjj1xxAIsDzI0_MwKWQ",
    "size": [
      2.0034397093937812,
      4.503939814433242,
      1.480000000000004
    ],
    "obj_class": "vehicle",
    "point_num_in_lidar": 43,
    "speed": 0.01601018718723948,
    "if_vehicle": true,
    "motion_state": false,
    "pose": [
      [
        -0.15299563724599047,
        -0.9882148455701736,
        0.004873805331677762,
        0.3918111131956721
      ],
      [
        0.9875830657304046,
        -0.15307209875303018,
        -0.035335829774857,
        34.55676398914693
      ],
      [
        0.03566543517508788,
        -0.000592940182788574,
        0.9993636100817915,
        1.1745274360981162
      ],
      [
        0.0,
        0.0,
        0.0,
        1.0
      ]
    ],
    "location": [
      0.3918111131956721,
      34.55676398914693,
      1.1745274360981162
    ],
    "rotation": [
      -0.000593317694610953,
      -0.03567300071704102,
      1.7244937797395927
    ]
  },
  {
    "label_id": "M_1TRWLs6EJ0geewnQxZ6w",
    "size": [
      0.4204623286783264,
      0.06393782410658118,
      0.4800000000000031
    ],
    "obj_class": "sign",
    "point_num_in_lidar": 35,
    "speed": 0.009838283392376745,
    "if_vehicle": false,
    "motion_state": false,
    "pose": [
      [
        -0.9937171343496183,
        0.11181459172027385,
        0.004873805331677762,
        21.7326889172723
      ],
      [
        -0.1119172304415831,
        -0.9930890758962198,
        -0.035335829774857,
        6.696347501165292
      ],
      [
        0.0008890614535612066,
        -0.03565928229816961,
        0.9993636100817915,
        2.3250917094645676
      ],
      [
        0.0,
        0.0,
        0.0,
        1.0
      ]
    ],
    "location": [
      21.7326889172723,
      6.696347501165292,
      2.3250917094645676
    ],
    "rotation": [
      -0.03566685802582572,
      -0.0008890615706847623,
      -3.0294404159354755
    ]
  },
  {
    "label_id": "Naa-LlLyB0BSLRLoqgivZw",
    "size": [
      0.8900340684653751,
      0.780395166582821,
      1.980000000000004
    ],
    "obj_class": "pedestrian",
    "point_num_in_lidar": 281,
    "speed": 0.08529754620732447,
    "if_vehicle": false,
    "motion_state": false,
    "pose": [
      [
        0.8260092841334022,
        -0.5636354393994519,
        0.004873805331677762,
        16.758975936907746
      ],
      [
        0.5634323865312212,
        0.8254061575623572,
        -0.035335829774857,
        -12.22225519159474
      ],
      [
        0.015893657010168687,
        0.031933783226105183,
        0.9993636100817915,
        1.1525602192011277
      ],
      [
        0.0,
        0.0,
        0.0,
        1.0
      ]
    ],
    "location": [
      16.758975936907746,
      -12.22225519159474,
      1.1525602192011277
    ],
    "rotation": [
      0.03194324941167816,
      -0.01589432623127854,
      0.5986207152997426
    ]
  },
  {
    "label_id": "Nbiu49Bd3oWtVB6uNPt61g",
    "size": [
      1.840533948705952,
      4.211552265319951,
      1.440000000000004
    ],
    "obj_class": "vehicle",
    "point_num_in_lidar": 47,
    "speed": 5.955433342649105e-13,
    "if_vehicle": true,
    "motion_state": false,
    "pose": [
      [
        0.9809527401127124,
        -0.19418539514327618,
        0.004873805331677762,
        33.60622783538702
      ],
      [
        0.19423537101565816,
        0.9803183155386478,
        -0.035335829774857,
        -5.45911324878216
      ],
      [
        0.0020838214345325254,
        0.03560944442865886,
        0.9993636100817915,
        0.6258499850669459
      ],
      [
        0.0,
        0.0,
        0.0,
        1.0
      ]
    ],
    "location": [
      33.60622783538702,
      -5.45911324878216,
      0.6258499850669459
    ],
    "rotation": [
      0.03561705174479061,
      -0.0020838229426358634,
      0.19547834572228176
    ]
  },
  {
    "label_id": "Nmy7XaAnS8kQcj-6ESpWkA",
    "size": [
      2.2707387280698716,
      4.824548609489026,
      1.8600000000000048
    ],
    "obj_class": "vehicle",
    "point_num_in_lidar": 34,
    "speed": 1.421529491362787e-12,
    "if_vehicle": true,
    "motion_state": false,
    "pose": [
      [
        0.9821781371728847,
        -0.18788920373771056,
        0.004873805331677762,
        -47.05148377841783
      ],
      [
        0.18794324801769957,
        0.9815440462142693,
        -0.035335829774857,
        -6.461316528733732
      ],
      [
        0.0018553663140934964,
        0.035622078267968704,
        0.9993636100817915,
        1.3009071656860876
      ],
      [
        0.0,
        0.0,
        0.0,
        1.0
      ]
    ],
    "location": [
      -47.05148377841783,
      -6.461316528733732,
      1.3009071656860876
    ],
    "rotation": [
      0.03562967759319702,
      -0.0018553673785757473,
      0.18906798611941936
    ]
  },
  {
    "label_id": "QCejAUMzNgKQBygPRkJ3vA",
    "size": [
      0.8928711067147999,
      1.04776036441304,
      1.810000000000004
    ],
    "obj_class": "pedestrian",
    "point_num_in_lidar": 136,
    "speed": 0.9877217173317552,
    "if_vehicle": false,
    "motion_state": false,
    "pose": [
      [
        -0.9407939924921038,
        -0.33894381497876047,
        0.004873805331677762,
        -15.347223443742678
      ],
      [
        0.33857413353515314,
        -0.9402759888644623,
        -0.035335829774857,
        5.727815213564099
      ],
      [
        0.016559583077106303,
        -0.03159359195471726,
        0.9993636100817915,
        1.2528105637498923
      ],
      [
        0.0,
        0.0,
        0.0,
        1.0
      ]
    ],
    "location": [
      -15.347223443742678,
      5.727815213564099,
      1.2528105637498923
    ],
    "rotation": [
      -0.03160318505027817,
      -0.016560339998083554,
      2.796142188085108
    ]
  },
  {
    "label_id": "QI6v9jel5xYOVo6vDnR8gg",
    "size": [
      2.2707387280708193,
      4.824548609489026,
      2.0800000000000027
    ],
    "obj_class": "vehicle",
    "point_num_in_lidar": 31,
    "speed": 1.7067822212573438e-12,
    "if_vehicle": true,
    "motion_state": false,
    "pose": [
      [
        0.9882860664780005,
        -0.15253490363529898,
        0.004873805331677762,
        -42.44557205149272
      ],
      [
        0.15261165967696524,
        0.9876543223541141,
        -0.035335829774857,
        -18.67676346555345
      ],
      [
        0.0005763124874370721,
        0.03566570773453942,
        0.9993636100817915,
        1.3208271902156223
      ],
      [
        0.0,
        0.0,
        0.0,
        1.0
      ]
    ],
    "location": [
      -42.44557205149272,
      -18.67676346555345,
      1.3208271902156223
    ],
    "rotation": [
      0.03567327937671685,
      -0.000576312519339439,
      0.15321037716802388
    ]
  },
  {
    "label_id": "QJJ1ZtpUNpFmIh-2N5LJAQ",
    "size": [
      0.9265872952416279,
      1.0064635443185523,
      1.7100000000000044
    ],
    "obj_class": "pedestrian",
    "point_num_in_lidar": 75,
    "speed": 1.2797987626698613,
    "if_vehicle": false,
    "motion_state": true,
    "pose": [
      [
        0.9855519006289135,
        -0.1693035651967346,
        0.004873805331677762,
        33.40726094439265
      ],
      [
        0.16936957702052707,
        0.984918943626332,
        -0.035335829774857,
        -8.035871671459972
      ],
      [
        0.0011821787613517701,
        0.03565076854241672,
        0.9993636100817915,
        0.8179621738505256
      ],
      [
        0.0,
        0.0,
        0.0,
        1.0
      ]
    ],
    "location": [
      33.40726094439265,
      -8.035871671459972,
      0.8179621738505256
    ],
    "rotation": [
      0.03565834967883302,
      -0.0011821790367102661,
      0.1701900895474792
    ]
  },
  {
    "label_id": "QuYOuiSD1qcDP7C_tY12xQ",
    "size": [
      1.0369836013931104,
      1.3268741498980898,
      1.8200000000000038
    ],
    "obj_class": "pedestrian",
    "point_num_in_lidar": 508,
    "speed": 1.5960228920756392,
    "if_vehicle": false,
    "motion_state": true,
    "pose": [
      [
        -0.1824940328378863,
        -0.9831948809875657,
        0.004873805331677762,
        11.304065552296152
      ],
      [
        0.9825610962985155,
        -0.18255155757971922,
        -0.035335829774857,
        -10.195345980524507
      ],
      [
        0.035631727704725516,
        -0.0016597665694478606,
        0.9993636100817915,
        1.1380574290781063
      ],
      [
        0.0,
        0.0,
        0.0,
        1.0
      ]
    ],
    "location": [
      11.304065552296152,
      -10.195345980524507,
      1.1380574290781063
    ],
    "rotation": [
      -0.0016608219737465097,
      -0.03563927180815484,
      1.7544367557893554
    ]
  },
  {
    "label_id": "R93xvYIXTlVVyNSm8wlW7Q",
    "size": [
      0.9351580605177838,
      1.1194676263937353,
      1.8200000000000038
    ],
    "obj_class": "pedestrian",
    "point_num_in_lidar": 26,
    "speed": 1.0455853561739044,
    "if_vehicle": false,
    "motion_state": true,
    "pose": [
      [
        -0.9955182245329992,
        0.09444421975035774,
        0.004873805331677762,
        38.41122376361818
      ],
      [
        -0.09455781062965207,
        -0.9948920542365634,
        -0.035335829774857,
        -9.019604662646088
      ],
      [
        0.0015116453260641757,
        -0.0356383188814645,
        0.9993636100817915,
        0.8627323954279085
      ],
      [
        0.0,
        0.0,
        0.0,
        1.0
      ]
    ],
    "location": [
      38.41122376361818,
      -9.019604662646088,
      0.8627323954279085
    ],
    "rotation": [
      -0.03564590791781007,
      -0.001511645901767733,
      -3.046893254720376
    ]
  },
  {
    "label_id": "S728HGpQewxrenfG0threA",
    "size": [
      0.8266434409190009,
      0.6878010899886708,
      1.8400000000000043
    ],
    "obj_class": "pedestrian",
    "point_num_in_lidar": 493,
    "speed": 0.045250009629178106,
    "if_vehicle": false,
    "motion_state": false,
    "pose": [
      [
        0.999621737235732,
        -0.027067110436949593,
        0.004873805331677762,
        -5.818479916483966
      ],
      [
        0.027222686659023193,
        0.9990046568786287,
        -0.035335829774857,
        -15.929825947961945
      ],
      [
        -0.003912515416168668,
        0.03545514162159,
        0.9993636100817915,
        1.0674121636724898
      ],
      [
        0.0,
        0.0,
        0.0,
        1.0
      ]
    ],
    "location": [
      -5.818479916483966,
      -15.929825947961945,
      1.0674121636724898
    ],
    "rotation": [
      0.035462845618777016,
      0.003912525398222936,
      0.027226258560435673
    ]
  },
  {
    "label_id": "SbIFzI41IKt7umRA2_umCg",
    "size": [
      0.4787538999150939,
      0.09925745571465848,
      0.604764883797257
    ],
    "obj_class": "sign",
    "point_num_in_lidar": 36,
    "speed": 0.006448413906760548,
    "if_vehicle": false,
    "motion_state": false,
    "pose": [
      [
        0.9950454254488627,
        -0.09930179915228551,
        0.004873805331677762,
        -25.74351782676831
      ],
      [
        0.0994123326057945,
        0.9944187082210376,
        -0.035335829774857,
        -0.9197542689853435
      ],
      [
        -0.0013376917308656065,
        0.03564527212859982,
        0.9993636100817915,
        3.5814470127669757
      ],
      [
        0.0,
        0.0,
        0.0,
        1.0
      ]
    ],
    "location": [
      -25.74351782676831,
      -0.9197542689853435,
      3.5814470127669757
    ],
    "rotation": [
      0.03565285675412555,
      0.001337692129814465,
      0.0995769000902382
    ]
  },
  {
    "label_id": "TMMyTPiiIGQPubNMKfayZg",
    "size": [
      2.261791317311222,
      5.4918941817510945,
      1.9300000000000042
    ],
    "obj_class": "vehicle",
    "point_num_in_lidar": 695,
    "speed": 3.552713678800501e-14,
    "if_vehicle": true,
    "motion_state": false,
    "pose": [
      [
        0.9806192683916004,
        -0.19586244275182324,
        0.004873805331677762,
        20.327731786470167
      ],
      [
        0.19591133374831235,
        0.9799847592912246,
        -0.035335829774857,
        -6.095823453615594
      ],
      [
        0.0021447069915695805,
        0.03560582924478902,
        0.9993636100817915,
        1.0464823779274575
      ],
      [
        0.0,
        0.0,
        0.0,
        1.0
      ]
    ],
    "location": [
      20.327731786470167,
      -6.095823453615594,
      1.0464823779274575
    ],
    "rotation": [
      0.03561343884543391,
      -0.002144708635765444,
      0.1971871664325264
    ]
  },
  {
    "label_id": "VOMFwLan-yMeZ2OM0S_JtQ",
    "size": [
      2.075210372785234,
      4.523204878148739,
      1.5400000000000045
    ],
    "obj_class": "vehicle",
    "point_num_in_lidar": 166,
    "speed": 1.8479683907111704,
    "if_vehicle": true,
    "motion_state": true,
    "pose": [
      [
        -0.13672800281996608,
        -0.9905966380250099,
        0.004873805331677762,
        -6.380615413328542
      ],
      [
        0.9899662006567488,
        -0.13681484090318638,
        -0.035335829774857,
        21.062995977932587
      ],
      [
        0.03567036307784398,
        -6.4948861608500925e-06,
        0.9993636100817915,
        1.1518356434268835
      ],
      [
        0.0,
        0.0,
