[
  {
    "label_id": "-roDyLaSj9Ly7YWd600gHw",
    "size": [
      2.376211038541101,
      5.77472060364153,
      2.21
    ],
    "obj_class": "vehicle",
    "point_num_in_lidar": 2094,
    "speed": 3.7851231808032657,
    "if_vehicle": true,
    "motion_state": true,
    "pose": [
      [
        -0.15590291725388258,
        -0.9877132061129578,
        -0.010812162678708239,
        6.462773317203073
      ],
      [
        0.986949365565609,
        -0.1553169443847685,
        -0.042515839361592554,
        -23.172455489400818
      ],
      [
        0.040314143936974065,
        -0.017299400482112978,
        0.9990372868625016,
        0.9593149555387841
      ],
      [
        0.0,
        0.0,
        0.0,
        1.0
      ]
    ],
    "location": [
      6.462773317203073,
      -23.172455489400818,
      0.9593149555387841
    ],
    "rotation": [
      -0.01731434048235981,
      -0.04032507189177255,
      1.727466223982667
    ]
  },
  {
    "label_id": "2xD7DXqVqhgyGAvnNyEh_Q",
    "size": [
      2.1384268411218033,
      4.654138098945802,
      1.9600000000000044
    ],
    "obj_class": "vehicle",
    "point_num_in_lidar": 2478,
    "speed": 0.018538600920864977,
    "if_vehicle": true,
    "motion_state": false,
    "pose": [
      [
        -0.14205006789150781,
        -0.9898004219792125,
        -0.010812162678708239,
        -0.966189147476598
      ],
      [
        0.9890284471013151,
        -0.14147485369400645,
        -0.042515839361592554,
        -29.373980597150876
      ],
      [
        0.04055254660781867,
        -0.016732914331708267,
        0.9990372868625016,
        0.474731022661107
      ],
      [
        0.0,
        0.0,
        0.0,
        1.0
      ]
    ],
    "location": [
      -0.966189147476598,
      -29.373980597150876,
      0.474731022661107
    ],
    "rotation": [
      -0.01674747291070731,
      -0.040563669679406715,
      1.7134466495406075
    ]
  },
  {
    "label_id": "5OCWU22ua0BgHKgEUw2kpQ",
    "size": [
      1.0171855902803346,
      1.0964827223306206,
      1.7825413884871502
    ],
    "obj_class": "pedestrian",
    "point_num_in_lidar": 30,
    "speed": 1.0191754371659343,
    "if_vehicle": false,
    "motion_state": true,
    "pose": [
      [
        -0.19208196008456813,
        -0.9813193250661476,
        -0.010812162678708239,
        12.197468981307566
      ],
      [
        0.9805775261838726,
        -0.19146832256667382,
        -0.042515839361592554,
        -22.082856675453513
      ],
      [
        0.039651428135528494,
        -0.018768689491400647,
        0.9990372868625016,
        0.7750451768911786
      ],
      [
        0.0,
        0.0,
        0.0,
        1.0
      ]
    ],
    "location": [
      12.197468981307566,
      -22.082856675453513,
      0.7750451768911786
    ],
    "rotation": [
      -0.01878456601519315,
      -0.039661825725731265,
      1.7642335469396346
    ]
  },
  {
    "label_id": "5voCBJ6iDkdItMO3-fiqDg",
    "size": [
      0.9365202509885506,
      1.1978745489032638,
      1.730000000000004
    ],
    "obj_class": "pedestrian",
    "point_num_in_lidar": 586,
    "speed": 1.5627277686712562,
    "if_vehicle": false,
    "motion_state": true,
    "pose": [
      [
        -0.1181699366113059,
        -0.9929345211137989,
        -0.010812162678708239,
        -2.056634119513319
      ],
      [
        0.9921489163753928,
        -0.11761348195897031,
        -0.042515839361592554,
        -41.66391155756537
      ],
      [
        0.040943788496104395,
        -0.015751369527690698,
        0.9990372868625016,
        0.007114884219300066
      ],
      [
        0.0,
        0.0,
        0.0,
        1.0
      ]
    ],
    "location": [
      -2.056634119513319,
      -41.66391155756537,
      0.007114884219300066
    ],
    "rotation": [
      -0.015765241948162954,
      -0.040955236786847836,
      1.689342904345816
    ]
  },
  {
    "label_id": "7895HQG9qOZmWXe25Kltyg",
    "size": [
      2.1042422634635587,
      4.591495372947606,
      1.7100000000000044
    ],
    "obj_class": "vehicle",
    "point_num_in_lidar": 45,
    "speed": 2.8421709430404007e-13,
    "if_vehicle": true,
    "motion_state": false,
    "pose": [
      [
        0.9802376791248214,
        -0.1975276931526128,
        -0.010812162678708239,
        -12.08488230777266
      ],
      [
        0.1969099463171849,
        0.9794992988485202,
        -0.042515839361592554,
        -3.9045444608855178
      ],
      [
        0.01898856143437329,
        0.039546605329214106,
        0.9990372868625016,
        1.0506343079993776
      ],
      [
        0.0,
        0.0,
        0.0,
        1.0
      ]
    ],
    "location": [
      -12.08488230777266,
      -3.9045444608855178,
      1.0506343079993776
    ],
    "rotation": [
      0.03956405772002052,
      -0.018989702722810437,
      0.19824137551360416
    ]
  },
  {
    "label_id": "94aiZ8MRixFdnh4AdsXx2Q",
    "size": [
      0.7515883471670844,
      0.8679089169108871,
      1.9400000000000048
    ],
    "obj_class": "pedestrian",
    "point_num_in_lidar": 82,
    "speed": 0.5044109647631131,
    "if_vehicle": false,
    "motion_state": false,
    "pose": [
      [
        -0.814590536986413,
        0.5799356465939962,
        -0.010812162678708239,
        13.108604201216849
      ],
      [
        -0.5790705723006478,
        -0.8141680881112815,
        -0.042515839361592554,
        -9.747761852924668
      ],
      [
        -0.03345936860712369,
        -0.028371995185820467,
        0.9990372868625016,
        1.242926729017543
      ],
      [
        0.0,
        0.0,
        0.0,
        1.0
      ]
    ],
    "location": [
      13.108604201216849,
      -9.747761852924668,
      1.242926729017543
    ],
    "rotation": [
      -0.028391704393000382,
      0.03346561487861812,
      -2.523606462272138
    ]
  },
  {
    "label_id": "9iYq7jdXbd8oinkPb-bYgQ",
    "size": [
      0.9224308020224031,
      1.0171580896583552,
      1.7400000000000038
    ],
    "obj_class": "pedestrian",
    "point_num_in_lidar": 48,
    "speed": 1.2103014429152281,
    "if_vehicle": false,
    "motion_state": true,
    "pose": [
      [
        -0.19466935395330026,
        -0.9808093289572719,
        -0.010812162678708239,
        -9.035967640631043
      ],
      [
        0.9800691510187961,
        -0.19405376220180778,
        -0.042515839361592554,
        -0.6691319948040473
      ],
      [
        0.039601791028957445,
        -0.01887319807850221,
        0.9990372868625016,
        0.9552258574817287
      ],
      [
        0.0,
        0.0,
        0.0,
        1.0
      ]
    ],
    "location": [
      -9.035967640631043,
      -0.6691319948040473,
      0.9552258574817287
    ],
    "rotation": [
      -0.018889138197130374,
      -0.039612149601413155,
      1.7668724838152292
    ]
  },
  {
    "label_id": "ASwakCk2X3PwReTVQIAm1A",
    "size": [
      0.7361340846506729,
      0.8920853326114213,
      1.7100000000000044
    ],
    "obj_class": "pedestrian",
    "point_num_in_lidar": 99,
    "speed": 1.3031837111964184,
    "if_vehicle": false,
    "motion_state": true,
    "pose": [
      [
        0.03483595770793045,
        0.9993345551859899,
        -0.010812162678708239,
        10.447964222753171
      ],
      [
        -0.9985052244769154,
        0.03434705366816605,
        -0.042515839361592554,
        -12.907334665305825
      ],
      [
        -0.04211618148498156,
        0.012277080904502101,
        0.9990372868625016,
        1.0516942261929731
      ],
      [
        0.0,
        0.0,
        0.0,
        1.0
      ]
    ],
    "location": [
      10.447964222753171,
      -12.907334665305825,
      1.0516942261929731
    ],
    "rotation": [
      0.012288293044244808,
      0.042128642189444204,
      -1.5359223639053288
    ]
  },
  {
    "label_id": "B6xeIGelvSq42ol4SnNpDg",
    "size": [
      0.7251573055740066,
      0.9402309291111298,
      1.6300000000000043
    ],
    "obj_class": "pedestrian",
    "point_num_in_lidar": 24,
    "speed": 1.3127072117997811,
    "if_vehicle": false,
    "motion_state": true,
    "pose": [
      [
        -0.7805129667070047,
        -0.6250460830534332,
        -0.010812162678708239,
        -13.324246337817613
      ],
      [
        0.6248761853706457,
        -0.7795653637508593,
        -0.042515839361592554,
        4.857535149611067
      ],
      [
        0.01814557132913175,
        -0.039940426882433114,
        0.9990372868625016,
        1.167659932648875
      ],
      [
        0.0,
        0.0,
        0.0,
        1.0
      ]
    ],
    "location": [
      -13.324246337817613,
      4.857535149611067,
      1.167659932648875
    ],
    "rotation": [
      -0.03995763589673284,
      -0.018146567250490835,
      2.4664879133951048
    ]
  },
  {
    "label_id": "B7yEJzXzOD9VpSIN-buPtQ",
    "size": [
      0.7141289851712074,
      0.7478260869567088,
      1.7696521739130233
    ],
    "obj_class": "pedestrian",
    "point_num_in_lidar": 59,
    "speed": 1.1129629648987378,
    "if_vehicle": false,
    "motion_state": true,
    "pose": [
      [
        0.39979379677172183,
        0.9165413341475989,
        -0.010812162678708239,
        -7.497608325023066
      ],
      [
        -0.9159498253994555,
        0.3990342350652214,
        -0.042515839361592554,
        -15.23394629791801
      ],
      [
        -0.034653101066979955,
        0.026900967359061022,
        0.9990372868625016,
        0.9506420941696403
      ],
      [
        0.0,
        0.0,
        0.0,
        1.0
      ]
    ],
    "location": [
      -7.497608325023066,
      -15.23394629791801,
      0.9506420941696403
    ],
    "rotation": [
      0.026920385212546277,
      0.034660040274130645,
      -1.1592423213532554
    ]
  },
  {
    "label_id": "CtgoVb_DXruEPrv8xQWdlA",
    "size": [
      0.815049713691893,
      0.8824110696171119,
      1.7500000000000044
    ],
    "obj_class": "pedestrian",
    "point_num_in_lidar": 35,
    "speed": 1.2562604922054976,
    "if_vehicle": false,
    "motion_state": true,
    "pose": [
      [
        0.09095962057148636,
        0.995795884990343,
        -0.010812162678708239,
        11.03311955711115
      ],
      [
        -0.9949953500751582,
        0.09042486788595584,
        -0.042515839361592554,
        -12.603634913857604
      ],
      [
        -0.04135940950140066,
        0.014625276206179587,
        0.9990372868625016,
        1.1129439186344694
      ],
      [
        0.0,
        0.0,
        0.0,
        1.0
      ]
    ],
    "location": [
      11.03311955711115,
      -12.603634913857604,
      1.1129439186344694
    ],
    "rotation": [
      0.014638324060821896,
      0.04137121016030505,
      -1.4796325865805948
    ]
  },
  {
    "label_id": "EAPUGFwlCZxnOc2oZvepvg",
    "size": [
      0.8165363079989726,
      0.9894246705008585,
      1.6400000000000041
    ],
    "obj_class": "pedestrian",
    "point_num_in_lidar": 46,
    "speed": 1.676916351691504,
    "if_vehicle": false,
    "motion_state": true,
    "pose": [
      [
        0.5519349326318769,
        0.8338170826259526,
        -0.010812162678708239,
        -8.905073770965828
      ],
      [
        -0.8333654967377477,
        0.5510847051501484,
        -0.042515839361592554,
        -3.479395288237356
      ],
      [
        -0.029492015660045376,
        0.032476460255379314,
        0.9990372868625016,
        1.1148442062864916
      ],
      [
        0.0,
        0.0,
        0.0,
        1.0
      ]
    ],
    "location": [
      -8.905073770965828,
      -3.479395288237356,
      1.1148442062864916
    ],
    "rotation": [
      0.03249631225159469,
      0.029496292590170684,
      -0.9858254280489475
    ]
  },
  {
    "label_id": "GBRhruMLKWI0CHchOvgi4Q",
    "size": [
      2.485287206591778,
      5.818153190451702,
      2.1300000000000017
    ],
    "obj_class": "vehicle",
    "point_num_in_lidar": 101,
    "speed": 8.533911106286719e-13,
    "if_vehicle": true,
    "motion_state": false,
    "pose": [
      [
        0.15988873354919172,
        0.9870758278988726,
        -0.010812162678708239,
        48.765977393551566
      ],
      [
        -0.9863143589624199,
        0.15929968207102563,
        -0.042515839361592554,
        -30.299305989405184
      ],
      [
        -0.040243983259441014,
        0.017461995012753428,
        0.9990372868625016,
        1.823649223139217
      ],
      [
        0.0,
        0.0,
        0.0,
        1.0
      ]
    ],
    "location": [
      48.765977393551566,
      -30.299305989405184,
      1.823649223139217
    ],
    "rotation": [
      0.01747704245018198,
      0.04025485423043201,
      -1.4100870669154582
    ]
  },
  {
    "label_id": "IGBmzIiv4jqIHomOewuqIQ",
    "size": [
      2.806566514420706,
      5.908068729613541,
      2.259999999999999
    ],
    "obj_class": "vehicle",
    "point_num_in_lidar": 90,
    "speed": 1.1368683772161603e-12,
    "if_vehicle": true,
    "motion_state": false,
    "pose": [
      [
        -0.15781805089894924,
        -0.9874090135038599,
        -0.010812162678708239,
        1.8125822887113827
      ],
      [
        0.9866463107430399,
        -0.15723059785082594,
        -0.042515839361592554,
        24.846721260781123
      ],
      [
        0.04028052020028499,
        -0.01737754731848043,
        0.9990372868625016,
        1.4749273914302483
      ],
      [
        0.0,
        0.0,
        0.0,
        1.0
      ]
    ],
    "location": [
      1.8125822887113827,
      24.846721260781123,
      1.4749273914302483
    ],
    "rotation": [
      -0.017392539070573212,
      -0.04029142082141529,
      1.729406763459539
    ]
  },
  {
    "label_id": "IswoOeecokrg845OsZfmfA",
    "size": [
      0.982138922411467,
      1.2133081386274753,
      1.8000000000000043
    ],
    "obj_class": "pedestrian",
    "point_num_in_lidar": 70,
    "speed": 1.6205509335158228,
    "if_vehicle": false,
    "motion_state": true,
    "pose": [
      [
        -0.02321111868364476,
        -0.999672116800135,
        -0.010812162678708239,
        -5.142694935483632
      ],
      [
        0.9988371561188225,
        -0.022731893010528102,
        -0.042515839361592554,
        -15.95400869326295
      ],
      [
        0.042256118206912906,
        -0.011786430014851709,
        0.9990372868625016,
        1.0370469797318878
      ],
      [
        0.0,
        0.0,
        0.0,
        1.0
      ]
    ],
    "location": [
      -5.142694935483632,
      -15.95400869326295,
      1.0370469797318878
    ],
    "rotation": [
      -0.011797240576586142,
      -0.04226870359862157,
      1.5940302862112903
    ]
  },
  {
    "label_id": "KEXkbxDlTHzrbM_KCkyZuw",
    "size": [
      0.8777988654605668,
      1.036695723580972,
      1.4900000000000038
    ],
    "obj_class": "pedestrian",
    "point_num_in_lidar": 56,
    "speed": 1.209250841786682,
    "if_vehicle": false,
    "motion_state": true,
    "pose": [
      [
        -0.06554797944636868,
        0.9977908395694499,
        -0.010812162678708239,
        10.70671056258584
      ],
      [
        -0.9969166639998858,
        -0.06595125808290811,
        -0.042515839361592554,
        -13.813428461948206
      ],
      [
        -0.04313499078286117,
        0.007991997783663104,
        0.9990372868625016,
        0.923515180324161
      ],
      [
        0.0,
        0.0,
        0.0,
        1.0
      ]
    ],
    "location": [
      10.70671056258584,
      -13.813428461948206,
      0.923515180324161
    ],
    "rotation": [
      0.00799952855831412,
      0.04314837835290849,
      -1.6364525325975534
    ]
  },
  {
    "label_id": "Li88-LQOe4JSKR2F2lRTvA",
    "size": [
      1.8803181685248527,
      4.301639040022977,
      1.9200000000000044
    ],
    "obj_class": "vehicle",
    "point_num_in_lidar": 182,
    "speed": 7.105427357601002e-14,
    "if_vehicle": true,
    "motion_state": false,
    "pose": [
      [
        0.23167646644434392,
        0.9727328060850379,
        -0.010812162678708239,
        45.79610900084117
      ],
      [
        -0.9720164738721101,
        0.23103328315333435,
        -0.042515839361592554,
        -42.38927208948189
      ],
      [
        -0.03885858228361271,
        0.020359519673098722,
        0.9990372868625016,
        1.241615639982161
      ],
      [
        0.0,
        0.0,
        0.0,
        1.0
      ]
    ],
    "location": [
      45.79610900084117,
      -42.38927208948189,
      1.241615639982161
    ],
    "rotation": [
      0.02037631842534772,
      0.038868368275942526,
      -1.3368156284065595
    ]
  },
  {
    "label_id": "QY1qEYd55QF-nFZcCsP7eA",
    "size": [
      0.8484711943732199,
      0.9635469452995944,
      1.5319292035398284
    ],
    "obj_class": "pedestrian",
    "point_num_in_lidar": 74,
    "speed": 1.1941320245764149,
    "if_vehicle": false,
    "motion_state": true,
    "pose": [
      [
        -0.42259094363652044,
        -0.9062560297700669,
        -0.010812162678708239,
        -4.317458478401022
      ],
      [
        0.9056837022591563,
        -0.42181682620010214,
        -0.042515839361592554,
        -27.68778857786674
      ],
      [
        0.03396948363668689,
        -0.02775920819959487,
        0.9990372868625016,
        0.5824054384481698
      ],
      [
        0.0,
        0.0,
        0.0,
        1.0
      ]
    ],
    "location": [
      -4.317458478401022,
      -27.68778857786674,
      0.5824054384481698
    ],
    "rotation": [
      -0.027778810613173655,
      -0.033976020075445666,
      2.007367768817457
    ]
  },
  {
    "label_id": "QuYOuiSD1qcDP7C_tY12xQ",
    "size": [
      1.0369836013929756,
      1.3268741498980898,
      1.8200000000000038
    ],
    "obj_class": "pedestrian",
    "point_num_in_lidar": 89,
    "speed": 1.2688913122189673,
    "if_vehicle": false,
    "motion_state": true,
    "pose": [
      [
        -0.14116041911278412,
        -0.989927690901771,
        -0.010812162678708239,
        12.390243566777826
      ],
      [
        0.9891551993570907,
        -0.14058589896647986,
        -0.042515839361592554,
        -15.24214596435013
      ],
      [
        0.040567569076013915,
        -0.01669646063315315,
        0.9990372868625016,
        1.0755388908147374
      ],
      [
        0.0,
        0.0,
        0.0,
        1.0
      ]
    ],
    "location": [
      12.390243566777826,
      -15.24214596435013,
      1.0755388908147374
    ],
    "rotation": [
      -0.016710994294958523,
      -0.040578704519738024,
      1.71254727672822
    ]
  },
  {
    "label_id": "S728HGpQewxrenfG0threA",
    "size": [
      0.8266434409205973,
      0.6878010899886708,
      1.8400000000000043
    ],
    "obj_class": "pedestrian",
    "point_num_in_lidar": 56,
    "speed": 1.151362457142344,
    "if_vehicle": false,
    "motion_state": true,
    "pose": [
      [
        0.10521631378136848,
        0.9943905794266505,
        -0.010812162678708239,
        -6.822288948969344
      ],
      [
        -0.9935977876717844,
        0.10467014730626388,
        -0.042515839361592554,
        -14.590500180122035
      ],
      [
        -0.041145639477304735,
        0.015216300812459518,
        0.9990372868625016,
        0.9768589171726356
      ],
      [
        0.0,
        0.0,
        0.0,
        1.0
      ]
    ],
    "location": [
      -6.822288948969344,
      -14.590500180122035,
      0.9768589171726356
    ],
    "rotation": [
      0.015229786254231483,
      0.041157258009523114,
      -1.4652952319717445
    ]
  },
  {
    "label_id": "S_zkAqSyVSDXt7mjflF5ng",
    "size": [
      2.468297895607545,
      5.136041162096543,
      2.0500000000000034
    ],
    "obj_class": "vehicle",
    "point_num_in_lidar": 4242,
    "speed": 0.06581079970231347,
    "if_vehicle": true,
    "motion_state": false,
    "pose": [
      [
        -0.15781805089849407,
        -0.9874090135039326,
        -0.010812162678708239,
        10.293540835994008
      ],
      [
        0.9866463107431123,
        -0.1572305978503711,
        -0.042515839361592554,
        -29.119074150023152
      ],
      [
        0.040280520200293005,
        -0.01737754731846186,
        0.9990372868625016,
        0.4599273914302433
      ],
      [
        0.0,
        0.0,
        0.0,
        1.0
      ]
    ],
    "location": [
      10.293540835994008,
      -29.119074150023152,
      0.4599273914302433
    ],
    "rotation": [
      -0.017392539070554634,
      -0.04029142082142331,
      1.7294067634590775
    ]
  },
  {
    "label_id": "VOMFwLan-yMeZ2OM0S_JtQ",
    "size": [
      2.0752103727862106,
      4.523204878148739,
      1.5400000000000045
    ],
    "obj_class": "vehicle",
    "point_num_in_lidar": 47,
    "speed": 4.9379975240165255,
    "if_vehicle": true,
    "motion_state": true,
    "pose": [
      [
        -0.16084905941982822,
        -0.9869197926994704,
        -0.010812162678708239,
        -3.9987797014184707
      ],
      [
        0.9861588972566794,
        -0.16025926732912849,
        -0.042515839361592554,
        6.623002832868224
      ],
      [
        0.04022697410005377,
        -0.01750114319595141,
        0.9990372868625016,
        1.029107067835449
      ],
      [
        0.0,
        0.0,
        0.0,
        1.0
      ]
    ],
    "location": [
      -3.9987797014184707,
      6.623002832868224,
      1.029107067835449
    ],
    "rotation": [
      -0.017516216363325475,
      -0.0402378312862944,
      1.732479202779737
    ]
  },
  {
    "label_id": "YMb2DQvXVMNwYg9V1LLfjg",
    "size": [
      2.0355511694661113,
      3.7736514423989274,
      1.8000000000000007
    ],
    "obj_class": "vehicle",
    "point_num_in_lidar": 1100,
    "speed": 10.50382813766014,
    "if_vehicle": true,
    "motion_state": true,
    "pose": [
      [
        -0.20895555851505138,
        -0.9778653648145393,
        -0.010812162678708239,
        3.4722248637415305
      ],
      [
        0.9771342451693813,
        -0.20832923539590617,
        -0.042515839361592554,
        -25.226003297846546
      ],
      [
        0.03932227718388861,
        -0.019448855377245906,
        0.9990372868625016,
        0.6053461378961016
      ],
      [
        0.0,
        0.0,
        0.0,
        1.0
      ]
    ],
    "location": [
      3.4722248637415305,
      -25.226003297846546,
      0.6053461378961016
    ],
    "rotation": [
      -0.019465138323543404,
      -0.0393324178641451,
      1.781468535892296
    ]
  },
  {
    "label_id": "d1iW-GYfbNf_o3P5WE4HTg",
    "size": [
      2.05876240167225,
      4.364956623428219,
      1.7900000000000045
    ],
    "obj_class": "vehicle",
    "point_num_in_lidar": 301,
    "speed": 1.421529491362787e-12,
    "if_vehicle": true,
    "motion_state": false,
    "pose": [
      [
        0.21830450677737653,
        0.975820802944319,
        -0.010812162678708239,
        42.32367167960524
      ],
      [
        -0.9750957109161789,
        0.21767121526800706,
        -0.042515839361592554,
        -43.11153270831164
      ],
      [
        -0.039134343913731114,
        0.01982429279579502,
        0.9990372868625016,
        0.8816169448237163
      ],
      [
        0.0,
        0.0,
        0.0,
        1.0
      ]
    ],
    "location": [
      42.32367167960524,
      -43.11153270831164,
      0.8816169448237163
    ],
    "rotation": [
      0.019840792394861168,
      0.039144339825074835,
      -1.350548094755812
    ]
  },
  {
    "label_id": "e2kCF-ImQeQ5Fr3lsqfRUw",
    "size": [
      2.3084920017666795,
      5.048858220044428,
      1.88
    ],
    "obj_class": "vehicle",
    "point_num_in_lidar": 53,
    "speed": 0.008510056989154852,
    "if_vehicle": true,
    "motion_state": false,
    "pose": [
      [
        -0.11624524489400549,
        -0.9931616888391044,
        -0.010812162678708239,
        -9.975534605856865
      ],
      [
        0.9923750070759783,
        -0.11569031391750774,
        -0.042515839361592554,
        26.163999654663712
      ],
      [
        0.04097424032834441,
        -0.01567198417325224,
        0.9990372868625016,
        1.293584212011937
      ],
      [
        0.0,
        0.0,
        0.0,
        1.0
      ]
    ],
    "location": [
      -9.975534605856865,
      26.163999654663712,
      1.293584212011937
    ],
    "rotation": [
      -0.015685799743457487,
      -0.04098571419489284,
      1.6874033513325275
    ]
  },
  {
    "label_id": "eIU2UxcEUk0HGjsXvhfsMg",
    "size": [
      0.9166732473664756,
      1.104870018567485,
      1.8900000000000041
    ],
    "obj_class": "pedestrian",
    "point_num_in_lidar": 117,
    "speed": 0.0017829035905854947,
    "if_vehicle": false,
    "motion_state": false,
    "pose": [
      [
        -0.88577907827579,
        -0.46398116516417026,
        -0.010812162678708239,
        9.69332642772747
      ],
      [
        0.46399590901547166,
        -0.884816478045185,
        -0.042515839361592554,
        -14.010475564344233
      ],
      [
        0.010159768983498187,
        -0.04267644025236338,
        0.9990372868625016,
        1.1562906355573732
      ],
      [
        0.0,
        0.0,
        0.0,
        1.0
      ]
    ],
    "location": [
      9.69332642772747,
      -14.010475564344233,
      1.1562906355573732
    ],
    "rotation": [
      -0.04269160989145399,
      -0.01015994377504347,
      2.659064837423773
    ]
  },
  {
    "label_id": "fLt8TLeWA-0VGBpIoLIDpQ",
    "size": [
      0.9007591488630529,
      0.106480003356836,
      0.33013654716762986
    ],
    "obj_class": "sign",
    "point_num_in_lidar": 23,
    "speed": 0.01674649683986233,
    "if_vehicle": false,
    "motion_state": false,
    "pose": [
      [
        0.15176865244739757,
        0.9883569058151566,
        -0.010812162678708239,
        -11.144722668692793
      ],
      [
        -0.9875906200615038,
        0.15118588085503856,
        -0.042515839361592554,
        0.9586664711569028
      ],
      [
        -0.040386177101029375,
        0.017130562091650245,
        0.9990372868625016,
        3.036162729308888
      ],
      [
        0.0,
        0.0,
        0.0,
        1.0
      ]
    ],
    "location": [
      -11.144722668692793,
      0.9586664711569028,
      3.036162729308888
    ],
    "rotation": [
      0.017145389558822773,
      0.04039716376742021,
      -1.4183135424887137
    ]
  },
  {
    "label_id": "i-L3VmVSRycoEAIp1V6QkA",
    "size": [
      2.102889626335325,
      4.384922543951328,
      1.6200000000000045
    ],
    "obj_class": "vehicle",
    "point_num_in_lidar": 147,
    "speed": 1.7053025658242404e-12,
    "if_vehicle": true,
    "motion_state": false,
    "pose": [
      [
        0.9919980851730413,
        -0.12578909392800536,
        -0.010812162678708239,
        -12.609072420170833
      ],
      [
        0.125226624679521,
        0.9912167754203688,
        -0.042515839361592554,
        -7.56145295333954
      ],
      [
        0.01606522593659299,
        0.040821660598483904,
        0.9990372868625016,
        1.1256343079994267
      ],
      [
        0.0,
        0.0,
        0.0,
        1.0
      ]
    ],
    "location": [
      -12.609072420170833,
      -7.56145295333954,
      1.1256343079994267
    ],
    "rotation": [
      0.04083827997643871,
      -0.01606591706653282,
      0.12557254201457144
    ]
  },
  {
    "label_id": "jhxnn4ABZp_sAXjRO7flDA",
    "size": [
      0.9046168088208145,
      0.9776028620185125,
      1.900000000000004
    ],
    "obj_class": "pedestrian",
    "point_num_in_lidar": 41,
    "speed": 0.8915861676678571,
    "if_vehicle": false,
    "motion_state": false,
    "pose": [
      [
        -0.19260432387389048,
        -0.9812169339974166,
        -0.010812162678708239,
        -9.259738895863393
      ],
      [
        0.9804754618812147,
        -0.19199029155714556,
        -0.042515839361592554,
        1.758986280166937
      ],
      [
        0.039641431279660036,
        -0.018789794690511764,
        0.9990372868625016,
        1.0207997701499707
      ],
      [
        0.0,
        0.0,
        0.0,
        1.0
      ]
    ],
    "location": [
      -9.259738895863393,
      1.758986280166937,
      1.0207997701499707
    ],
    "rotation": [
      -0.018805684090276137,
      -0.039651821003862574,
      1.7647662071246673
    ]
  },
  {
    "label_id": "kNtdgBIGtz-619syo5GotQ",
    "size": [
      2.309682721811056,
      5.064638733456315,
      1.9400000000000048
    ],
    "obj_class": "vehicle",
    "point_num_in_lidar": 53,
    "speed": 8.40156654738378,
    "if_vehicle": true,
    "motion_state": true,
    "pose": [
      [
        -0.1497652286068022,
        -0.9886624668907794,
        -0.010812162678708239,
        -4.486479172778672
      ],
      [
        0.9878950016022958,
        -0.14918401124979655,
        -0.042515839361592554,
        28.74150563520743
      ],
      [
        0.04042081282646915,
        -0.017048675868205746,
        0.9990372868625016,
        1.3685207258422896
      ],
      [
        0.0,
        0.0,
        0.0,
        1.0
      ]
    ],
    "location": [
      -4.486479172778672,
      28.74150563520743,
      1.3685207258422896
    ],
    "rotation": [
      -0.017063448403989274,
      -0.04043182779793473,
      1.7212510408353154
    ]
  },
  {
    "label_id": "mQsMM40X1GxN5fl1v6fRCQ",
    "size": [
      1.1219305826155648,
      1.1075329720768676,
      2.060000000000003
    ],
    "obj_class": "pedestrian",
    "point_num_in_lidar": 43,
    "speed": 0.010383154420011167,
    "if_vehicle": false,
    "motion_state": false,
    "pose": [
      [
        -0.9980869245540448,
        0.06087354246680323,
        -0.010812162678708239,
        11.43835264680888
      ],
      [
        -0.06036318658355729,
        -0.9972706197962807,
        -0.042515839361592554,
        4.771962128650557
      ],
      [
        -0.013370741928823269,
        -0.041781846760099065,
        0.9990372868625016,
        1.0943561645892306
      ],
      [
        0.0,
        0.0,
        0.0,
        1.0
      ]
    ],
    "location": [
      11.43835264680888,
      4.771962128650557,
      1.0943561645892306
    ],
    "rotation": [
      -0.041797751483463416,
      0.013371140357152436,
      -3.0811873427180907
    ]
  },
  {
    "label_id": "mS-SuI1AiLLjq3zm4BaeoA",
    "size": [
      0.6861295975531186,
      0.6975727121070656,
      1.5000000000000036
    ],
    "obj_class": "pedestrian",
    "point_num_in_lidar": 23,
    "speed": 1.2863911055111021,
    "if_vehicle": false,
    "motion_state": true,
    "pose": [
      [
        0.028363443054653856,
        0.9995391999498042,
        -0.010812162678708239,
        -6.611035831394474
      ],
      [
        -0.9987067204435556,
        0.027879920090578682,
        -0.042515839361592554,
        -12.695935963243755
      ],
      [
        -0.042194805829191884,
        0.012004075118408255,
        0.9990372868625016,
        0.8635177330079351
      ],
      [
        0.0,
        0.0,
        0.0,
        1.0
      ]
    ],
    "location": [
      -6.611035831394474,
      -12.695935963243755,
      0.8635177330079351
    ],
    "rotation": [
      0.012015064530120148,
      0.042207336488021656,
      -1.5424037862585422
    ]
  },
  {
    "label_id": "rbj9kBChW72Ay5dtSpapXQ",
    "size": [
      2.1360084669821315,
      4.857696674908094,
      1.770000000000004
    ],
    "obj_class": "vehicle",
    "point_num_in_lidar": 861,
    "speed": 0.03940701281760781,
    "if_vehicle": true,
    "motion_state": false,
    "pose": [
      [
        -0.1420500678919878,
        -0.9898004219791436,
        -0.010812162678708239,
        -1.8769907955872895
      ],
      [
        0.9890284471012465,
        -0.1414748536944861,
        -0.042515839361592554,
        -24.107376010413645
      ],
      [
        0.04055254660781056,
        -0.01673291433172793,
        0.9990372868625016,
        0.5701773936567269
      ],
      [
        0.0,
        0.0,
        0.0,
        1.0
      ]
    ],
    "location": [
      -1.8769907955872895,
      -24.107376010413645,
      0.5701773936567269
    ],
    "rotation": [
      -0.01674747291072699,
      -0.040563669679398597,
      1.713446649541093
    ]
  },
  {
    "label_id": "ryg82GvjxiurhXuYlN2xPg",
    "size": [
      0.9795127061314179,
      0.8740044961228312,
      1.7100000000000044
    ],
    "obj_class": "pedestrian",
    "point_num_in_lidar": 184,
    "speed": 1.010019109046096,
    "if_vehicle": false,
    "motion_state": true,
    "pose": [
      [
        -0.1574780704360021,
        -0.9874632927202726,
        -0.010812162678708239,
        14.180107867002334
      ],
      [
        0.9867003877408962,
        -0.1568908800260373,
        -0.042515839361592554,
        -29.278026472209604
      ],
      [
        0.04028650101111714,
        -0.017363677453029688,
        0.9990372868625016,
        0.4235855529851129
      ],
      [
        0.0,
        0.0,
        0.0,
        1.0
      ]
    ],
    "location": [
      14.180107867002334,
      -29.278026472209604,
      0.4235855529851129
    ],
    "rotation": [
      -0.017378660035463546,
      -0.04029740649087551,
      1.7290622295605864
    ]
  },
  {
    "label_id": "t-LPOe5gpociAs9F4-TjPw",
    "size": [
      1.0602432104060102,
      1.9174464105824227,
      1.8000000000000043
    ],
    "obj_class": "cyclist",
    "point_num_in_lidar": 57,
    "speed": 0.05768116814565787,
    "if_vehicle": false,
    "motion_state": false,
    "pose": [
      [
        0.9981336808593503,
        0.060102015543355855,
        -0.010812162678708239,
        -9.622650380540563
      ],
      [
        -0.06051005858918434,
        0.9972617190150802,
        -0.042515839361592554,
        -10.075403666309285
      ],
      [
        0.008227268301090017,
        0.04309073583397565,
        0.9990372868625016,
        1.2203043032172243
      ],
      [
        0.0,
        0.0,
        0.0,
        1.0
      ]
    ],
    "location": [
      -9.622650380540563,
      -10.075403666309285,
      1.2203043032172243
    ],
    "rotation": [
      0.0431055420094829,
      -0.008227361118396146,
      -0.0605490972603713
    ]
  },
  {
    "label_id": "vdhAti93bTRosfry8WrmWQ",
    "size": [
      2.0229448805097676,
      4.197556005392045,
      1.9300000000000042
    ],
    "obj_class": "vehicle",
    "point_num_in_lidar": 4940,
    "speed": 0.010899726496414594,
    "if_vehicle": true,
    "motion_state": false,
    "pose": [
      [
        -0.14205006789216537,
        -0.9898004219791181,
        -0.010812162678708239,
        0.38482979294622055
      ],
      [
        0.9890284471012211,
        -0.14147485369466353,
        -0.042515839361592554,
        -37.71890945180348
      ],
      [
        0.040552546607807556,
        -0.016732914331735207,
        0.9990372868625016,
        0.10599552692816872
      ],
      [
        0.0,
        0.0,
        0.0,
        1.0
      ]
    ],
    "location": [
      0.38482979294622055,
      -37.71890945180348,
      0.10599552692816872
    ],
    "rotation": [
      -0.01674747291073427,
      -0.04056366967939559,
      1.7134466495412723
    ]
  },
  {
    "label_id": "vuY70TBlAdzIOr716UXhow",
    "size": [
      0.8556086793266592,
      1.1211029100138488,
      1.9300000000000042
    ],
    "obj_class": "pedestrian",
    "point_num_in_lidar": 30,
    "speed": 1.5305337325749235,
    "if_vehicle": false,
    "motion_state": true,
    "pose": [
      [
        -0.8928647334452279,
        -0.45019514092001417,
        -0.010812162678708239,
        -16.00451215416956
      ],
      [
        0.45022480406826043,
        -0.891902477407186,
        -0.042515839361592554,
        7.878029968342162
      ],
      [
        0.00949702961345545,
        -0.04282879740236403,
        0.9990372868625016,
        1.6303569629416437
      ],
      [
        0.0,
        0.0,
        0.0,
        1.0
      ]
    ],
    "location": [
      -16.00451215416956,
      7.878029968342162,
      1.6303569629416437
    ],
    "rotation": [
      -0.04284383508709415,
      -0.009497172381086598,
      2.674552826019778
    ]
  },
  {
    "label_id": "wHEo9Sy0NUjNJNQt3GVpFg",
    "size": [
      1.988584425783205,
      4.469659497880261,
      1.6300000000000043
    ],
    "obj_class": "vehicle",
    "point_num_in_lidar": 50,
    "speed": 5.725837073348406,
    "if_vehicle": true,
    "motion_state": true,
    "pose": [
      [
        0.9856613520763444,
        -0.16838882433594493,
        -0.010812162678708239,
        17.786496285965313
      ],
      [
        0.1677932328469056,
        0.9849049875059844,
        -0.042515839361592554,
        -2.2682791959323367
      ],
      [
        0.017808145153740268,
        0.04009201197988086,
        0.9990372868625016,
        0.9228505421764934
      ],
      [
        0.0,
        0.0,
        0.0,
        1.0
      ]
    ],
    "location": [
      17.786496285965313,
      -2.2682791959323367,
      0.9228505421764934
    ],
    "rotation": [
      0.04010912402213831,
      -0.017809086537702433,
      0.16861773171871292
    ]
  }
]