[
  {
    "label_id": "-roDyLaSj9Ly7YWd600gHw",
    "size": [
      2.3762110385418294,
      5.77472060364153,
      2.21
    ],
    "obj_class": "vehicle",
    "point_num_in_lidar": 2589,
    "speed": 3.876450204148451,
    "if_vehicle": true,
    "motion_state": true,
    "pose": [
      [
        -0.16105824732569676,
        -0.9869098706479881,
        -0.008315538824761673,
        6.233525595581341
      ],
      [
        0.9862657771088096,
        -0.16062919705391468,
        -0.03844577945328545,
        -21.648020757254926
      ],
      [
        0.0366068009027109,
        -0.014393341216898486,
        0.99922608745783,
        1.0193089612778934
      ],
      [
        0.0,
        0.0,
        0.0,
        1.0
      ]
    ],
    "location": [
      6.233525595581341,
      -21.648020757254926,
      1.0193089612778934
    ],
    "rotation": [
      -0.014403492896497292,
      -0.036614981708865936,
      1.7326685838935663
    ]
  },
  {
    "label_id": "2xD7DXqVqhgyGAvnNyEh_Q",
    "size": [
      2.138426841121803,
      4.654138098945802,
      1.9600000000000044
    ],
    "obj_class": "vehicle",
    "point_num_in_lidar": 3795,
    "speed": 0.041020944450931046,
    "if_vehicle": true,
    "motion_state": false,
    "pose": [
      [
        -0.142053460025034,
        -0.9898240582593302,
        -0.008315538824761673,
        -0.9729715128376029
      ],
      [
        0.9891718345618605,
        -0.14163687285361987,
        -0.03844577945328545,
        -29.355710886031375
      ],
      [
        0.03687677052616207,
        -0.013686852789358439,
        0.99922608745783,
        0.47933202416447607
      ],
      [
        0.0,
        0.0,
        0.0,
        1.0
      ]
    ],
    "location": [
      -0.9729715128376029,
      -29.355710886031375,
      0.47933202416447607
    ],
    "rotation": [
      -0.013696596876989119,
      -0.036885133741782664,
      1.7134296106626354
    ]
  },
  {
    "label_id": "56KZFAsnH_K9TXcdzOHYfA",
    "size": [
      2.148216550102101,
      4.504355029583435,
      1.4500000000000037
    ],
    "obj_class": "vehicle",
    "point_num_in_lidar": 31,
    "speed": 0.0017030889922654865,
    "if_vehicle": true,
    "motion_state": false,
    "pose": [
      [
        0.9896586987833658,
        -0.1432009487973783,
        -0.008315538824761673,
        15.447354863198143
      ],
      [
        0.14278360572949925,
        0.9890069585079331,
        -0.03844577945328545,
        3.7212725550598407
      ],
      [
        0.0137295978563974,
        0.03686087745046762,
        0.99922608745783,
        0.7210024901358638
      ],
      [
        0.0,
        0.0,
        0.0,
        1.0
      ]
    ],
    "location": [
      15.447354863198143,
      3.7212725550598407,
      0.7210024901358638
    ],
    "rotation": [
      0.03687270687961292,
      -0.013730029235439806,
      0.14328686885004124
    ]
  },
  {
    "label_id": "5OCWU22ua0BgHKgEUw2kpQ",
    "size": [
      1.017185590280987,
      1.0964827223306206,
      1.7825413884871502
    ],
    "obj_class": "pedestrian",
    "point_num_in_lidar": 185,
    "speed": 1.0023562952063088,
    "if_vehicle": false,
    "motion_state": true,
    "pose": [
      [
        -0.17690277676975463,
        -0.9841932022652892,
        -0.008315538824761673,
        12.124002454331276
      ],
      [
        0.9835560892742656,
        -0.17646342763797346,
        -0.03844577945328545,
        -21.689683291535403
      ],
      [
        0.03637068631003997,
        -0.014979963987054687,
        0.99922608745783,
        0.7756706066055701
      ],
      [
        0.0,
        0.0,
        0.0,
        1.0
      ]
    ],
    "location": [
      12.124002454331276,
      -21.689683291535403,
      0.7756706066055701
    ],
    "rotation": [
      -0.014990443196097622,
      -0.03637870977367027,
      1.7487540281838816
    ]
  },
  {
    "label_id": "5voCBJ6iDkdItMO3-fiqDg",
    "size": [
      0.9365202509904738,
      1.1978745489032638,
      1.730000000000004
    ],
    "obj_class": "pedestrian",
    "point_num_in_lidar": 470,
    "speed": 1.6265854761670016,
    "if_vehicle": false,
    "motion_state": true,
    "pose": [
      [
        -0.11275260933068833,
        -0.993588295474124,
        -0.008315538824761673,
        -2.1320888168365855
      ],
      [
        0.9929240506402419,
        -0.11235547028250907,
        -0.03844577945328545,
        -41.02073837500211
      ],
      [
        0.03726498019985543,
        -0.012591560444248655,
        0.99922608745783,
        0.031116734612382402
      ],
      [
        0.0,
        0.0,
        0.0,
        1.0
      ]
    ],
    "location": [
      -2.1320888168365855,
      -41.02073837500211,
      0.031116734612382402
    ],
    "rotation": [
      -0.012600645821346677,
      -0.037273610441711715,
      1.6838680936770645
    ]
  },
  {
    "label_id": "7895HQG9qOZmWXe25Kltyg",
    "size": [
      2.1042422634635516,
      4.591495372947606,
      1.7100000000000044
    ],
    "obj_class": "vehicle",
    "point_num_in_lidar": 101,
    "speed": 2.8421709430404007e-13,
    "if_vehicle": true,
    "motion_state": false,
    "pose": [
      [
        0.9802610870481273,
        -0.1975324100832003,
        -0.008315538824761673,
        -12.084882307773114
      ],
      [
        0.19707977808959215,
        0.9796333411590208,
        -0.03844577945328545,
        -3.90454446088188
      ],
      [
        0.01574046655537349,
        0.036048077013010736,
        0.99922608745783,
        1.0506343079994398
      ],
      [
        0.0,
        0.0,
        0.0,
        1.0
      ]
    ],
    "location": [
      -12.084882307773114,
      -3.90454446088188,
      1.0506343079994398
    ],
    "rotation": [
      0.03606035818962224,
      -0.015741116610185714,
      0.19840329101291954
    ]
  },
  {
    "label_id": "94aiZ8MRixFdnh4AdsXx2Q",
    "size": [
      0.7515883471664574,
      0.8679089169108871,
      1.9400000000000048
    ],
    "obj_class": "pedestrian",
    "point_num_in_lidar": 95,
    "speed": 0.4334331025774029,
    "if_vehicle": false,
    "motion_state": false,
    "pose": [
      [
        -0.7838747338560685,
        0.6208633130054727,
        -0.008315538824761673,
        12.938288641979398
      ],
      [
        -0.6201751003915761,
        -0.7835207507759624,
        -0.03844577945328545,
        -9.858991405501001
      ],
      [
        -0.03038497122552846,
        -0.024979585011376617,
        0.99922608745783,
        1.231680642849093
      ],
      [
        0.0,
        0.0,
        0.0,
        1.0
      ]
    ],
    "location": [
      12.938288641979398,
      -9.858991405501001,
      1.231680642849093
    ],
    "rotation": [
      -0.024993726284366784,
      0.03038964863867463,
      -2.4722615074593106
    ]
  },
  {
    "label_id": "9iYq7jdXbd8oinkPb-bYgQ",
    "size": [
      0.9224308020238154,
      1.0171580896583552,
      1.7400000000000038
    ],
    "obj_class": "pedestrian",
    "point_num_in_lidar": 54,
    "speed": 1.1776981250990395,
    "if_vehicle": false,
    "motion_state": true,
    "pose": [
      [
        -0.21911209923224834,
        -0.9756642556658982,
        -0.008315538824761673,
        -9.13466364214446
      ],
      [
        0.9750466491307224,
        -0.2186457272877279,
        -0.03844577945328545,
        -0.20212767970224377
      ],
      [
        0.03569201575965568,
        -0.016531973709429708,
        0.99922608745783,
        0.9481214968049461
      ],
      [
        0.0,
        0.0,
        0.0,
        1.0
      ]
    ],
    "location": [
      -9.13466364214446,
      -0.20212767970224377,
      0.9481214968049461
    ],
    "rotation": [
      -0.01654326856955227,
      -0.03569959823594167,
      1.7918438704745803
    ]
  },
  {
    "label_id": "ASwakCk2X3PwReTVQIAm1A",
    "size": [
      0.736134084651422,
      0.8920853326114213,
      1.7100000000000044
    ],
    "obj_class": "pedestrian",
    "point_num_in_lidar": 107,
    "speed": 1.2940885772773139,
    "if_vehicle": false,
    "motion_state": true,
    "pose": [
      [
        0.02052971679791875,
        0.9997546611755562,
        -0.008315538824761673,
        10.472610857867494
      ],
      [
        -0.9990565847511746,
        0.02019560614461593,
        -0.03844577945328545,
        -13.42905881931074
      ],
      [
        -0.0382684098639644,
        0.009096974782883386,
        0.99922608745783,
        1.051694226193285
      ],
      [
        0.0,
        0.0,
        0.0,
        1.0
      ]
    ],
    "location": [
      10.472610857867494,
      -13.42905881931074,
      1.051694226193285
    ],
    "rotation": [
      0.009103768987620935,
      0.03827775652214697,
      -1.5502501153205297
    ]
  },
  {
    "label_id": "B6xeIGelvSq42ol4SnNpDg",
    "size": [
      0.7251573055754141,
      0.9402309291111298,
      1.6300000000000043
    ],
    "obj_class": "pedestrian",
    "point_num_in_lidar": 29,
    "speed": 1.3182378161366513,
    "if_vehicle": false,
    "motion_state": true,
    "pose": [
      [
        -0.7811039700115812,
        -0.6243456092952051,
        -0.008315538824761673,
        -13.714378791338959
      ],
      [
        0.6241552964902547,
        -0.7803538222533364,
        -0.03844577945328545,
        5.209269464514364
      ],
      [
        0.01751439109159179,
        -0.03522033856179629,
        0.99922608745783,
        1.167659932648851
      ],
      [
        0.0,
        0.0,
        0.0,
        1.0
      ]
    ],
    "location": [
      -13.714378791338959,
      5.209269464514364,
      1.167659932648851
    ],
    "rotation": [
      -0.03523303085766584,
      -0.017515286649834712,
      2.4674201770064923
    ]
  },
  {
    "label_id": "B7yEJzXzOD9VpSIN-buPtQ",
    "size": [
      0.7141289851725825,
      0.7478260869567088,
      1.7696521739130233
    ],
    "obj_class": "pedestrian",
    "point_num_in_lidar": 82,
    "speed": 1.0160798105242097,
    "if_vehicle": false,
    "motion_state": true,
    "pose": [
      [
        0.576171456268797,
        0.8172865499903614,
        -0.008315538824761673,
        -7.3499330635622755
      ],
      [
        -0.8168947289676074,
        0.5755040606521978,
        -0.03844577945328545,
        -15.619833209002536
      ],
      [
        -0.026635592090904645,
        0.02894428056946177,
        0.99922608745783,
        0.9906362245623974
      ],
      [
        0.0,
        0.0,
        0.0,
        1.0
      ]
    ],
    "location": [
      -7.3499330635622755,
      -15.619833209002536,
      0.9906362245623974
    ],
    "rotation": [
      0.028958600644785424,
      0.02663874255476771,
      -0.9565094091953896
    ]
  },
  {
    "label_id": "CtgoVb_DXruEPrv8xQWdlA",
    "size": [
      0.815049713692624,
      0.8824110696171119,
      1.7500000000000044
    ],
    "obj_class": "pedestrian",
    "point_num_in_lidar": 44,
    "speed": 1.2748748441730606,
    "if_vehicle": false,
    "motion_state": true,
    "pose": [
      [
        0.0706629702873984,
        0.997465586596458,
        -0.008315538824761673,
        11.076846123398582
      ],
      [
        -0.9967851521195321,
        0.07029425692238649,
        -0.03844577945328545,
        -13.10771923041284
      ],
      [
        -0.03776380733193355,
        0.01100549860357932,
        0.99922608745783,
        1.0953365599657907
      ],
      [
        0.0,
        0.0,
        0.0,
        1.0
      ]
    ],
    "location": [
      11.076846123398582,
      -13.10771923041284,
      1.0953365599657907
    ],
    "rotation": [
      0.011013577160587915,
      0.037772788957045514,
      -1.5000238507375199
    ]
  },
  {
    "label_id": "EAPUGFwlCZxnOc2oZvepvg",
    "size": [
      0.816536307998624,
      0.9894246705008585,
      1.6400000000000041
    ],
    "obj_class": "pedestrian",
    "point_num_in_lidar": 63,
    "speed": 1.6490719271853596,
    "if_vehicle": false,
    "motion_state": true,
    "pose": [
      [
        0.49802630674373133,
        0.8671220500052185,
        -0.008315538824761673,
        -8.581612145806503
      ],
      [
        -0.8666701197430209,
        0.49739805547151794,
        -0.03844577945328545,
        -4.059239981148494
      ],
      [
        -0.029201050251947018,
        0.02635383857998772,
        0.99922608745783,
        1.125841988076063
      ],
      [
        0.0,
        0.0,
        0.0,
        1.0
      ]
    ],
    "location": [
      -8.581612145806503,
      -4.059239981148494,
      1.125841988076063
    ],
    "rotation": [
      0.026368137175095285,
      0.02920520180758724,
      -1.0492300458141275
    ]
  },
  {
    "label_id": "GBRhruMLKWI0CHchOvgi4Q",
    "size": [
      2.485287206591785,
      5.818153190451702,
      2.1300000000000017
    ],
    "obj_class": "vehicle",
    "point_num_in_lidar": 322,
    "speed": 8.533911106286719e-13,
    "if_vehicle": true,
    "motion_state": false,
    "pose": [
      [
        0.15989255166727973,
        0.9870993991161073,
        -0.008315538824761673,
        48.76597739355179
      ],
      [
        -0.9864547992991736,
        0.15946426239711667,
        -0.03844577945328545,
        -30.299305989405184
      ],
      [
        -0.03662377453176324,
        0.014350096960068046,
        0.99922608745783,
        1.823649223139272
      ],
      [
        0.0,
        0.0,
        0.0,
        1.0
      ]
    ],
    "location": [
      48.76597739355179,
      -30.299305989405184,
      1.823649223139272
    ],
    "rotation": [
      0.014360224097339848,
      0.03663196672746857,
      -1.41010578358743
    ]
  },
  {
    "label_id": "IGBmzIiv4jqIHomOewuqIQ",
    "size": [
      2.8065665144207066,
      5.908068729613541,
      2.259999999999999
    ],
    "obj_class": "vehicle",
    "point_num_in_lidar": 107,
    "speed": 1.1368683772161603e-12,
    "if_vehicle": true,
    "motion_state": false,
    "pose": [
      [
        -0.15782181956945746,
        -0.9874325926775152,
        -0.008315538824761673,
        1.8125822887113827
      ],
      [
        0.986787095968008,
        -0.15739488324991646,
        -0.03844577945328545,
        24.846721260782942
      ],
      [
        0.03665379242058208,
        -0.014273249276379362,
        0.99922608745783,
        1.4749273914302918
      ],
      [
        0.0,
        0.0,
        0.0,
        1.0
      ]
    ],
    "location": [
      1.8125822887113827,
      24.846721260782942,
      1.4749273914302918
    ],
    "rotation": [
      -0.014283332667854478,
      -0.03666200478461009,
      1.7293882358778143
    ]
  },
  {
    "label_id": "IswoOeecokrg845OsZfmfA",
    "size": [
      0.9821389224121118,
      1.2133081386274753,
      1.8000000000000043
    ],
    "obj_class": "pedestrian",
    "point_num_in_lidar": 123,
    "speed": 1.6518422749119064,
    "if_vehicle": false,
    "motion_state": true,
    "pose": [
      [
        -0.03325179054473723,
        -0.9994124124902707,
        -0.008315538824761673,
        -5.136155471404891
      ],
      [
        0.9987186447820428,
        -0.032908822630862054,
        -0.03844577945328545,
        -15.30163251275917
      ],
      [
        0.03814953460121276,
        -0.009583274671408246,
        0.99922608745783,
        1.0370469797317945
      ],
      [
        0.0,
        0.0,
        0.0,
        1.0
      ]
    ],
    "location": [
      -5.136155471404891,
      -15.30163251275917,
      1.0370469797317945
    ],
    "rotation": [
      -0.009590402992888042,
      -0.03815879438967866,
      1.6040784850077177
    ]
  },
  {
    "label_id": "KEXkbxDlTHzrbM_KCkyZuw",
    "size": [
      0.8777988654608694,
      1.036695723580972,
      1.4900000000000038
    ],
    "obj_class": "pedestrian",
    "point_num_in_lidar": 69,
    "speed": 1.2118344944636212,
    "if_vehicle": false,
    "motion_state": true,
    "pose": [
      [
        -0.06449789208874446,
        0.997883196436418,
        -0.008315538824761673,
        10.673614132483863
      ],
      [
        -0.9971592540620127,
        -0.06477147582632428,
        -0.03844577945328545,
        -14.29771573830476
      ],
      [
        -0.03890300701230495,
        0.00581224475717738,
        0.99922608745783,
        0.9235151803243689
      ],
      [
        0.0,
        0.0,
        0.0,
        1.0
      ]
    ],
    "location": [
      10.673614132483863,
      -14.29771573830476,
      0.9235151803243689
    ],
    "rotation": [
      0.005816680809199879,
      0.03891282662154853,
      -1.6353879855780624
    ]
  },
  {
    "label_id": "KPjwhQnTMm8REbWc23AAVA",
    "size": [
      0.964197973590886,
      1.9235864377544982,
      1.8000000000000043
    ],
    "obj_class": "cyclist",
    "point_num_in_lidar": 36,
    "speed": 2.107656893626691,
    "if_vehicle": false,
    "motion_state": true,
    "pose": [
      [
        0.9786162433974299,
        -0.20552639726506183,
        -0.008315538824761673,
        -17.22129019118779
      ],
      [
        0.2050686568931807,
        0.9779922126490866,
        -0.03844577945328545,
        -12.46262927704629
      ],
      [
        0.01603415475567895,
        0.03591840788492333,
        0.99922608745783,
        1.1487868958949115
      ],
      [
        0.0,
        0.0,
        0.0,
        1.0
      ]
    ],
    "location": [
      -17.22129019118779,
      -12.46262927704629,
      1.1487868958949115
    ],
    "rotation": [
      0.03593075669866379,
      -0.01603484188299171,
      0.20656079308871136
    ]
  },
  {
    "label_id": "Li88-LQOe4JSKR2F2lRTvA",
    "size": [
      1.8803181685248516,
      4.301639040022977,
      1.9200000000000044
    ],
    "obj_class": "vehicle",
    "point_num_in_lidar": 150,
    "speed": 7.105427357601002e-14,
    "if_vehicle": true,
    "motion_state": false,
    "pose": [
      [
        0.2316819988423253,
        0.9727560347931431,
        -0.008315538824761673,
        45.79610900084094
      ],
      [
        -0.9721444968518784,
        0.23120769728284918,
        -0.03844577945328545,
        -42.38927208948007
      ],
      [
        -0.03547574739217037,
        0.01699110033763857,
        0.99922608745783,
        1.2416156399822356
      ],
      [
        0.0,
        0.0,
        0.0,
        1.0
      ]
    ],
    "location": [
      45.79610900084094,
      -42.38927208948007,
      1.2416156399822356
    ],
    "rotation": [
      0.017002621533948034,
      0.035483192816997945,
      -1.3368399443959809
    ]
  },
  {
    "label_id": "QCejAUMzNgKQBygPRkJ3vA",
    "size": [
      0.8928711067159334,
      1.04776036441304,
      1.810000000000004
    ],
    "obj_class": "pedestrian",
    "point_num_in_lidar": 35,
    "speed": 1.2068997316870296,
    "if_vehicle": false,
    "motion_state": true,
    "pose": [
      [
        -0.7663310403692917,
        -0.6423920830618736,
        -0.008315538824761673,
        -12.33627573237959
      ],
      [
        0.6421843276725551,
        -0.765585534956074,
        -0.03844577945328545,
        3.119336634672436
      ],
      [
        0.018331008108330247,
        -0.03480230287565918,
        0.99922608745783,
        1.165046141533006
      ],
      [
        0.0,
        0.0,
        0.0,
        1.0
      ]
    ],
    "location": [
      -12.33627573237959,
      3.119336634672436,
      1.165046141533006
    ],
    "rotation": [
      -0.0348151843907649,
      -0.018332034879052928,
      2.4441074234575573
    ]
  },
  {
    "label_id": "QY1qEYd55QF-nFZcCsP7eA",
    "size": [
      0.8484711943744984,
      0.9635469452995944,
      1.5319292035398284
    ],
    "obj_class": "pedestrian",
    "point_num_in_lidar": 62,
    "speed": 1.1914147803208897,
    "if_vehicle": false,
    "motion_state": true,
    "pose": [
      [
        -0.48067763749590103,
        -0.8768579478030709,
        -0.008315538824761673,
        -4.450442752008712
      ],
      [
        0.8763936088451298,
        -0.48005850103673714,
        -0.03844577945328545,
        -27.241783978670355
      ],
      [
        0.029719542169569468,
        -0.02576771151941837,
        0.99922608745783,
        0.61097098298172
      ],
      [
        0.0,
        0.0,
        0.0,
        1.0
      ]
    ],
    "location": [
      -4.450442752008712,
      -27.241783978670355,
      0.61097098298172
    ],
    "rotation": [
      -0.02578195489970063,
      -0.029723918879521728,
      2.0724658996664025
    ]
  },
  {
    "label_id": "QuYOuiSD1qcDP7C_tY12xQ",
    "size": [
      1.0369836013925886,
      1.3268741498980898,
      1.8200000000000038
    ],
    "obj_class": "pedestrian",
    "point_num_in_lidar": 149,
    "speed": 1.2548544168600293,
    "if_vehicle": false,
    "motion_state": true,
    "pose": [
      [
        -0.16028892685560897,
        -0.9870351117065346,
        -0.008315538824761673,
        12.315139579898869
      ],
      [
        0.9863906839290778,
        -0.15986037876896067,
        -0.03844577945328545,
        -14.737494339527984
      ],
      [
        0.03661800903112399,
        -0.01436480275929001,
        0.99922608745783,
        1.0791749244879734
      ],
      [
        0.0,
        0.0,
        0.0,
        1.0
      ]
    ],
    "location": [
      12.315139579898869,
      -14.737494339527984,
      1.0791749244879734
    ],
    "rotation": [
      -0.014374938248556865,
      -0.03662619735690965,
      1.7318886666354714
    ]
  },
  {
    "label_id": "S728HGpQewxrenfG0threA",
    "size": [
      0.8266434409207434,
      0.6878010899886708,
      1.8400000000000043
    ],
    "obj_class": "pedestrian",
    "point_num_in_lidar": 73,
    "speed": 0.9346508107746587,
    "if_vehicle": false,
    "motion_state": false,
    "pose": [
      [
        0.20533355223986033,
        0.9786567243618236,
        -0.008315538824761673,
        -6.753488177378131
      ],
      [
        -0.9780326034256555,
        0.20487593484512495,
        -0.03844577945328545,
        -15.01464121929348
      ],
      [
        -0.03592156679482546,
        0.016027076549442108,
        0.99922608745783,
        1.0137581689989643
      ],
      [
        0.0,
        0.0,
        0.0,
        1.0
      ]
    ],
    "location": [
      -6.753488177378131,
      -15.01464121929348,
      1.0137581689989643
    ],
    "rotation": [
      0.016038114456305944,
      0.035929296569984705,
      -1.363856323086955
    ]
  },
  {
    "label_id": "S_zkAqSyVSDXt7mjflF5ng",
    "size": [
      2.468297895607546,
      5.136041162096543,
      2.0500000000000034
    ],
    "obj_class": "vehicle",
    "point_num_in_lidar": 6614,
    "speed": 0.06719183556514191,
    "if_vehicle": true,
    "motion_state": false,
    "pose": [
      [
        -0.15782181956900185,
        -0.987432592677588,
        -0.008315538824761673,
        10.284547400549855
      ],
      [
        0.9867870959680806,
        -0.15739488324946116,
        -0.03844577945328545,
        -29.088251708899406
      ],
      [
        0.03665379242058866,
        -0.014273249276362449,
        0.99922608745783,
        0.45992739143029304
      ],
      [
        0.0,
        0.0,
        0.0,
        1.0
      ]
    ],
    "location": [
      10.284547400549855,
      -29.088251708899406,
      0.45992739143029304
    ],
    "rotation": [
      -0.014283332667837554,
      -0.036662004784616675,
      1.7293882358773527
    ]
  },
  {
    "label_id": "VOMFwLan-yMeZ2OM0S_JtQ",
    "size": [
      2.075210372786281,
      4.523204878148739,
      1.5400000000000045
    ],
    "obj_class": "vehicle",
    "point_num_in_lidar": 23,
    "speed": 4.739078161168625,
    "if_vehicle": true,
    "motion_state": true,
    "pose": [
      [
        -0.15885741563253275,
        -0.9872665158469656,
        -0.008315538824761673,
        -4.3079802712334185
      ],
      [
        0.9866214672908175,
        -0.15842980250932556,
        -0.03844577945328545,
        8.541702033293404
      ],
      [
        0.03663880155610036,
        -0.014311686282527375,
        0.99922608745783,
        1.0109274118955724
      ],
      [
        0.0,
        0.0,
        0.0,
        1.0
      ]
    ],
    "location": [
      -4.3079802712334185,
      8.541702033293404,
      1.0109274118955724
    ],
    "rotation": [
      -0.014321791575564742,
      -0.03664700384397941,
      1.7304376980975655
    ]
  },
  {
    "label_id": "YMb2DQvXVMNwYg9V1LLfjg",
    "size": [
      2.0355511694664172,
      3.7736514423989274,
      1.8000000000000007
    ],
    "obj_class": "vehicle",
    "point_num_in_lidar": 979,
    "speed": 10.68178824748169,
    "if_vehicle": true,
    "motion_state": true,
    "pose": [
      [
        -0.19186516787154634,
        -0.9813860653033939,
        -0.008315538824761673,
        2.735359270180652
      ],
      [
        0.9807557145871526,
        -0.19141617054698642,
        -0.03844577945328545,
        -21.069960481068847
      ],
      [
        0.036138423627311206,
        -0.015531918151013404,
        0.99922608745783,
        0.7740530790585956
      ],
      [
        0.0,
        0.0,
        0.0,
        1.0
      ]
    ],
    "location": [
      2.735359270180652,
      -21.069960481068847,
      0.7740530790585956
    ],
    "rotation": [
      -0.015542696108535701,
      -0.03614629429758365,
      1.763986382888789
    ]
  },
  {
    "label_id": "d1iW-GYfbNf_o3P5WE4HTg",
    "size": [
      2.058762401672249,
      4.364956623428219,
      1.7900000000000045
    ],
    "obj_class": "vehicle",
    "point_num_in_lidar": 483,
    "speed": 1.421529491362787e-12,
    "if_vehicle": true,
    "motion_state": false,
    "pose": [
      [
        0.21830971985504138,
        0.9758441053933088,
        -0.008315538824761673,
        42.32367167960501
      ],
      [
        -0.9752261155613733,
        0.21784385593655012,
        -0.03844577945328545,
        -43.11153270831346
      ],
      [
        -0.03570559821496362,
        0.016502617968927564,
        0.99922608745783,
        0.8866156399820575
      ],
      [
        0.0,
        0.0,
        0.0,
        1.0
      ]
    ],
    "location": [
      42.32367167960501,
      -43.11153270831346,
      0.8866156399820575
    ],
    "rotation": [
      0.016513898117975247,
      0.03571318935430403,
      -1.3505715122874098
    ]
  },
  {
    "label_id": "e2kCF-ImQeQ5Fr3lsqfRUw",
    "size": [
      2.308492001766681,
      5.048858220044428,
      1.88
    ],
    "obj_class": "vehicle",
    "point_num_in_lidar": 60,
    "speed": 0.012638705148322688,
    "if_vehicle": true,
    "motion_state": false,
    "pose": [
      [
        -0.11624802081236836,
        -0.9931854053857523,
        -0.008315538824761673,
        -9.974231007985054
      ],
      [
        0.9925225620652197,
        -0.11584854696422162,
        -0.03844577945328545,
        26.15826644912886
      ],
      [
        0.037220443961609326,
        -0.012722605669338511,
        0.99922608745783,
        1.2935842120120515
      ],
      [
        0.0,
        0.0,
        0.0,
        1.0
      ]
    ],
    "location": [
      -9.974231007985054,
      26.15826644912886,
      1.2935842120120515
    ],
    "rotation": [
      -0.012731771503224925,
      -0.037229043284977024,
      1.6873889314254178
    ]
  },
  {
    "label_id": "eIU2UxcEUk0HGjsXvhfsMg",
    "size": [
      0.916673247368159,
      1.104870018567485,
      1.8900000000000041
    ],
    "obj_class": "pedestrian",
    "point_num_in_lidar": 148,
    "speed": 0.001782903604887502,
    "if_vehicle": false,
    "motion_state": false,
    "pose": [
      [
        -0.8854583528314435,
        -0.46464433410414147,
        -0.008315538824761673,
        9.692726768721968
      ],
      [
        0.46459994497785895,
        -0.8846857143465129,
        -0.03844577945328545,
        -14.010860989728826
      ],
      [
        0.010506975187826059,
        -0.03790553542847261,
        0.99922608745783,
        1.1553034701152427
      ],
      [
        0.0,
        0.0,
        0.0,
        1.0
      ]
    ],
    "location": [
      9.692726768721968,
      -14.010860989728826,
      1.1553034701152427
    ],
    "rotation": [
      -0.037916712599938125,
      -0.010507168519693353,
      2.6583809066085795
    ]
  },
  {
    "label_id": "fLt8TLeWA-0VGBpIoLIDpQ",
    "size": [
      0.9007591488630525,
      0.106480003356836,
      0.33013654716762986
    ],
    "obj_class": "sign",
    "point_num_in_lidar": 25,
    "speed": 0.01674649698384861,
    "if_vehicle": false,
    "motion_state": false,
    "pose": [
      [
        0.15177227665922402,
        0.9883805076243308,
        -0.008315538824761673,
        -11.14769770441535
      ],
      [
        -0.9877324086552466,
        0.15134930106985783,
        -0.03844577945328545,
        0.9526681219122111
      ],
      [
        -0.03674050802290439,
        0.014048530668211613,
        0.99922608745783,
        3.0361627293090114
      ],
      [
        0.0,
        0.0,
        0.0,
        1.0
      ]
    ],
    "location": [
      -11.14769770441535,
      0.9526681219122111,
      3.0361627293090114
    ],
    "rotation": [
      0.014058485172107003,
      0.03674877883511947,
      -1.4183315090934925
    ]
  },
  {
    "label_id": "gUKgMUj38YVBqDRACfxBNg",
    "size": [
      1.002881964426466,
      0.9520999166186406,
      1.690000000000004
    ],
    "obj_class": "pedestrian",
    "point_num_in_lidar": 55,
    "speed": 1.2994461858159434,
    "if_vehicle": false,
    "motion_state": true,
    "pose": [
      [
        -0.2685868985897997,
        -0.9632195646476283,
        -0.008315538824761673,
        12.307301212704033
      ],
      [
        0.9626265473507271,
        -0.26808963496906746,
        -0.03844577945328545,
        -20.85647307931322
      ],
      [
        0.034802417179430875,
        -0.018330791095466634,
        0.99922608745783,
        0.8083094888822311
      ],
      [
        0.0,
        0.0,
        0.0,
        1.0
      ]
    ],
    "location": [
      12.307301212704033,
      -20.85647307931322,
      0.8083094888822311
    ],
    "rotation": [
      -0.018342930995334714,
      -0.03480944650714827,
      1.8428910713325535
    ]
  },
  {
    "label_id": "i-L3VmVSRycoEAIp1V6QkA",
    "size": [
      2.1028896263353327,
      4.384922543951328,
      1.6200000000000045
    ],
    "obj_class": "vehicle",
    "point_num_in_lidar": 207,
    "speed": 1.7053025658242404e-12,
    "if_vehicle": true,
    "motion_state": false,
    "pose": [
      [
        0.9920217739330143,
        -0.1257920977520033,
        -0.008315538824761673,
        -12.609072420170378
      ],
      [
        0.12538626914911374,
        0.9913628021824783,
        -0.03844577945328545,
        -7.561452953341359
      ],
      [
        0.013079891118112565,
        0.03709639594428419,
        0.99922608745783,
        1.1256343079994249
      ],
      [
        0.0,
        0.0,
        0.0,
        1.0
      ]
    ],
    "location": [
      -12.609072420170378,
      -7.561452953341359,
      1.1256343079994249
    ],
    "rotation": [
      0.03710808542424031,
      -0.013080264105866685,
      0.12572797591420926
    ]
  },
  {
    "label_id": "jhxnn4ABZp_sAXjRO7flDA",
    "size": [
      0.9046168088196257,
      0.9776028620185125,
      1.900000000000004
    ],
    "obj_class": "pedestrian",
    "point_num_in_lidar": 49,
    "speed": 0.7435798394154416,
    "if_vehicle": false,
    "motion_state": false,
    "pose": [
      [
        -0.04895181953990072,
        -0.998766524858431,
        -0.008315538824761673,
        -9.341423746465125
      ],
      [
        0.9980782319853642,
        -0.04859799254289049,
        -0.03844577945328545,
        2.1153903601461934
      ],
      [
        0.037994239046235695,
        -0.010181549146091835,
        0.99922608745783,
        1.0657944576231264
      ],
      [
        0.0,
        0.0,
        0.0,
        1.0
      ]
    ],
    "location": [
      -9.341423746465125,
      2.1153903601461934,
      1.0657944576231264
    ],
    "rotation": [
      -0.010189082261564243,
      -0.03800338616403273,
      1.619803131113464
    ]
  },
  {
    "label_id": "kNtdgBIGtz-619syo5GotQ",
    "size": [
      2.309682721810869,
      5.064638733456315,
      1.9400000000000048
    ],
    "obj_class": "vehicle",
    "point_num_in_lidar": 47,
    "speed": 8.231034654961054,
    "if_vehicle": true,
    "motion_state": true,
    "pose": [
      [
        -0.1559048574595995,
        -0.9877370739394953,
        -0.008315538824761673,
        -4.999867534036184
      ],
      [
        0.9870907497374798,
        -0.15547917489146124,
        -0.03844577945328545,
        32.130595402144536
      ],
      [
        0.03668142858725948,
        -0.014202075218592786,
        0.99922608745783,
        1.3685207258424654
      ],
      [
        0.0,
        0.0,
        0.0,
        1.0
      ]
    ],
    "location": [
      -4.999867534036184,
      32.130595402144536,
      1.3685207258424654
    ],
    "rotation": [
      -0.014212117943320217,
      -0.03668965954864558,
      1.7274460667212548
    ]
  },
  {
    "label_id": "mQsMM40X1GxN5fl1v6fRCQ",
    "size": [
      1.1219305826155537,
      1.1075329720768676,
      2.060000000000003
    ],
    "obj_class": "pedestrian",
    "point_num_in_lidar": 42,
    "speed": 0.010383154334579297,
    "if_vehicle": false,
    "motion_state": false,
    "pose": [
      [
        -0.9981107587145552,
        0.06087499611752673,
        -0.008315538824761673,
        11.436248153291444
      ],
      [
        -0.060512975170767515,
        -0.9974267401058643,
        -0.03844577945328545,
        4.768383687845926
      ],
      [
        -0.010634527457159825,
        -0.03786994810505684,
        0.99922608745783,
        1.0943561645891835
      ],
      [
        0.0,
        0.0,
        0.0,
        1.0
      ]
    ],
    "location": [
      11.436248153291444,
      4.768383687845926,
      1.0943561645891835
    ],
    "rotation": [
      -0.03788114884392414,
      0.010634727916106177,
      -3.081039257782237
    ]
  },
  {
    "label_id": "mS-SuI1AiLLjq3zm4BaeoA",
    "size": [
      0.6861295975506361,
      0.6975727121070656,
      1.5000000000000036
    ],
    "obj_class": "pedestrian",
    "point_num_in_lidar": 24,
    "speed": 1.2527700458258406,
    "if_vehicle": false,
    "motion_state": true,
    "pose": [
      [
        0.05252003640441409,
        0.9985852480335031,
        -0.008315538824761673,
        -6.614738177874415
      ],
      [
        -0.9978982237551554,
        0.05216375243917206,
        -0.03844577945328545,
        -13.197697675419477
      ],
      [
        -0.03795761850254722,
        0.010317235159279332,
        0.99922608745783,
        0.7501969235261328
      ],
      [
        0.0,
        0.0,
        0.0,
        1.0
      ]
    ],
    "location": [
      -6.614738177874415,
      -13.197697675419477,
      0.7501969235261328
    ],
    "rotation": [
      0.010324859079518472,
      0.037966739185199654,
      -1.518214187313697
    ]
  },
  {
    "label_id": "rbj9kBChW72Ay5dtSpapXQ",
    "size": [
      2.13600846698213,
      4.857696674908094,
      1.770000000000004
    ],
    "obj_class": "vehicle",
    "point_num_in_lidar": 1349,
    "speed": 0.043309069246597116,
    "if_vehicle": true,
    "motion_state": false,
    "pose": [
      [
        -0.14205346002551536,
        -0.9898240582592611,
        -0.008315538824761673,
        -1.8815950988137047
      ],
      [
        0.9891718345617918,
        -0.1416368728541009,
        -0.03844577945328545,
        -24.09068350794587
      ],
      [
        0.036876770526155414,
        -0.013686852789376371,
        0.99922608745783,
        0.5685584232386613
      ],
      [
        0.0,
        0.0,
        0.0,
        1.0
      ]
    ],
    "location": [
      -1.8815950988137047,
      -24.09068350794587,
      0.5685584232386613
    ],
    "rotation": [
      -0.01369659687700706,
      -0.036885133741776,
      1.713429610663122
    ]
  },
  {
    "label_id": "ryg82GvjxiurhXuYlN2xPg",
    "size": [
      0.9795127061288352,
      0.8740044961228312,
      1.7100000000000044
    ],
    "obj_class": "pedestrian",
    "point_num_in_lidar": 190,
    "speed": 1.016174359752095,
    "if_vehicle": false,
    "motion_state": true,
    "pose": [
      [
        -0.1600730844997415,
        -0.9870701390644905,
        -0.008315538824761673,
        14.106633882835467
      ],
      [
        0.9864256175902875,
        -0.15964467734268292,
        -0.03844577945328545,
        -28.878435884449573
      ],
      [
        0.036621149358787575,
        -0.014356795023895733,
        0.99922608745783,
        0.44024602581451155
      ],
      [
        0.0,
        0.0,
        0.0,
        1.0
      ]
    ],
    "location": [
      14.106633882835467,
      -28.878435884449573,
      0.44024602581451155
    ],
    "rotation": [
      -0.014366925966029905,
      -0.03662933979227289,
      1.7316698688592227
    ]
  },
  {
    "label_id": "t-LPOe5gpociAs9F4-TjPw",
    "size": [
      1.060243210405155,
      1.9174464105824227,
      1.8000000000000043
    ],
    "obj_class": "cyclist",
    "point_num_in_lidar": 53,
    "speed": 0.05768116814731404,
    "if_vehicle": false,
    "motion_state": false,
    "pose": [
      [
        0.9990183620642592,
        0.04351050531192157,
        -0.008315538824761673,
        -9.610211702610513
      ],
      [
        -0.043799244169048644,
        0.9983003296866376,
        -0.03844577945328545,
        -10.094823789615475
      ],
      [
        0.006628609859158471,
        0.03877225393308792,
        0.99922608745783,
        1.214260528103794
      ],
      [
        0.0,
        0.0,
        0.0,
        1.0
      ]
    ],
    "location": [
      -9.610211702610513,
      -10.094823789615475,
      1.214260528103794
    ],
    "rotation": [
      0.03878282728489202,
      -0.006628658401946046,
      -0.043814223350900024
    ]
  },
  {
    "label_id": "vdhAti93bTRosfry8WrmWQ",
    "size": [
      2.022944880509768,
      4.197556005392045,
      1.9300000000000042
    ],
    "obj_class": "vehicle",
    "point_num_in_lidar": 4781,
    "speed": 0.009030234722099732,
    "if_vehicle": true,
    "motion_state": false,
    "pose": [
      [
        -0.14205346002569205,
        -0.9898240582592358,
        -0.008315538824761673,
        0.38415423190554066
      ],
      [
        0.9891718345617665,
        -0.14163687285427748,
        -0.03844577945328545,
        -37.737415150842935
      ],
      [
        0.036876770526152965,
        -0.013686852789382954,
        0.99922608745783,
        0.10855842420408379
      ],
      [
        0.0,
        0.0,
        0.0,
        1.0
      ]
    ],
    "location": [
      0.38415423190554066,
      -37.737415150842935,
      0.10855842420408379
    ],
    "rotation": [
      -0.01369659687701365,
      -0.03688513374177355,
      1.7134296106633005
    ]
  },
  {
    "label_id": "vuY70TBlAdzIOr716UXhow",
    "size": [
      0.8556086793243369,
      1.1211029100138488,
      1.9300000000000042
    ],
    "obj_class": "pedestrian",
    "point_num_in_lidar": 33,
    "speed": 1.5357354227328044,
    "if_vehicle": false,
    "motion_state": true,
    "pose": [
      [
        -0.905562815674457,
        -0.4241306858526076,
        -0.008315538824761673,
        -16.546463253717775
      ],
      [
        0.4241212790644488,
        -0.9047889603034319,
        -0.03844577945328545,
        8.173414150955068
      ],
      [
        0.008782227080041113,
        -0.038341865254984356,
        0.99922608745783,
        1.6303569629415957
