[
  {
    "label_id": "--vdK0N2LIZSbUVEuUiisw",
    "size": [
      3.1060181495336665,
      7.585705537180848,
      3.4299999999999744
    ],
    "obj_class": "vehicle",
    "point_num_in_lidar": 157,
    "speed": 1.3240239356515815,
    "if_vehicle": true,
    "motion_state": true,
    "pose": [
      [
        -0.16367944971924817,
        -0.9865131165766883,
        -0.0009531850573834022,
        -12.301413880164773
      ],
      [
        0.9864807325357553,
        -0.16368180819332115,
        0.00800187492306843,
        76.7016605447825
      ],
      [
        -0.008049973622548456,
        0.0003694437904803774,
        0.9999675301908368,
        2.8795090666931227
      ],
      [
        0.0,
        0.0,
        0.0,
        1.0
      ]
    ],
    "location": [
      -12.301413880164773,
      76.7016605447825,
      2.8795090666931227
    ],
    "rotation": [
      0.0003694557698293251,
      0.008050060567583384,
      1.7352209619202923
    ]
  },
  {
    "label_id": "-roDyLaSj9Ly7YWd600gHw",
    "size": [
      2.3762110385417583,
      5.77472060364153,
      2.21
    ],
    "obj_class": "vehicle",
    "point_num_in_lidar": 5138,
    "speed": 7.070023537113821,
    "if_vehicle": true,
    "motion_state": true,
    "pose": [
      [
        -0.16343060601126772,
        -0.9865543717692584,
        -0.0009531850573834022,
        0.5510933828504676
      ],
      [
        0.9865219883242582,
        -0.16343297265383036,
        0.00800187492306843,
        13.628211489316527
      ],
      [
        -0.00805006655512134,
        0.0003674132498525938,
        0.9999675301908368,
        1.4093118075173283
      ],
      [
        0.0,
        0.0,
        0.0,
        1.0
      ]
    ],
    "location": [
      0.5510933828504676,
      13.628211489316527,
      1.4093118075173283
    ],
    "rotation": [
      0.0003674251635437862,
      0.00805015350316756,
      1.7349687133231009
    ]
  },
  {
    "label_id": "0G-ubSILge3wWJWqAwzLaQ",
    "size": [
      2.162309723028805,
      4.528455986150106,
      1.850000000000004
    ],
    "obj_class": "vehicle",
    "point_num_in_lidar": 541,
    "speed": 0.035611216813518455,
    "if_vehicle": true,
    "motion_state": false,
    "pose": [
      [
        0.9802945351145103,
        -0.1975391502028717,
        -0.0009531850573834022,
        -19.037662264410983
      ],
      [
        0.19754039259076153,
        0.9802620890827122,
        0.00800187492306843,
        -8.496389062804155
      ],
      [
        -0.0006463123966995283,
        -0.008032486808200989,
        0.9999675301908368,
        1.3103644623355422
      ],
      [
        0.0,
        0.0,
        0.0,
        1.0
      ]
    ],
    "location": [
      -19.037662264410983,
      -8.496389062804155,
      1.3103644623355422
    ],
    "rotation": [
      -0.00803257486556617,
      0.0006463124416957749,
      0.19884827678341857
    ]
  },
  {
    "label_id": "11r44Df_GYtG-9-4QPBnzw",
    "size": [
      0.9675045553230568,
      0.979657455459193,
      1.7000000000000046
    ],
    "obj_class": "pedestrian",
    "point_num_in_lidar": 58,
    "speed": 0.7046470189985066,
    "if_vehicle": false,
    "motion_state": false,
    "pose": [
      [
        -0.931798579174243,
        0.36297451602985625,
        -0.0009531850573834022,
        35.82305930428765
      ],
      [
        -0.36297016717452113,
        -0.9317664019157461,
        0.00800187492306843,
        10.88138356509262
      ],
      [
        0.0020163308662542205,
        0.007802113423671878,
        0.9999675301908368,
        0.802264081475327
      ],
      [
        0.0,
        0.0,
        0.0,
        1.0
      ]
    ],
    "location": [
      35.82305930428765,
      10.88138356509262,
      0.802264081475327
    ],
    "rotation": [
      0.0078022084427769416,
      -0.0020163322325192088,
      -2.7701383833373834
    ]
  },
  {
    "label_id": "2OcPp60f47yILAOIjW5txw",
    "size": [
      1.059262272601406,
      1.066028306528532,
      1.7800000000000047
    ],
    "obj_class": "pedestrian",
    "point_num_in_lidar": 24,
    "speed": 0.13173714738116718,
    "if_vehicle": false,
    "motion_state": false,
    "pose": [
      [
        -0.9773680456065905,
        -0.21154383674642954,
        -0.0009531850573834022,
        37.370780519687514
      ],
      [
        0.2115297054985858,
        -0.9773388121267861,
        0.00800187492306843,
        -6.844301068023924
      ],
      [
        -0.002624332074111033,
        0.007619149900273815,
        0.9999675301908368,
        0.8229621738504846
      ],
      [
        0.0,
        0.0,
        0.0,
        1.0
      ]
    ],
    "location": [
      37.370780519687514,
      -6.844301068023924,
      0.8229621738504846
    ],
    "rotation": [
      0.007619249857202596,
      0.002624335086468178,
      2.9284520911522676
    ]
  },
  {
    "label_id": "3DbWXTbww7_ShfqbjshUTQ",
    "size": [
      0.8425227889395015,
      0.8891287198071607,
      1.5800000000000036
    ],
    "obj_class": "pedestrian",
    "point_num_in_lidar": 45,
    "speed": 0.2408150887642168,
    "if_vehicle": false,
    "motion_state": false,
    "pose": [
      [
        0.7034375338456198,
        -0.7107564473259732,
        -0.0009531850573834022,
        34.69574241425403
      ],
      [
        0.7107393802567006,
        0.7034099113248524,
        0.00800187492306843,
        9.107838680147324
      ],
      [
        -0.00501690437557668,
        -0.006306285318978992,
        0.9999675301908368,
        0.7397650572004961
      ],
      [
        0.0,
        0.0,
        0.0,
        1.0
      ]
    ],
    "location": [
      34.69574241425403,
      9.107838680147324,
      0.7397650572004961
    ],
    "rotation": [
      -0.006306406484646641,
      0.005016925421168275,
      0.7905614364296728
    ]
  },
  {
    "label_id": "46_9c4l2SJ1GUWIL_ncT0g",
    "size": [
      0.6680003051338733,
      0.5447643847782806,
      1.7100000000000044
    ],
    "obj_class": "pedestrian",
    "point_num_in_lidar": 197,
    "speed": 0.005840702668504948,
    "if_vehicle": false,
    "motion_state": false,
    "pose": [
      [
        -0.20294706505540253,
        -0.9791892463786787,
        -0.0009531850573834022,
        9.809919585452462
      ],
      [
        0.9791567939835524,
        -0.20294812833225803,
        0.00800187492306843,
        6.630343139633624
      ],
      [
        -0.008028796998886062,
        0.0006906394057166025,
        0.9999675301908368,
        1.0482835093505818
      ],
      [
        0.0,
        0.0,
        0.0,
        1.0
      ]
    ],
    "location": [
      9.809919585452462,
      6.630343139633624,
      1.0482835093505818
    ],
    "rotation": [
      0.0006906617215560947,
      0.008028883259546656,
      1.7751696922224214
    ]
  },
  {
    "label_id": "4SpFUxzqvfhAQYbRKCel4w",
    "size": [
      2.2618729475137154,
      4.8971219523584635,
      1.5900000000000043
    ],
    "obj_class": "vehicle",
    "point_num_in_lidar": 547,
    "speed": 3.552713678800501e-14,
    "if_vehicle": true,
    "motion_state": false,
    "pose": [
      [
        0.981949891447459,
        -0.1891388435107126,
        -0.0009531850573834022,
        -19.041156349028824
      ],
      [
        0.1891403636488584,
        0.9819174572419482,
        0.00800187492306843,
        -5.322121320890801
      ],
      [
        -0.0005775163210396048,
        -0.008037725980461345,
        0.9999675301908368,
        1.1003903674380435
      ],
      [
        0.0,
        0.0,
        0.0,
        1.0
      ]
    ],
    "location": [
      -19.041156349028824,
      -5.322121320890801,
      1.1003903674380435
    ],
    "rotation": [
      -0.008037813869679512,
      0.0005775163531423077,
      0.1902866667654693
    ]
  },
  {
    "label_id": "56KZFAsnH_K9TXcdzOHYfA",
    "size": [
      2.148216550102105,
      4.504355029583435,
      1.4500000000000037
    ],
    "obj_class": "vehicle",
    "point_num_in_lidar": 657,
    "speed": 0.0067841720354853054,
    "if_vehicle": true,
    "motion_state": false,
    "pose": [
      [
        0.9896924675111722,
        -0.14320583504136133,
        -0.0009531850573834022,
        15.435763888049905
      ],
      [
        0.14320886393862206,
        0.9896601392837465,
        0.00800187492306843,
        3.7090513971052133
      ],
      [
        -0.0002025859236012998,
        -0.008055899886518513,
        0.9999675301908368,
        0.7210024901360148
      ],
      [
        0.0,
        0.0,
        0.0,
        1.0
      ]
    ],
    "location": [
      15.435763888049905,
      3.7090513971052133,
      0.7210024901360148
    ],
    "rotation": [
      -0.008055987189037975,
      0.00020258592498702317,
      0.14370294695334895
    ]
  },
  {
    "label_id": "7895HQG9qOZmWXe25Kltyg",
    "size": [
      2.1042422634635556,
      4.591495372947606,
      1.7100000000000044
    ],
    "obj_class": "vehicle",
    "point_num_in_lidar": 1650,
    "speed": 2.8421709430404007e-13,
    "if_vehicle": true,
    "motion_state": false,
    "pose": [
      [
        0.9802945351144847,
        -0.19753915020299817,
        -0.0009531850573834022,
        -12.08488230777266
      ],
      [
        0.197540392590888,
        0.9802620890826867,
        0.00800187492306843,
        -3.9045444608836988
      ],
      [
        -0.0006463123967005646,
        -0.008032486808200906,
        0.9999675301908368,
        1.0474512825314024
      ],
      [
        0.0,
        0.0,
        0.0,
        1.0
      ]
    ],
    "location": [
      -12.08488230777266,
      -3.9045444608836988,
      1.0474512825314024
    ],
    "rotation": [
      -0.008032574865566086,
      0.0006463124416968112,
      0.19884827678354758
    ]
  },
  {
    "label_id": "8_0szobTCQqOKZ5WHo3Kog",
    "size": [
      2.1793743279273796,
      5.266204570828405,
      1.9600000000000044
    ],
    "obj_class": "vehicle",
    "point_num_in_lidar": 429,
    "speed": 0.02184408888360174,
    "if_vehicle": true,
    "motion_state": false,
    "pose": [
      [
        0.982976025229083,
        -0.1837313943317242,
        -0.0009531850573834022,
        24.411844104087777
      ],
      [
        0.18373309296247045,
        0.98294359988158,
        0.00800187492306843,
        2.2552058961646253
      ],
      [
        -0.0005332684852256492,
        -0.008040782845016742,
        0.9999675301908368,
        1.0289967395263568
      ],
      [
        0.0,
        0.0,
        0.0,
        1.0
      ]
    ],
    "location": [
      24.411844104087777,
      2.2552058961646253,
      1.0289967395263568
    ],
    "rotation": [
      -0.008040870635923495,
      0.0005332685105003813,
      0.18478288509858745
    ]
  },
  {
    "label_id": "9iYq7jdXbd8oinkPb-bYgQ",
    "size": [
      0.9224308020239705,
      1.0171580896583552,
      1.7400000000000038
    ],
    "obj_class": "pedestrian",
    "point_num_in_lidar": 378,
    "speed": 0.8920085881237051,
    "if_vehicle": false,
    "motion_state": false,
    "pose": [
      [
        -0.13881093874679454,
        -0.9903184410695784,
        -0.0009531850573834022,
        -10.586656140158084
      ],
      [
        0.990286126606709,
        -0.1388141111270628,
        0.00800187492306843,
        5.370578222635231
      ],
      [
        -0.008056719835927156,
        0.0001668218313899603,
        0.9999675301908368,
        1.167046979731924
      ],
      [
        0.0,
        0.0,
        0.0,
        1.0
      ]
    ],
    "location": [
      -10.586656140158084,
      5.370578222635231,
      1.167046979731924
    ],
    "rotation": [
      0.00016682724669119908,
      0.008056806999740275,
      1.7100615043801424
    ]
  },
  {
    "label_id": "Ajn5P334xqYzHGHWL_0Qaw",
    "size": [
      2.3627850628104086,
      5.609335176106013,
      2.160000000000001
    ],
    "obj_class": "vehicle",
    "point_num_in_lidar": 432,
    "speed": 7.800869071608185,
    "if_vehicle": true,
    "motion_state": true,
    "pose": [
      [
        0.9870815865315045,
        -0.16021558278985995,
        -0.0009531850573834022,
        33.256136854346096
      ],
      [
        0.16021805492386984,
        0.9870492109687984,
        0.00800187492306843,
        -0.07734804971732956
      ],
      [
        -0.0003411844954134384,
        -0.008051220850165514,
        0.9999675301908368,
        1.1806088659665992
      ],
      [
        0.0,
        0.0,
        0.0,
        1.0
      ]
    ],
    "location": [
      33.256136854346096,
      -0.07734804971732956,
      1.1806088659665992
    ],
    "rotation": [
      -0.008051308304244036,
      0.000341184502032808,
      0.16091156714137655
    ]
  },
  {
    "label_id": "B6xeIGelvSq42ol4SnNpDg",
    "size": [
      0.7251573055766426,
      0.9402309291111298,
      1.6300000000000043
    ],
    "obj_class": "pedestrian",
    "point_num_in_lidar": 65,
    "speed": 1.3889185670291964,
    "if_vehicle": false,
    "motion_state": true,
    "pose": [
      [
        -0.9769551963268671,
        -0.21344234773863152,
        -0.0009531850573834022,
        -20.046549764904057
      ],
      [
        0.213428159720273,
        -0.9769259903575772,
        0.00800187492306843,
        9.0473283578267
      ],
      [
        -0.0026391302260689318,
        0.007614036753779151,
        0.9999675301908368,
        1.415843573267674
      ],
      [
        0.0,
        0.0,
        0.0,
        1.0
      ]
    ],
    "location": [
      -20.046549764904057,
      9.0473283578267,
      1.415843573267674
    ],
    "rotation": [
      0.007614136841317728,
      0.002639133289672544,
      2.9265092580949754
    ]
  },
  {
    "label_id": "CxbtD4PgRVqlo5t1DPk9WA",
    "size": [
      1.841839519612269,
      3.7532901285724676,
      1.650000000000004
    ],
    "obj_class": "vehicle",
    "point_num_in_lidar": 127,
    "speed": 3.552713678800501e-13,
    "if_vehicle": true,
    "motion_state": false,
    "pose": [
      [
        -0.0969994244760809,
        -0.9952839811277762,
        -0.0009531850573834022,
        -0.7426739788334089
      ],
      [
        0.9952518288540243,
        -0.09700395435463183,
        0.00800187492306843,
        40.65368443454827
      ],
      [
        -0.008056600649716002,
        -0.00017248190932993719,
        0.9999675301908368,
        1.3499273914302137
      ],
      [
        0.0,
        0.0,
        0.0,
        1.0
      ]
    ],
    "location": [
      -0.7426739788334089,
      40.65368443454827,
      1.3499273914302137
    ],
    "rotation": [
      -0.0001724875082558561,
      0.008056687809660757,
      1.6679516715201728
    ]
  },
  {
    "label_id": "DXY4_S8POdnu7YJL2WT3rA",
    "size": [
      2.2319601337049715,
      5.01468204222107,
      1.7400000000000038
    ],
    "obj_class": "vehicle",
    "point_num_in_lidar": 284,
    "speed": 2.929642751054232e-13,
    "if_vehicle": true,
    "motion_state": false,
    "pose": [
      [
        0.98783248949644,
        -0.1555186938393977,
        -0.0009531850573834022,
        -29.339756073550006
      ],
      [
        0.1555213199405596,
        0.9878001260587395,
        0.00800187492306843,
        -6.852384944442747
      ],
      [
        -0.000302884816461202,
        -0.008052752624165707,
        0.9999675301908368,
        1.2246739429915623
      ],
      [
        0.0,
        0.0,
        0.0,
        1.0
      ]
    ],
    "location": [
      -29.339756073550006,
      -6.852384944442747,
      1.2246739429915623
    ],
    "rotation": [
      -0.008052840028667232,
      0.00030288482109227117,
      0.15615517988093225
    ]
  },
  {
    "label_id": "Dim3jKxYp8w_rgP9Tzan-A",
    "size": [
      2.107997291323907,
      4.492720993371877,
      1.8347182420150379
    ],
    "obj_class": "vehicle",
    "point_num_in_lidar": 54,
    "speed": 0.004181515613441784,
    "if_vehicle": true,
    "motion_state": false,
    "pose": [
      [
        0.9890221913601377,
        -0.14776398896699333,
        -0.0009531850573834022,
        -36.710920195252584
      ],
      [
        0.14776686889071936,
        0.9889898495211913,
        0.00800187492306843,
        -17.663481028124806
      ],
      [
        -0.0002396986113800852,
        -0.008054881042805839,
        0.9999675301908368,
        1.2350179292503478
      ],
      [
        0.0,
        0.0,
        0.0,
        1.0
      ]
    ],
    "location": [
      -36.710920195252584,
      -17.663481028124806,
      1.2350179292503478
    ],
    "rotation": [
      -0.008054968378356786,
      0.00023969861367541614,
      0.1483099761314521
    ]
  },
  {
    "label_id": "EfwDhyFr1GT4NZeNIYzvxA",
    "size": [
      1.994688200971722,
      4.3108038514819835,
      1.7100000000000044
    ],
    "obj_class": "vehicle",
    "point_num_in_lidar": 215,
    "speed": 0.010390271332271859,
    "if_vehicle": true,
    "motion_state": false,
    "pose": [
      [
        0.9892868563942975,
        -0.14598153035139436,
        -0.0009531850573834022,
        40.48914126547197
      ],
      [
        0.14598446855046174,
        0.9892545197974861,
        0.00800187492306843,
        -4.2457956787966395
      ],
      [
        -0.0002251833207300186,
        -0.008055299901935086,
        0.9999675301908368,
        0.6808499850669207
      ],
      [
        0.0,
        0.0,
        0.0,
        1.0
      ]
    ],
    "location": [
      40.48914126547197,
      -4.2457956787966395,
      0.6808499850669207
    ],
    "rotation": [
      -0.00805538722390841,
      0.0002251833226331002,
      0.14650803284504377
    ]
  },
  {
    "label_id": "Epgsupn8EYYShv3D2Ns2xg",
    "size": [
      1.0117485065927387,
      1.0472548432567341,
      1.8199410029498218
    ],
    "obj_class": "pedestrian",
    "point_num_in_lidar": 290,
    "speed": 0.6237940844756042,
    "if_vehicle": false,
    "motion_state": false,
    "pose": [
      [
        -0.14519132805128923,
        -0.9894031381074901,
        -0.0009531850573834022,
        10.452735508783462
      ],
      [
        0.9893708038677694,
        -0.14519429207706214,
        0.00800187492306843,
        5.570198316981987
      ],
      [
        -0.008055477189252754,
        0.00021874938052245086,
        0.9999675301908368,
        1.053285807241009
      ],
      [
        0.0,
        0.0,
        0.0,
        1.0
      ]
    ],
    "location": [
      10.452735508783462,
      5.570198316981987,
      1.053285807241009
    ],
    "rotation": [
      0.00021875648001423685,
      0.008055564312739575,
      1.716507435180062
    ]
  },
  {
    "label_id": "HAwzx47-xhwNNgj0RAxUNQ",
    "size": [
      1.0428727676015828,
      0.9653574371278288,
      2.0400000000000036
    ],
    "obj_class": "pedestrian",
    "point_num_in_lidar": 85,
    "speed": 0.14859476854248324,
    "if_vehicle": false,
    "motion_state": false,
    "pose": [
      [
        0.19540851495483147,
        -0.9807214710208979,
        -0.0009531850573834022,
        -16.400596745831763
      ],
      [
        0.9806920086341789,
        0.19539486738083722,
        0.00800187492306843,
        31.918911158121773
      ],
      [
        -0.00766136307760008,
        -0.002498415464096522,
        0.9999675301908368,
        1.5627991509580985
      ],
      [
        0.0,
        0.0,
        0.0,
        1.0
      ]
    ],
    "location": [
      -16.400596745831763,
      31.918911158121773,
      1.5627991509580985
    ],
    "rotation": [
      -0.002498491390880791,
      0.007661438028759293,
      1.3741165008760337
    ]
  },
  {
    "label_id": "IGBmzIiv4jqIHomOewuqIQ",
    "size": [
      2.8065665144207075,
      5.908068729613541,
      2.259999999999999
    ],
    "obj_class": "vehicle",
    "point_num_in_lidar": 108,
    "speed": 1.1368683772161603e-12,
    "if_vehicle": true,
    "motion_state": false,
    "pose": [
      [
        -0.15782720470079065,
        -0.9874662854470431,
        -0.0009531850573834022,
        1.81258228871161
      ],
      [
        0.9874339159595636,
        -0.15782975514926506,
        0.00800187492306843,
        24.846721260781123
      ],
      [
        -0.008052022671112987,
        0.0003217062976270106,
        0.9999675301908368,
        1.4749273914302021
      ],
      [
        0.0,
        0.0,
        0.0,
        1.0
      ]
    ],
    "location": [
      1.81258228871161,
      24.846721260781123,
      1.4749273914302021
    ],
    "rotation": [
      0.00032171673260887807,
      0.008052109682559344,
      1.7292913993387957
    ]
  },
  {
    "label_id": "IRYvAzRN0IoJldo5xtl2IQ",
    "size": [
      0.967305954441262,
      1.1353173910062497,
      1.7100000000000044
    ],
    "obj_class": "pedestrian",
    "point_num_in_lidar": 333,
    "speed": 2.9554354536175635,
    "if_vehicle": false,
    "motion_state": true,
    "pose": [
      [
        0.08963557634268716,
        0.9959741738077151,
        -0.0009531850573834022,
        6.978012692758739
      ],
      [
        -0.9959420559166929,
        0.08964034389797115,
        0.00800187492306843,
        20.584596420738308
      ],
      [
        0.00805510460175801,
        0.00023206441516816198,
        0.9999675301908368,
        1.1734273436787017
      ],
      [
        0.0,
        0.0,
        0.0,
        1.0
      ]
    ],
    "location": [
      6.978012692758739,
      20.584596420738308,
      1.1734273436787017
    ],
    "rotation": [
      0.0002320719463338438,
      -0.008055191713156067,
      -1.481037364454659
    ]
  },
  {
    "label_id": "KUCYq08RlyE439QAxBXN-A",
    "size": [
      1.90643559180507,
      5.176931607263873,
      1.7600000000000042
    ],
    "obj_class": "vehicle",
    "point_num_in_lidar": 25,
    "speed": 1.4250766696571006e-12,
    "if_vehicle": true,
    "motion_state": false,
    "pose": [
      [
        -0.1869344710217114,
        -0.9823719229406342,
        -0.0009531850573834022,
        -4.814882455660836
      ],
      [
        0.982339492228625,
        -0.18693606395161594,
        0.00800187492306843,
        65.65835042278195
      ],
      [
        -0.008039001918149921,
        0.0005594749306557706,
        0.9999675301908368,
        1.6749273914302059
      ],
      [
        0.0,
        0.0,
        0.0,
        1.0
      ]
    ],
    "location": [
      -4.814882455660836,
      65.65835042278195,
      1.6749273914302059
    ],
    "rotation": [
      0.0005594930389100328,
      0.008039088508157311,
      1.7588431536782692
    ]
  },
  {
    "label_id": "M_1TRWLs6EJ0geewnQxZ6w",
    "size": [
      0.4204623286783273,
      0.06393782410658118,
      0.4800000000000031
    ],
    "obj_class": "sign",
    "point_num_in_lidar": 42,
    "speed": 0.004834926207526316,
    "if_vehicle": false,
    "motion_state": false,
    "pose": [
      [
        -0.9937284854954105,
        0.11181586896878307,
        -0.0009531850573834022,
        21.733474832575666
      ],
      [
        -0.11181991935724654,
        -0.9936962693059959,
        0.00800187492306843,
        6.703049041201666
      ],
      [
        -5.2439837577697544e-05,
        0.00805827612467364,
        0.9999675301908368,
        2.3250917094643864
      ],
      [
        0.0,
        0.0,
        0.0,
        1.0
      ]
    ],
    "location": [
      21.733474832575666,
      6.703049041201666,
      2.3250917094643864
    ],
    "rotation": [
      0.008058363350089134,
      5.243983760173191e-05,
      -3.029538386055153
    ]
  },
  {
    "label_id": "N4I-49kxgwvW7coUEefmjQ",
    "size": [
      0.6343362831861559,
      0.09248778741724578,
      0.6327728613569175
    ],
    "obj_class": "sign",
    "point_num_in_lidar": 21,
    "speed": 0.026526292641520073,
    "if_vehicle": false,
    "motion_state": false,
    "pose": [
      [
        0.9960352405166428,
        -0.08895443264503426,
        -0.0009531850573834022,
        -16.557335666409926
      ],
      [
        0.08895922216385507,
        0.9960031258935473,
        0.00800187492306843,
        30.764061293317354
      ],
      [
        0.0002375730528308094,
        -0.008054944014865593,
        0.9999675301908368,
        2.132399970214328
      ],
      [
        0.0,
        0.0,
        0.0,
        1.0
      ]
    ],
    "location": [
      -16.557335666409926,
      30.764061293317354,
      2.132399970214328
    ],
    "rotation": [
      -0.008055031348375437,
      -0.00023757305506561777,
      0.08907697791587219
    ]
  },
  {
    "label_id": "Nbiu49Bd3oWtVB6uNPt61g",
    "size": [
      1.8405339487059518,
      4.211552265319951,
      1.440000000000004
    ],
    "obj_class": "vehicle",
    "point_num_in_lidar": 236,
    "speed": 5.955433342649105e-13,
    "if_vehicle": true,
    "motion_state": false,
    "pose": [
      [
        0.9809639454519214,
        -0.19418761330642634,
        -0.0009531850573834022,
        33.606227835387244
      ],
      [
        0.19418896657887388,
        0.9809315038557711,
        0.00800187492306843,
        -5.459113248783979
      ],
      [
        -0.0006188557414952522,
        -0.008034648816797706,
        0.9999675301908368,
        0.6258499850669343
      ],
      [
        0.0,
        0.0,
        0.0,
        1.0
      ]
    ],
    "location": [
      33.606227835387244,
      -5.459113248783979,
      0.6258499850669343
    ],
    "rotation": [
      -0.008034736804828416,
      0.0006188557809970715,
      0.1954306485769365
    ]
  },
  {
    "label_id": "QCejAUMzNgKQBygPRkJ3vA",
    "size": [
      0.8928711067173247,
      1.04776036441304,
      1.810000000000004
    ],
    "obj_class": "pedestrian",
    "point_num_in_lidar": 293,
    "speed": 1.114775561861754,
    "if_vehicle": false,
    "motion_state": true,
    "pose": [
      [
        -0.9935526101091269,
        0.11336799541134965,
        -0.0009531850573834022,
        -17.405022311715584
      ],
      [
        -0.11337199547127208,
        -0.9935203876320694,
        0.00800187492306843,
        5.6195666910116415
      ],
      [
        -3.9852268136038286e-05,
        0.008058348207590363,
        0.9999675301908368,
        1.2612135699996783
      ],
      [
        0.0,
        0.0,
        0.0,
        1.0
      ]
    ],
    "location": [
      -17.405022311715584,
      5.6195666910116415,
      1.2612135699996783
    ],
    "rotation": [
      0.008058435430665494,
      3.98522681465872e-05,
      -3.0279763767989056
    ]
  },
  {
    "label_id": "QI6v9jel5xYOVo6vDnR8gg",
    "size": [
      2.270738728070819,
      4.824548609489026,
      2.0800000000000027
    ],
    "obj_class": "vehicle",
    "point_num_in_lidar": 69,
    "speed": 1.7067822212573438e-12,
    "if_vehicle": true,
    "motion_state": false,
    "pose": [
      [
        0.988297355585169,
        -0.15253664602845027,
        -0.0009531850573834022,
        -42.44557205149226
      ],
      [
        0.15253936979250768,
        0.9882650002205989,
        0.00800187492306843,
        -18.676763465557087
      ],
      [
        -0.00027857973175874246,
        -0.008053630074140705,
        0.9999675301908368,
        1.331532751236482
      ],
      [
        0.0,
        0.0,
        0.0,
        1.0
      ]
    ],
    "location": [
      -42.44557205149226,
      -18.676763465557087,
      1.331532751236482
    ],
    "rotation": [
      -0.00805371745022589,
      0.0002785797353620166,
      0.15313721121803103
    ]
  },
  {
    "label_id": "QJJ1ZtpUNpFmIh-2N5LJAQ",
    "size": [
      0.9265872952437588,
      1.0064635443185523,
      1.7100000000000044
    ],
    "obj_class": "pedestrian",
    "point_num_in_lidar": 51,
    "speed": 0.8322748265715799,
    "if_vehicle": false,
    "motion_state": false,
    "pose": [
      [
        0.9902492308475409,
        -0.1393038127407146,
        -0.0009531850573834022,
        35.61098242980552
      ],
      [
        0.13930696903736528,
        0.9902169148097492,
        0.00800187492306843,
        -7.741146619919164
      ],
      [
        -0.00017083171909279847,
        -0.008056635809182528,
        0.9999675301908368,
        0.7877338392706239
      ],
      [
        0.0,
        0.0,
        0.0,
        1.0
      ]
    ],
    "location": [
      35.61098242980552,
      -7.741146619919164,
      0.7877338392706239
    ],
    "rotation": [
      -0.00805672308783256,
      0.000170831719923709,
      0.13976152717243223
    ]
  },
  {
    "label_id": "Som4G6CQqwI4RBhc5tHGQA",
    "size": [
      0.45524209110522723,
      0.1100422796945836,
      0.5600000000000032
    ],
    "obj_class": "sign",
    "point_num_in_lidar": 21,
    "speed": 0.01782930561435304,
    "if_vehicle": false,
    "motion_state": false,
    "pose": [
      [
        -0.01927921426276731,
        0.9998136843110604,
        -0.0009531850573834022,
        -14.320886100514372
      ],
      [
        -0.9997822759631964,
        -0.019270979932706583,
        0.00800187492306843,
        39.57314787341602
      ],
      [
        0.00798201523811634,
        0.0011072473872305885,
        0.9999675301908368,
        3.2923700741649906
      ],
      [
        0.0,
        0.0,
        0.0,
        1.0
      ]
    ],
    "location": [
      -14.320886100514372,
      39.57314787341602,
      3.2923700741649906
    ],
    "rotation": [
      0.0011072828879716882,
      -0.007982099999660321,
      -1.5900773498742091
    ]
  },
  {
    "label_id": "TMI0aJDEmV6UBA6527UjVQ",
    "size": [
      0.7361699016016023,
      0.8211237368296237,
      2.060000000000003
    ],
    "obj_class": "pedestrian",
    "point_num_in_lidar": 290,
    "speed": 5.630152802991186e-29,
    "if_vehicle": false,
    "motion_state": false,
    "pose": [
      [
        0.9172631974371592,
        -0.3982804515233024,
        -0.0009531850573834022,
        9.594413444633801
      ],
      [
        0.3982748775022426,
        0.9172312096457954,
        0.00800187492306843,
        6.166974736770499
      ],
      [
        -0.0023126992741926097,
        -0.007719455039392313,
        0.9999675301908368,
        1.2070496523094798
      ],
      [
        0.0,
        0.0,
        0.0,
        1.0
      ]
    ],
    "location": [
      9.594413444633801,
      6.166974736770499,
      1.2070496523094798
    ],
    "rotation": [
      -0.007719552353236045,
      0.0023127013358062885,
      0.4096365156667029
    ]
  },
  {
    "label_id": "VOMFwLan-yMeZ2OM0S_JtQ",
    "size": [
      2.075210372785234,
      4.523204878148739,
      1.5400000000000045
    ],
    "obj_class": "vehicle",
    "point_num_in_lidar": 539,
    "speed": 0.44816344033800104,
    "if_vehicle": true,
    "motion_state": false,
    "pose": [
      [
        -0.13672956465224329,
        -0.9906079535256389,
        -0.0009531850573834022,
        -6.670078420946993
      ],
      [
        0.9905756458005986,
        -0.13673280493152495,
        0.00800187492306843,
        23.095000710967724
      ],
      [
        -0.008057052608423796,
        0.000149890970847805,
        0.9999675301908368,
        1.2018356434268114
      ],
      [
        0.0,
        0.0,
        0.0,
        1.0
      ]
    ],
    "location": [
      -6.670078420946993,
      23.095000710967724,
      1.2018356434268114
    ],
    "rotation": [
      0.0001498958368143992,
      0.00805713978303814,
      1.707960022097878
    ]
  },
  {
    "label_id": "Vph9lRXCtQfcwKVMJY5wfw",
    "size": [
      1.8247667660245641,
      4.541368818290325,
      1.563181648906676
    ],
    "obj_class": "vehicle",
    "point_num_in_lidar": 45,
    "speed": 0.021246523298315563,
    "if_vehicle": true,
    "motion_state": false,
    "pose": [
      [
        -0.16362446352798948,
        -0.9865222381545304,
        -0.0009531850573834022,
        -17.232095031582958
      ],
      [
        0.9864898542451036,
        -0.16362682380706964,
        0.00800187492306843,
        70.81441667389663
      ],
      [
        -0.008049994201978085,
        0.000368995103178381,
        0.9999675301908368,
        1.6593727284606583
      ],
      [
        0.0,
        0.0,
        0.0,
        1.0
      ]
    ],
    "location": [
      -17.232095031582958,
      70.81441667389663,
      1.6593727284606583
    ],
    "rotation": [
      0.0003690070680192369,
      0.008050081147679843,
      1.7351652224536223
    ]
  },
  {
    "label_id": "W4R8JcwlC6LfBgiEXe45fQ",
    "size": [
      2.194347873110095,
      4.849935306808435,
      1.9200000000000044
    ],
    "obj_class": "vehicle",
    "point_num_in_lidar": 188,
    "speed": 1.7053025658242404e-12,
    "if_vehicle": true,
    "motion_state": false,
    "pose": [
      [
        0.978435032007271,
        -0.20655260729213035,
        -0.0009531850573834022,
        -41.671168548803735
      ],
      [
        0.20655355102087183,
        0.9784025759156522,
        0.00800187492306843,
        -5.4819666540479375
      ],
      [
        -0.00072020941311707,
        -0.008026198504853215,
        0.9999675301908368,
        1.2600078714211431
      ],
      [
        0.0,
        0.0,
        0.0,
        1.0
      ]
    ],
    "location": [
      -41.671168548803735,
      -5.4819666540479375,
      1.2600078714211431
    ],
    "rotation": [
      -0.008026286763454207,
      0.0007202094753793801,
      0.20805128792754837
    ]
  },
  {
    "label_id": "W7smyXncdDt6gb7dmd9G4Q",
    "size": [
      2.574531979678764,
      5.894976476344226,
      1.9000000000000048
    ],
    "obj_class": "vehicle",
    "point_num_in_lidar": 80,
    "speed": 2.864289338439558e-13,
    "if_vehicle": true,
    "motion_state": false,
    "pose": [
      [
        -0.17556497601631926,
        -0.984467384241162,
        -0.0009531850573834022,
        -3.6034822887988867
      ],
      [
        0.98443497411198,
        -0.17556694376465323,
        0.00800187492306843,
        58.64279042977796
      ],
      [
        -0.008044932661905067,
        0.00046650027166493985,
        0.9999675301908368,
        1.6949273914302179
      ],
      [
        0.0,
        0.0,
        0.0,
        1.0
      ]
    ],
    "location": [
      -3.6034822887988867,
      58.64279042977796,
      1.6949273914302179
    ],
    "rotation": [
      0.00046651538548796607,
      0.008045019443701968,
      1.7472817266709713
    ]
  },
  {
    "label_id": "YMb2DQvXVMNwYg9V1LLfjg",
    "size": [
      2.035551169466295,
      3.7736514423989274,
      1.8000000000000007
    ],
    "obj_class": "vehicle",
    "point_num_in_lidar": 243,
    "speed": 8.734942816133234,
    "if_vehicle": true,
    "motion_state": true,
    "pose": [
      [
        -0.15244669885623285,
        -0.9883112340988963,
        -0.0009531850573834022,
        -6.032913725814524
      ],
      [
        0.9882788789823546,
        -0.15244942556499302,
        0.00800187492306843,
        37.95336807235617
      ],
      [
        -0.008053655394778007,
        0.00027784675670865455,
        0.9999675301908368,
        1.5538110591369874
      ],
      [
        0.0,
        0.0,
        0.0,
        1.0
      ]
    ],
    "location": [
      -6.032913725814524,
      37.95336807235617,
      1.5538110591369874
    ],
    "rotation": [
      0.00027785577148225154,
      0.008053742459166548,
      1.7238447670985078
    ]
  },
  {
    "label_id": "ZMWi64Lxmy8PokHE3AybaQ",
    "size": [
      0.7029225540916063,
      0.7790084155217349,
      1.6300000000000043
    ],
    "obj_class": "pedestrian",
    "point_num_in_lidar": 170,
    "speed": 8.526512829121202e-13,
    "if_vehicle": false,
    "motion_state": false,
    "pose": [
      [
        0.7711615627293464,
        0.6366387795344223,
        -0.0009531850573834022,
        6.695064139666783
      ],
      [
        -0.6366128045411832,
        0.7711420797051117,
        0.00800187492306843,
        7.040258237733724
      ],
      [
        0.005829344992503858,
        -0.005563928557810624,
        0.9999675301908368,
        1.0418417991560922
      ],
      [
        0.0,
        0.0,
        0.0,
        1.0
      ]
    ],
    "location": [
      6.695064139666783,
      7.040258237733724,
      1.0418417991560922
    ],
    "rotation": [
      -0.005564051804111734,
      -0.00582937800775964,
      -0.6901120823254923
    ]
  },
  {
    "label_id": "_BlvTOhTgLZJeXjGejvUmg",
    "size": [
      2.343533092315267,
      5.100773523414974,
      1.7800000000000047
    ],
    "obj_class": "vehicle",
    "point_num_in_lidar": 36,
    "speed": 0.08786953482478804,
    "if_vehicle": true,
    "motion_state": false,
    "pose": [
      [
        -0.5732570831354832,
        -0.8193750106472886,
        -0.0009531850573834022,
        -9.25330514668235
      ],
      [
        0.8193447777372066,
        -0.57324524000857,
        0.00800187492306843,
        30.70506937672326
      ],
      [
        -0.007102945147279797,
        0.003806144279028947,
        0.9999675301908368,
        1.4107605639603058
      ],
      [
        0.0,
        0.0,
        0.0,
        1.0
      ]
    ],
    "location": [
      -9.25330514668235,
      30.70506937672326,
      1.4107605639603058
    ],
    "rotation": [
      0.0038062494866559714,
      0.007103004874732385,
      2.181289409392466
    ]
  },
  {
    "label_id": "aIHuAOqXLcai6jaSCXZ0Nw",
    "size": [
      1.9772833188032657,
      4.230636946077594,
      1.7800000000000047
    ],
    "obj_class": "vehicle",
    "point_num_in_lidar": 311,
    "speed": 3.552713678800501e-14,
    "if_vehicle": true,
    "motion_state": false,
    "pose": [
      [
        0.9893036953995834,
        -0.14586737026139412,
        -0.0009531850573834022,
        22.799159468606376
      ],
      [
        0.14587031219193536,
        0.9892713591420419,
        0.00800187492306843,
        5.002986123074152
      ],
      [
        -0.00022425377495702398,
        -0.00805532583341406,
        0.9999675301908368,
        0.858996739526372
      ],
      [
        0.0,
        0.0,
        0.0,
        1.0
      ]
    ],
    "location": [
      22.799159468606376,
      5.002986123074152,
      0.858996739526372
    ],
    "rotation": [
      -0.008055413154546704,
      0.00022425377683663524,
      0.146392641220659
    ]
  },
  {
    "label_id": "e2kCF-ImQeQ5Fr3lsqfRUw",
    "size": [
      2.30849200176668,
      5.048858220044428,
      1.88
    ],
    "obj_class": "vehicle",
    "point_num_in_lidar": 762,
    "speed": 0.013847574893987231,
    "if_vehicle": true,
    "motion_state": false,
    "pose": [
      [
        -0.11625198737961198,
        -0.9932192944503933,
        -0.0009531850573834022,
        -9.956297554547973
      ],
      [
        0.9931870604962048,
        -0.11625589387477762,
        0.00800187492306843,
        26.07939536721642
      ],
      [
        -0.00805842994624451,
        -1.6457202681742773e-05,
        0.9999675301908368,
        1.2935842120120267
      ],
      [
        0.0,
        0.0,
        0.0,
        1.0
      ]
    ],
    "location": [
      -9.956297554547973,
      26.07939536721642,
      1.2935842120120267
    ],
    "rotation": [
      -1.645773705983851e-05,
      0.008058517165574371,
      1.6873155684902772
    ]
  },
  {
    "label_id": "i-L3VmVSRycoEAIp1V6QkA",
    "size": [
      2.1028896263353314,
      4.384922543951328,
      1.6200000000000045
    ],
    "obj_class": "vehicle",
    "point_num_in_lidar": 1203,
    "speed": 1.7053025658242404e-12,
    "if_vehicle": true,
    "motion_state": false,
    "pose": [
      [
        0.992055623292701,
        -0.125796389978317,
        -0.0009531850573834022,
        -12.609072420170833
      ],
      [
        0.12579998636431777,
        0.9920233532676803,
        0.00800187492306843,
