[
  {
    "label_id": "--vdK0N2LIZSbUVEuUiisw",
    "size": [
      3.1060181495330266,
      7.585705537180848,
      3.4299999999999744
    ],
    "obj_class": "vehicle",
    "point_num_in_lidar": 172,
    "speed": 0.879794041646258,
    "if_vehicle": true,
    "motion_state": false,
    "pose": [
      [
        -0.16326008668647785,
        -0.9865656657989237,
        0.005859279977116088,
        -12.347875308598987
      ],
      [
        0.9865458557784549,
        -0.16319947036480706,
        0.009654393766701363,
        77.01250766173325
      ],
      [
        -0.008568462025346245,
        0.007356625542526612,
        0.9999362287261858,
        2.8795090666931493
      ],
      [
        0.0,
        0.0,
        0.0,
        1.0
      ]
    ],
    "location": [
      -12.347875308598987,
      77.01250766173325,
      2.8795090666931493
    ],
    "rotation": [
      0.0073569619793694965,
      0.00856856687614115,
      1.7347965796900693
    ]
  },
  {
    "label_id": "-roDyLaSj9Ly7YWd600gHw",
    "size": [
      2.3762110385412014,
      5.77472060364153,
      2.21
    ],
    "obj_class": "vehicle",
    "point_num_in_lidar": 5159,
    "speed": 6.900774401491246,
    "if_vehicle": true,
    "motion_state": true,
    "pose": [
      [
        -0.15950954735223125,
        -0.9871789975185028,
        0.005859279977116088,
        0.226488043291738
      ],
      [
        0.9871589572738314,
        -0.15944900675463444,
        0.009654393766701363,
        15.73145753215067
      ],
      [
        -0.008596358387612656,
        0.007324008692272093,
        0.9999362287261858,
        1.4393118075173144
      ],
      [
        0.0,
        0.0,
        0.0,
        1.0
      ]
    ],
    "location": [
      0.226488043291738,
      15.73145753215067,
      1.4393118075173144
    ],
    "rotation": [
      0.007324344806612893,
      0.008596464265857074,
      1.7309961165672956
    ]
  },
  {
    "label_id": "0G-ubSILge3wWJWqAwzLaQ",
    "size": [
      2.1623097230288044,
      4.528455986150106,
      1.850000000000004
    ],
    "obj_class": "vehicle",
    "point_num_in_lidar": 408,
    "speed": 0.03561121591821361,
    "if_vehicle": true,
    "motion_state": false,
    "pose": [
      [
        0.9802781529666299,
        -0.1975358490362761,
        0.005859279977116088,
        -19.04048155250689
      ],
      [
        0.19747457928063478,
        0.9802604670285004,
        0.009654393766701363,
        -8.48608067812529
      ],
      [
        -0.007650709396454443,
        -0.00830693244126611,
        0.9999362287261858,
        1.303256564727982
      ],
      [
        0.0,
        0.0,
        0.0,
        1.0
      ]
    ],
    "location": [
      -19.04048155250689,
      -8.48608067812529,
      1.303256564727982
    ],
    "rotation": [
      -0.008307271116425895,
      0.007650784035367703,
      0.1987869946847003
    ]
  },
  {
    "label_id": "3DbWXTbww7_ShfqbjshUTQ",
    "size": [
      0.842522788939503,
      0.8891287198071607,
      1.5800000000000036
    ],
    "obj_class": "pedestrian",
    "point_num_in_lidar": 49,
    "speed": 0.5035925976227308,
    "if_vehicle": false,
    "motion_state": false,
    "pose": [
      [
        0.7034257783810182,
        -0.710744569551684,
        0.005859279977116088,
        34.81065683833003
      ],
      [
        0.7106838518214738,
        0.70344527537058,
        0.009654393766701363,
        9.057692605583725
      ],
      [
        -0.010983490758972375,
        -0.0026270537871014594,
        0.9999362287261858,
        0.7164301362461307
      ],
      [
        0.0,
        0.0,
        0.0,
        1.0
      ]
    ],
    "location": [
      34.81065683833003,
      9.057692605583725,
      0.7164301362461307
    ],
    "rotation": [
      -0.002627215283761021,
      0.010983711606984246,
      0.7905307284770163
    ]
  },
  {
    "label_id": "46_9c4l2SJ1GUWIL_ncT0g",
    "size": [
      0.6680003051338723,
      0.5447643847782806,
      1.7100000000000044
    ],
    "obj_class": "pedestrian",
    "point_num_in_lidar": 301,
    "speed": 0.003748074056104686,
    "if_vehicle": false,
    "motion_state": false,
    "pose": [
      [
        -0.20294367351468545,
        -0.9791728827017804,
        0.005859279977116088,
        9.810181247971968
      ],
      [
        0.9791555352232634,
        -0.20288230707146956,
        0.009654393766701363,
        6.62858175036672
      ],
      [
        -0.008264576335744097,
        0.007696444558587709,
        0.9999362287261858,
        1.047560448756192
      ],
      [
        0.0,
        0.0,
        0.0,
        1.0
      ]
    ],
    "location": [
      9.810181247971968,
      6.62858175036672,
      1.047560448756192
    ],
    "rotation": [
      0.007696783411326377,
      0.008264670421501367,
      1.775166626630491
    ]
  },
  {
    "label_id": "4SpFUxzqvfhAQYbRKCel4w",
    "size": [
      2.2618729475137154,
      4.8971219523584635,
      1.5900000000000043
    ],
    "obj_class": "vehicle",
    "point_num_in_lidar": 650,
    "speed": 3.552713678800501e-14,
    "if_vehicle": true,
    "motion_state": false,
    "pose": [
      [
        0.9819334816361652,
        -0.18913568272546688,
        0.005859279977116088,
        -19.041156349029052
      ],
      [
        0.18907456663864325,
        0.9819152717680923,
        0.009654393766701363,
        -5.322121320887163
      ],
      [
        -0.007579306847460839,
        -0.008372131661935856,
        0.9999362287261858,
        1.100390367438032
      ],
      [
        0.0,
        0.0,
        0.0,
        1.0
      ]
    ],
    "location": [
      -19.041156349029052,
      -5.322121320887163,
      1.100390367438032
    ],
    "rotation": [
      -0.008372469960160873,
      0.0075793794160109295,
      0.19022515937911216
    ]
  },
  {
    "label_id": "56KZFAsnH_K9TXcdzOHYfA",
    "size": [
      2.1482165501021053,
      4.504355029583435,
      1.4500000000000037
    ],
    "obj_class": "vehicle",
    "point_num_in_lidar": 561,
    "speed": 0.006784172036529566,
    "if_vehicle": true,
    "motion_state": false,
    "pose": [
      [
        0.9896759283101683,
        -0.1432034418635125,
        0.005859279977116088,
        15.436568746665444
      ],
      [
        0.14314324008524718,
        0.9896548921209326,
        0.009654393766701363,
        3.7109214886731934
      ],
      [
        -0.007181207510156438,
        -0.008716004792841065,
        0.9999362287261858,
        0.7210024901360113
      ],
      [
        0.0,
        0.0,
        0.0,
        1.0
      ]
    ],
    "location": [
      15.436568746665444,
      3.7109214886731934,
      0.7210024901360113
    ],
    "rotation": [
      -0.008716339912216861,
      0.007181269233757756,
      0.1436403664651854
    ]
  },
  {
    "label_id": "7895HQG9qOZmWXe25Kltyg",
    "size": [
      2.1042422634635556,
      4.591495372947606,
      1.7100000000000044
    ],
    "obj_class": "vehicle",
    "point_num_in_lidar": 1596,
    "speed": 2.8421709430404007e-13,
    "if_vehicle": true,
    "motion_state": false,
    "pose": [
      [
        0.9802781529666041,
        -0.19753584903640342,
        0.005859279977116088,
        -12.084882307773569
      ],
      [
        0.1974745792807621,
        0.9802604670284747,
        0.009654393766701363,
        -3.904544460880061
      ],
      [
        -0.0076507093964555215,
        -0.008306932441265116,
        0.9999362287261858,
        1.0460872296970818
      ],
      [
        0.0,
        0.0,
        0.0,
        1.0
      ]
    ],
    "location": [
      -12.084882307773569,
      -3.904544460880061,
      1.0460872296970818
    ],
    "rotation": [
      -0.0083072711164249,
      0.007650784035368782,
      0.1987869946848302
    ]
  },
  {
    "label_id": "8_0szobTCQqOKZ5WHo3Kog",
    "size": [
      2.179374327927379,
      5.266204570828405,
      1.9600000000000044
    ],
    "obj_class": "vehicle",
    "point_num_in_lidar": 346,
    "speed": 0.021844088884451447,
    "if_vehicle": true,
    "motion_state": false,
    "pose": [
      [
        0.9829595982696012,
        -0.18372832391281985,
        0.005859279977116088,
        24.417098616518615
      ],
      [
        0.18366730897756126,
        0.9829410522986303,
        0.009654393766701363,
        2.2591255660299794
      ],
      [
        -0.007533112411569199,
        -0.008413720832510296,
        0.9999362287261858,
        1.0289967395263613
      ],
      [
        0.0,
        0.0,
        0.0,
        1.0
      ]
    ],
    "location": [
      24.417098616518615,
      2.2591255660299794,
      1.0289967395263613
    ],
    "rotation": [
      -0.008414058853147182,
      0.007533183661292929,
      0.18472123743663804
    ]
  },
  {
    "label_id": "9iYq7jdXbd8oinkPb-bYgQ",
    "size": [
      0.9224308020229884,
      1.0171580896583552,
      1.7400000000000038
    ],
    "obj_class": "pedestrian",
    "point_num_in_lidar": 199,
    "speed": 0.8111500896292904,
    "if_vehicle": false,
    "motion_state": false,
    "pose": [
      [
        -0.12051820969491152,
        -0.9926938248876555,
        0.005859279977116088,
        -10.611167325726683
      ],
      [
        0.9926714165505116,
        -0.12045850507373093,
        0.009654393766701363,
        5.578266888522194
      ],
      [
        -0.008878056968386467,
        0.006979870007302437,
        0.9999362287261858,
        1.1713331527467226
      ],
      [
        0.0,
        0.0,
        0.0,
        1.0
      ]
    ],
    "location": [
      -10.611167325726683,
      5.578266888522194,
      1.1713331527467226
    ],
    "rotation": [
      0.006980201782719883,
      0.008878173600443797,
      1.6916129920459155
    ]
  },
  {
    "label_id": "Ajn5P334xqYzHGHWL_0Qaw",
    "size": [
      2.3627850628106692,
      5.609335176106013,
      2.160000000000001
    ],
    "obj_class": "vehicle",
    "point_num_in_lidar": 292,
    "speed": 8.016089488034217,
    "if_vehicle": true,
    "motion_state": true,
    "pose": [
      [
        0.9871424335019294,
        -0.15973567171436232,
        0.005859279977116088,
        35.68917422048253
      ],
      [
        0.15967512652782725,
        0.9871224071255397,
        0.009654393766701363,
        0.31666234566728235
      ],
      [
        -0.007325977628352304,
        -0.008594680485139467,
        0.9999362287261858,
        1.1666103541476556
      ],
      [
        0.0,
        0.0,
        0.0,
        1.0
      ]
    ],
    "location": [
      35.68917422048253,
      0.31666234566728235,
      1.1666103541476556
    ],
    "rotation": [
      -0.008595016957228172,
      0.0073260431607416725,
      0.1603658890332946
    ]
  },
  {
    "label_id": "B6xeIGelvSq42ol4SnNpDg",
    "size": [
      0.7251573055733103,
      0.9402309291111298,
      1.6300000000000043
    ],
    "obj_class": "pedestrian",
    "point_num_in_lidar": 160,
    "speed": 1.358974429528689,
    "if_vehicle": false,
    "motion_state": true,
    "pose": [
      [
        -0.9759538887908723,
        -0.21789831525765224,
        0.005859279977116088,
        -20.464874339197195
      ],
      [
        0.2179471095425916,
        -0.9759128291620246,
        0.009654393766701363,
        9.117842031373584
      ],
      [
        0.003614470362721557,
        0.010699256275543788,
        0.9999362287261858,
        1.426752875336775
      ],
      [
        0.0,
        0.0,
        0.0,
        1.0
      ]
    ],
    "location": [
      -20.464874339197195,
      9.117842031373584,
      1.426752875336775
    ],
    "rotation": [
      0.010699530311667729,
      -0.003614478232913186,
      2.9218806764787515
    ]
  },
  {
    "label_id": "CxbtD4PgRVqlo5t1DPk9WA",
    "size": [
      1.8418395196122674,
      3.7532901285724676,
      1.650000000000004
    ],
    "obj_class": "vehicle",
    "point_num_in_lidar": 82,
    "speed": 3.552713678800501e-13,
    "if_vehicle": true,
    "motion_state": false,
    "pose": [
      [
        -0.09699780347457686,
        -0.9952673484844448,
        0.005859279977116088,
        -0.7426739788343184
      ],
      [
        0.9952435338366549,
        -0.09693864573700592,
        0.009654393766701363,
        40.65368443455009
      ],
      [
        -0.00904071221943403,
        0.006767865499412048,
        0.9999362287261858,
        1.3499273914302217
      ],
      [
        0.0,
        0.0,
        0.0,
        1.0
      ]
    ],
    "location": [
      -0.7426739788343184,
      40.65368443455009,
      1.3499273914302217
    ],
    "rotation": [
      0.006768193773632235,
      0.00904083538027882,
      1.667950862768073
    ]
  },
  {
    "label_id": "DXY4_S8POdnu7YJL2WT3rA",
    "size": [
      2.2319601337049715,
      5.01468204222107,
      1.7400000000000038
    ],
    "obj_class": "vehicle",
    "point_num_in_lidar": 281,
    "speed": 2.929642751054232e-13,
    "if_vehicle": true,
    "motion_state": false,
    "pose": [
      [
        0.9878159813783749,
        -0.15551609489576282,
        0.005859279977116088,
        -29.33975607355069
      ],
      [
        0.15545563583587965,
        0.9877956964716235,
        0.009654393766701363,
        -6.852384944440928
      ],
      [
        -0.007289185163001014,
        -0.008625906358884352,
        0.9999362287261858,
        1.218244608303399
      ],
      [
        0.0,
        0.0,
        0.0,
        1.0
      ]
    ],
    "location": [
      -29.33975607355069,
      -6.852384944440928,
      1.218244608303399
    ],
    "rotation": [
      -0.00862624250714261,
      0.007289249712976415,
      0.15609286069409792
    ]
  },
  {
    "label_id": "Dim3jKxYp8w_rgP9Tzan-A",
    "size": [
      2.107997291323904,
      4.492720993371877,
      1.8347182420150379
    ],
    "obj_class": "vehicle",
    "point_num_in_lidar": 125,
    "speed": 0.004181515576694904,
    "if_vehicle": true,
    "motion_state": false,
    "pose": [
      [
        0.9890056633604237,
        -0.14776151961575737,
        0.005859279977116088,
        -36.71073476950892
      ],
      [
        0.14770122155927834,
        0.9889849047538058,
        0.009654393766701363,
        -17.66472213007728
      ],
      [
        -0.007221287344030725,
        -0.008682827301501356,
        0.9999362287261858,
        1.2350179292503727
      ],
      [
        0.0,
        0.0,
        0.0,
        1.0
      ]
    ],
    "location": [
      -36.71073476950892,
      -17.66472213007728,
      1.2350179292503727
    ],
    "rotation": [
      -0.008683162816131955,
      0.0072213501069044485,
      0.14824749012353455
    ]
  },
  {
    "label_id": "EfwDhyFr1GT4NZeNIYzvxA",
    "size": [
      1.9946882009717213,
      4.3108038514819835,
      1.7100000000000044
    ],
    "obj_class": "vehicle",
    "point_num_in_lidar": 240,
    "speed": 0.011901686780796132,
    "if_vehicle": true,
    "motion_state": false,
    "pose": [
      [
        0.989270323971645,
        -0.14597909078764015,
        0.005859279977116088,
        40.491293779947
      ],
      [
        0.14591883023608548,
        0.9892494567415895,
        0.009654393766701363,
        -4.248645904048317
      ],
      [
        -0.007205629158427888,
        -0.008695825969047992,
        0.9999362287261858,
        0.6808499850669429
      ],
      [
        0.0,
        0.0,
        0.0,
        1.0
      ]
    ],
    "location": [
      40.491293779947,
      -4.248645904048317,
      0.6808499850669429
    ],
    "rotation": [
      -0.008696161331102634,
      0.007205691513906694,
      0.14644550957550506
    ]
  },
  {
    "label_id": "Epgsupn8EYYShv3D2Ns2xg",
    "size": [
      1.0117485065927383,
      1.0472548432567341,
      1.8199410029498218
    ],
    "obj_class": "pedestrian",
    "point_num_in_lidar": 182,
    "speed": 0.5716650374448445,
    "if_vehicle": false,
    "motion_state": false,
    "pose": [
      [
        -0.14518890169296142,
        -0.9893866037416018,
        0.005859279977116088,
        10.403126652290211
      ],
      [
        0.989365688387349,
        -0.1451286578275447,
        0.009654393766701363,
        5.727903531485936
      ],
      [
        -0.008701578421106089,
        0.007198681395512412,
        0.9999362287261858,
        1.066149042283989
      ],
      [
        0.0,
        0.0,
        0.0,
        1.0
      ]
    ],
    "location": [
      10.403126652290211,
      5.727903531485936,
      1.066149042283989
    ],
    "rotation": [
      0.007199016126290935,
      0.008701688235093992,
      1.716505777218807
    ]
  },
  {
    "label_id": "HAwzx47-xhwNNgj0RAxUNQ",
    "size": [
      1.0428727676037735,
      0.9653574371278288,
      2.0400000000000036
    ],
    "obj_class": "pedestrian",
    "point_num_in_lidar": 105,
    "speed": 0.13786222308196078,
    "if_vehicle": false,
    "motion_state": false,
    "pose": [
      [
        0.2052347699622384,
        -0.9786952324583464,
        0.005859279977116088,
        -16.362111530529546
      ],
      [
        0.9786548084947053,
        0.20528409215326238,
        0.009654393766701363,
        31.902426969510998
      ],
      [
        -0.010651526122520268,
        0.0037527952400875832,
        0.9999362287261858,
        1.5752311178080962
      ],
      [
        0.0,
        0.0,
        0.0,
        1.0
      ]
    ],
    "location": [
      -16.362111530529546,
      31.902426969510998,
      1.5752311178080962
    ],
    "rotation": [
      0.003753016955198806,
      0.010651727544302197,
      1.3640808525917743
    ]
  },
  {
    "label_id": "IGBmzIiv4jqIHomOewuqIQ",
    "size": [
      2.806566514420707,
      5.908068729613541,
      2.259999999999999
    ],
    "obj_class": "vehicle",
    "point_num_in_lidar": 103,
    "speed": 1.1368683772161603e-12,
    "if_vehicle": true,
    "motion_state": false,
    "pose": [
      [
        -0.15782456717858093,
        -0.9874497834487804,
        0.005859279977116088,
        1.8125822887107006
      ],
      [
        0.9874296399129799,
        -0.157764060870403,
        0.009654393766701363,
        24.84672126078476
      ],
      [
        -0.008608845231292041,
        0.007309327235554304,
        0.9999362287261858,
        1.4749273914301995
      ],
      [
        0.0,
        0.0,
        0.0,
        1.0
      ]
    ],
    "location": [
      1.8125822887107006,
      24.84672126078476,
      1.4749273914301995
    ],
    "rotation": [
      0.007309663199640431,
      0.008608951571605109,
      1.7292894697023322
    ]
  },
  {
    "label_id": "IRYvAzRN0IoJldo5xtl2IQ",
    "size": [
      0.9673059544430327,
      1.1353173910062497,
      1.7100000000000044
    ],
    "obj_class": "pedestrian",
    "point_num_in_lidar": 458,
    "speed": 3.0918913778356396,
    "if_vehicle": false,
    "motion_state": true,
    "pose": [
      [
        0.0958402352142064,
        0.9953794844943487,
        0.005859279977116088,
        7.05812945641901
      ],
      [
        -0.9953556010618154,
        0.09578110521323994,
        0.009654393766701363,
        19.64948661919334
      ],
      [
        0.00904857717864267,
        -0.00675734651286307,
        0.9999362287261858,
        1.1674263758690877
      ],
      [
        0.0,
        0.0,
        0.0,
        1.0
      ]
    ],
    "location": [
      7.05812945641901,
      19.64948661919334,
      1.1674263758690877
    ],
    "rotation": [
      -0.00675767459736457,
      -0.009048700661206064,
      -1.4748048188269
    ]
  },
  {
    "label_id": "KUCYq08RlyE439QAxBXN-A",
    "size": [
      1.906435591805069,
      5.176931607263873,
      1.7600000000000042
    ],
    "obj_class": "vehicle",
    "point_num_in_lidar": 26,
    "speed": 1.4250766696571006e-12,
    "if_vehicle": true,
    "motion_state": false,
    "pose": [
      [
        -0.18693134707472941,
        -0.9823555060765816,
        0.005859279977116088,
        -4.814882455661063
      ],
      [
        0.9823371590849447,
        -0.18687027201221004,
        0.009654393766701363,
        65.65835042278195
      ],
      [
        -0.008389121631431134,
        0.007560497279002874,
        0.9999362287261858,
        1.6749273914302272
      ],
      [
        0.0,
        0.0,
        0.0,
        1.0
      ]
    ],
    "location": [
      -4.814882455661063,
      65.65835042278195,
      1.6749273914302272
    ],
    "rotation": [
      0.00756083537417735,
      0.008389220035255563,
      1.7588405208690385
    ]
  },
  {
    "label_id": "M_1TRWLs6EJ0geewnQxZ6w",
    "size": [
      0.42046232867832706,
      0.06393782410658118,
      0.4800000000000031
    ],
    "obj_class": "sign",
    "point_num_in_lidar": 34,
    "speed": 0.004834926207658542,
    "if_vehicle": false,
    "motion_state": false,
    "pose": [
      [
        -0.9937118788466747,
        0.11181400036293118,
        0.005859279977116088,
        21.733751019037072
      ],
      [
        -0.11175449441239972,
        -0.9936889481420362,
        0.009654393766701363,
        6.7044734795163095
      ],
      [
        0.006901798145464006,
        0.008938884897571131,
        0.9999362287261858,
        2.325091709464415
      ],
      [
        0.0,
        0.0,
        0.0,
        1.0
      ]
    ],
    "location": [
      21.733751019037072,
      6.7044734795163095,
      2.325091709464415
    ],
    "rotation": [
      0.008939216860648969,
      -0.0069018529409546015,
      -3.0296015452368215
    ]
  },
  {
    "label_id": "N4I-49kxgwvW7coUEefmjQ",
    "size": [
      0.6343362831861565,
      0.09248778741724578,
      0.6327728613569175
    ],
    "obj_class": "sign",
    "point_num_in_lidar": 25,
    "speed": 0.026526292862059625,
    "if_vehicle": false,
    "motion_state": false,
    "pose": [
      [
        0.9960185953186681,
        -0.0889529460871138,
        0.005859279977116088,
        -16.55152765044727
      ],
      [
        0.08889398270133966,
        0.9959943034578519,
        0.009654393766701363,
        30.758617251125543
      ],
      [
        -0.0066945962478054295,
        -0.009095100985235135,
        0.9999362287261858,
        2.1323999702143066
      ],
      [
        0.0,
        0.0,
        0.0,
        1.0
      ]
    ],
    "location": [
      -16.55152765044727,
      30.758617251125543,
      2.1323999702143066
    ],
    "rotation": [
      -0.009095430208001826,
      0.006694646254791219,
      0.08901347643115577
    ]
  },
  {
    "label_id": "Nbiu49Bd3oWtVB6uNPt61g",
    "size": [
      1.840533948705953,
      4.211552265319951,
      1.440000000000004
    ],
    "obj_class": "vehicle",
    "point_num_in_lidar": 240,
    "speed": 5.955433342649105e-13,
    "if_vehicle": true,
    "motion_state": false,
    "pose": [
      [
        0.9809475521172195,
        -0.19418436814889245,
        0.005859279977116088,
        33.60622783538702
      ],
      [
        0.1941231591968765,
        0.9809296568788312,
        0.009654393766701363,
        -5.45911324878216
      ],
      [
        -0.007622273850957,
        -0.008333031992844669,
        0.9999362287261858,
        0.6258499850669326
      ],
      [
        0.0,
        0.0,
        0.0,
        1.0
      ]
    ],
    "location": [
      33.60622783538702,
      -5.45911324878216,
      0.6258499850669326
    ],
    "rotation": [
      -0.008333370525624302,
      0.0076223476607093395,
      0.1953692755179021
    ]
  },
  {
    "label_id": "QCejAUMzNgKQBygPRkJ3vA",
    "size": [
      0.8928711067160772,
      1.04776036441304,
      1.810000000000004
    ],
    "obj_class": "pedestrian",
    "point_num_in_lidar": 266,
    "speed": 1.095778593752021,
    "if_vehicle": false,
    "motion_state": true,
    "pose": [
      [
        -0.9879224882733487,
        0.15483806380197596,
        0.005859279977116088,
        -17.734859461228098
      ],
      [
        -0.15477761867902226,
        -0.9879021618748733,
        0.009654393766701363,
        5.5621494666938815
      ],
      [
        0.007283262994441046,
        0.008630907310738616,
        0.9999362287261858,
        1.2620469797319247
      ],
      [
        0.0,
        0.0,
        0.0,
        1.0
      ]
    ],
    "location": [
      -17.734859461228098,
      5.5621494666938815,
      1.2620469797319247
    ],
    "rotation": [
      0.00863124340557287,
      -0.007283327387208995,
      -2.9861861426675222
    ]
  },
  {
    "label_id": "QI6v9jel5xYOVo6vDnR8gg",
    "size": [
      2.270738728070819,
      4.824548609489026,
      2.0800000000000027
    ],
    "obj_class": "vehicle",
    "point_num_in_lidar": 44,
    "speed": 1.7067822212573438e-12,
    "if_vehicle": true,
    "motion_state": false,
    "pose": [
      [
        0.9882808396985158,
        -0.1525340969191688,
        0.005859279977116088,
        -42.445572051492945
      ],
      [
        0.15247369935574054,
        0.9882603724149688,
        0.009654393766701363,
        -18.67676346555345
      ],
      [
        -0.007263118446774159,
        -0.008647866284863831,
        0.9999362287261858,
        1.3332234312072337
      ],
      [
        0.0,
        0.0,
        0.0,
        1.0
      ]
    ],
    "location": [
      -42.445572051492945,
      -18.67676346555345,
      1.3332234312072337
    ],
    "rotation": [
      -0.0086482021953134,
      0.007263182306704358,
      0.1530748269740182
    ]
  },
  {
    "label_id": "Som4G6CQqwI4RBhc5tHGQA",
    "size": [
      0.4552420911052282,
      0.1100422796945836,
      0.5600000000000032
    ],
    "obj_class": "sign",
    "point_num_in_lidar": 21,
    "speed": 0.014078498586701465,
    "if_vehicle": false,
    "motion_state": false,
    "pose": [
      [
        -0.019278892079053294,
        0.9997969759697986,
        0.005859279977116088,
        -14.317022107040657
      ],
      [
        -0.9997664502224646,
        -0.01933488274000287,
        0.009654393766701363,
        39.568685073099914
      ],
      [
        0.009765722184068083,
        -0.005671785528063994,
        0.9999362287261858,
        3.293713772676277
      ],
      [
        0.0,
        0.0,
        0.0,
        1.0
      ]
    ],
    "location": [
      -14.317022107040657,
      39.568685073099914,
      3.293713772676277
    ],
    "rotation": [
      -0.005672086418814699,
      -0.009765877415793378,
      -1.5900773328671358
    ]
  },
  {
    "label_id": "TMI0aJDEmV6UBA6527UjVQ",
    "size": [
      0.7361699016016024,
      0.8211237368296237,
      2.060000000000003
    ],
    "obj_class": "pedestrian",
    "point_num_in_lidar": 535,
    "speed": 1.1374233532693354e-12,
    "if_vehicle": false,
    "motion_state": false,
    "pose": [
      [
        0.9172478686346331,
        -0.39827379567751175,
        0.005859279977116088,
        9.594413444633574
      ],
      [
        0.3982101815780334,
        0.9172433940719263,
        0.009654393766701363,
        6.1669747367723176
      ],
      [
        -0.009219477903457101,
        -0.006522247161862382,
        0.9999362287261858,
        1.2082039187757996
      ],
      [
        0.0,
        0.0,
        0.0,
        1.0
      ]
    ],
    "location": [
      9.594413444633574,
      6.1669747367723176,
      1.2082039187757996
    ],
    "rotation": [
      -0.006522570620233584,
      0.009219608515837642,
      0.40958327514821263
    ]
  },
  {
    "label_id": "VOMFwLan-yMeZ2OM0S_JtQ",
    "size": [
      2.0752103727852345,
      4.523204878148739,
      1.5400000000000045
    ],
    "obj_class": "vehicle",
    "point_num_in_lidar": 670,
    "speed": 0.30033784294249416,
    "if_vehicle": true,
    "motion_state": false,
    "pose": [
      [
        -0.1367272797022943,
        -0.9905913990255317,
        0.005859279977116088,
        -6.6773688315156505
      ],
      [
        0.9905699695290123,
        -0.1366672168015752,
        0.009654393766701363,
        23.146201946967267
      ],
      [
        -0.008762787941166424,
        0.0071240457852896994,
        0.9999362287261858,
        1.2018356434268513
      ],
      [
        0.0,
        0.0,
        0.0,
        1.0
      ]
    ],
    "location": [
      -6.6773688315156505,
      23.146201946967267,
      1.2018356434268513
    ],
    "rotation": [
      0.00712437958442427,
      0.008762900088941617,
      1.7079585346908648
    ]
  },
  {
    "label_id": "Vph9lRXCtQfcwKVMJY5wfw",
    "size": [
      1.824766766024563,
      4.541368818290325,
      1.563181648906676
    ],
    "obj_class": "vehicle",
    "point_num_in_lidar": 52,
    "speed": 0.021246523118315923,
    "if_vehicle": true,
    "motion_state": false,
    "pose": [
      [
        -0.16362172912514697,
        -0.9865057519326721,
        0.005859279977116088,
        -17.230987718402275
      ],
      [
        0.9864859641341529,
        -0.16356110554562853,
        0.009654393766701363,
        70.8081374576359
      ],
      [
        -0.008565764671515359,
        0.007359766059120019,
        0.9999362287261858,
        1.6593727284606743
      ],
      [
        0.0,
        0.0,
        0.0,
        1.0
      ]
    ],
    "location": [
      -17.230987718402275,
      70.8081374576359,
      1.6593727284606743
    ],
    "rotation": [
      0.007360102526189959,
      0.008565869423318091,
      1.735163161367883
    ]
  },
  {
    "label_id": "W4R8JcwlC6LfBgiEXe45fQ",
    "size": [
      2.194347873110094,
      4.849935306808435,
      1.9200000000000044
    ],
    "obj_class": "vehicle",
    "point_num_in_lidar": 45,
    "speed": 1.7053025658242404e-12,
    "if_vehicle": true,
    "motion_state": false,
    "pose": [
      [
        0.9784186809343923,
        -0.20654915549755629,
        0.005859279977116088,
        -41.67116854880442
      ],
      [
        0.20648772556989942,
        0.9784015596215939,
        0.009654393766701363,
        -5.4819666540479375
      ],
      [
        -0.007726835547222995,
        -0.008236169818485213,
        0.9999362287261858,
        1.2592181359401788
      ],
      [
        0.0,
        0.0,
        0.0,
        1.0
      ]
    ],
    "location": [
      -41.67116854880442,
      -5.4819666540479375,
      1.2592181359401788
    ],
    "rotation": [
      -0.008236508822835779,
      0.007726912436437696,
      0.20799025753471356
    ]
  },
  {
    "label_id": "W7smyXncdDt6gb7dmd9G4Q",
    "size": [
      2.574531979678762,
      5.894976476344226,
      1.9000000000000048
    ],
    "obj_class": "vehicle",
    "point_num_in_lidar": 89,
    "speed": 2.864289338439558e-13,
    "if_vehicle": true,
    "motion_state": false,
    "pose": [
      [
        -0.175562042070146,
        -0.9844509323589012,
        0.005859279977116088,
        -3.603482288799796
      ],
      [
        0.9844318805169545,
        -0.17550118319501423,
        0.009654393766701363,
        58.6427904297816
      ],
      [
        -0.008475966376334394,
        0.007463007090979109,
        0.9999362287261858,
        1.6949273914302028
      ],
      [
        0.0,
        0.0,
        0.0,
        1.0
      ]
    ],
    "location": [
      -3.603482288799796,
      58.6427904297816,
      1.6949273914302028
    ],
    "rotation": [
      0.007463344470525271,
      0.008476067868020106,
      1.7472793813585412
    ]
  },
  {
    "label_id": "YMb2DQvXVMNwYg9V1LLfjg",
    "size": [
      2.0355511694660233,
      3.7736514423989274,
      1.8000000000000007
    ],
    "obj_class": "vehicle",
    "point_num_in_lidar": 217,
    "speed": 8.255684088859628,
    "if_vehicle": true,
    "motion_state": true,
    "pose": [
      [
        -0.15122633505629232,
        -0.9884817977199134,
        0.005859279977116088,
        -6.425009984129929
      ],
      [
        0.9884612505401904,
        -0.15116596462669887,
        0.009654393766701363,
        40.491235542349386
      ],
      [
        -0.008657468796646235,
        0.007251669799973826,
        0.9999362287261858,
        1.6263084142970827
      ],
      [
        0.0,
        0.0,
        0.0,
        1.0
      ]
    ],
    "location": [
      -6.425009984129929,
      40.491235542349386,
      1.6263084142970827
    ],
    "rotation": [
      0.007252005143546392,
      0.008657576949056587,
      1.7226108188141733
    ]
  },
  {
    "label_id": "ZMWi64Lxmy8PokHE3AybaQ",
    "size": [
      0.7029225540916061,
      0.7790084155217349,
      1.6300000000000043
    ],
    "obj_class": "pedestrian",
    "point_num_in_lidar": 326,
    "speed": 8.526512829121202e-13,
    "if_vehicle": false,
    "motion_state": false,
    "pose": [
      [
        0.7711486754976954,
        0.6366281403741902,
        0.005859279977116088,
        6.695064139666329
      ],
      [
        -0.6366530210056688,
        0.7710899581276837,
        0.009654393766701363,
        7.040258237737362
      ],
      [
        0.0016282267979224442,
        -0.011175301264273947,
        0.9999362287261858,
        1.0389378538410332
      ],
      [
        0.0,
        0.0,
        0.0,
        1.0
      ]
    ],
    "location": [
      6.695064139666329,
      7.040258237737362,
      1.0389378538410332
    ],
    "rotation": [
      -0.011175548700823889,
      -0.0016282275173614207,
      -0.6901513006121212
    ]
  },
  {
    "label_id": "_BlvTOhTgLZJeXjGejvUmg",
    "size": [
      2.3435330923152646,
      5.100773523414974,
      1.7800000000000038
    ],
    "obj_class": "vehicle",
    "point_num_in_lidar": 53,
    "speed": 5.8132724584405854e-05,
    "if_vehicle": true,
    "motion_state": false,
    "pose": [
      [
        -0.5732475031756095,
        -0.819361317698779,
        0.005859279977116088,
        -9.253305146683033
      ],
      [
        0.8193696232428539,
        -0.5731842750702963,
        0.009654393766701363,
        30.705069376725078
      ],
      [
        -0.004551989652150121,
        0.01033527314875973,
        0.9999362287261858,
        1.404685383799527
      ],
      [
        0.0,
        0.0,
        0.0,
        1.0
      ]
    ],
    "location": [
      -9.253305146683033,
      30.705069376725078,
      1.404685383799527
    ],
    "rotation": [
      0.01033556424021502,
      0.004552005372296928,
      2.181267316454068
    ]
  },
  {
    "label_id": "aIHuAOqXLcai6jaSCXZ0Nw",
    "size": [
      1.9772833188032657,
      4.230636946077594,
      1.7800000000000047
    ],
    "obj_class": "vehicle",
    "point_num_in_lidar": 161,
    "speed": 3.552713678800501e-14,
    "if_vehicle": true,
    "motion_state": false,
    "pose": [
      [
        0.9892871626955273,
        -0.14586493260541764,
        0.005859279977116088,
        22.799159468605694
      ],
      [
        0.1458046744622458,
        0.9892662885118223,
        0.009654393766701363,
        5.002986123075971
      ],
      [
        -0.007204625652439325,
        -0.00869665740735881,
        0.9999362287261858,
        0.8589967395263853
      ],
      [
        0.0,
        0.0,
        0.0,
        1.0
      ]
    ],
    "location": [
      22.799159468605694,
      5.002986123075971,
      0.8589967395263853
    ],
    "rotation": [
      -0.008696992759554233,
      0.007204687981869182,
      0.14633011557843983
    ]
  },
  {
    "label_id": "cJ1yFwsi9QWBCLEzA9wGaA",
    "size": [
      1.0605740551087182,
      1.1092602042635058,
      2.0800000000000027
    ],
    "obj_class": "pedestrian",
    "point_num_in_lidar": 127,
    "speed": 0.24741007057490955,
    "if_vehicle": false,
    "motion_state": false,
    "pose": [
      [
        0.9986857812641434,
        0.050915411605693905,
        0.005859279977116088,
        3.739241803030154
      ],
      [
        -0.05097040799199635,
        0.9986534985620023,
        0.009654393766701363,
        21.955547943114652
      ],
      [
        -0.005359833015766223,
        -0.00994035567250277,
        0.9999362287261858,
        1.4101306173808235
      ],
      [
        0.0,
        0.0,
        0.0,
        1.0
      ]
    ],
    "location": [
      3.739241803030154,
      21.955547943114652,
      1.4101306173808235
    ],
    "rotation": [
      -0.0099406621744401,
      0.005359858678808697,
      -0.050993236974593376
    ]
  },
  {
    "label_id": "e2kCF-ImQeQ5Fr3lsqfRUw",
    "size": [
      2.308492001766679,
      5.048858220044428,
      1.88
    ],
    "obj_class": "vehicle",
    "point_num_in_lidar": 871,
    "speed": 0.007237751654662339,
    "if_vehicle": true,
    "motion_state": false,
    "pose": [
      [
        -0.11625004463977144,
        -0.9932026963109801,
        0.005859279977116088,
        -9.955319088509214
      ],
      [
        0.9931800315431105,
        -0.11619043689143879,
        0.009654393766701363,
        26.075092087017765
      ],
      [
        -0.008907977619925336,
        0.006941643578841037,
        0.9999362287261858,
        1.293584212011968
      ],
      [
        0.0,
        0.0,
        0.0,
        1.0
      ]
    ],
    "location": [
      -9.955319088509214,
      26.075092087017765,
      1.293584212011968
    ],
    "rotation": [
      0.006941974768776333,
      0.008908095435202648,
      1.6873144560357138
    ]
  },
  {
    "label_id": "f9NOxKdLexb792IIah9xGQ",
    "size": [
      2.2135399942207123,
      4.792323324394659,
      1.5702206056420298
    ],
    "obj_class": "vehicle",
    "point_num_in_lidar": 33,
    "speed": 0.018529404019788146,
    "if_vehicle": true,
    "motion_state": false,
    "pose": [
      [
        0.9828786984750494,
        -0.18416061718549565,
        0.005859279977116088,
        -48.327061979989594
      ],
      [
        0.18409959409951795,
        0.9828601793405765,
        0.009654393766701363,
        -19.420982008732608
      ],
      [
        -0.007536812083742492,
        -0.008410406914478561,
        0.9999362287261858,
        1.2072667474368597
      ],
      [
        0.0,
        0.0,
        0.0,
        1.0
      ]
    ],
    "location": [
      -48.327061979989594,
      -19.420982008732608,
      1.2072667474368597
    ],
    "rotation": [
      -0.00841074495829965,
      0.007536883438496354,
      0.18516103987826776
    ]
  },
  {
    "label_id": "j3rQCDa1x4iihsuLxLGihQ",
    "size": [
      0.9260363315042676,
      1.199972426397224,
      1.8600000000000048
    ],
    "obj_class": "pedestrian",
    "point_num_in_lidar": 33,
    "speed": 1.3226567017191473,
    "if_vehicle": false,
    "motion_state": true,
    "pose": [
      [
        0.5149506631392529,
        -0.8571997919800223,
        0.005859279977116088,
        -63.083611163781825
      ],
      [
        0.8571454244315618,
        0.5149839939814005,
        0.009654393766701363,
        -6.2563850348342385
      ],
      [
        -0.011293179732980125,
        5.071855047818425e-05,
        0.9999362287261858,
        1.5897257178800883
      ],
      [
        0.0,
        0.0,
        0.0,
        1.0
      ]
    ],
    "location": [
      -63.083611163781825,
      -6.2563850348342385,
      1.5897257178800883
    ],
    "rotation": [
      5.072178502753105e-05,
      0.011293419794413935,
      1.0298079221358722
    ]
  },
  {
    "label_id": "jhxnn4ABZp_sAXjRO7flDA",
    "size": [
      0.9046168088196422,
      0.9776028620185125,
      1.900000000000004
    ],
    "obj_class": "pedestrian",
    "point_num_in_lidar": 516,
    "speed": 0.050820672098662166,
    "if_vehicle": false,
    "motion_state": false,
    "pose": [
      [
        0.8120772869340321,
        -0.5835204785472498,
        0.005859279977116088,
        -8.784961446335046
      ],
      [
        0.5834573600497215,
        0.8120863880676779,
        0.009654393766701363,
        3.2383166771560354
      ],
      [
        -0.010391777984122635,
        -0.0044214738698153296,
