[
  {
    "label_id": "-Q_L38boUWc0s3ivaWf-9g",
    "size": [
      0.3113921258608508,
      0.06191161022496325,
      0.39000000000000234
    ],
    "obj_class": "sign",
    "point_num_in_lidar": 23,
    "speed": 0.010788446784071596,
    "if_vehicle": false,
    "motion_state": false,
    "pose": [
      [
        -0.9996122839121722,
        0.023905483410339275,
        -0.014276193988908843,
        15.359124868171875
      ],
      [
        -0.02328166051629495,
        -0.9988306503500006,
        -0.0423709358522902,
        -48.96942807469168
      ],
      [
        -0.015272397830562064,
        -0.042022134456889404,
        0.9989999469870817,
        -0.5238039475037457
      ],
      [
        0.0,
        0.0,
        0.0,
        1.0
      ]
    ],
    "location": [
      15.359124868171875,
      -48.96942807469168,
      -0.5238039475037457
    ],
    "rotation": [
      -0.04203941776954461,
      0.015272991597515361,
      -3.1183061729216086
    ]
  },
  {
    "label_id": "-roDyLaSj9Ly7YWd600gHw",
    "size": [
      2.3762110385414887,
      5.77472060364153,
      2.21
    ],
    "obj_class": "vehicle",
    "point_num_in_lidar": 1031,
    "speed": 3.8138171582851443,
    "if_vehicle": true,
    "motion_state": true,
    "pose": [
      [
        -0.1748781307196737,
        -0.984486581767971,
        -0.014276193988908843,
        7.220625664949921
      ],
      [
        0.9838083357212736,
        -0.17414322369916962,
        -0.0423709358522902,
        -28.198425040642178
      ],
      [
        0.039227515360147854,
        -0.021454788707354174,
        0.9989999469870817,
        0.6853038576883304
      ],
      [
        0.0,
        0.0,
        0.0,
        1.0
      ]
    ],
    "location": [
      7.220625664949921,
      -28.198425040642178,
      0.6853038576883304
    ],
    "rotation": [
      -0.02147296519264402,
      -0.03923758286982297,
      1.7467151334373956
    ]
  },
  {
    "label_id": "2xD7DXqVqhgyGAvnNyEh_Q",
    "size": [
      2.1384268411218033,
      4.654138098945802,
      1.9600000000000044
    ],
    "obj_class": "vehicle",
    "point_num_in_lidar": 856,
    "speed": 0.03898501727084813,
    "if_vehicle": true,
    "motion_state": false,
    "pose": [
      [
        -0.142043894473501,
        -0.9897574057959819,
        -0.014276193988908843,
        -0.9790783084040413
      ],
      [
        0.9890550966983843,
        -0.14133194787432488,
        -0.0423709358522902,
        -29.339260962602566
      ],
      [
        0.039919265245626494,
        -0.020138475167131315,
        0.9989999469870817,
        0.4629074127295354
      ],
      [
        0.0,
        0.0,
        0.0,
        1.0
      ]
    ],
    "location": [
      -0.9790783084040413,
      -29.339260962602566,
      0.4629074127295354
    ],
    "rotation": [
      -0.020155904911018218,
      -0.03992987506479024,
      1.7134367422373014
    ]
  },
  {
    "label_id": "5OCWU22ua0BgHKgEUw2kpQ",
    "size": [
      1.0171855902813953,
      1.0964827223306206,
      1.7825413884871502
    ],
    "obj_class": "pedestrian",
    "point_num_in_lidar": 23,
    "speed": 1.130167920618216,
    "if_vehicle": false,
    "motion_state": true,
    "pose": [
      [
        -0.17706341498305683,
        -0.984095898456918,
        -0.014276193988908843,
        12.506219256977147
      ],
      [
        0.9834192856911209,
        -0.1763270039607282,
        -0.0423709358522902,
        -23.510495483949853
      ],
      [
        0.03917978567199351,
        -0.02154182709299515,
        0.9989999469870817,
        0.7137929861625008
      ],
      [
        0.0,
        0.0,
        0.0,
        1.0
      ]
    ],
    "location": [
      12.506219256977147,
      -23.510495483949853,
      0.7137929861625008
    ],
    "rotation": [
      -0.021560050378950514,
      -0.03918981646082628,
      1.7489364865347725
    ]
  },
  {
    "label_id": "5voCBJ6iDkdItMO3-fiqDg",
    "size": [
      0.9365202509892795,
      1.1978745489032638,
      1.730000000000004
    ],
    "obj_class": "pedestrian",
    "point_num_in_lidar": 346,
    "speed": 1.606510097228455,
    "if_vehicle": false,
    "motion_state": true,
    "pose": [
      [
        -0.1588003139471045,
        -0.9872075012759436,
        -0.014276193988908843,
        -1.76151589125584
      ],
      [
        0.9865173608889145,
        -0.15807656518210503,
        -0.0423709358522902,
        -43.815713841957404
      ],
      [
        0.039572173999822574,
        -0.020812231133052847,
        0.9989999469870817,
        -0.05363067525012255
      ],
      [
        0.0,
        0.0,
        0.0,
        1.0
      ]
    ],
    "location": [
      -1.76151589125584,
      -43.815713841957404,
      -0.05363067525012255
    ],
    "rotation": [
      -0.020830052121941705,
      -0.03958250933811006,
      1.73039784046245
    ]
  },
  {
    "label_id": "9iYq7jdXbd8oinkPb-bYgQ",
    "size": [
      0.9224308020235312,
      1.0171580896583552,
      1.7400000000000038
    ],
    "obj_class": "pedestrian",
    "point_num_in_lidar": 26,
    "speed": 1.1724372802004905,
    "if_vehicle": false,
    "motion_state": true,
    "pose": [
      [
        -0.13289855732538008,
        -0.9910268229195534,
        -0.014276193988908843,
        -8.78805600178066
      ],
      [
        0.9903179697482194,
        -0.1321931261025549,
        -0.0423709358522902,
        -2.3534473204854294
      ],
      [
        0.040103519229582996,
        -0.01976900769412353,
        0.9989999469870817,
        1.0870488472856348
      ],
      [
        0.0,
        0.0,
        0.0,
        1.0
      ]
    ],
    "location": [
      -8.78805600178066,
      -2.3534473204854294,
      1.0870488472856348
    ],
    "rotation": [
      -0.01978621507279807,
      -0.04011427671349299,
      1.7041971934838758
    ]
  },
  {
    "label_id": "ASwakCk2X3PwReTVQIAm1A",
    "size": [
      0.736134084652088,
      0.8920853326114213,
      1.7100000000000044
    ],
    "obj_class": "pedestrian",
    "point_num_in_lidar": 35,
    "speed": 1.2458042893290822,
    "if_vehicle": false,
    "motion_state": true,
    "pose": [
      [
        0.09201716260908538,
        0.9956550768567216,
        -0.014276193988908843,
        10.286097234309409
      ],
      [
        -0.994917803697076,
        0.09134148937688419,
        -0.0423709358522902,
        -11.132905224842034
      ],
      [
        -0.040882828570922965,
        0.0181024928628179,
        0.9989999469870817,
        1.077150637232183
      ],
      [
        0.0,
        0.0,
        0.0,
        1.0
      ]
    ],
    "location": [
      10.286097234309409,
      -11.132905224842034,
      1.077150637232183
    ],
    "rotation": [
      0.018118631487012923,
      0.04089422577714194,
      -1.478571489063249
    ]
  },
  {
    "label_id": "Ajn5P334xqYzHGHWL_0Qaw",
    "size": [
      2.3627850628114824,
      5.609335176106013,
      2.160000000000001
    ],
    "obj_class": "vehicle",
    "point_num_in_lidar": 50,
    "speed": 2.47054138624091,
    "if_vehicle": true,
    "motion_state": true,
    "pose": [
      [
        0.09725948339475615,
        -0.9951566626290437,
        -0.014276193988908843,
        5.76724198395118
      ],
      [
        0.9943052704405949,
        0.09778411409352948,
        -0.0423709358522902,
        -12.676645944255142
      ],
      [
        0.04356170409706723,
        -0.010073919593058308,
        0.9989999469870817,
        1.3266103541477534
      ],
      [
        0.0,
        0.0,
        0.0,
        1.0
      ]
    ],
    "location": [
      5.76724198395118,
      -12.676645944255142,
      1.3266103541477534
    ],
    "rotation": [
      -0.010083662348114277,
      -0.04357549315033965,
      1.4732899977703946
    ]
  },
  {
    "label_id": "CtgoVb_DXruEPrv8xQWdlA",
    "size": [
      0.8150497136910567,
      0.8824110696171119,
      1.7500000000000044
    ],
    "obj_class": "pedestrian",
    "point_num_in_lidar": 24,
    "speed": 1.213290870608134,
    "if_vehicle": false,
    "motion_state": true,
    "pose": [
      [
        0.12272788099642148,
        0.9923376731291216,
        -0.014276193988908843,
        10.834288089072288
      ],
      [
        -0.9916216225368145,
        0.12202975666802181,
        -0.0423709358522902,
        -10.884543139312882
      ],
      [
        -0.04030415541335291,
        0.019356677819918986,
        0.9989999469870817,
        1.1216942261931298
      ],
      [
        0.0,
        0.0,
        0.0,
        1.0
      ]
    ],
    "location": [
      10.834288089072288,
      -10.884543139312882,
      1.1216942261931298
    ],
    "rotation": [
      0.01937363065425382,
      0.040315075243434896,
      -1.4476576844813909
    ]
  },
  {
    "label_id": "IswoOeecokrg845OsZfmfA",
    "size": [
      0.9821389224136121,
      1.2133081386274753,
      1.8000000000000043
    ],
    "obj_class": "pedestrian",
    "point_num_in_lidar": 56,
    "speed": 1.49962663618466,
    "if_vehicle": false,
    "motion_state": true,
    "pose": [
      [
        -0.03173174106535049,
        -0.9993944601077958,
        -0.014276193988908843,
        -5.105948340219584
      ],
      [
        0.9986177350563713,
        -0.03110181708332066,
        -0.0423709358522902,
        -18.134780893486095
      ],
      [
        0.041901262986272565,
        -0.015600964071590978,
        0.9989999469870817,
        1.0370469797318664
      ],
      [
        0.0,
        0.0,
        0.0,
        1.0
      ]
    ],
    "location": [
      -5.105948340219584,
      -18.134780893486095,
      1.0370469797318664
    ],
    "rotation": [
      -0.015615312155123533,
      -0.041913533802098855,
      1.6025613021674172
    ]
  },
  {
    "label_id": "K_rHufsxHB91zomztpCw9g",
    "size": [
      0.8869632576272527,
      0.8221758496597003,
      1.6000000000000032
    ],
    "obj_class": "pedestrian",
    "point_num_in_lidar": 482,
    "speed": 0.1375837104371636,
    "if_vehicle": false,
    "motion_state": false,
    "pose": [
      [
        -0.5458077312199311,
        0.8377888223327777,
        -0.014276193988908843,
        16.126424214675353
      ],
      [
        -0.8367913785595451,
        -0.5458799250415949,
        -0.0423709358522902,
        -51.48731593551747
      ],
      [
        -0.0432909841533727,
        -0.011180188318641229,
        0.9989999469870817,
        -0.5060322965202904
      ],
      [
        0.0,
        0.0,
        0.0,
        1.0
      ]
    ],
    "location": [
      16.126424214675353,
      -51.48731593551747,
      -0.5060322965202904
    ],
    "rotation": [
      -0.011190913098420319,
      0.04330451757594921,
      -2.148760492455955
    ]
  },
  {
    "label_id": "QY1qEYd55QF-nFZcCsP7eA",
    "size": [
      0.8484711943736416,
      0.9635469452995944,
      1.5319292035398284
    ],
    "obj_class": "pedestrian",
    "point_num_in_lidar": 38,
    "speed": 1.174267726426879,
    "if_vehicle": false,
    "motion_state": true,
    "pose": [
      [
        -0.27826046018316797,
        -0.9603995556974413,
        -0.014276193988908843,
        -3.8610305537747536
      ],
      [
        0.9598030409679797,
        -0.2774577920037923,
        -0.0423709358522902,
        -29.260231256408588
      ],
      [
        0.03673198670464383,
        -0.02549249051265326,
        0.9989999469870817,
        0.5181148134972995
      ],
      [
        0.0,
        0.0,
        0.0,
        1.0
      ]
    ],
    "location": [
      -3.8610305537747536,
      -29.260231256408588,
      0.5181148134972995
    ],
    "rotation": [
      -0.02551247319414589,
      -0.03674025176105191,
      1.8529745351192046
    ]
  },
  {
    "label_id": "S_zkAqSyVSDXt7mjflF5ng",
    "size": [
      2.4682978956075456,
      5.136041162096543,
      2.0500000000000034
    ],
    "obj_class": "vehicle",
    "point_num_in_lidar": 1022,
    "speed": 0.016467152124321423,
    "if_vehicle": true,
    "motion_state": false,
    "pose": [
      [
        -0.15781119221259776,
        -0.9873661012500022,
        -0.014276193988908843,
        10.305983712016314
      ],
      [
        0.9866752361156125,
        -0.15708813523370083,
        -0.0423709358522902,
        -29.142836795908806
      ],
      [
        0.03959300504683745,
        -0.020772574976852337,
        0.9989999469870817,
        0.45992739143041206
      ],
      [
        0.0,
        0.0,
        0.0,
        1.0
      ]
    ],
    "location": [
      10.305983712016314,
      -29.142836795908806,
      0.45992739143041206
    ],
    "rotation": [
      -0.020790373456189757,
      -0.03960335672317487,
      1.7293954133118254
    ]
  },
  {
    "label_id": "VOMFwLan-yMeZ2OM0S_JtQ",
    "size": [
      2.0752103727855458,
      4.523204878148739,
      1.5400000000000045
    ],
    "obj_class": "vehicle",
    "point_num_in_lidar": 73,
    "speed": 5.788672196534319,
    "if_vehicle": true,
    "motion_state": true,
    "pose": [
      [
        -0.16499268377512682,
        -0.9861914644661411,
        -0.014276193988908843,
        -2.783287693737293
      ],
      [
        0.9855058797579842,
        -0.1642646180936199,
        -0.0423709358522902,
        -0.771726816697992
      ],
      [
        0.03944078172555246,
        -0.021060167536968356,
        0.9989999469870817,
        1.021835643426913
      ],
      [
        0.0,
        0.0,
        0.0,
        1.0
      ]
    ],
    "location": [
      -2.783287693737293,
      -0.771726816697992,
      1.021835643426913
    ],
    "rotation": [
      -0.021078127766912497,
      -0.039451014407541916,
      1.7366771861154184
    ]
  },
  {
    "label_id": "YMb2DQvXVMNwYg9V1LLfjg",
    "size": [
      2.0355511694667667,
      3.7736514423989274,
      1.8000000000000007
    ],
    "obj_class": "vehicle",
    "point_num_in_lidar": 2045,
    "speed": 9.959967774677903,
    "if_vehicle": true,
    "motion_state": true,
    "pose": [
      [
        -0.2724143952911502,
        -0.962074107084973,
        -0.014276193988908843,
        6.9009588975688985
      ],
      [
        0.9614727217530022,
        -0.27161536981525014,
        -0.0423709358522902,
        -39.0776313615479
      ],
      [
        0.03688634656659504,
        -0.025268623958911787,
        0.9989999469870817,
        0.07988231741264329
      ],
      [
        0.0,
        0.0,
        0.0,
        1.0
      ]
    ],
    "location": [
      6.9009588975688985,
      -39.0776313615479,
      0.07988231741264329
    ],
    "rotation": [
      -0.025288527087736597,
      -0.03689471630176903,
      1.8468905773525426
    ]
  },
  {
    "label_id": "YVE7uof7rH-IR5paQgk24Q",
    "size": [
      0.2630083854834919,
      0.04386089271513011,
      0.37000000000000277
    ],
    "obj_class": "sign",
    "point_num_in_lidar": 23,
    "speed": 0.019131079854603435,
    "if_vehicle": false,
    "motion_state": false,
    "pose": [
      [
        -0.9933088857428398,
        0.11460212820671872,
        -0.014276193988908843,
        15.669782616410657
      ],
      [
        -0.11390988767136055,
        -0.9925871454364594,
        -0.0423709358522902,
        -50.556072294861224
      ],
      [
        -0.019026166061930985,
        -0.04046122742566856,
        0.9989999469870817,
        -0.71689219223971
      ],
      [
        0.0,
        0.0,
        0.0,
        1.0
      ]
    ],
    "location": [
      15.669782616410657,
      -50.556072294861224,
      -0.71689219223971
    ],
    "rotation": [
      -0.04047960686074829,
      0.019027314145109112,
      -3.027414219293438
    ]
  },
  {
    "label_id": "eIU2UxcEUk0HGjsXvhfsMg",
    "size": [
      0.9166732473684885,
      1.104870018567485,
      1.8900000000000041
    ],
    "obj_class": "pedestrian",
    "point_num_in_lidar": 64,
    "speed": 0.0017829035909568548,
    "if_vehicle": false,
    "motion_state": false,
    "pose": [
      [
        -0.8869337271016204,
        -0.4616760271173058,
        -0.014276193988908843,
        9.69542600269574
      ],
      [
        0.4618449575019289,
        -0.8859480453305615,
        -0.0423709358522902,
        -14.009126081577051
      ],
      [
        0.0069136791702938535,
        -0.04417360026235232,
        0.9989999469870817,
        1.1597469796363296
      ],
      [
        0.0,
        0.0,
        0.0,
        1.0
      ]
    ],
    "location": [
      9.69542600269574,
      -14.009126081577051,
      1.1597469796363296
    ],
    "rotation": [
      -0.04418903572946076,
      -0.006913734249257223,
      2.6615060443652405
    ]
  },
  {
    "label_id": "fFlvjmk1h67aKf0yiFwEOw",
    "size": [
      0.8602328125694041,
      1.047075004275744,
      1.7000000000000046
    ],
    "obj_class": "pedestrian",
    "point_num_in_lidar": 336,
    "speed": 1.3711624003537848,
    "if_vehicle": false,
    "motion_state": true,
    "pose": [
      [
        -0.18089356380676358,
        -0.9833990588049591,
        -0.014276193988908843,
        17.562730570113672
      ],
      [
        0.982725318319016,
        -0.1801545240336472,
        -0.0423709358522902,
        -46.566170026570035
      ],
      [
        0.03909561750474359,
        -0.021694206870283006,
        0.9989999469870817,
        -0.2749031663641439
      ],
      [
        0.0,
        0.0,
        0.0,
        1.0
      ]
    ],
    "location": [
      17.562730570113672,
      -46.566170026570035,
      -0.2749031663641439
    ],
    "rotation": [
      -0.021712511302740264,
      -0.039105583756697954,
      1.7528319817945617
    ]
  },
  {
    "label_id": "gUKgMUj38YVBqDRACfxBNg",
    "size": [
      1.0028819644276576,
      0.9520999166186406,
      1.690000000000004
    ],
    "obj_class": "pedestrian",
    "point_num_in_lidar": 20,
    "speed": 1.1455771968944337,
    "if_vehicle": false,
    "motion_state": true,
    "pose": [
      [
        -0.23194189951084718,
        -0.9726248740066703,
        -0.014276193988908843,
        12.863579538156955
      ],
      [
        0.971990599355431,
        -0.23116872314322967,
        -0.0423709358522902,
        -22.999156780791964
      ],
      [
        0.037910816609117354,
        -0.023703921697426352,
        0.9989999469870817,
        0.7778786211746516
      ],
      [
        0.0,
        0.0,
        0.0,
        1.0
      ]
    ],
    "location": [
      12.863579538156955,
      -22.999156780791964,
      0.7778786211746516
    ],
    "rotation": [
      -0.0237231992092972,
      -0.03791990358130289,
      1.8050414146232792
    ]
  },
  {
    "label_id": "jhxnn4ABZp_sAXjRO7flDA",
    "size": [
      0.9046168088190283,
      0.9776028620185125,
      1.900000000000004
    ],
    "obj_class": "pedestrian",
    "point_num_in_lidar": 31,
    "speed": 1.1237916479333112,
    "if_vehicle": false,
    "motion_state": true,
    "pose": [
      [
        -0.3822266637218338,
        -0.9239583149824819,
        -0.014276193988908843,
        -8.753115997983514
      ],
      [
        0.9234537237910612,
        -0.38136324391769016,
        -0.0423709358522902,
        0.37764843779405055
      ],
      [
        0.03370456284390438,
        -0.029378705950214152,
        0.9989999469870817,
        1.006659419958627
      ],
      [
        0.0,
        0.0,
        0.0,
        1.0
      ]
    ],
    "location": [
      -8.753115997983514,
      0.37764843779405055,
      1.006659419958627
    ],
    "rotation": [
      -0.029399642276497037,
      -0.03371094749177374,
      1.9632362119675646
    ]
  },
  {
    "label_id": "kNtdgBIGtz-619syo5GotQ",
    "size": [
      2.309682721812093,
      5.064638733456315,
      1.9400000000000048
    ],
    "obj_class": "vehicle",
    "point_num_in_lidar": 66,
    "speed": 9.08572687577063,
    "if_vehicle": true,
    "motion_state": true,
    "pose": [
      [
        -0.15523528629384092,
        -0.9877743650117977,
        -0.014276193988908843,
        -2.6123827065814567
      ],
      [
        0.9870816162618116,
        -0.1545140337735407,
        -0.0423709358522902,
        16.68411244433628
      ],
      [
        0.039647051936291686,
        -0.02066923299420754,
        0.9989999469870817,
        1.3685207258424192
      ],
      [
        0.0,
        0.0,
        0.0,
        1.0
      ]
    ],
    "location": [
      -2.6123827065814567,
      16.68411244433628,
      1.3685207258424192
    ],
    "rotation": [
      -0.020686972507452668,
      -0.03965744608260464,
      1.7267855996897619
    ]
  },
  {
    "label_id": "rbj9kBChW72Ay5dtSpapXQ",
    "size": [
      2.13600846698213,
      4.857696674908094,
      1.770000000000004
    ],
    "obj_class": "vehicle",
    "point_num_in_lidar": 236,
    "speed": 0.005566427633843525,
    "if_vehicle": true,
    "motion_state": false,
    "pose": [
      [
        -0.14204389447398189,
        -0.989757405795913,
        -0.014276193988908843,
        -1.865950670786333
      ],
      [
        0.9890550966983157,
        -0.1413319478748054,
        -0.0423709358522902,
        -24.130418048467618
      ],
      [
        0.03991926524561671,
        -0.020138475167150713,
        0.9989999469870817,
        0.546040999206233
      ],
      [
        0.0,
        0.0,
        0.0,
        1.0
      ]
    ],
    "location": [
      -1.865950670786333,
      -24.130418048467618,
      0.546040999206233
    ],
    "rotation": [
      -0.02015590491103763,
      -0.03992987506478045,
      1.7134367422377876
    ]
  },
  {
    "label_id": "ryg82GvjxiurhXuYlN2xPg",
    "size": [
      0.9795127061301491,
      0.8740044961228312,
      1.7100000000000044
    ],
    "obj_class": "pedestrian",
    "point_num_in_lidar": 154,
    "speed": 0.9750927649003818,
    "if_vehicle": false,
    "motion_state": false,
    "pose": [
      [
        -0.11353279358474844,
        -0.9934316760935469,
        -0.014276193988908843,
        14.382284075333928
      ],
      [
        0.9927091910284693,
        -0.11284133038298948,
        -0.0423709358522902,
        -30.64699400857171
      ],
      [
        0.04048168509887869,
        -0.018982599699805876,
        0.9989999469870817,
        0.3681392437772715
      ],
      [
        0.0,
        0.0,
        0.0,
        1.0
      ]
    ],
    "location": [
      14.382284075333928,
      -30.64699400857171,
      0.3681392437772715
    ],
    "rotation": [
      -0.0189993158929308,
      -0.04049274993431402,
      1.684668194591207
    ]
  },
  {
    "label_id": "t-LPOe5gpociAs9F4-TjPw",
    "size": [
      1.0602432104072004,
      1.9174464105824227,
      1.8000000000000043
    ],
    "obj_class": "cyclist",
    "point_num_in_lidar": 24,
    "speed": 0.1729425971377808,
    "if_vehicle": false,
    "motion_state": false,
    "pose": [
      [
        0.9929072523493906,
        0.11803126076245546,
        -0.014276193988908843,
        -9.666201693187077
      ],
      [
        -0.11853798776515774,
        0.992045084283768,
        -0.0423709358522902,
        -10.007408348281388
      ],
      [
        0.009161533090647558,
        0.04376268080496004,
        0.9989999469870817,
        1.2414652610789618
      ],
      [
        0.0,
        0.0,
        0.0,
        1.0
      ]
    ],
    "location": [
      -9.666201693187077,
      -10.007408348281388,
      1.2414652610789618
    ],
    "rotation": [
      0.043778500161242954,
      -0.009161661255699309,
      -0.11882236942340989
    ]
  },
  {
    "label_id": "vdhAti93bTRosfry8WrmWQ",
    "size": [
      2.0229448805097685,
      4.197556005392045,
      1.9300000000000042
    ],
    "obj_class": "vehicle",
    "point_num_in_lidar": 1509,
    "speed": 0.014258472478297446,
    "if_vehicle": true,
    "motion_state": false,
    "pose": [
      [
        -0.14204389447415944,
        -0.9897574057958874,
        -0.014276193988908843,
        0.3830187429898615
      ],
      [
        0.9890550966982902,
        -0.14133194787498285,
        -0.0423709358522902,
        -37.69903155810607
      ],
      [
        0.039919265245613095,
        -0.020138475167157874,
        0.9989999469870817,
        0.08805019695191874
      ],
      [
        0.0,
        0.0,
        0.0,
        1.0
      ]
    ],
    "location": [
      0.3830187429898615,
      -37.69903155810607,
      0.08805019695191874
    ],
    "rotation": [
      -0.020155904911044794,
      -0.03992987506477683,
      1.713436742237967
    ]
  },
  {
    "label_id": "wHEo9Sy0NUjNJNQt3GVpFg",
    "size": [
      1.98858442578151,
      4.469659497880261,
      1.6300000000000043
    ],
    "obj_class": "vehicle",
    "point_num_in_lidar": 32,
    "speed": 3.3876622510875625,
    "if_vehicle": true,
    "motion_state": true,
    "pose": [
      [
        0.7701020724125729,
        -0.6377609178611147,
        -0.014276193988908843,
        11.064211493312996
      ],
      [
        0.6367870750939081,
        0.7698746162774472,
        -0.0423709358522902,
        -3.8553298982478736
      ],
      [
        0.0380134063089046,
        0.02353904969623837,
        0.9989999469870817,
        0.9608595247305294
      ],
      [
        0.0,
        0.0,
        0.0,
        1.0
      ]
    ],
    "location": [
      11.064211493312996,
      -3.8553298982478736,
      0.9608595247305294
    ],
    "rotation": [
      0.02355825438206477,
      -0.03802256728326147,
      0.6909215570758689
    ]
  }
]