[
  {
    "label_id": "-roDyLaSj9Ly7YWd600gHw",
    "size": [
      2.3762110385415807,
      5.77472060364153,
      2.21
    ],
    "obj_class": "vehicle",
    "point_num_in_lidar": 743,
    "speed": 6.560127910007999,
    "if_vehicle": true,
    "motion_state": true,
    "pose": [
      [
        -0.18568711984577163,
        -0.9825915387262519,
        0.005844788016531747,
        9.130843772026992
      ],
      [
        0.9818044344010245,
        -0.18577245934195522,
        -0.039352839040220224,
        -39.620886467017044
      ],
      [
        0.03975356730994001,
        -0.001568876546367894,
        0.9992082828482339,
        0.2793118075173542
      ],
      [
        0.0,
        0.0,
        0.0,
        1.0
      ]
    ],
    "location": [
      9.130843772026992,
      -39.620886467017044,
      0.2793118075173542
    ],
    "rotation": [
      -0.0015701183467575028,
      -0.039764045495875644,
      1.7577169252409208
    ]
  },
  {
    "label_id": "2xD7DXqVqhgyGAvnNyEh_Q",
    "size": [
      2.1384268411218037,
      4.654138098945802,
      1.9600000000000044
    ],
    "obj_class": "vehicle",
    "point_num_in_lidar": 198,
    "speed": 0.038985017597824904,
    "if_vehicle": true,
    "motion_state": false,
    "pose": [
      [
        -0.14205594516170006,
        -0.9898413746137598,
        0.005844788016531747,
        -1.0102925725552723
      ],
      [
        0.989058813852884,
        -0.14217600641247619,
        -0.039352839040220224,
        -29.255178852830795
      ],
      [
        0.03978405690904361,
        0.00019053435819770768,
        0.9992082828482339,
        0.44464977729639976
      ],
      [
        0.0,
        0.0,
        0.0,
        1.0
      ]
    ],
    "location": [
      -1.0102925725552723,
      -29.255178852830795,
      0.44464977729639976
    ],
    "rotation": [
      0.0001906853247305538,
      -0.039794559234158394,
      1.7134481511519581
    ]
  },
  {
    "label_id": "5OCWU22ua0BgHKgEUw2kpQ",
    "size": [
      1.0171855902826157,
      1.0964827223306206,
      1.7825413884871502
    ],
    "obj_class": "pedestrian",
    "point_num_in_lidar": 42,
    "speed": 1.174920157950683,
    "if_vehicle": false,
    "motion_state": true,
    "pose": [
      [
        -0.15740993984375942,
        -0.9875160501437056,
        0.005844788016531747,
        12.804934922615075
      ],
      [
        0.986731719327953,
        -0.15751783432861163,
        -0.039352839040220224,
        -26.28335676248753
      ],
      [
        0.03978221852141319,
        -0.0004272902973424241,
        0.9992082828482339,
        0.5131489506134699
      ],
      [
        0.0,
        0.0,
        0.0,
        1.0
      ]
    ],
    "location": [
      12.804934922615075,
      -26.28335676248753,
      0.5131489506134699
    ],
    "rotation": [
      -0.000427628832377925,
      -0.03979271938999255,
      1.7289899551985266
    ]
  },
  {
    "label_id": "5voCBJ6iDkdItMO3-fiqDg",
    "size": [
      0.9365202509876916,
      1.1978745489032638,
      1.730000000000004
    ],
    "obj_class": "pedestrian",
    "point_num_in_lidar": 123,
    "speed": 1.5415184674792668,
    "if_vehicle": false,
    "motion_state": true,
    "pose": [
      [
        -0.18338325350462095,
        -0.9830241201451272,
        0.005844788016531747,
        -1.1090473457877579
      ],
      [
        0.9822372180323273,
        -0.18347043786830797,
        -0.039352839040220224,
        -47.37866938066327
      ],
      [
        0.03975713578936583,
        -0.001475683336492421,
        0.9992082828482339,
        -0.24987666175876377
      ],
      [
        0.0,
        0.0,
        0.0,
        1.0
      ]
    ],
    "location": [
      -1.1090473457877579,
      -47.37866938066327,
      -0.24987666175876377
    ],
    "rotation": [
      -0.001476851512298916,
      -0.03976761679861798,
      1.7553709067021954
    ]
  },
  {
    "label_id": "Ajn5P334xqYzHGHWL_0Qaw",
    "size": [
      2.36278506281118,
      5.609335176106013,
      2.160000000000001
    ],
    "obj_class": "vehicle",
    "point_num_in_lidar": 94,
    "speed": 1.3365409755830928,
    "if_vehicle": true,
    "motion_state": true,
    "pose": [
      [
        -0.07280357320087652,
        -0.9973291724311618,
        0.005844788016531747,
        5.884448542838527
      ],
      [
        0.9965568682664264,
        -0.07297782108618052,
        -0.039352839040220224,
        -16.71039404554176
      ],
      [
        0.03967427428695667,
        0.0029596363437090338,
        0.9992082828482339,
        1.0366103541475358
      ],
      [
        0.0,
        0.0,
        0.0,
        1.0
      ]
    ],
    "location": [
      5.884448542838527,
      -16.71039404554176,
      1.0366103541475358
    ],
    "rotation": [
      0.002961972733077927,
      -0.039684689868507435,
      1.6437218867257983
    ]
  },
  {
    "label_id": "K_rHufsxHB91zomztpCw9g",
    "size": [
      0.8869632576274123,
      0.8221758496597003,
      1.600000000000005
    ],
    "obj_class": "pedestrian",
    "point_num_in_lidar": 194,
    "speed": 0.13798413955419647,
    "if_vehicle": false,
    "motion_state": false,
    "pose": [
      [
        -0.5758516995623695,
        0.8175332767320069,
        0.005844788016531747,
        15.871122524553584
      ],
      [
        -0.8170463842578402,
        -0.5752273985396246,
        -0.039352839040220224,
        -51.403198888563566
      ],
      [
        -0.028810173243493362,
        -0.027436862159576,
        0.9992082828482339,
        -0.5360322965203626
      ],
      [
        0.0,
        0.0,
        0.0,
        1.0
      ]
    ],
    "location": [
      15.871122524553584,
      -51.403198888563566,
      -0.5360322965203626
    ],
    "rotation": [
      -0.027451703694435024,
      0.028814160265410487,
      -2.18473438884102
    ]
  },
  {
    "label_id": "QY1qEYd55QF-nFZcCsP7eA",
    "size": [
      0.8484711943728224,
      0.9635469452995944,
      1.5319292035398284
    ],
    "obj_class": "pedestrian",
    "point_num_in_lidar": 31,
    "speed": 0.9256401872457647,
    "if_vehicle": false,
    "motion_state": false,
    "pose": [
      [
        -0.21852620548321555,
        -0.9758135764428311,
        0.005844788016531747,
        -3.2906230832593337
      ],
      [
        0.9750240534329793,
        -0.21858510765053699,
        -0.039352839040220224,
        -31.594571569035907
      ],
      [
        0.039678618224804535,
        -0.0029008176871157827,
        0.9992082828482339,
        0.3581148134972576
      ],
      [
        0.0,
        0.0,
        0.0,
        1.0
      ]
    ],
    "location": [
      -3.2906230832593337,
      -31.594571569035907,
      0.3581148134972576
    ],
    "rotation": [
      -0.0029031079780923214,
      -0.039689037229555246,
      1.7912767400093748
    ]
  },
  {
    "label_id": "QuYOuiSD1qcDP7C_tY12xQ",
    "size": [
      1.0369836013927554,
      1.3268741498980898,
      1.8200000000000038
    ],
    "obj_class": "pedestrian",
    "point_num_in_lidar": 43,
    "speed": 1.2046952838268983,
    "if_vehicle": false,
    "motion_state": true,
    "pose": [
      [
        -0.015456090110665708,
        -0.999863464544801,
        0.005844788016531747,
        12.74269358352467
      ],
      [
        0.999102431335259,
        -0.01567436631728182,
        -0.039352839040220224,
        -19.82037411937563
      ],
      [
        0.03943907933084648,
        0.005231300891639889,
        0.9992082828482339,
        0.8919023454422401
      ],
      [
        0.0,
        0.0,
        0.0,
        1.0
      ]
    ],
    "location": [
      12.74269358352467,
      -19.82037411937563,
      0.8919023454422401
    ],
    "rotation": [
      0.0052353980503918,
      -0.039449310687244867,
      1.586265068355731
    ]
  },
  {
    "label_id": "S_zkAqSyVSDXt7mjflF5ng",
    "size": [
      2.468297895607546,
      5.136041162096543,
      2.0500000000000034
    ],
    "obj_class": "vehicle",
    "point_num_in_lidar": 158,
    "speed": 0.016467152262063512,
    "if_vehicle": true,
    "motion_state": false,
    "pose": [
      [
        -0.15782458056328505,
        -0.9874498671948185,
        0.005844788016531747,
        10.309048811771618
      ],
      [
        0.9866654911436866,
        -0.15793214570081118,
        -0.039352839040220224,
        -29.105076598812957
      ],
      [
        0.03978203559662179,
        -0.00044399467653519567,
        0.9992082828482339,
        0.45992739143021666
      ],
      [
        0.0,
        0.0,
        0.0,
        1.0
      ]
    ],
    "location": [
      10.309048811771618,
      -29.105076598812957,
      0.45992739143021666
    ],
    "rotation": [
      -0.0004443464440149217,
      -0.039792536320279105,
      1.729410184397598
    ]
  },
  {
    "label_id": "VOMFwLan-yMeZ2OM0S_JtQ",
    "size": [
      2.0752103727856412,
      4.523204878148739,
      1.5400000000000045
    ],
    "obj_class": "vehicle",
    "point_num_in_lidar": 82,
    "speed": 8.585600151853694,
    "if_vehicle": true,
    "motion_state": true,
    "pose": [
      [
        -0.147871736338084,
        -0.9889892760012121,
        0.005844788016531747,
        -0.3509774665592431
      ],
      [
        0.988206023044445,
        -0.14798719565609741,
        -0.039352839040220224,
        -16.29947674041614
      ],
      [
        0.03978448957875054,
        -4.33179173558347e-05,
        0.9992082828482339,
        0.741835643426759
      ],
      [
        0.0,
        0.0,
        0.0,
        1.0
      ]
    ],
    "location": [
      -0.3509774665592431,
      -16.29947674041614,
      0.741835643426759
    ],
    "rotation": [
      -4.335224004070493e-05,
      -0.03979499224668463,
      1.7193307995413796
    ]
  },
  {
    "label_id": "Wo1oDW_CuOVyZBAU9z_h5Q",
    "size": [
      0.8039020705245096,
      0.862722798842495,
      1.6099999999999994
    ],
    "obj_class": "pedestrian",
    "point_num_in_lidar": 262,
    "speed": 1.3735794465679836,
    "if_vehicle": false,
    "motion_state": true,
    "pose": [
      [
        0.2682105188476047,
        0.9633425953587541,
        0.005844788016531747,
        19.909241181301923
      ],
      [
        -0.962551091903531,
        0.268228912563121,
        -0.039352839040220224,
        -69.79932521160663
      ],
      [
        -0.03947800722957733,
        0.004928938289846436,
        0.9992082828482339,
        -1.4429839958352524
      ],
      [
        0.0,
        0.0,
        0.0,
        1.0
      ]
    ],
    "location": [
      19.909241181301923,
      -69.79932521160663,
      -1.4429839958352524
    ],
    "rotation": [
      0.0049328036971920146,
      0.03948826892632665,
      -1.2990441034003297
    ]
  },
  {
    "label_id": "YMb2DQvXVMNwYg9V1LLfjg",
    "size": [
      2.035551169467413,
      3.7736514423989274,
      1.8000000000000007
    ],
    "obj_class": "vehicle",
    "point_num_in_lidar": 4338,
    "speed": 9.321974111200477,
    "if_vehicle": true,
    "motion_state": true,
    "pose": [
      [
        -0.2058219377640044,
        -0.9785720047028281,
        0.005844788016531747,
        12.492659577296081
      ],
      [
        0.9777833141545654,
        -0.20589109893433621,
        -0.039352839040220224,
        -60.86707413420663
      ],
      [
        0.03971297641809799,
        -0.0023847413904377877,
        0.9992082828482339,
        -0.8533896458523422
      ],
      [
        0.0,
        0.0,
        0.0,
        1.0
      ]
    ],
    "location": [
      12.492659577296081,
      -60.86707413420663,
      -0.8533896458523422
    ],
    "rotation": [
      -0.0023866263956708765,
      -0.039723422524954546,
      1.7782659342641869
    ]
  },
  {
    "label_id": "fFlvjmk1h67aKf0yiFwEOw",
    "size": [
      0.8602328125690939,
      1.047075004275744,
      1.7000000000000046
    ],
    "obj_class": "pedestrian",
    "point_num_in_lidar": 166,
    "speed": 1.2109045009078612,
    "if_vehicle": false,
    "motion_state": true,
    "pose": [
      [
        -0.1796228015127445,
        -0.9837181952316195,
        0.005844788016531747,
        18.090199523079264
      ],
      [
        0.9829316322677435,
        -0.1797129943742075,
        -0.039352839040220224,
        -49.56433314605056
      ],
      [
        0.039762488153819275,
        -0.0013236401705359626,
        0.9992082828482339,
        -0.4633057738068196
      ],
      [
        0.0,
        0.0,
        0.0,
        1.0
      ]
    ],
    "location": [
      18.090199523079264,
      -49.56433314605056,
      -0.4633057738068196
    ],
    "rotation": [
      -0.0013246881746437691,
      -0.039772973398717014,
      1.751543847551711
    ]
  },
  {
    "label_id": "gUKgMUj38YVBqDRACfxBNg",
    "size": [
      1.0028819644286842,
      0.9520999166186406,
      1.690000000000004
    ],
    "obj_class": "pedestrian",
    "point_num_in_lidar": 35,
    "speed": 1.27242063327387,
    "if_vehicle": false,
    "motion_state": true,
    "pose": [
      [
        -0.1543728717830467,
        -0.9879953719074278,
        0.005844788016531747,
        13.361556039654488
      ],
      [
        0.98721137654324,
        -0.1544831773465172,
        -0.039352839040220224,
        -25.69876563805701
      ],
      [
        0.03978334426686621,
        -0.00030496955205105096,
        0.9992082828482339,
        0.6094196448571871
      ],
      [
        0.0,
        0.0,
        0.0,
        1.0
      ]
    ],
    "location": [
      13.361556039654488,
      -25.69876563805701,
      0.6094196448571871
    ],
    "rotation": [
      -0.00030521118351024915,
      -0.039793846027346,
      1.725912806036644
    ]
  },
  {
    "label_id": "kNtdgBIGtz-619syo5GotQ",
    "size": [
      2.309682721812005,
      5.064638733456315,
      1.9400000000000048
    ],
    "obj_class": "vehicle",
    "point_num_in_lidar": 71,
    "speed": 8.177601770538477,
    "if_vehicle": true,
    "motion_state": true,
    "pose": [
      [
        -0.1614140115054878,
        -0.9868694722924344,
        0.005844788016531747,
        0.6731063447284669
      ],
      [
        0.9860847103081007,
        -0.16151872385597765,
        -0.039352839040220224,
        -3.590198897760274
      ],
      [
        0.03978015819847017,
        -0.0005886435155177484,
        0.9992082828482339,
        1.3685207258423189
      ],
      [
        0.0,
        0.0,
        0.0,
        1.0
      ]
    ],
    "location": [
      0.6731063447284669,
      -3.590198897760274,
      1.3685207258423189
    ],
    "rotation": [
      -0.0005891098557985301,
      -0.039790657434837215,
      1.7330491803925838
    ]
  },
  {
    "label_id": "mBVZklj4mzD2zJYHiMldUg",
    "size": [
      2.3982298749735453,
      5.942315180112966,
      2.219999999999999
    ],
    "obj_class": "vehicle",
    "point_num_in_lidar": 8146,
    "speed": 1.0446170330855182e-27,
    "if_vehicle": true,
    "motion_state": false,
    "pose": [
      [
        -0.1460216795968449,
        -0.9892641242563879,
        0.005844788016531747,
        15.697817320799004
      ],
      [
        0.9884810886239135,
        -0.14613860370332415,
        -0.039352839040220224,
        -61.380604964240774
      ],
      [
        0.039784501009803935,
        3.109476780006048e-05,
        0.9992082828482339,
        -0.8668663853413907
      ],
      [
        0.0,
        0.0,
        0.0,
        1.0
      ]
    ],
    "location": [
      15.697817320799004,
      -61.380604964240774,
      -0.8668663853413907
    ],
    "rotation": [
      3.111940555715527e-05,
      -0.03979500368679535,
      1.7174589239944809
    ]
  },
  {
    "label_id": "rbj9kBChW72Ay5dtSpapXQ",
    "size": [
      2.1360084669821324,
      4.857696674908094,
      1.770000000000004
    ],
    "obj_class": "vehicle",
    "point_num_in_lidar": 49,
    "speed": 0.0057390984279121525,
    "if_vehicle": true,
    "motion_state": false,
    "pose": [
      [
        -0.14205594516218098,
        -0.9898413746136909,
        0.005844788016531747,
        -1.854067569918925
      ],
      [
        0.989058813852815,
        -0.14217600641295672,
        -0.039352839040220224,
        -24.12466292249883
      ],
      [
        0.0397840569090437,
        0.00019053435817837914,
        0.9992082828482339,
        0.46964977729630775
      ],
      [
        0.0,
        0.0,
        0.0,
        1.0
      ]
    ],
    "location": [
      -1.854067569918925,
      -24.12466292249883,
      0.46964977729630775
    ],
    "rotation": [
      0.00019068532471120994,
      -0.039794559234158484,
      1.7134481511524442
    ]
  },
  {
    "label_id": "ryg82GvjxiurhXuYlN2xPg",
    "size": [
      0.9795127061284737,
      0.8740044961228312,
      1.7100000000000044
    ],
    "obj_class": "pedestrian",
    "point_num_in_lidar": 87,
    "speed": 0.9178966182478483,
    "if_vehicle": false,
    "motion_state": false,
    "pose": [
      [
        -0.11372169785009932,
        -0.9934954523756675,
        0.005844788016531747,
        14.638862133696193
      ],
      [
        0.9927166407077253,
        -0.11386406510152126,
        -0.039352839040220224,
        -32.846577784184774
      ],
      [
        0.03976237794774939,
        0.0013269466545446482,
        0.9992082828482339,
        0.261694226193093
      ],
      [
        0.0,
        0.0,
        0.0,
        1.0
      ]
    ],
    "location": [
      14.638862133696193,
      -32.846577784184774,
      0.261694226193093
    ],
    "rotation": [
      0.0013279972727054303,
      -0.039772863105422974,
      1.684855176833891
    ]
  },
  {
    "label_id": "vdhAti93bTRosfry8WrmWQ",
    "size": [
      2.0229448805097685,
      4.197556005392045,
      1.9300000000000042
    ],
    "obj_class": "vehicle",
    "point_num_in_lidar": 325,
    "speed": 0.014258472594860109,
    "if_vehicle": true,
    "motion_state": false,
    "pose": [
      [
        -0.14205594516236209,
        -0.9898413746136648,
        0.005844788016531747,
        0.3800424213611677
      ],
      [
        0.9890588138527888,
        -0.14217600641313768,
        -0.039352839040220224,
        -37.66636376518181
      ],
      [
        0.039784056909043734,
        0.0001905343581711002,
        0.9992082828482339,
        0.05855842420401913
      ],
      [
        0.0,
        0.0,
        0.0,
        1.0
      ]
    ],
    "location": [
      0.3800424213611677,
      -37.66636376518181,
      0.05855842420401913
    ],
    "rotation": [
      0.00019068532470392521,
      -0.03979455923415852,
      1.7134481511526274
    ]
  },
  {
    "label_id": "yzl0OBtXWrni5zCwbXTsEg",
    "size": [
      0.4371178114099145,
      0.07644024707565171,
      0.5323008849558137
    ],
    "obj_class": "sign",
    "point_num_in_lidar": 31,
    "speed": 0.023847119552196757,
    "if_vehicle": false,
    "motion_state": false,
    "pose": [
      [
        0.14769918945154312,
        0.9890150594851419,
        0.005844788016531747,
        15.438379355869529
      ],
      [
        -0.9882318266839778,
        0.14781478541851908,
        -0.039352839040220224,
        -46.126500535006926
      ],
      [
        -0.039784496530753,
        3.637689069977674e-05,
        0.9992082828482339,
        1.8483382728645061
      ],
      [
        0.0,
        0.0,
        0.0,
        1.0
      ]
    ],
    "location": [
      15.438379355869529,
      -46.126500535006926,
      1.8483382728645061
    ],
    "rotation": [
      3.6405713711673537e-05,
      0.039794999204195464,
      -1.422436457914846
    ]
  },
  {
    "label_id": "zio7LK3B97Y8q9gdkrfx6w",
    "size": [
      2.160374893341598,
      4.926842135581183,
      1.5300000000000047
    ],
    "obj_class": "vehicle",
    "point_num_in_lidar": 5178,
    "speed": 2.5335688451035725e-28,
    "if_vehicle": true,
    "motion_state": false,
    "pose": [
      [
        -0.18024634857385854,
        -0.983604133927279,
        0.005844788016531747,
        16.84422704040685
      ],
      [
        0.9828175139477983,
        -0.18033604281159002,
        -0.039352839040220224,
        -66.94438197599811
      ],
      [
        0.03976164110370937,
        -0.0013488455150548685,
        0.9992082828482339,
        -1.3918663853415385
      ],
      [
        0.0,
        0.0,
        0.0,
        1.0
      ]
    ],
    "location": [
      16.84422704040685,
      -66.94438197599811,
      -1.3918663853415385
    ],
    "rotation": [
      -0.0013499134453642838,
      -0.03977212567820973,
      1.7521782529859191
    ]
  }
]