[
  {
    "label_id": "-Q_L38boUWc0s3ivaWf-9g",
    "size": [
      0.3113921258608517,
      0.06191161022496325,
      0.39000000000000234
    ],
    "obj_class": "sign",
    "point_num_in_lidar": 20,
    "speed": 0.01873071965840105,
    "if_vehicle": false,
    "motion_state": false,
    "pose": [
      [
        -0.9996945984796158,
        0.023907451943123742,
        0.006256477624587919,
        15.355210011965028
      ],
      [
        -0.024148514129091324,
        -0.9988338102328068,
        -0.04180752086850153,
        -48.98624372749691
      ],
      [
        0.00524967008837861,
        -0.04194583742638049,
        0.9991060943095897,
        -0.5238039475039109
      ],
      [
        0.0,
        0.0,
        0.0,
        1.0
      ]
    ],
    "location": [
      15.355210011965028,
      -48.98624372749691,
      -0.5238039475039109
    ],
    "rotation": [
      -0.04195872598011994,
      -0.00524969420131884,
      -3.1174414589484587
    ]
  },
  {
    "label_id": "-roDyLaSj9Ly7YWd600gHw",
    "size": [
      2.376211038541658,
      5.77472060364153,
      2.21
    ],
    "obj_class": "vehicle",
    "point_num_in_lidar": 810,
    "speed": 5.5822008482479415,
    "if_vehicle": true,
    "motion_state": true,
    "pose": [
      [
        -0.1643358593766469,
        -0.9863846013653457,
        0.006256477624587919,
        8.392029269311024
      ],
      [
        0.9854984574559139,
        -0.16445340236931422,
        -0.04180752086850153,
        -35.37999665942698
      ],
      [
        0.042267193838161216,
        -0.0007047258221934614,
        0.9991060943095897,
        0.4393103779386376
      ],
      [
        0.0,
        0.0,
        0.0,
        1.0
      ]
    ],
    "location": [
      8.392029269311024,
      -35.37999665942698,
      0.4393103779386376
    ],
    "rotation": [
      -0.0007053562272653059,
      -0.0422797891339409,
      1.7360300249491316
    ]
  },
  {
    "label_id": "2xD7DXqVqhgyGAvnNyEh_Q",
    "size": [
      2.138426841121803,
      4.654138098945802,
      1.9600000000000044
    ],
    "obj_class": "vehicle",
    "point_num_in_lidar": 277,
    "speed": 0.03898501759864922,
    "if_vehicle": true,
    "motion_state": false,
    "pose": [
      [
        -0.14205559129027318,
        -0.98983890884876,
        0.006256477624587919,
        -1.000791707823737
      ],
      [
        0.9889556402416162,
        -0.14219308292995383,
        -0.04180752086850153,
        -29.28077140716414
      ],
      [
        0.04227233867987175,
        0.000248386737526272,
        0.9991060943095897,
        0.45020695858170967
      ],
      [
        0.0,
        0.0,
        0.0,
        1.0
      ]
    ],
    "location": [
      -1.000791707823737,
      -29.28077140716414,
      0.45020695858170967
    ],
    "rotation": [
      0.0002486089653778121,
      -0.042284938578049394,
      1.7134624817222617
    ]
  },
  {
    "label_id": "5OCWU22ua0BgHKgEUw2kpQ",
    "size": [
      1.017185590282674,
      1.0964827223306206,
      1.7825413884871502
    ],
    "obj_class": "pedestrian",
    "point_num_in_lidar": 86,
    "speed": 1.199947225296086,
    "if_vehicle": false,
    "motion_state": true,
    "pose": [
      [
        -0.16474857653483974,
        -0.9863157521896713,
        0.006256477624587919,
        12.68180803406085
      ],
      [
        0.985429559174462,
        -0.1648657487292469,
        -0.04180752086850153,
        -25.454855450027026
      ],
      [
        0.042266895260586926,
        -0.0007224115639536741,
        0.9991060943095897,
        0.5849032369741032
      ],
      [
        0.0,
        0.0,
        0.0,
        1.0
      ]
    ],
    "location": [
      12.68180803406085,
      -25.454855450027026,
      0.5849032369741032
    ],
    "rotation": [
      -0.0007230577835255793,
      -0.042279490289303855,
      1.7364488277348653
    ]
  },
  {
    "label_id": "5voCBJ6iDkdItMO3-fiqDg",
    "size": [
      0.9365202509903738,
      1.1978745489032638,
      1.730000000000004
    ],
    "obj_class": "pedestrian",
    "point_num_in_lidar": 151,
    "speed": 1.5635627018454568,
    "if_vehicle": false,
    "motion_state": true,
    "pose": [
      [
        -0.1833827966834186,
        -0.9830216713624889,
        0.006256477624587919,
        -1.3077222307163083
      ],
      [
        0.9821334198100836,
        -0.18348317876846262,
        -0.04180752086850153,
        -46.313674621214886
      ],
      [
        0.04224565744212965,
        -0.001522084333864393,
        0.9991060943095897,
        -0.20113247571206827
      ],
      [
        0.0,
        0.0,
        0.0,
        1.0
      ]
    ],
    "location": [
      -1.3077222307163083,
      -46.313674621214886,
      -0.20113247571206827
    ],
    "rotation": [
      -0.0015234449724667704,
      -0.04225823348436697,
      1.755389524178142
    ]
  },
  {
    "label_id": "Ajn5P334xqYzHGHWL_0Qaw",
    "size": [
      2.3627850628114,
      5.609335176106013,
      2.160000000000001
    ],
    "obj_class": "vehicle",
    "point_num_in_lidar": 84,
    "speed": 1.4843582921298053,
    "if_vehicle": true,
    "motion_state": true,
    "pose": [
      [
        -0.06853711781896372,
        -0.9976289490430811,
        0.006256477624587919,
        5.809750306636488
      ],
      [
        0.9967582523630736,
        -0.0687394904326541,
        -0.04180752086850153,
        -15.68711006621379
      ],
      [
        0.04213846018995733,
        0.003370828719549655,
        0.9991060943095897,
        1.1249426027084866
      ],
      [
        0.0,
        0.0,
        0.0,
        1.0
      ]
    ],
    "location": [
      5.809750306636488,
      -15.68711006621379,
      1.1249426027084866
    ],
    "rotation": [
      0.0033738318172429663,
      -0.04215094068990598,
      1.639448289191185
    ]
  },
  {
    "label_id": "K_rHufsxHB91zomztpCw9g",
    "size": [
      0.8869632576274123,
      0.8221758496597003,
      1.600000000000005
    ],
    "obj_class": "pedestrian",
    "point_num_in_lidar": 313,
    "speed": 0.13798413955426803,
    "if_vehicle": false,
    "motion_state": false,
    "pose": [
      [
        -0.5758502650749869,
        0.8175312401986852,
        0.006256477624587919,
        15.962602494274051
      ],
      [
        -0.8169830478547607,
        -0.5751441825462337,
        -0.04180752086850153,
        -51.43430261992398
      ],
      [
        -0.030580577676246043,
        -0.0291863081328256,
        0.9991060943095897,
        -0.5264862959416572
      ],
      [
        0.0,
        0.0,
        0.0,
        1.0
      ]
    ],
    "location": [
      15.962602494274051,
      -51.43430261992398,
      -0.5264862959416572
    ],
    "rotation": [
      -0.029204115909815993,
      0.03058534603179962,
      -2.184769720357262
    ]
  },
  {
    "label_id": "QY1qEYd55QF-nFZcCsP7eA",
    "size": [
      0.8484711943748104,
      0.9635469452995944,
      1.5319292035398284
    ],
    "obj_class": "pedestrian",
    "point_num_in_lidar": 37,
    "speed": 0.9763156767417231,
    "if_vehicle": false,
    "motion_state": false,
    "pose": [
      [
        -0.24090755624906732,
        -0.9705279005931954,
        0.006256477624587919,
        -3.4394928541209993
      ],
      [
        0.9696352814466536,
        -0.2409554983242723,
        -0.04180752086850153,
        -30.9298039581754
      ],
      [
        0.04208289814130023,
        -0.0040052462428805885,
        0.9991060943095897,
        0.4327762011713716
      ],
      [
        0.0,
        0.0,
        0.0,
        1.0
      ]
    ],
    "location": [
      -3.4394928541209993,
      -30.9298039581754,
      0.4327762011713716
    ],
    "rotation": [
      -0.004008808283899208,
      -0.0420953293112752,
      1.8143172579143143
    ]
  },
  {
    "label_id": "QuYOuiSD1qcDP7C_tY12xQ",
    "size": [
      1.036983601394448,
      1.3268741498980898,
      1.8200000000000038
    ],
    "obj_class": "pedestrian",
    "point_num_in_lidar": 58,
    "speed": 1.214238297377569,
    "if_vehicle": false,
    "motion_state": true,
    "pose": [
      [
        -0.03795333659769867,
        -0.9992599265100321,
        0.006256477624587919,
        12.729558847755925
      ],
      [
        0.9983958357236966,
        -0.03818227872208419,
        -0.04180752086850153,
        -18.970680418322445
      ],
      [
        0.042015466803105965,
        0.004659706294849514,
        0.9991060943095897,
        0.924566702549849
      ],
      [
        0.0,
        0.0,
        0.0,
        1.0
      ]
    ],
    "location": [
      12.729558847755925,
      -18.970680418322445,
      0.924566702549849
    ],
    "rotation": [
      0.004663841544223028,
      -0.04202783828008518,
      1.6087923491143794
    ]
  },
  {
    "label_id": "S_zkAqSyVSDXt7mjflF5ng",
    "size": [
      2.4682978956075448,
      5.136041162096543,
      2.0500000000000034
    ],
    "obj_class": "vehicle",
    "point_num_in_lidar": 325,
    "speed": 0.016467152261934914,
    "if_vehicle": true,
    "motion_state": false,
    "pose": [
      [
        -0.15782418741107096,
        -0.987447407387233,
        0.006256477624587919,
        10.308115869767562
      ],
      [
        0.9865620583063567,
        -0.15794757455926473,
        -0.04180752086850153,
        -29.116569886724392
      ],
      [
        0.042270923556977445,
        -0.0004258345656815219,
        0.9991060943095897,
        0.4599273914303268
      ],
      [
        0.0,
        0.0,
        0.0,
        1.0
      ]
    ],
    "location": [
      10.308115869767562,
      -29.116569886724392,
      0.4599273914303268
    ],
    "rotation": [
      -0.0004262155363891837,
      -0.0422835221891231,
      1.729426147625708
    ]
  },
  {
    "label_id": "VOMFwLan-yMeZ2OM0S_JtQ",
    "size": [
      2.0752103727862123,
      4.523204878148739,
      1.5400000000000045
    ],
    "obj_class": "vehicle",
    "point_num_in_lidar": 92,
    "speed": 7.394938715185673,
    "if_vehicle": true,
    "motion_state": true,
    "pose": [
      [
        -0.1504472455330036,
        -0.98859824134947,
        0.006256477624587919,
        -1.177778042527052
      ],
      [
        0.9877138381868729,
        -0.15057723949184823,
        -0.04180752086850153,
        -10.769705309641722
      ],
      [
        0.04227292473543484,
        -0.00011021682911759731,
        0.9991060943095897,
        1.0218356434270186
      ],
      [
        0.0,
        0.0,
        0.0,
        1.0
      ]
    ],
    "location": [
      -1.177778042527052,
      -10.769705309641722,
      1.0218356434270186
    ],
    "rotation": [
      -0.00011031544027030061,
      -0.042285525157948756,
      1.7219531348641561
    ]
  },
  {
    "label_id": "YMb2DQvXVMNwYg9V1LLfjg",
    "size": [
      2.035551169467546,
      3.7736514423989274,
      1.8000000000000007
    ],
    "obj_class": "vehicle",
    "point_num_in_lidar": 3762,
    "speed": 9.699421343459194,
    "if_vehicle": true,
    "motion_state": true,
    "pose": [
      [
        -0.2251628574749619,
        -0.9743010541416051,
        0.006256477624587919,
        11.154695087376922
      ],
      [
        0.9734093281875973,
        -0.2252252450241757,
        -0.04180752086850153,
        -54.42593320650849
      ],
      [
        0.04214222835921427,
        -0.003323387181325043,
        0.9991060943095897,
        -0.5695161362270689
      ],
      [
        0.0,
        0.0,
        0.0,
        1.0
      ]
    ],
    "location": [
      11.154695087376922,
      -54.42593320650849,
      -0.5695161362270689
    ],
    "rotation": [
      -0.003326348365739076,
      -0.04215471220939933,
      1.7981119985755731
    ]
  },
  {
    "label_id": "fFlvjmk1h67aKf0yiFwEOw",
    "size": [
      0.8602328125703107,
      1.047075004275744,
      1.7000000000000046
    ],
    "obj_class": "pedestrian",
    "point_num_in_lidar": 154,
    "speed": 1.2858716252247033,
    "if_vehicle": false,
    "motion_state": true,
    "pose": [
      [
        -0.17566504275751985,
        -0.9844301139444748,
        0.006256477624587919,
        17.9315925284443
      ],
      [
        0.983542677256578,
        -0.17577239036262904,
        -0.04180752086850153,
        -48.695709646133764
      ],
      [
        0.04225629855963908,
        -0.0011906071878681462,
        0.9991060943095897,
        -0.3933104782065051
      ],
      [
        0.0,
        0.0,
        0.0,
        1.0
      ]
    ],
    "location": [
      17.9315925284443,
      -48.695709646133764,
      -0.3933104782065051
    ],
    "rotation": [
      -0.0011916718665441507,
      -0.04226888411258145,
      1.7475371283310297
    ]
  },
  {
    "label_id": "gUKgMUj38YVBqDRACfxBNg",
    "size": [
      1.0028819644258196,
      0.9520999166186406,
      1.690000000000004
    ],
    "obj_class": "pedestrian",
    "point_num_in_lidar": 27,
    "speed": 1.2269386723712656,
    "if_vehicle": false,
    "motion_state": true,
    "pose": [
      [
        -0.17357771514695994,
        -0.9848003012246157,
        0.006256477624587919,
        13.216900629638303
      ],
      [
        0.9839130941013493,
        -0.1736869438234752,
        -0.04180752086850153,
        -24.845410981022724
      ],
      [
        0.042258727622469336,
        -0.0011010236905291805,
        0.9991060943095897,
        0.6214192059306054
      ],
      [
        0.0,
        0.0,
        0.0,
        1.0
      ]
    ],
    "location": [
      13.216900629638303,
      -24.845410981022724,
      0.6214192059306054
    ],
    "rotation": [
      -0.0011020083363492855,
      -0.042271315347106236,
      1.7454152927080615
    ]
  },
  {
    "label_id": "kNtdgBIGtz-619syo5GotQ",
    "size": [
      2.3096827218106912,
      5.064638733456315,
      1.9400000000000048
    ],
    "obj_class": "vehicle",
    "point_num_in_lidar": 68,
    "speed": 8.700625987775812,
    "if_vehicle": true,
    "motion_state": true,
    "pose": [
      [
        -0.1616788285490781,
        -0.9868235976539732,
        0.006256477624587919,
        -0.28650084048786084
      ],
      [
        0.9859377735133927,
        -0.16179875759190307,
        -0.04180752086850153,
        2.27173526477236
      ],
      [
        0.0422689384590081,
        -0.0005908933793378893,
        0.9991060943095897,
        1.3685207258425551
      ],
      [
        0.0,
        0.0,
        0.0,
        1.0
      ]
    ],
    "location": [
      -0.28650084048786084,
      2.27173526477236,
      1.3685207258425551
    ],
    "rotation": [
      -0.0005914219859223154,
      -0.04228153531533972,
      1.7333345107498215
    ]
  },
  {
    "label_id": "mBVZklj4mzD2zJYHiMldUg",
    "size": [
      2.3982298749735436,
      5.942315180112966,
      2.219999999999999
    ],
    "obj_class": "vehicle",
    "point_num_in_lidar": 10713,
    "speed": 2.321371571241179e-28,
    "if_vehicle": true,
    "motion_state": false,
    "pose": [
      [
        -0.1460213158464947,
        -0.9892616599293592,
        0.006256477624587919,
        15.697817320799004
      ],
      [
        0.9883778474055458,
        -0.14615526660647252,
        -0.04180752086850153,
        -61.380604964237136
      ],
      [
        0.04227299464714422,
        7.897467743279095e-05,
        0.9991060943095897,
        -0.8624916368810975
      ],
      [
        0.0,
        0.0,
        0.0,
        1.0
      ]
    ],
    "location": [
      15.697817320799004,
      -61.380604964237136,
      -0.8624916368810975
    ],
    "rotation": [
      7.904533634426722e-05,
      -0.042285595132208205,
      1.7174736647270792
    ]
  },
  {
    "label_id": "rbj9kBChW72Ay5dtSpapXQ",
    "size": [
      2.1360084669821324,
      4.857696674908094,
      1.770000000000004
    ],
    "obj_class": "vehicle",
    "point_num_in_lidar": 68,
    "speed": 0.005739098427527762,
    "if_vehicle": true,
    "motion_state": false,
    "pose": [
      [
        -0.14205559129076067,
        -0.9898389088486901,
        0.006256477624587919,
        -1.8576844975323183
      ],
      [
        0.9889556402415461,
        -0.1421930829304409,
        -0.04180752086850153,
        -24.126414643218595
      ],
      [
        0.04227233867987187,
        0.00024838673750545315,
        0.9991060943095897,
        0.49290141195059434
      ],
      [
        0.0,
        0.0,
        0.0,
        1.0
      ]
    ],
    "location": [
      -1.8576844975323183,
      -24.126414643218595,
      0.49290141195059434
    ],
    "rotation": [
      0.0002486089653569746,
      -0.04228493857804951,
      1.7134624817227546
    ]
  },
  {
    "label_id": "ryg82GvjxiurhXuYlN2xPg",
    "size": [
      0.9795127061284732,
      0.8740044961228312,
      1.7100000000000044
    ],
    "obj_class": "pedestrian",
    "point_num_in_lidar": 69,
    "speed": 0.9508225101812723,
    "if_vehicle": false,
    "motion_state": false,
    "pose": [
      [
        -0.1137214145612853,
        -0.9934929775081016,
        0.006256477624587919,
        14.56462212066549
      ],
      [
        0.9926139970179293,
        -0.11388408195581935,
        -0.04180752086850153,
        -32.19800221132209
      ],
      [
        0.042247991600432994,
        0.0014558568497290067,
        0.9991060943095897,
        0.34137139656123416
      ],
      [
        0.0,
        0.0,
        0.0,
        1.0
      ]
    ],
    "location": [
      14.56462212066549,
      -32.19800221132209,
      0.34137139656123416
    ],
    "rotation": [
      0.0014571583814858313,
      -0.042260569728458826,
      1.6848665876271278
    ]
  },
  {
    "label_id": "t-LPOe5gpociAs9F4-TjPw",
    "size": [
      1.0602432104060928,
      1.9174464105824227,
      1.8000000000000043
    ],
    "obj_class": "cyclist",
    "point_num_in_lidar": 32,
    "speed": 0.557261869110902,
    "if_vehicle": false,
    "motion_state": false,
    "pose": [
      [
        0.9830787970239467,
        0.18307631012690517,
        0.006256477624587919,
        -10.340547999833461
      ],
      [
        -0.18266266545309084,
        0.9822863543022482,
        -0.04180752086850153,
        -9.860503804577093
      ],
      [
        -0.013799619252788902,
        0.03995726244270518,
        0.9991060943095897,
        1.2459995322062642
      ],
      [
        0.0,
        0.0,
        0.0,
        1.0
      ]
    ],
    "location": [
      -10.340547999833461,
      -9.860503804577093,
      1.2459995322062642
    ],
    "rotation": [
      0.0399717107076929,
      0.01380005726607098,
      -0.18371169558535735
    ]
  },
  {
    "label_id": "vdhAti93bTRosfry8WrmWQ",
    "size": [
      2.0229448805097676,
      4.197556005392045,
      1.9300000000000042
    ],
    "obj_class": "vehicle",
    "point_num_in_lidar": 443,
    "speed": 0.014258472596876555,
    "if_vehicle": true,
    "motion_state": false,
    "pose": [
      [
        -0.14205559129093606,
        -0.9898389088486649,
        0.006256477624587919,
        0.38094834145795176
      ],
      [
        0.9889556402415209,
        -0.14219308293061614,
        -0.04180752086850153,
        -37.67630704880867
      ],
      [
        0.04227233867987191,
        0.00024838673749796284,
        0.9991060943095897,
        0.067535004341158
      ],
      [
        0.0,
        0.0,
        0.0,
        1.0
      ]
    ],
    "location": [
      0.38094834145795176,
      -37.67630704880867,
      0.067535004341158
    ],
    "rotation": [
      0.0002486089653494776,
      -0.042284938578049554,
      1.713462481722932
    ]
  }
]