[
  {
    "label_id": "--vdK0N2LIZSbUVEuUiisw",
    "size": [
      3.1060181495335324,
      7.585705537180848,
      3.429999999999974
    ],
    "obj_class": "vehicle",
    "point_num_in_lidar": 828,
    "speed": 2.0773295327305337,
    "if_vehicle": true,
    "motion_state": true,
    "pose": [
      [
        -0.14936399484249827,
        -0.9887653909038674,
        -0.005779169093604389,
        -12.682978139851002
      ],
      [
        0.9887374935052824,
        -0.14929904984214593,
        -0.010390507837653409,
        79.1682182430377
      ],
      [
        0.009410950089234841,
        -0.0072660489232277995,
        0.9999293167776727,
        2.8695090666931113
      ],
      [
        0.0,
        0.0,
        0.0,
        1.0
      ]
    ],
    "location": [
      -12.682978139851002,
      79.1682182430377,
      2.8695090666931113
    ],
    "rotation": [
      -0.0072664346527349065,
      -0.009411089009776927,
      1.7207280374199125
    ]
  },
  {
    "label_id": "-roDyLaSj9Ly7YWd600gHw",
    "size": [
      2.3762110385416593,
      5.77472060364153,
      2.21
    ],
    "obj_class": "vehicle",
    "point_num_in_lidar": 19160,
    "speed": 2.156656229190914,
    "if_vehicle": true,
    "motion_state": true,
    "pose": [
      [
        -0.15412612020247024,
        -0.9880342809214269,
        -0.005779169093604389,
        -4.787389162294858
      ],
      [
        0.9880066967508131,
        -0.1540610415465981,
        -0.010390507837653409,
        49.741325703003895
      ],
      [
        0.009375833129949735,
        -0.007311306426087342,
        0.9999293167776727,
        1.8214244210019297
      ],
      [
        0.0,
        0.0,
        0.0,
        1.0
      ]
    ],
    "location": [
      -4.787389162294858,
      49.741325703003895,
      1.8214244210019297
    ],
    "rotation": [
      -0.007311692950080058,
      -0.009375970501100879,
      1.7255461278038495
    ]
  },
  {
    "label_id": "0DOzd3WNjt66gPEDui60ug",
    "size": [
      0.8818837264838504,
      0.8195920853035972,
      1.9100000000000046
    ],
    "obj_class": "pedestrian",
    "point_num_in_lidar": 32,
    "speed": 0.014662393933649284,
    "if_vehicle": false,
    "motion_state": false,
    "pose": [
      [
        -0.9472063491507244,
        0.32057250869833365,
        -0.005779169093604389,
        -10.548331680954334
      ],
      [
        -0.3205036757149973,
        -0.947190282467072,
        -0.010390507837653409,
        109.44592823587845
      ],
      [
        -0.008804883970362366,
        -0.007989710057646959,
        0.9999293167776727,
        2.129719823443386
      ],
      [
        0.0,
        0.0,
        0.0,
        1.0
      ]
    ],
    "location": [
      -10.548331680954334,
      109.44592823587845,
      2.129719823443386
    ],
    "rotation": [
      -0.00799010479752072,
      0.008804997742210507,
      -2.8153183720424484
    ]
  },
  {
    "label_id": "8aVX3NatEzhiT9gQ6KW5mQ",
    "size": [
      1.6810620273667534,
      4.580293545298149,
      1.540657427030581
    ],
    "obj_class": "vehicle",
    "point_num_in_lidar": 177,
    "speed": 0.0050096406155005924,
    "if_vehicle": true,
    "motion_state": false,
    "pose": [
      [
        -0.20841005652524885,
        -0.9780244626509758,
        -0.005779169093604389,
        -7.024911113007192
      ],
      [
        0.9780005114810836,
        -0.20834355495098655,
        -0.010390507837653409,
        78.71641285745864
      ],
      [
        0.00895811821096732,
        -0.007817516655252151,
        0.9999293167776727,
        1.7045986779148983
      ],
      [
        0.0,
        0.0,
        0.0,
        1.0
      ]
    ],
    "location": [
      -7.024911113007192,
      78.71641285745864,
      1.7045986779148983
    ],
    "rotation": [
      -0.007817909981538699,
      -0.008958238026962788,
      1.7807539146414268
    ]
  },
  {
    "label_id": "AE5mG59C1GJKWSHeZyrOug",
    "size": [
      2.309682721811551,
      5.064638733456315,
      1.7500000000000044
    ],
    "obj_class": "vehicle",
    "point_num_in_lidar": 32,
    "speed": 11.270990740886534,
    "if_vehicle": true,
    "motion_state": true,
    "pose": [
      [
        -0.18226006899165384,
        -0.9832333743601999,
        -0.005779169093604389,
        -14.132472644175095
      ],
      [
        0.9832076586525138,
        -0.18219422963946402,
        -0.010390507837653409,
        105.41086400664062
      ],
      [
        0.009163362821566615,
        -0.007575897988828772,
        0.9999293167776727,
        2.2135207258422955
      ],
      [
        0.0,
        0.0,
        0.0,
        1.0
      ]
    ],
    "location": [
      -14.132472644175095,
      105.41086400664062,
      2.2135207258422955
    ],
    "rotation": [
      -0.007576288552206398,
      -0.00916349106342657,
      1.7540886425756046
    ]
  },
  {
    "label_id": "KUCYq08RlyE439QAxBXN-A",
    "size": [
      1.9064355918050697,
      5.176931607263873,
      1.7600000000000042
    ],
    "obj_class": "vehicle",
    "point_num_in_lidar": 745,
    "speed": 1.4250766696571006e-12,
    "if_vehicle": true,
    "motion_state": false,
    "pose": [
      [
        -0.18693143422195962,
        -0.9823559640498492,
        -0.005779169093604389,
        -4.814882455660154
      ],
      [
        0.9823305615748485,
        -0.18686547338371134,
        -0.010390507837653409,
        65.65835042277831
      ],
      [
        0.00912725017538463,
        -0.007619366953543472,
        0.9999293167776727,
        1.6638134887079428
      ],
      [
        0.0,
        0.0,
        0.0,
        1.0
      ]
    ],
    "location": [
      -4.814882455660154,
      65.65835042277831,
      1.6638134887079428
    ],
    "rotation": [
      -0.007619758080067324,
      -0.009127376906977857,
      1.7588418398598045
    ]
  },
  {
    "label_id": "NnGgR0GOLz3FLRk6bJzEUA",
    "size": [
      2.0953168346720283,
      4.499693689025667,
      1.650000000000004
    ],
    "obj_class": "vehicle",
    "point_num_in_lidar": 148,
    "speed": 4.9081234636830295,
    "if_vehicle": true,
    "motion_state": true,
    "pose": [
      [
        -0.17100564499356877,
        -0.985253099759103,
        -0.005779169093604389,
        -17.77405758093869
      ],
      [
        0.9852266329107264,
        -0.1709401039846081,
        -0.010390507837653409,
        92.67007377270602
      ],
      [
        0.009249388289313909,
        -0.0074706268017022395,
        0.9999293167776727,
        2.0167940161118008
      ],
      [
        0.0,
        0.0,
        0.0,
        1.0
      ]
    ],
    "location": [
      -17.77405758093869,
      92.67007377270602,
      2.0167940161118008
    ],
    "rotation": [
      -0.007471015882964801,
      -0.00924952017707754,
      1.742654009970523
    ]
  },
  {
    "label_id": "Vph9lRXCtQfcwKVMJY5wfw",
    "size": [
      1.8247667660245632,
      4.541368818290325,
      1.563181648906676
    ],
    "obj_class": "vehicle",
    "point_num_in_lidar": 387,
    "speed": 0.017493371705221236,
    "if_vehicle": true,
    "motion_state": false,
    "pose": [
      [
        -0.16362180540544868,
        -0.9865062118407815,
        -0.005779169093604389,
        -17.204421460208778
      ],
      [
        0.9864792548659649,
        -0.16355646445789424,
        -0.010390507837653409,
        70.65748876725411
      ],
      [
        0.00930508006157115,
        -0.007401144072679587,
        0.9999293167776727,
        1.6593727284606548
      ],
      [
        0.0,
        0.0,
        0.0,
        1.0
      ]
    ],
    "location": [
      -17.204421460208778,
      70.65748876725411,
      1.6593727284606548
    ],
    "rotation": [
      -0.007401532084828347,
      -0.009305214346110634,
      1.7351643344932168
    ]
  },
  {
    "label_id": "W7smyXncdDt6gb7dmd9G4Q",
    "size": [
      2.5745319796787625,
      5.894976476344226,
      1.9000000000000048
    ],
    "obj_class": "vehicle",
    "point_num_in_lidar": 1503,
    "speed": 2.864289338439558e-13,
    "if_vehicle": true,
    "motion_state": false,
    "pose": [
      [
        -0.17556212391701803,
        -0.9844513913090545,
        -0.005779169093604389,
        -3.6034822887988867
      ],
      [
        0.9844252279717876,
        -0.175496461159677,
        -0.010390507837653409,
        58.6427904297816
      ],
      [
        0.009214726172814587,
        -0.007513339477013865,
        0.9999293167776727,
        1.6949273914301806
      ],
      [
        0.0,
        0.0,
        0.0,
        1.0
      ]
    ],
    "location": [
      -3.6034822887988867,
      58.6427904297816,
      1.6949273914301806
    ],
    "rotation": [
      -0.007513729179724621,
      -0.009214856583340694,
      1.747280629963487
    ]
  },
  {
    "label_id": "Wapj6SbPm34CXWWQe7JzYA",
    "size": [
      1.9834396728584895,
      4.228772219860718,
      1.4900000000000038
    ],
    "obj_class": "vehicle",
    "point_num_in_lidar": 38,
    "speed": 0.004316808423383185,
    "if_vehicle": true,
    "motion_state": false,
    "pose": [
      [
        -0.13945468013918755,
        -0.9902115902128515,
        -0.005779169093604389,
        -13.229146500577144
      ],
      [
        0.9901830438323775,
        -0.13939001776929283,
        -0.010390507837653409,
        118.12730798343546
      ],
      [
        0.009483242806392617,
        -0.007171440190910873,
        0.9999293167776727,
        2.1187895454428443
      ],
      [
        0.0,
        0.0,
        0.0,
        1.0
      ]
    ],
    "location": [
      -13.229146500577144,
      118.12730798343546,
      2.1187895454428443
    ],
    "rotation": [
      -0.007171824163641224,
      -0.009483384953143282,
      1.7107133520799407
    ]
  },
  {
    "label_id": "YMb2DQvXVMNwYg9V1LLfjg",
    "size": [
      2.03555116946641,
      3.7736514423989274,
      1.8000000000000007
    ],
    "obj_class": "vehicle",
    "point_num_in_lidar": 826,
    "speed": 0.44481361603399017,
    "if_vehicle": true,
    "motion_state": false,
    "pose": [
      [
        -0.18389322512840722,
        -0.9829292359862231,
        -0.005779169093604389,
        -9.744606705156457
      ],
      [
        0.9829036296903954,
        -0.18382734314655666,
        -0.010390507837653409,
        61.602617190212186
      ],
      [
        0.00915076463030154,
        -0.007591110275686384,
        0.9999293167776727,
        1.7971182223624584
      ],
      [
        0.0,
        0.0,
        0.0,
        1.0
      ]
    ],
    "location": [
      -9.744606705156457,
      61.602617190212186,
      1.7971182223624584
    ],
    "rotation": [
      -0.007591501039406426,
      -0.009150892343937584,
      1.7557499266024845
    ]
  },
  {
    "label_id": "_GARc9fieIJDt4ZaybG5VQ",
    "size": [
      0.5164380593014508,
      0.07716136710051658,
      0.5800000000000036
    ],
    "obj_class": "sign",
    "point_num_in_lidar": 38,
    "speed": 0.012450803634225353,
    "if_vehicle": false,
    "motion_state": false,
    "pose": [
      [
        0.08632022778210187,
        0.9962506810437991,
        -0.005779169093604389,
        -19.079199968246712
      ],
      [
        -0.9962187187409406,
        0.08625718391551235,
        -0.010390507837653409,
        70.27849171838716
      ],
      [
        -0.009853055658267263,
        0.006654227433135765,
        0.9999293167776727,
        3.5122407419412376
      ],
      [
        0.0,
        0.0,
        0.0,
        1.0
      ]
    ],
    "location": [
      -19.079199968246712,
      70.27849171838716,
      3.5122407419412376
    ],
    "rotation": [
      0.006654599576793293,
      0.00985321509211654,
      -1.484364333915679
    ]
  },
  {
    "label_id": "hENofIehdn8fsrjnf9OVYw",
    "size": [
      1.8337093556879263,
      4.543457418889727,
      1.770000000000004
    ],
    "obj_class": "vehicle",
    "point_num_in_lidar": 255,
    "speed": 1.4228607195221901e-12,
    "if_vehicle": true,
    "motion_state": false,
    "pose": [
      [
        -0.18693143422203726,
        -0.9823559640498344,
        -0.005779169093604389,
        -5.906904503537362
      ],
      [
        0.9823305615748338,
        -0.18686547338378898,
        -0.010390507837653409,
        71.92859316587601
      ],
      [
        0.009127250175384028,
        -0.007619366953544193,
        0.9999293167776727,
        1.7499273914301678
      ],
      [
        0.0,
        0.0,
        0.0,
        1.0
      ]
    ],
    "location": [
      -5.906904503537362,
      71.92859316587601,
      1.7499273914301678
    ],
    "rotation": [
      -0.007619758080068045,
      -0.009127376906977255,
      1.7588418398598835
    ]
  },
  {
    "label_id": "kNtdgBIGtz-619syo5GotQ",
    "size": [
      2.3096827218114733,
      5.064638733456315,
      1.9400000000000048
    ],
    "obj_class": "vehicle",
    "point_num_in_lidar": 314,
    "speed": 0.9555971782389943,
    "if_vehicle": true,
    "motion_state": false,
    "pose": [
      [
        -0.16374256979347124,
        -0.986486174278189,
        -0.005779169093604389,
        -10.851779782289896
      ],
      [
        0.9864592253024492,
        -0.1636772255464012,
        -0.010390507837653409,
        67.99742399003298
      ],
      [
        0.009304173962369574,
        -0.007402283121765416,
        0.9999293167776727,
        1.91852072584234
      ],
      [
        0.0,
        0.0,
        0.0,
        1.0
      ]
    ],
    "location": [
      -10.851779782289896,
      67.99742399003298,
      1.91852072584234
    ],
    "rotation": [
      -0.007402671152018493,
      -0.009304308207683252,
      1.7352867539289727
    ]
  },
  {
    "label_id": "n9y7gH82HbnQHbvHXTnzjg",
    "size": [
      0.49199639610138013,
      0.10373152161804433,
      0.5200000000000031
    ],
    "obj_class": "sign",
    "point_num_in_lidar": 21,
    "speed": 0.02057805045009172,
    "if_vehicle": false,
    "motion_state": false,
    "pose": [
      [
        0.13231111838729168,
        0.9911913887618735,
        -0.005779169093604389,
        -5.111777932244877
      ],
      [
        -0.9911623768744443,
        0.13224666353249884,
        -0.010390507837653409,
        81.16882790218187
      ],
      [
        -0.0095347060629255,
        0.007102874687788096,
        0.9999293167776727,
        4.276062310789179
      ],
      [
        0.0,
        0.0,
        0.0,
        1.0
      ]
    ],
    "location": [
      -5.111777932244877,
      81.16882790218187,
      4.276062310789179
    ],
    "rotation": [
      0.007103257306994057,
      0.009534850536508776,
      -1.4380900222882014
    ]
  },
  {
    "label_id": "ovWWa3NMo85PAccMFBiTGA",
    "size": [
      1.959780710289821,
      4.73755135825663,
      1.4905366848378785
    ],
    "obj_class": "vehicle",
    "point_num_in_lidar": 5038,
    "speed": 0.006530758715713476,
    "if_vehicle": true,
    "motion_state": false,
    "pose": [
      [
        -0.1646462584098514,
        -0.986335749527626,
        -0.005779169093604389,
        -12.780359565183971
      ],
      [
        0.9863088604275341,
        -0.16458088950122646,
        -0.010390507837653409,
        43.566507746178104
      ],
      [
        0.009297388546021142,
        -0.00741080392137884,
        0.9999293167776727,
        1.3056952104950863
      ],
      [
        0.0,
        0.0,
        0.0,
        1.0
      ]
    ],
    "location": [
      -12.780359565183971,
      43.566507746178104,
      1.3056952104950863
    ],
    "rotation": [
      -0.007411192086453989,
      -0.009297522497831131,
      1.7362029064119282
    ]
  },
  {
    "label_id": "pd5EtGL863Dl-vNVRvaEcQ",
    "size": [
      0.9767614703257447,
      0.9087334607547355,
      1.7000000000000037
    ],
    "obj_class": "pedestrian",
    "point_num_in_lidar": 24,
    "speed": 1.8010642362825546,
    "if_vehicle": false,
    "motion_state": true,
    "pose": [
      [
        0.11672344335730903,
        0.9931476420831902,
        -0.005779169093604389,
        -5.565756683020254
      ],
      [
        -0.9931176212077465,
        0.11665945222545339,
        -0.010390507837653409,
        97.38399982789815
      ],
      [
        -0.009645113658234235,
        0.006952210515839732,
        0.9999293167776727,
        2.177361447694178
      ],
      [
        0.0,
        0.0,
        0.0,
        1.0
      ]
    ],
    "location": [
      -5.565756683020254,
      97.38399982789815,
      2.177361447694178
    ],
    "rotation": [
      0.006952589927113454,
      0.009645263209116758,
      -1.453800731025532
    ]
  },
  {
    "label_id": "qnu6SQHMaFWFVIC9hoAG7A",
    "size": [
      0.8868804989484775,
      0.9229548055295895,
      1.7000000000000037
    ],
    "obj_class": "pedestrian",
    "point_num_in_lidar": 21,
    "speed": 1.5137681075312706,
    "if_vehicle": false,
    "motion_state": true,
    "pose": [
      [
        0.03126734940231747,
        0.9994943491916003,
        -0.005779169093604389,
        -4.62154885140626
      ],
      [
        -0.9994589599931153,
        0.031206163435387478,
        -0.010390507837653409,
        100.328939275616
      ],
      [
        -0.01020490817370986,
        0.006100925970945625,
        0.9999293167776727,
        2.220546782660744
      ],
      [
        0.0,
        0.0,
        0.0,
        1.0
      ]
    ],
    "location": [
      -4.62154885140626,
      100.328939275616,
      2.220546782660744
    ],
    "rotation": [
      0.006101281525379292,
      0.010205085305456996,
      -1.5395222513938225
    ]
  },
  {
    "label_id": "sJGK7DedDoxQEYAD87bVIw",
    "size": [
      0.955085272457333,
      0.8830833140800468,
      1.7000000000000046
    ],
    "obj_class": "pedestrian",
    "point_num_in_lidar": 42,
    "speed": 1.5181718171544918,
    "if_vehicle": false,
    "motion_state": true,
    "pose": [
      [
        0.19540805365254618,
        0.9807049983416577,
        -0.005779169093604389,
        -8.009839371260796
      ],
      [
        -0.980680166449321,
        0.1953418758991728,
        -0.010390507837653409,
        99.81529802588739
      ],
      [
        -0.009061109239811667,
        0.007697905421672103,
        0.9999293167776727,
        2.3286233416011966
      ],
      [
        0.0,
        0.0,
        0.0,
        1.0
      ]
    ],
    "location": [
      -8.009839371260796,
      99.81529802588739,
      2.3286233416011966
    ],
    "rotation": [
      0.007698297492542379,
      0.009061233236159745,
      -1.3741146390766705
    ]
  },
  {
    "label_id": "t1qXUyb9x438EQc-bc_4uA",
    "size": [
      0.9815463408678264,
      0.9385322933989074,
      1.7315044247787643
    ],
    "obj_class": "pedestrian",
    "point_num_in_lidar": 115,
    "speed": 0.0714582437710414,
    "if_vehicle": false,
    "motion_state": false,
    "pose": [
      [
        0.9936632261750528,
        0.11224969555403319,
        -0.005779169093604389,
        -18.562865178633047
      ],
      [
        -0.11230518022957249,
        0.9936194361225423,
        -0.010390507837653409,
        70.17307847422308
      ],
      [
        0.004575963394615626,
        0.010973696166194275,
        0.9999293167776727,
        1.8870876709945277
      ],
      [
        0.0,
        0.0,
        0.0,
        1.0
      ]
    ],
    "location": [
      -18.562865178633047,
      70.17307847422308,
      1.8870876709945277
    ],
    "rotation": [
      0.01097403132413853,
      -0.004575979364452017,
      -0.11254378752369437
    ]
  },
  {
    "label_id": "vs9s9qzlH4_rx8JAdIwCTA",
    "size": [
      2.072182431382239,
      4.541388680750847,
      1.8900000000000041
    ],
    "obj_class": "vehicle",
    "point_num_in_lidar": 233,
    "speed": 0.023808809274424386,
    "if_vehicle": true,
    "motion_state": false,
    "pose": [
      [
        -0.13806290633315657,
        -0.9904066008965355,
        -0.005779169093604389,
        -18.10987917393186
      ],
      [
        0.9903779636682338,
        -0.13799828414599327,
        -0.010390507837653409,
        76.03299460808739
      ],
      [
        0.009493312130372165,
        -0.00715810542896218,
        0.9999293167776727,
        1.9559635529139818
      ],
      [
        0.0,
        0.0,
        0.0,
        1.0
      ]
    ],
    "location": [
      -18.10987917393186,
      76.03299460808739,
      1.9559635529139818
    ],
    "rotation": [
      -0.007158489143718444,
      -0.009493454730411055,
      1.7093079317839885
    ]
  }
]