[
  {
    "label_id": "--vdK0N2LIZSbUVEuUiisw",
    "size": [
      3.106018149533998,
      7.585705537180848,
      3.429999999999974
    ],
    "obj_class": "vehicle",
    "point_num_in_lidar": 222,
    "speed": 0.005899961072857089,
    "if_vehicle": true,
    "motion_state": false,
    "pose": [
      [
        -0.1614483786407323,
        -0.9868194000115997,
        -0.011040507009423233,
        -12.381029676885646
      ],
      [
        0.9868683796503148,
        -0.1613792535143556,
        -0.006894764790130839,
        77.23294229580279
      ],
      [
        0.005022178873817285,
        -0.012008675859383281,
        0.9999152811230878,
        2.879509066693144
      ],
      [
        0.0,
        0.0,
        0.0,
        1.0
      ]
    ],
    "location": [
      -12.381029676885646,
      77.23294229580279,
      2.879509066693144
    ],
    "rotation": [
      -0.012009115960110847,
      -0.005022199985857738,
      1.7329564995580025
    ]
  },
  {
    "label_id": "-roDyLaSj9Ly7YWd600gHw",
    "size": [
      2.3762110385420177,
      5.77472060364153,
      2.21
    ],
    "obj_class": "vehicle",
    "point_num_in_lidar": 5471,
    "speed": 6.201461139726098,
    "if_vehicle": true,
    "motion_state": true,
    "pose": [
      [
        -0.16010815590732114,
        -0.9870377326206592,
        -0.011040507009423233,
        -1.2157941765419764
      ],
      [
        0.9870866183441739,
        -0.16003896433166542,
        -0.006894764790130839,
        24.071319115939332
      ],
      [
        0.005038481697918911,
        -0.012001844804699303,
        0.9999152811230878,
        1.5293118075173213
      ],
      [
        0.0,
        0.0,
        0.0,
        1.0
      ]
    ],
    "location": [
      -1.2157941765419764,
      24.071319115939332,
      1.5293118075173213
    ],
    "rotation": [
      -0.012002285311301384,
      -0.005038503016228607,
      1.7315986070596396
    ]
  },
  {
    "label_id": "4J73Y4_a-OgE0PICfWLtHA",
    "size": [
      2.339701997771808,
      5.278562788605551,
      2.0900000000000025
    ],
    "obj_class": "vehicle",
    "point_num_in_lidar": 71,
    "speed": 0.00037903027750253216,
    "if_vehicle": true,
    "motion_state": false,
    "pose": [
      [
        0.9932571231975893,
        -0.11540534832590564,
        -0.011040507009423233,
        -61.84481642669448
      ],
      [
        0.11533402128086574,
        0.9933028368799083,
        -0.006894764790130839,
        -8.810599606229516
      ],
      [
        0.011762259665282847,
        0.005574928170193021,
        0.9999152811230878,
        1.525536813978687
      ],
      [
        0.0,
        0.0,
        0.0,
        1.0
      ]
    ],
    "location": [
      -61.84481642669448,
      -8.810599606229516,
      1.525536813978687
    ],
    "rotation": [
      0.005575342742329669,
      -0.01176253090174895,
      0.11559929107754587
    ]
  },
  {
    "label_id": "AE5mG59C1GJKWSHeZyrOug",
    "size": [
      2.3096827218109732,
      5.064638733456315,
      1.7500000000000044
    ],
    "obj_class": "vehicle",
    "point_num_in_lidar": 39,
    "speed": 0.5605230644234963,
    "if_vehicle": true,
    "motion_state": false,
    "pose": [
      [
        -0.1804759684849665,
        -0.9835174284192366,
        -0.011040507009423233,
        -10.013969491458738
      ],
      [
        0.9835677338848057,
        -0.1804078021572148,
        -0.006894764790130839,
        82.67281511526926
      ],
      [
        0.00478932773167361,
        -0.012103425813172631,
        0.9999152811230878,
        1.9035207258423616
      ],
      [
        0.0,
        0.0,
        0.0,
        1.0
      ]
    ],
    "location": [
      -10.013969491458738,
      82.67281511526926,
      1.9035207258423616
    ],
    "rotation": [
      -0.012103860168370057,
      -0.0047893460411912205,
      1.7522687756752848
    ]
  },
  {
    "label_id": "B6xeIGelvSq42ol4SnNpDg",
    "size": [
      0.7251573055744801,
      0.9402309291111298,
      1.6300000000000043
    ],
    "obj_class": "pedestrian",
    "point_num_in_lidar": 203,
    "speed": 1.2899077424051337,
    "if_vehicle": false,
    "motion_state": true,
    "pose": [
      [
        -0.9952753085104707,
        -0.0964632959957426,
        -0.011040507009423233,
        -22.1080399588418
      ],
      [
        0.09654265363498371,
        -0.9953049674585194,
        -0.006894764790130839,
        9.394319596576679
      ],
      [
        -0.01032357973296813,
        -0.007928068997769959,
        0.9999152811230878,
        1.4820469797319173
      ],
      [
        0.0,
        0.0,
        0.0,
        1.0
      ]
    ],
    "location": [
      -22.1080399588418,
      9.394319596576679,
      1.4820469797319173
    ],
    "rotation": [
      -0.007928574571470288,
      0.01032376311658243,
      3.0448942275860245
    ]
  },
  {
    "label_id": "DXY4_S8POdnu7YJL2WT3rA",
    "size": [
      2.231960133704971,
      5.01468204222107,
      1.7400000000000038
    ],
    "obj_class": "vehicle",
    "point_num_in_lidar": 162,
    "speed": 2.929642751054232e-13,
    "if_vehicle": true,
    "motion_state": false,
    "pose": [
      [
        0.9877727315564782,
        -0.1555092858913213,
        -0.011040507009423233,
        -29.33975607354955
      ],
      [
        0.15543986738061868,
        0.9878212944896383,
        -0.006894764790130839,
        -6.852384944440928
      ],
      [
        0.011978247874772254,
        0.0050943257048274284,
        0.9999152811230878,
        1.2053903674380573
      ],
      [
        0.0,
        0.0,
        0.0,
        1.0
      ]
    ],
    "location": [
      -29.33975607354955,
      -6.852384944440928,
      1.2053903674380573
    ],
    "rotation": [
      0.0050947132468546034,
      -0.011978534329951898,
      0.15608400692017
    ]
  },
  {
    "label_id": "HAwzx47-xhwNNgj0RAxUNQ",
    "size": [
      1.0428727676051701,
      0.9653574371278288,
      2.0400000000000036
    ],
    "obj_class": "pedestrian",
    "point_num_in_lidar": 99,
    "speed": 0.13570812187388018,
    "if_vehicle": false,
    "motion_state": false,
    "pose": [
      [
        0.2475418622964996,
        -0.9688142926359807,
        -0.011040507009423233,
        -16.195442295434532
      ],
      [
        0.9688314660453465,
        0.24762482229960975,
        -0.006894764790130839,
        31.831038331416494
      ],
      [
        0.009413650259348098,
        -0.008989647675578112,
        0.9999152811230878,
        1.6075457024688546
      ],
      [
        0.0,
        0.0,
        0.0,
        1.0
      ]
    ],
    "location": [
      -16.195442295434532,
      31.831038331416494,
      1.6075457024688546
    ],
    "rotation": [
      -0.00899016712072261,
      -0.009413789299504049,
      1.3206426752636051
    ]
  },
  {
    "label_id": "IGBmzIiv4jqIHomOewuqIQ",
    "size": [
      2.806566514420706,
      5.908068729613541,
      2.259999999999999
    ],
    "obj_class": "vehicle",
    "point_num_in_lidar": 3350,
    "speed": 1.1368683772161603e-12,
    "if_vehicle": true,
    "motion_state": false,
    "pose": [
      [
        -0.15781765710165502,
        -0.9874065496602296,
        -0.011040507009423233,
        1.8125822887113827
      ],
      [
        0.987455274717874,
        -0.15774835229040202,
        -0.006894764790130839,
        24.846721260782942
      ],
      [
        0.005066314122954779,
        -0.011990122507460064,
        0.9999152811230878,
        1.4749273914302155
      ],
      [
        0.0,
        0.0,
        0.0,
        1.0
      ]
    ],
    "location": [
      1.8125822887113827,
      24.846721260782942,
      1.4749273914302155
    ],
    "rotation": [
      -0.011990563707945323,
      -0.005066335796507499,
      1.72927860014329
    ]
  },
  {
    "label_id": "IRYvAzRN0IoJldo5xtl2IQ",
    "size": [
      0.9673059544401567,
      1.1353173910062497,
      1.7100000000000044
    ],
    "obj_class": "pedestrian",
    "point_num_in_lidar": 504,
    "speed": 3.4105848027970453,
    "if_vehicle": false,
    "motion_state": true,
    "pose": [
      [
        0.071752140999655,
        0.9973613875957604,
        -0.011040507009423233,
        7.50866145540931
      ],
      [
        -0.9974039305068655,
        0.07167887853436768,
        -0.006894764790130839,
        15.389543861889251
      ],
      [
        -0.006085201017345002,
        0.011506559221368257,
        0.9999152811230878,
        1.1074280683440403
      ],
      [
        0.0,
        0.0,
        0.0,
        1.0
      ]
    ],
    "location": [
      7.50866145540931,
      15.389543861889251,
      1.1074280683440403
    ],
    "rotation": [
      0.011507026211716263,
      0.006085238573469851,
      -1.4989811430107454
    ]
  },
  {
    "label_id": "KUCYq08RlyE439QAxBXN-A",
    "size": [
      1.9064355918050704,
      5.176931607263873,
      1.7600000000000042
    ],
    "obj_class": "vehicle",
    "point_num_in_lidar": 49,
    "speed": 1.4250766696571006e-12,
    "if_vehicle": true,
    "motion_state": false,
    "pose": [
      [
        -0.1869231626075652,
        -0.9823124953321934,
        -0.011040507009423233,
        -4.814882455660609
      ],
      [
        0.9823632468314172,
        -0.1868553277092325,
        -0.006894764790130839,
        65.65835042278195
      ],
      [
        0.004709836050400115,
        -0.012134579552448569,
        0.9999152811230878,
        1.6749273914302139
      ],
      [
        0.0,
        0.0,
        0.0,
        1.0
      ]
    ],
    "location": [
      -4.814882455660609,
      65.65835042278195,
      1.6749273914302139
    ],
    "rotation": [
      -0.012135011971129263,
      -0.004709853463273959,
      1.7588276037474175
    ]
  },
  {
    "label_id": "N4I-49kxgwvW7coUEefmjQ",
    "size": [
      0.6343362831861548,
      0.09248778741724578,
      0.6327728613569175
    ],
    "obj_class": "sign",
    "point_num_in_lidar": 57,
    "speed": 0.010202725526474976,
    "if_vehicle": false,
    "motion_state": false,
    "pose": [
      [
        0.9959749863594485,
        -0.08894905143547888,
        -0.011040507009423233,
        -16.541105709083013
      ],
      [
        0.08887653387274773,
        0.9960187869439286,
        -0.006894764790130839,
        30.743294738686018
      ],
      [
        0.011609835186724546,
        0.005885771272606854,
        0.9999152811230878,
        2.132399970214342
      ],
      [
        0.0,
        0.0,
        0.0,
        1.0
      ]
    ],
    "location": [
      -16.541105709083013,
      30.743294738686018,
      2.132399970214342
    ],
    "rotation": [
      0.0058862019693645155,
      -0.011610096014151165,
      0.08899997243476543
    ]
  },
  {
    "label_id": "Nmy7XaAnS8kQcj-6ESpWkA",
    "size": [
      2.2707387280698708,
      4.824548609489026,
      1.8600000000000048
    ],
    "obj_class": "vehicle",
    "point_num_in_lidar": 115,
    "speed": 1.421529491362787e-12,
    "if_vehicle": true,
    "motion_state": false,
    "pose": [
      [
        0.982129939945432,
        -0.1878799836804258,
        -0.011040507009423233,
        -47.05148377841829
      ],
      [
        0.18781219825333773,
        0.9821807575012543,
        -0.006894764790130839,
        -6.461316528731913
      ],
      [
        0.012139161833963375,
        0.004698013037997919,
        0.9999152811230878,
        1.2700255143046766
      ],
      [
        0.0,
        0.0,
        0.0,
        1.0
      ]
    ],
    "location": [
      -47.05148377841829,
      -6.461316528731913,
      1.2700255143046766
    ],
    "rotation": [
      0.00469837650998664,
      -0.012139459990032332,
      0.18894832122602825
    ]
  },
  {
    "label_id": "NnGgR0GOLz3FLRk6bJzEUA",
    "size": [
      2.095316834672083,
      4.499693689025667,
      1.650000000000004
    ],
    "obj_class": "vehicle",
    "point_num_in_lidar": 58,
    "speed": 0.0376313955283461,
    "if_vehicle": true,
    "motion_state": false,
    "pose": [
      [
        -0.13915449993508225,
        -0.9902091356641748,
        -0.011040507009423233,
        -16.416358769841054
      ],
      [
        0.9902565440731999,
        -0.1390842878929599,
        -0.006894764790130839,
        84.10465037164613
      ],
      [
        0.0052916980280603805,
        -0.011892371862508057,
        0.9999152811230878,
        1.958731605070187
      ],
      [
        0.0,
        0.0,
        0.0,
        1.0
      ]
    ],
    "location": [
      -16.416358769841054,
      84.10465037164613,
      1.958731605070187
    ],
    "rotation": [
      -0.011892818721194963,
      -0.0052917227247862705,
      1.7104058506417428
    ]
  },
  {
    "label_id": "QCejAUMzNgKQBygPRkJ3vA",
    "size": [
      0.8928711067160563,
      1.04776036441304,
      1.810000000000004
    ],
    "obj_class": "pedestrian",
    "point_num_in_lidar": 232,
    "speed": 1.1058698908655848,
    "if_vehicle": false,
    "motion_state": true,
    "pose": [
      [
        -0.9907666655711652,
        0.13512779728083263,
        -0.011040507009423233,
        -19.106747543645724
      ],
      [
        -0.13505739308684983,
        -0.9908137881514734,
        -0.006894764790130839,
        5.277327187313858
      ],
      [
        -0.01187076095197935,
        -0.005340001025965611,
        0.9999152811230878,
        1.258298550690025
      ],
      [
        0.0,
        0.0,
        0.0,
        1.0
      ]
    ],
    "location": [
      -19.106747543645724,
      5.277327187313858,
      1.258298550690025
    ],
    "rotation": [
      -0.005340402693354125,
      0.011871039764304843,
      -3.0061116627368105
    ]
  },
  {
    "label_id": "Som4G6CQqwI4RBhc5tHGQA",
    "size": [
      0.4552420911052281,
      0.1100422796945836,
      0.5600000000000032
    ],
    "obj_class": "sign",
    "point_num_in_lidar": 37,
    "speed": 0.0065959746282440385,
    "if_vehicle": false,
    "motion_state": false,
    "pose": [
      [
        -0.019278047985961517,
        0.999753201580683,
        -0.011040507009423233,
        -14.31896174055646
      ],
      [
        -0.9997889031983357,
        -0.01935487690370904,
        -0.006894764790130839,
        39.56109256233867
      ],
      [
        -0.007106750827200995,
        0.010905258787228731,
        0.9999152811230878,
        3.2887617326464564
      ],
      [
        0.0,
        0.0,
        0.0,
        1.0
      ]
    ],
    "location": [
      -14.31896174055646,
      39.56109256233867,
      3.2887617326464564
    ],
    "rotation": [
      0.010905750366317444,
      0.007106810650710424,
      -1.590076056009552
    ]
  },
  {
    "label_id": "VOMFwLan-yMeZ2OM0S_JtQ",
    "size": [
      2.075210372785234,
      4.523204878148739,
      1.5400000000000045
    ],
    "obj_class": "vehicle",
    "point_num_in_lidar": 1884,
    "speed": 0.4091296800380759,
    "if_vehicle": true,
    "motion_state": false,
    "pose": [
      [
        -0.1367212933337743,
        -0.9905480276867523,
        -0.011040507009423233,
        -6.72049039831154
      ],
      [
        0.9905952634528572,
        -0.1366509650286208,
        -0.006894764790130839,
        23.445706327864173
      ],
      [
        0.005320899726985229,
        -0.01187933510899158,
        0.9999152811230878,
        1.2072866223821892
      ],
      [
        0.0,
        0.0,
        0.0,
        1.0
      ]
    ],
    "location": [
      -6.72049039831154,
      23.445706327864173,
      1.2072866223821892
    ],
    "rotation": [
      -0.011879782705081854,
      -0.005320924834834151,
      1.707949145911206
    ]
  },
  {
    "label_id": "Vph9lRXCtQfcwKVMJY5wfw",
    "size": [
      1.824766766024564,
      4.541368818290325,
      1.563181648906676
    ],
    "obj_class": "vehicle",
    "point_num_in_lidar": 75,
    "speed": 0.021246523651615785,
    "if_vehicle": true,
    "motion_state": false,
    "pose": [
      [
        -0.16361456522946172,
        -0.9864625594769165,
        -0.011040507009423233,
        -17.22619223942752
      ],
      [
        0.9865116907627591,
        -0.16354554780516373,
        -0.006894764790130839,
        70.78094384150427
      ],
      [
        0.00499580155496092,
        -0.012019673180240864,
        0.9999152811230878,
        1.6593727284606903
      ],
      [
        0.0,
        0.0,
        0.0,
        1.0
      ]
    ],
    "location": [
      -17.22619223942752,
      70.78094384150427,
      1.6593727284606903
    ],
    "rotation": [
      -0.012020112625196032,
      -0.0049958223360911415,
      1.7351518842954412
    ]
  },
  {
    "label_id": "W4R8JcwlC6LfBgiEXe45fQ",
    "size": [
      2.1943478731100936,
      4.849935306808435,
      1.9200000000000044
    ],
    "obj_class": "vehicle",
    "point_num_in_lidar": 114,
    "speed": 1.7053025658242404e-12,
    "if_vehicle": true,
    "motion_state": false,
    "pose": [
      [
        0.9783758425571157,
        -0.20654011209842243,
        -0.011040507009423233,
        -41.67116854880396
      ],
      [
        0.20647330622909255,
        0.9784279411552576,
        -0.006894764790130839,
        -5.4819666540461185
      ],
      [
        0.012226386035186042,
        0.004466101326096308,
        0.9999152811230878,
        1.2557980015455907
      ],
      [
        0.0,
        0.0,
        0.0,
        1.0
      ]
    ],
    "location": [
      -41.67116854880396,
      -5.4819666540461185,
      1.2557980015455907
    ],
    "rotation": [
      0.00446645002033951,
      -0.012226690664910422,
      0.2079849944308966
    ]
  },
  {
    "label_id": "W7smyXncdDt6gb7dmd9G4Q",
    "size": [
      2.574531979678762,
      5.894976476344226,
      1.9000000000000048
    ],
    "obj_class": "vehicle",
    "point_num_in_lidar": 124,
    "speed": 2.864289338439558e-13,
    "if_vehicle": true,
    "motion_state": false,
    "pose": [
      [
        -0.17555435538842243,
        -0.984407829869882,
        -0.011040507009423233,
        -3.603482288799114
      ],
      [
        0.9844577937519743,
        -0.17548593829559084,
        -0.006894764790130839,
        58.64279042978342
      ],
      [
        0.004849806712708287,
        -0.012079319160686214,
        0.9999152811230878,
        1.6949273914302232
      ],
      [
        0.0,
        0.0,
        0.0,
        1.0
      ]
    ],
    "location": [
      -3.603482288799114,
      58.64279042978342,
      1.6949273914302232
    ],
    "rotation": [
      -0.012079754998227393,
      -0.004849825724657139,
      1.7472672643857834
    ]
  },
  {
    "label_id": "YMb2DQvXVMNwYg9V1LLfjg",
    "size": [
      2.0355511694673796,
      3.7736514423989274,
      1.8000000000000007
    ],
    "obj_class": "vehicle",
    "point_num_in_lidar": 224,
    "speed": 6.030925789652348,
    "if_vehicle": true,
    "motion_state": true,
    "pose": [
      [
        -0.1531360922119263,
        -0.9881434331447208,
        -0.011040507009423233,
        -7.830693944611312
      ],
      [
        0.9881918291864336,
        -0.15306655724768664,
        -0.006894764790130839,
        49.70333286786445
      ],
      [
        0.00512308415224386,
        -0.011965976153468604,
        0.9999152811230878,
        1.6463062374687114
      ],
      [
        0.0,
        0.0,
        0.0,
        1.0
      ]
    ],
    "location": [
      -7.830693944611312,
      49.70333286786445,
      1.6463062374687114
    ],
    "rotation": [
      -0.0119664187728791,
      -0.005123106562578831,
      1.7245393821435293
    ]
  },
  {
    "label_id": "_BlvTOhTgLZJeXjGejvUmg",
    "size": [
      2.3435330923152664,
      5.100773523414974,
      1.7800000000000047
    ],
    "obj_class": "vehicle",
    "point_num_in_lidar": 299,
    "speed": 0.0005618165177142426,
    "if_vehicle": true,
    "motion_state": false,
    "pose": [
      [
        -0.5732224045207175,
        -0.8193254433742808,
        -0.011040507009423233,
        -9.253305146682578
      ],
      [
        0.8193995446069605,
        -0.573181339993195,
        -0.006894764790130839,
        30.705069376725078
      ],
      [
        -0.0006791563832301406,
        -0.01299882006735493,
        0.9999152811230878,
        1.37837539378169
      ],
      [
        0.0,
        0.0,
        0.0,
        1.0
      ]
    ],
    "location": [
      -9.253305146682578,
      30.705069376725078,
      1.37837539378169
    ],
    "rotation": [
      -0.01299918916029275,
      0.0006791564354406825,
      2.181229598631922
    ]
  },
  {
    "label_id": "cJ1yFwsi9QWBCLEzA9wGaA",
    "size": [
      1.0605740551084257,
      1.1092602042635058,
      2.0800000000000027
    ],
    "obj_class": "pedestrian",
    "point_num_in_lidar": 554,
    "speed": 0.20265191037077832,
    "if_vehicle": false,
    "motion_state": false,
    "pose": [
      [
        0.9581071313681161,
        -0.2861971908082509,
        -0.011040507009423233,
        4.0278306377176705
      ],
      [
        0.2861348895424529,
        0.958164540778366,
        -0.006894764790130839,
        22.06758271676881
      ],
      [
        0.012551884642863428,
        0.003446849060896155,
        0.9999152811230878,
        1.4515570923094465
      ],
      [
        0.0,
        0.0,
        0.0,
        1.0
      ]
    ],
    "location": [
      4.0278306377176705,
      22.06758271676881,
      1.4515570923094465
    ],
    "rotation": [
      0.0034471274450408327,
      -0.012552214257402218,
      0.29021415624347274
    ]
  },
  {
    "label_id": "cRvJNTS0CFGclKaY_sltSw",
    "size": [
      0.8634438919949846,
      1.0404481290401126,
      1.8600000000000034
    ],
    "obj_class": "pedestrian",
    "point_num_in_lidar": 26,
    "speed": 1.2123053740422502,
    "if_vehicle": false,
    "motion_state": true,
    "pose": [
      [
        0.6161878088889874,
        -0.787521867240246,
        -0.011040507009423233,
        -70.74682369718198
      ],
      [
        0.7875042351015084,
        0.6162706726071565,
        -0.006894764790130839,
        8.434088397487358
      ],
      [
        0.012233718722327421,
        -0.004445976018753023,
        0.9999152811230878,
        2.9670469797318813
      ],
      [
        0.0,
        0.0,
        0.0,
        1.0
      ]
    ],
    "location": [
      -70.74682369718198,
      8.434088397487358,
      2.9670469797318813
    ],
    "rotation": [
      -0.004446323407566406,
      -0.012234023900503682,
      0.9068445561559932
    ]
  },
  {
    "label_id": "dH9N9CImfEs1q8VeO1XJ-w",
    "size": [
      0.9555169314974663,
      0.8504269052929236,
      1.836879699248124
    ],
    "obj_class": "pedestrian",
    "point_num_in_lidar": 29,
    "speed": 0.7712766504577698,
    "if_vehicle": false,
    "motion_state": false,
    "pose": [
      [
        -0.5529493211769427,
        -0.8331417378903382,
        -0.011040507009423233,
        -66.60508179810336
      ],
      [
        0.8332148093817527,
        -0.5529064510795819,
        -0.006894764790130839,
        24.103851651221703
      ],
      [
        -0.0003600512291047273,
        -0.013011569453712016,
        0.9999152811230878,
        3.131250551679133
      ],
      [
        0.0,
        0.0,
        0.0,
        1.0
      ]
    ],
    "location": [
      -66.60508179810336,
      24.103851651221703,
      3.131250551679133
    ],
    "rotation": [
      -0.013011937470302914,
      0.0003600512368840478,
      2.156696155833901
    ]
  },
  {
    "label_id": "e2kCF-ImQeQ5Fr3lsqfRUw",
    "size": [
      2.308492001766679,
      5.048858220044428,
      1.88
    ],
    "obj_class": "vehicle",
    "point_num_in_lidar": 1585,
    "speed": 0.040823100524500645,
    "if_vehicle": true,
    "motion_state": false,
    "pose": [
      [
        -0.11624495483173077,
        -0.9931592106410451,
        -0.011040507009423233,
        -9.97003638504816
      ],
      [
        0.9932049846031918,
        -0.11617366645613804,
        -0.006894764790130839,
        26.096997600323448
      ],
      [
        0.005564982977702626,
        -0.011766968215909801,
        0.9999152811230878,
        1.293584212012025
      ],
      [
        0.0,
        0.0,
        0.0,
        1.0
      ]
    ],
    "location": [
      -9.97003638504816,
      26.096997600323448,
      1.293584212012025
    ],
    "rotation": [
      -0.011767422000932561,
      -0.005565011701795533,
      1.687306499706777
    ]
  },
  {
    "label_id": "j3rQCDa1x4iihsuLxLGihQ",
    "size": [
      0.9260363315045891,
      1.199972426397224,
      1.8600000000000048
    ],
    "obj_class": "pedestrian",
    "point_num_in_lidar": 35,
    "speed": 1.390836345700182,
    "if_vehicle": false,
    "motion_state": true,
    "pose": [
      [
        0.3798252721714526,
        -0.9249923620359559,
        -0.011040507009423233,
        -62.61134559889001
      ],
      [
        0.9249978353483962,
        0.3799098140602192,
        -0.006894764790130839,
        -4.429897189216717
      ],
      [
        0.010572001733985993,
        -0.0075936391718956905,
        0.9999152811230878,
        1.499725717880116
      ],
      [
        0.0,
        0.0,
        0.0,
        1.0
      ]
    ],
    "location": [
      -62.61134559889001,
      -4.429897189216717,
      1.499725717880116
    ],
    "rotation": [
      -0.0075941365606943066,
      -0.0105721986777666,
      1.1811659730803759
    ]
  },
  {
    "label_id": "jPfH34eB0vdBgi-9OmpPAA",
    "size": [
      0.7926216557543647,
      0.8803337659950015,
      1.690000000000004
    ],
    "obj_class": "pedestrian",
    "point_num_in_lidar": 26,
    "speed": 0.8868973776725887,
    "if_vehicle": false,
    "motion_state": false,
    "pose": [
      [
        -0.989675997754333,
        0.1428969092525809,
        -0.011040507009423233,
        -65.8500176895916
      ],
      [
        -0.14282687693574675,
        -0.9897236712554013,
        -0.006894764790130839,
        -6.465750369759917
      ],
      [
        -0.01191229170842057,
        -0.0052467020870110405,
        0.9999152811230878,
        1.4747257178801068
      ],
      [
        0.0,
        0.0,
        0.0,
        1.0
      ]
    ],
    "location": [
      -65.8500176895916,
      -6.465750369759917,
      1.4747257178801068
    ],
    "rotation": [
      -0.0052470984644036895,
      0.011912573457459387,
      -2.9982654243558833
    ]
  },
  {
    "label_id": "kNtdgBIGtz-619syo5GotQ",
    "size": [
      2.3096827218106197,
      5.064638733456315,
      1.9400000000000048
    ],
    "obj_class": "vehicle",
    "point_num_in_lidar": 41,
    "speed": 1.1167708968575836,
    "if_vehicle": true,
    "motion_state": true,
    "pose": [
      [
        -0.16376356267318165,
        -0.9864378352159662,
        -0.011040507009423233,
        -10.71167536239659
      ],
      [
        0.9864869769259202,
        -0.16369455267065985,
        -0.006894764790130839,
        66.9984260366673
      ],
      [
        0.00499398599773511,
        -0.012020427629280796,
        0.9999152811230878,
        1.8809429237184592
      ],
      [
        0.0,
        0.0,
        0.0,
        1.0
      ]
    ],
    "location": [
      -10.71167536239659,
      66.9984260366673,
      1.8809429237184592
    ],
    "rotation": [
      -0.012020867029141487,
      -0.004994006756216771,
      1.735302919327976
    ]
  },
  {
    "label_id": "kqCTeFWUmg4ZB7MzI0k53Q",
    "size": [
      2.2250825138566435,
      4.938817659304747,
      2.170000000000001
    ],
    "obj_class": "vehicle",
    "point_num_in_lidar": 541,
    "speed": 0.05790214657923171,
    "if_vehicle": true,
    "motion_state": false,
    "pose": [
      [
        -0.9999245960510539,
        0.005376747819236196,
        -0.011040507009423233,
        -15.68903339197982
      ],
      [
        -0.005300822480150455,
        -0.9999621810346243,
        -0.006894764790130839,
        33.42767837986685
      ],
      [
        -0.011077160880420395,
        -0.006835721129890799,
        0.9999152811230878,
        1.6391361065494676
      ],
      [
        0.0,
        0.0,
        0.0,
        1.0
      ]
    ],
    "location": [
      -15.68903339197982,
      33.42767837986685,
      1.6391361065494676
    ],
    "rotation": [
      -0.006836193798391498,
      0.011077387427318834,
      -3.1362914810357228
    ]
  },
  {
    "label_id": "nSwfGqbe4OlFOZkFcgRXYA",
    "size": [
      1.1223605523525888,
      1.0938055526208537,
      1.650000000000004
    ],
    "obj_class": "pedestrian",
    "point_num_in_lidar": 49,
    "speed": 1.2125318699854943,
    "if_vehicle": false,
    "motion_state": true,
    "pose": [
      [
        -0.9807209266915494,
        -0.1951014381142369,
        -0.011040507009423233,
        -52.57927383640231
      ],
      [
        0.1951833549273689,
        -0.9807425351119352,
        -0.006894764790130839,
        12.39276765327486
      ],
      [
        -0.0094827163073289,
        -0.00891676331249574,
        0.9999152811230878,
        2.8372813889384503
      ],
      [
        0.0,
        0.0,
        0.0,
        1.0
      ]
    ],
    "location": [
      -52.57927383640231,
      12.39276765327486,
      2.8372813889384503
    ],
    "rotation": [
      -0.008917282425887029,
      0.009482858430404755,
      2.945139307976706
    ]
  },
  {
    "label_id": "ovWWa3NMo85PAccMFBiTGA",
    "size": [
      1.9597807102898215,
      4.73755135825663,
      1.4905366848378785
    ],
    "obj_class": "vehicle",
    "point_num_in_lidar": 201,
    "speed": 0.006530758661372479,
    "if_vehicle": true,
    "motion_state": false,
    "pose": [
      [
        -0.16463897290237867,
        -0.9862921047066253,
        -0.011040507009423233,
        -12.818366834893368
      ],
      [
        0.9863413076443825,
        -0.16457000654085854,
        -0.006894764790130839,
        43.560163299320266
      ],
      [
        0.004983315765560102,
        -0.01202485511418211,
        0.9999152811230878,
        1.3056952104950783
      ],
      [
        0.0,
        0.0,
        0.0,
        1.0
      ]
    ],
    "location": [
      -12.818366834893368,
      43.560163299320266,
      1.3056952104950783
    ],
    "rotation": [
      -0.01202529424913001,
      -0.004983336391266134,
      1.7361903776414302
    ]
  },
  {
    "label_id": "t1qXUyb9x438EQc-bc_4uA",
    "size": [
      0.9815463408692963,
      0.9385322933989074,
      1.7315044247787643
    ],
    "obj_class": "pedestrian",
    "point_num_in_lidar": 34,
    "speed": 0.0444431238236783,
    "if_vehicle": false,
    "motion_state": false,
    "pose": [
      [
        0.9845240697917536,
        -0.17490129560885803,
        -0.011040507009423233,
        -18.383214463267905
      ],
      [
        0.17483284538681712,
        0.9845739882773858,
        -0.006894764790130839,
        70.16406808516149
      ],
      [
        0.012076099313584486,
        0.004857818636465936,
        0.9999152811230878,
        1.8524425487616538
      ],
      [
        0.0,
        0.0,
        0.0,
        1.0
      ]
    ],
    "location": [
      -18.383214463267905,
      70.16406808516149,
      1.8524425487616538
    ],
    "rotation": [
      0.0048581919988495165,
      -0.01207639284681852,
      0.17574894519930792
    ]
  },
  {
    "label_id": "vs9s9qzlH4_rx8JAdIwCTA",
    "size": [
      2.0721824313822372,
      4.541388680750847,
      1.8900000000000041
    ],
    "obj_class": "vehicle",
    "point_num_in_lidar": 31,
    "speed": 0.023808809474720177,
    "if_vehicle": true,
    "motion_state": false,
    "pose": [
      [
        -0.1380567971245699,
        -0.9903627759425736,
        -0.011040507009423233,
        -18.126261331181468
      ],
      [
        0.9904101064945166,
        -0.13798653257477383,
        -0.006894764790130839,
        76.17251423808739
      ],
      [
        0.0053048771169272955,
        -0.011886498866809042,
        0.9999152811230878,
        1.955963552914045
      ],
      [
        0.0,
        0.0,
        0.0,
        1.0
      ]
    ],
    "location": [
      -18.126261331181468,
      76.17251423808739,
      1.955963552914045
    ],
    "rotation": [
      -0.011886946058192738,
      -0.005304901998637887,
      1.7092974430061834
    ]
  },
  {
    "label_id": "vuY70TBlAdzIOr716UXhow",
    "size": [
      0.8556086793263539,
      1.1211029100138488,
      1.9300000000000042
    ],
    "obj_class": "pedestrian",
    "point_num_in_lidar": 195,
    "speed": 1.4899626931900447,
    "if_vehicle": false,
    "motion_state": true,
    "pose": [
      [
        -0.989384871813521,
        -0.1448988703597009,
        -0.011040507009423233,
        -26.858340113309623
      ],
      [
        0.14497958031380537,
        -0.9894106243165784,
        -0.006894764790130839,
        10.500753858645112
      ],
      [
        -0.009924551303479202,
        -0.008422224050745785,
        0.9999152811230878,
        1.8101342678827121
      ],
      [
        0.0,
        0.0,
        0.0,
        1.0
      ]
    ],
    "location": [
      -26.858340113309623,
      10.500753858645112,
      1.8101342678827121
    ],
    "rotation": [
      -0.008422738450138042,
      0.009924714233323717,
      2.99609310206208
    ]
  },
  {
    "label_id": "xT3npWPGQpvgIylUA_K_9A",
    "size": [
      2.21415297952742,
      5.110641623638559,
      1.900000000000004
    ],
    "obj_class": "vehicle",
    "point_num_in_lidar": 178,
    "speed": 5.859285502108464e-13,
    "if_vehicle": true,
    "motion_state": false,
    "pose": [
      [
        -0.17026837150608012,
        -0.9853358761709848,
        -0.011040507009423233,
        -2.5226186907329975
      ],
      [
        0.9853854721292733,
        -0.1701996872354883,
        -0.006894764790130839,
        52.1851101507782
      ],
      [
        0.004914568265551376,
        -0.012053115584760101,
        0.9999152811230878,
        1.621782157069637
      ],
      [
        0.0,
        0.0,
        0.0,
        1.0
      ]
    ],
    "location": [
      -2.5226186907329975,
      52.1851101507782,
      1.621782157069637
    ],
    "rotation": [
      -0.01205355301766435,
      -0.004914588049345588,
      1.7419004246844931
    ]
  },
  {
    "label_id": "ykbUDUYn_3QzQTLWd6PCXA",
    "size": [
      0.5956583529638195,
      0.08191283221453073,
      0.49955255331049564
    ],
    "obj_class": "sign",
    "point_num_in_lidar": 37,
    "speed": 0.009945317632517381,
    "if_vehicle": false,
    "motion_state": false,
    "pose": [
      [
        0.9909529762430709,
        -0.13375464881631116,
        -0.011040507009423233,
        -16.775418584361432
      ],
      [
        0.13368417938678318,
        0.9910000012109844,
        -0.006894764790130839,
        29.934919375564277
      ],
      [
        0.011863349302883323,
        0.005356446569707314,
        0.9999152811230878,
        1.5930672045455
      ],
      [
        0.0,
        0.0,
        0.0,
        1.0
      ]
    ],
    "location": [
      -16.775418584361432,
      29.934919375564277,
      1.5930672045455
    ],
    "rotation": [
      0.005356849159955309,
      -0.011863627593273527,
      0.13409509824590107
    ]
  },
  {
    "label_id": "zLOYdVxnuPAiBOUlUVA0Fw",
    "size": [
      2.270738728069991,
      4.824548609489026,
      1.6600000000000037
    ],
    "obj_class": "vehicle",
    "point_num_in_lidar": 40,
    "speed": 8.987733679556354e-13,
    "if_vehicle": true,
    "motion_state": false,
    "pose": [
      [
        0.9904313137333519,
        -0.13756423947160656,
        -0.011040507009423233,
        -54.65394384962224
      ],
      [
        0.13749395139143136,
        0.9904786093345275,
        -0.006894764790130839,
        -20.652033811957153
      ],
      [
        0.011883859103731586,
        0.00531078801488135,
        0.9999152811230878,
        1.3723770502578976
      ],
      [
        0.0,
        0.0,
        0.0,
        1.0
      ]
    ],
    "location": [
      -54.65394384962224,
      -20.652033811957153,
      1.3723770502578976
    ],
    "rotation": [
      0.005311188035831791,
      -0.011884138840036298,
      0.13794069281624355
    ]
  }
]