[
  {
    "label_id": "--vdK0N2LIZSbUVEuUiisw",
    "size": [
      3.1060181495339916,
      7.585705537180848,
      3.429999999999974
    ],
    "obj_class": "vehicle",
    "point_num_in_lidar": 774,
    "speed": 1.5912399732693396,
    "if_vehicle": true,
    "motion_state": true,
    "pose": [
      [
        -0.15325536384873015,
        -0.9881685970088004,
        -0.005968026244284632,
        -12.564075498178454
      ],
      [
        0.9881381090714784,
        -0.1531852051807138,
        -0.010833758091524728,
        78.40359563687343
      ],
      [
        0.009791366208880102,
        -0.00755756570608212,
        0.9999235032483045,
        2.869509066693169
      ],
      [
        0.0,
        0.0,
        0.0,
        1.0
      ]
    ],
    "location": [
      -12.564075498178454,
      78.40359563687343,
      2.869509066693169
    ],
    "rotation": [
      -0.007557999963456414,
      -0.009791522666733915,
      1.7246654795886716
    ]
  },
  {
    "label_id": "-roDyLaSj9Ly7YWd600gHw",
    "size": [
      2.3762110385408244,
      5.77472060364153,
      2.21
    ],
    "obj_class": "vehicle",
    "point_num_in_lidar": 17412,
    "speed": 2.600906222076255,
    "if_vehicle": true,
    "motion_state": true,
    "pose": [
      [
        -0.15070990229667405,
        -0.9885600174053545,
        -0.005968026244284632,
        -4.648349478187129
      ],
      [
        0.9885293488808131,
        -0.15063982238070345,
        -0.010833758091524728,
        48.81471812476775
      ],
      [
        0.009810797674120669,
        -0.007532323720845786,
        0.9999235032483045,
        1.8220044725310593
      ],
      [
        0.0,
        0.0,
        0.0,
        1.0
      ]
    ],
    "location": [
      -4.648349478187129,
      48.81471812476775,
      1.8220044725310593
    ],
    "rotation": [
      -0.007532757484321874,
      -0.00981095506534704,
      1.7220900021739123
    ]
  },
  {
    "label_id": "0DOzd3WNjt66gPEDui60ug",
    "size": [
      0.8818837264838596,
      0.8195920853035972,
      1.9100000000000046
    ],
    "obj_class": "pedestrian",
    "point_num_in_lidar": 31,
    "speed": 0.014662394178552638,
    "if_vehicle": false,
    "motion_state": false,
    "pose": [
      [
        -0.9472052984065871,
        0.32057215308450604,
        -0.005968026244284632,
        -10.5426999514807
      ],
      [
        -0.3204978029841176,
        -0.9471873035297549,
        -0.010833758091524728,
        109.44757718100482
      ],
      [
        -0.009125839843115543,
        -0.008349053766502676,
        0.9999235032483045,
        2.12862260021278
      ],
      [
        0.0,
        0.0,
        0.0,
        1.0
      ]
    ],
    "location": [
      -10.5426999514807,
      109.44757718100482,
      2.12862260021278
    ],
    "rotation": [
      -0.008349498459453417,
      0.009125966515969116,
      -2.815323598383282
    ]
  },
  {
    "label_id": "8aVX3NatEzhiT9gQ6KW5mQ",
    "size": [
      1.681062027366753,
      4.580293545298149,
      1.540657427030581
    ],
    "obj_class": "vehicle",
    "point_num_in_lidar": 143,
    "speed": 0.005009640699052502,
    "if_vehicle": true,
    "motion_state": false,
    "pose": [
      [
        -0.2084098253341852,
        -0.9780233777200431,
        -0.005968026244284632,
        -7.022950187009883
      ],
      [
        0.9779968707304149,
        -0.20833806787798145,
        -0.010833758091524728,
        78.71683071684129
      ],
      [
        0.009352301625295512,
        -0.008094572622914844,
        0.9999235032483045,
        1.7045986779149285
      ],
      [
        0.0,
        0.0,
        0.0,
        1.0
      ]
    ],
    "location": [
      -7.022950187009883,
      78.71683071684129,
      1.7045986779149285
    ],
    "rotation": [
      -0.008095015054024109,
      -0.00935243796468935,
      1.7807544473501722
    ]
  },
  {
    "label_id": "AE5mG59C1GJKWSHeZyrOug",
    "size": [
      2.3096827218110745,
      5.064638733456315,
      1.7500000000000044
    ],
    "obj_class": "vehicle",
    "point_num_in_lidar": 49,
    "speed": 10.481982349418196,
    "if_vehicle": true,
    "motion_state": true,
    "pose": [
      [
        -0.18500002249132128,
        -0.9827203947924141,
        -0.005968026244284632,
        -13.294365519032908
      ],
      [
        0.9826921821429421,
        -0.18492891834636652,
        -0.010833758091524728,
        100.94896421030717
      ],
      [
        0.009542894390770404,
        -0.007868978223680021,
        0.9999235032483045,
        2.2135207258423613
      ],
      [
        0.0,
        0.0,
        0.0,
        1.0
      ]
    ],
    "location": [
      -13.294365519032908,
      100.94896421030717,
      2.2135207258423613
    ],
    "rotation": [
      -0.007869417771904494,
      -0.009543039236901819,
      1.7568767842469726
    ]
  },
  {
    "label_id": "CxbtD4PgRVqlo5t1DPk9WA",
    "size": [
      1.8418395196122688,
      3.7532901285724676,
      1.650000000000004
    ],
    "obj_class": "vehicle",
    "point_num_in_lidar": 3306,
    "speed": 3.552713678800501e-13,
    "if_vehicle": true,
    "motion_state": false,
    "pose": [
      [
        -0.0969977410943187,
        -0.9952667084180739,
        -0.005968026244284632,
        -0.7426739788336363
      ],
      [
        0.9952322927727767,
        -0.09692942333397218,
        -0.010833758091524728,
        40.65368443454827
      ],
      [
        0.010204001413248965,
        -0.006990422504867694,
        0.9999235032483045,
        1.3499273914302314
      ],
      [
        0.0,
        0.0,
        0.0,
        1.0
      ]
    ],
    "location": [
      -0.7426739788336363,
      40.65368443454827,
      1.3499273914302314
    ],
    "rotation": [
      -0.006990843402918569,
      -0.010204178497781526,
      1.667951891138594
    ]
  },
  {
    "label_id": "KUCYq08RlyE439QAxBXN-A",
    "size": [
      1.9064355918050682,
      5.176931607263873,
      1.7600000000000042
    ],
    "obj_class": "vehicle",
    "point_num_in_lidar": 625,
    "speed": 1.4250766696571006e-12,
    "if_vehicle": true,
    "motion_state": false,
    "pose": [
      [
        -0.18693122685731386,
        -0.9823548743139452,
        -0.005968026244284632,
        -4.814882455660836
      ],
      [
        0.9823268014759601,
        -0.18686006739703312,
        -0.010833758091524728,
        65.65835042278013
      ],
      [
        0.00952740928211317,
        -0.00788771982319678,
        0.9999235032483045,
        1.6693716055704249
      ],
      [
        0.0,
        0.0,
        0.0,
        1.0
      ]
    ],
    "location": [
      -4.814882455660836,
      65.65835042278013,
      1.6693716055704249
    ],
    "rotation": [
      -0.007888159641746313,
      -0.009527553424250195,
      1.7588423390833057
    ]
  },
  {
    "label_id": "NnGgR0GOLz3FLRk6bJzEUA",
    "size": [
      2.095316834672163,
      4.499693689025667,
      1.650000000000004
    ],
    "obj_class": "vehicle",
    "point_num_in_lidar": 156,
    "speed": 4.664679039965874,
    "if_vehicle": true,
    "motion_state": true,
    "pose": [
      [
        -0.17084302670508675,
        -0.9852801849671963,
        -0.005968026244284632,
        -17.438172667651543
      ],
      [
        0.9852509523017905,
        -0.17077233579836426,
        -0.010833758091524728,
        90.73486483857596
      ],
      [
        0.009655113394464915,
        -0.00773087556349032,
        0.9999235032483045,
        1.9847886892654358
      ],
      [
        0.0,
        0.0,
        0.0,
        1.0
      ]
    ],
    "location": [
      -17.438172667651543,
      90.73486483857596,
      1.9847886892654358
    ],
    "rotation": [
      -0.0077313129501466364,
      -0.009655263410991178,
      1.7424896206536795
    ]
  },
  {
    "label_id": "Som4G6CQqwI4RBhc5tHGQA",
    "size": [
      0.45524209110522873,
      0.1100422796945836,
      0.5600000000000032
    ],
    "obj_class": "sign",
    "point_num_in_lidar": 62,
    "speed": 0.013700087596397218,
    "if_vehicle": false,
    "motion_state": false,
    "pose": [
      [
        -0.01927887968060512,
        0.9997963329903787,
        -0.005968026244284632,
        -14.316503813508234
      ],
      [
        -0.999754213903367,
        -0.019342736830003475,
        -0.010833758091524728,
        39.58423266185673
      ],
      [
        -0.010946989573449016,
        0.0057576966676741595,
        0.9999235032483045,
        3.261975566746033
      ],
      [
        0.0,
        0.0,
        0.0,
        1.0
      ]
    ],
    "location": [
      -14.316503813508234,
      39.58423266185673,
      3.261975566746033
    ],
    "rotation": [
      0.005758073508520692,
      0.010947208226873706,
      -1.5900775563983114
    ]
  },
  {
    "label_id": "Vph9lRXCtQfcwKVMJY5wfw",
    "size": [
      1.824766766024563,
      4.541368818290325,
      1.563181648906676
    ],
    "obj_class": "vehicle",
    "point_num_in_lidar": 357,
    "speed": 0.020918182279961464,
    "if_vehicle": true,
    "motion_state": false,
    "pose": [
      [
        -0.16362162389837692,
        -0.9865051175009716,
        -0.005968026244284632,
        -17.205898188616857
      ],
      [
        0.9864753678345048,
        -0.16355114900664167,
        -0.010833758091524728,
        70.6658628182413
      ],
      [
        0.009711480249502158,
        -0.007659947976434118,
        0.9999235032483045,
        1.65937272846066
      ],
      [
        0.0,
        0.0,
        0.0,
        1.0
      ]
    ],
    "location": [
      -17.205898188616857,
      70.6658628182413,
      1.65937272846066
    ],
    "rotation": [
      -0.007660384137976797,
      -0.009711632908875696,
      1.7351647914846955
    ]
  },
  {
    "label_id": "W7smyXncdDt6gb7dmd9G4Q",
    "size": [
      2.574531979678763,
      5.894976476344226,
      1.9000000000000048
    ],
    "obj_class": "vehicle",
    "point_num_in_lidar": 1201,
    "speed": 2.864289338439558e-13,
    "if_vehicle": true,
    "motion_state": false,
    "pose": [
      [
        -0.1755619291644454,
        -0.9844502992486751,
        -0.005968026244284632,
        -3.603482288799114
      ],
      [
        0.9844214056266649,
        -0.17549109900401139,
        -0.010833758091524728,
        58.64279042977978
      ],
      [
        0.00961796091069498,
        -0.0077770482548645044,
        0.9999235032483045,
        1.694927391430232
      ],
      [
        0.0,
        0.0,
        0.0,
        1.0
      ]
    ],
    "location": [
      -3.603482288799114,
      58.64279042977978,
      1.694927391430232
    ],
    "rotation": [
      -0.0077774863972900725,
      -0.009618109202056219,
      1.7472811093456946
    ]
  },
  {
    "label_id": "Wapj6SbPm34CXWWQe7JzYA",
    "size": [
      1.9834396728584893,
      4.228772219860718,
      1.4900000000000038
    ],
    "obj_class": "vehicle",
    "point_num_in_lidar": 31,
    "speed": 0.004316808350811076,
    "if_vehicle": true,
    "motion_state": false,
    "pose": [
      [
        -0.13945452544091005,
        -0.9902104917626344,
        -0.005968026244284632,
        -13.22982933023718
      ],
      [
        0.9901790280099803,
        -0.13938479893742037,
        -0.010833758091524728,
        118.12889498763434
      ],
      [
        0.009895848789333257,
        -0.007420231019099011,
        0.9999235032483045,
        2.11878954544291
      ],
      [
        0.0,
        0.0,
        0.0,
        1.0
      ]
    ],
    "location": [
      -13.22982933023718,
      118.12889498763434,
      2.11878954544291
    ],
    "rotation": [
      -0.0074206624737871915,
      -0.009896010309606367,
      1.7107137589637758
    ]
  },
  {
    "label_id": "YMb2DQvXVMNwYg9V1LLfjg",
    "size": [
      2.0355511694676487,
      3.7736514423989274,
      1.8000000000000007
    ],
    "obj_class": "vehicle",
    "point_num_in_lidar": 778,
    "speed": 0.3066943242900025,
    "if_vehicle": true,
    "motion_state": false,
    "pose": [
      [
        -0.18589996946922915,
        -0.9825505503606862,
        -0.005968026244284632,
        -9.721425621369463
      ],
      [
        0.982522402843784,
        -0.18582883951553716,
        -0.010833758091524728,
        61.45320657460252
      ],
      [
        0.009535683584128473,
        -0.007877714784220762,
        0.9999235032483045,
        1.767116041815573
      ],
      [
        0.0,
        0.0,
        0.0,
        1.0
      ]
    ],
    "location": [
      -9.721425621369463,
      61.45320657460252,
      1.767116041815573
    ],
    "rotation": [
      -0.007878154459148324,
      -0.009535828102152864,
      1.7577926477504862
    ]
  },
  {
    "label_id": "_GARc9fieIJDt4ZaybG5VQ",
    "size": [
      0.5164380593014509,
      0.07716136710051658,
      0.5800000000000036
    ],
    "obj_class": "sign",
    "point_num_in_lidar": 37,
    "speed": 0.012894800756485426,
    "if_vehicle": false,
    "motion_state": false,
    "pose": [
      [
        0.08632013202634266,
        0.9962495758943651,
        -0.005968026244284632,
        -19.080427321588786
      ],
      [
        -0.9962144296708784,
        0.08625218722525677,
        -0.010833758091524728,
        70.28319724895846
      ],
      [
        -0.010278371587036372,
        0.006880605290012722,
        0.9999235032483045,
        3.5159924902643684
      ],
      [
        0.0,
        0.0,
        0.0,
        1.0
      ]
    ],
    "location": [
      -19.080427321588786,
      70.28319724895846,
      3.5159924902643684
    ],
    "rotation": [
      0.0068810230701859465,
      0.01027855257193549,
      -1.4843640590479923
    ]
  },
  {
    "label_id": "hENofIehdn8fsrjnf9OVYw",
    "size": [
      1.833709355687925,
      4.543457418889727,
      1.770000000000004
    ],
    "obj_class": "vehicle",
    "point_num_in_lidar": 214,
    "speed": 1.4228607195221901e-12,
    "if_vehicle": true,
    "motion_state": false,
    "pose": [
      [
        -0.18693122685739197,
        -0.9823548743139303,
        -0.005968026244284632,
        -5.906904503537362
      ],
      [
        0.9823268014759453,
        -0.18686006739711122,
        -0.010833758091524728,
        71.92859316587419
      ],
      [
        0.009527409282112542,
        -0.007887719823197536,
        0.9999235032483045,
        1.7499273914302238
      ],
      [
        0.0,
        0.0,
        0.0,
        1.0
      ]
    ],
    "location": [
      -5.906904503537362,
      71.92859316587419,
      1.7499273914302238
    ],
    "rotation": [
      -0.00788815964174707,
      -0.009527553424249567,
      1.7588423390833852
    ]
  },
  {
    "label_id": "kNtdgBIGtz-619syo5GotQ",
    "size": [
      2.309682721811714,
      5.064638733456315,
      1.9400000000000048
    ],
    "obj_class": "vehicle",
    "point_num_in_lidar": 252,
    "speed": 0.5252776060752655,
    "if_vehicle": true,
    "motion_state": false,
    "pose": [
      [
        -0.16384212229478898,
        -0.9864685203414689,
        -0.005968026244284632,
        -10.813778332004404
      ],
      [
        0.9864387864282117,
        -0.1637716407552031,
        -0.010833758091524728,
        67.73745452705771
      ],
      [
        0.009709767864187206,
        -0.0076621184839276045,
        0.9999235032483045,
        1.9185207258423835
      ],
      [
        0.0,
        0.0,
        0.0,
        1.0
      ]
    ],
    "location": [
      -10.813778332004404,
      67.73745452705771,
      1.9185207258423835
    ],
    "rotation": [
      -0.007662554684107808,
      -0.009709920442819302,
      1.7353883143097237
    ]
  },
  {
    "label_id": "ovWWa3NMo85PAccMFBiTGA",
    "size": [
      1.9597807102898204,
      4.73755135825663,
      1.4905366848378785
    ],
    "obj_class": "vehicle",
    "point_num_in_lidar": 5090,
    "speed": 0.006530758661478043,
    "if_vehicle": true,
    "motion_state": false,
    "pose": [
      [
        -0.16464607576634338,
        -0.9863346553769117,
        -0.005968026244284632,
        -12.782937627012643
      ],
      [
        0.9863049789185606,
        -0.16457557001594164,
        -0.010833758091524728,
        43.56607739755418
      ],
      [
        0.009703519732617625,
        -0.007670029754625987,
        0.9999235032483045,
        1.3056952104951245
      ],
      [
        0.0,
        0.0,
        0.0,
        1.0
      ]
    ],
    "location": [
      -12.782937627012643,
      43.56607739755418,
      1.3056952104951245
    ],
    "rotation": [
      -0.007670466095024542,
      -0.009703672016882764,
      1.7362033653863926
    ]
  },
  {
    "label_id": "pd5EtGL863Dl-vNVRvaEcQ",
    "size": [
      0.976761470325871,
      0.9087334607547355,
      1.7000000000000037
    ],
    "obj_class": "pedestrian",
    "point_num_in_lidar": 23,
    "speed": 1.7928875036084027,
    "if_vehicle": false,
    "motion_state": true,
    "pose": [
      [
        0.1337716621951656,
        0.9909942104050306,
        -0.005968026244284632,
        -5.638059390159469
      ],
      [
        -0.9909623471681154,
        0.13370211733803536,
        -0.010833758091524728,
        98.10974912938946
      ],
      [
        -0.009938253800439839,
        0.0073633391227208,
        0.9999235032483045,
        2.2264816644520558
      ],
      [
        0.0,
        0.0,
        0.0,
        1.0
      ]
    ],
    "location": [
      -5.638059390159469,
      98.10974912938946,
      2.2264816644520558
    ],
    "rotation": [
      0.007363769334076803,
      0.009938417406091977,
      -1.436615779711123
    ]
  },
  {
    "label_id": "sJGK7DedDoxQEYAD87bVIw",
    "size": [
      0.9550852724591805,
      0.8830833140800468,
      1.7000000000000046
    ],
    "obj_class": "pedestrian",
    "point_num_in_lidar": 39,
    "speed": 1.5522910885041317,
    "if_vehicle": false,
    "motion_state": true,
    "pose": [
      [
        0.1849746416833654,
        0.9827251724652515,
        -0.005968026244284632,
        -8.132574615296562
      ],
      [
        -0.9826969579793802,
        0.1849035382670832,
        -0.010833758091524728,
        100.3988525388013
      ],
      [
        -0.009543097619901408,
        0.00786873175646366,
        0.9999235032483045,
        2.3286233416012543
      ],
      [
        0.0,
        0.0,
        0.0,
        1.0
      ]
    ],
    "location": [
      -8.132574615296562,
      100.3988525388013,
      2.3286233416012543
    ],
    "rotation": [
      0.00786917130109628,
      0.00954324247528737,
      -1.3847416967462967
    ]
  },
  {
    "label_id": "t1qXUyb9x438EQc-bc_4uA",
    "size": [
      0.9815463408696031,
      0.9385322933989074,
      1.7315044247787643
    ],
    "obj_class": "pedestrian",
    "point_num_in_lidar": 113,
    "speed": 0.02705259496212438,
    "if_vehicle": false,
    "motion_state": false,
    "pose": [
      [
        0.9796304967012852,
        0.20071988589958084,
        -0.005968026244284632,
        -18.55231586951686
      ],
      [
        -0.2007750216908687,
        0.9795774703159753,
        -0.010833758091524728,
        70.16820492035913
      ],
      [
        0.0036715933631611872,
        0.011811310418989855,
        0.9999235032483045,
        1.8861116348268654
      ],
      [
        0.0,
        0.0,
        0.0,
        1.0
      ]
    ],
    "location": [
      -18.55231586951686,
      70.16820492035913,
      1.8861116348268654
    ],
    "rotation": [
      0.011811664681206462,
      -0.00367160161242348,
      -0.2021503693699123
    ]
  },
  {
    "label_id": "vs9s9qzlH4_rx8JAdIwCTA",
    "size": [
      2.0721824313822386,
      4.541388680750847,
      1.8900000000000041
    ],
    "obj_class": "vehicle",
    "point_num_in_lidar": 205,
    "speed": 0.023808809474417183,
    "if_vehicle": true,
    "motion_state": false,
    "pose": [
      [
        -0.13806275317878924,
        -0.9904055022299908,
        -0.005968026244284632,
        -18.110990388039454
      ],
      [
        0.9903739405152939,
        -0.13799307096308552,
        -0.010833758091524728,
        76.04245833003188
      ],
      [
        0.009906267354637647,
        -0.007406316138039751,
        0.9999235032483045,
        1.9559635529140174
      ],
      [
        0.0,
        0.0,
        0.0,
        1.0
      ]
    ],
    "location": [
      -18.110990388039454,
      76.04245833003188,
      1.9559635529140174
    ],
    "rotation": [
      -0.0074067472930519065,
      -0.009906429385619284,
      1.7093083355894754
    ]
  }
]