[
  {
    "label_id": "--vdK0N2LIZSbUVEuUiisw",
    "size": [
      3.1060181495337664,
      7.585705537180848,
      3.4299999999999744
    ],
    "obj_class": "vehicle",
    "point_num_in_lidar": 166,
    "speed": 0.6122181017274467,
    "if_vehicle": true,
    "motion_state": false,
    "pose": [
      [
        -0.1629800256827822,
        -0.9865975866383043,
        0.007919170910715367,
        -12.370566042769951
      ],
      [
        0.9865527372273648,
        -0.1628620808023529,
        0.013770958787310333,
        77.16337235746323
      ],
      [
        -0.012296662052507356,
        0.010057070955369942,
        0.9998738157518503,
        2.8795090666931547
      ],
      [
        0.0,
        0.0,
        0.0,
        1.0
      ]
    ],
    "location": [
      -12.370566042769951,
      77.16337235746323,
      2.8795090666931547
    ],
    "rotation": [
      0.01005800097859815,
      0.01229697196566489,
      1.7345191320367543
    ]
  },
  {
    "label_id": "-roDyLaSj9Ly7YWd600gHw",
    "size": [
      2.3762110385418658,
      5.77472060364153,
      2.21
    ],
    "obj_class": "vehicle",
    "point_num_in_lidar": 5342,
    "speed": 6.786683040654707,
    "if_vehicle": true,
    "motion_state": true,
    "pose": [
      [
        -0.16687563551219908,
        -0.9859461491402493,
        0.007919170910715367,
        0.002328446511000948
      ],
      [
        0.985901765940003,
        -0.1667575144047838,
        0.013770958787310333,
        17.055852735566077
      ],
      [
        -0.012256842529100136,
        0.010105562084899697,
        0.9998738157518503,
        1.469311807517312
      ],
      [
        0.0,
        0.0,
        0.0,
        1.0
      ]
    ],
    "location": [
      0.002328446511000948,
      17.055852735566077,
      1.469311807517312
    ],
    "rotation": [
      0.010106493298046179,
      0.012257149441143448,
      1.7384690574927626
    ]
  },
  {
    "label_id": "0G-ubSILge3wWJWqAwzLaQ",
    "size": [
      2.162309723028806,
      4.528455986150106,
      1.850000000000004
    ],
    "obj_class": "vehicle",
    "point_num_in_lidar": 362,
    "speed": 0.03561121681187356,
    "if_vehicle": true,
    "motion_state": false,
    "pose": [
      [
        0.980264241211057,
        -0.19753304567843238,
        0.007919170910715367,
        -19.042360942768028
      ],
      [
        0.19741359827002714,
        0.9802235622102534,
        0.013770958787310333,
        -8.479208915781783
      ],
      [
        -0.010482777351022817,
        -0.011935826441591852,
        0.9998738157518503,
        1.2985183070221247
      ],
      [
        0.0,
        0.0,
        0.0,
        1.0
      ]
    ],
    "location": [
      -19.042360942768028,
      -8.479208915781783,
      1.2985183070221247
    ],
    "rotation": [
      -0.01193676577046523,
      0.01048296935017518,
      0.19872995874723223
    ]
  },
  {
    "label_id": "0lfvlVD0dFVDDeo9EHj4ow",
    "size": [
      2.7020385210726308,
      6.172892319005234,
      2.7499999999999885
    ],
    "obj_class": "vehicle",
    "point_num_in_lidar": 51,
    "speed": 0.0012901675110681696,
    "if_vehicle": true,
    "motion_state": false,
    "pose": [
      [
        0.9857461015388763,
        -0.16805329521611367,
        0.007919170910715367,
        38.8991760340225
      ],
      [
        0.16793512117426931,
        0.9857018594738786,
        0.013770958787310333,
        7.274257064387712
      ],
      [
        -0.010120196494676385,
        -0.012244762012552958,
        0.9998738157518503,
        0.9892191368306396
      ],
      [
        0.0,
        0.0,
        0.0,
        1.0
      ]
    ],
    "location": [
      38.8991760340225,
      7.274257064387712,
      0.9892191368306396
    ],
    "rotation": [
      -0.01224569515747451,
      0.010120369251655378,
      0.16874339153424872
    ]
  },
  {
    "label_id": "46_9c4l2SJ1GUWIL_ncT0g",
    "size": [
      0.6680003051338742,
      0.5447643847782806,
      1.7100000000000044
    ],
    "obj_class": "pedestrian",
    "point_num_in_lidar": 199,
    "speed": 0.0024050354952584833,
    "if_vehicle": false,
    "motion_state": false,
    "pose": [
      [
        -0.20294079341093843,
        -0.9791589866318062,
        0.007919170910715367,
        9.81018124797265
      ],
      [
        0.979118967563618,
        -0.20282112328658625,
        0.013770958787310333,
        6.628581750364901
      ],
      [
        -0.011877782911521403,
        0.010548499748385561,
        0.9998738157518503,
        1.0475604487561458
      ],
      [
        0.0,
        0.0,
        0.0,
        1.0
      ]
    ],
    "location": [
      9.81018124797265,
      6.628581750364901,
      1.0475604487561458
    ],
    "rotation": [
      0.010549439602031151,
      0.011878062218941565,
      1.7751712282179002
    ]
  },
  {
    "label_id": "4J73Y4_a-OgE0PICfWLtHA",
    "size": [
      2.3397019977718068,
      5.278562788605551,
      2.0900000000000025
    ],
    "obj_class": "vehicle",
    "point_num_in_lidar": 30,
    "speed": 0.006191742981080904,
    "if_vehicle": true,
    "motion_state": false,
    "pose": [
      [
        0.9932865165889923,
        -0.11540876350863678,
        0.007919170910715367,
        -61.850133307256556
      ],
      [
        0.11529310870804588,
        0.9932360544092793,
        0.013770958787310333,
        -8.812582844553617
      ],
      [
        -0.009454895395523553,
        -0.012765481851251351,
        0.9998738157518503,
        1.5214636242181276
      ],
      [
        0.0,
        0.0,
        0.0,
        1.0
      ]
    ],
    "location": [
      -61.850133307256556,
      -8.812582844553617,
      1.5214636242181276
    ],
    "rotation": [
      -0.01276639925208798,
      0.009455036271327029,
      0.11555525930108113
    ]
  },
  {
    "label_id": "4SpFUxzqvfhAQYbRKCel4w",
    "size": [
      2.2618729475137163,
      4.8971219523584635,
      1.5900000000000043
    ],
    "obj_class": "vehicle",
    "point_num_in_lidar": 679,
    "speed": 3.552713678800501e-14,
    "if_vehicle": true,
    "motion_state": false,
    "pose": [
      [
        0.9819195463887621,
        -0.18913299857976862,
        0.007919170910715367,
        -19.041156349028142
      ],
      [
        0.1890139038340987,
        0.9818778461964973,
        0.013770958787310333,
        -5.322121320890801
      ],
      [
        -0.010380201206237576,
        -0.012025140196810351,
        0.9998738157518503,
        1.1003903674380249
      ],
      [
        0.0,
        0.0,
        0.0,
        1.0
      ]
    ],
    "location": [
      -19.041156349028142,
      -5.322121320890801,
      1.1003903674380249
    ],
    "rotation": [
      -0.012026077974642387,
      0.010380387623928159,
      0.19016822263823752
    ]
  },
  {
    "label_id": "56KZFAsnH_K9TXcdzOHYfA",
    "size": [
      2.1482165501021044,
      4.504355029583435,
      1.4500000000000037
    ],
    "obj_class": "vehicle",
    "point_num_in_lidar": 336,
    "speed": 0.006784172035760415,
    "if_vehicle": true,
    "motion_state": false,
    "pose": [
      [
        0.9896618831847419,
        -0.14320140957168392,
        0.007919170910715367,
        15.43710528049769
      ],
      [
        0.14308438594162018,
        0.9896146821838223,
        0.013770958787310333,
        3.7121681267435633
      ],
      [
        -0.009808948513463365,
        -0.012495483299782562,
        0.9998738157518503,
        0.7210024901360361
      ],
      [
        0.0,
        0.0,
        0.0,
        1.0
      ]
    ],
    "location": [
      15.43710528049769,
      3.7121681267435633,
      0.7210024901360361
    ],
    "rotation": [
      -0.012496409710452702,
      0.009809105815707611,
      0.14358412624493727
    ]
  },
  {
    "label_id": "8_0szobTCQqOKZ5WHo3Kog",
    "size": [
      2.1793743279273796,
      5.266204570828405,
      1.9600000000000044
    ],
    "obj_class": "vehicle",
    "point_num_in_lidar": 213,
    "speed": 0.021844088884988826,
    "if_vehicle": true,
    "motion_state": false,
    "pose": [
      [
        0.9829456484599192,
        -0.1837257165064161,
        0.007919170910715367,
        24.420601372945157
      ],
      [
        0.18360685307961996,
        0.9829032934100267,
        0.013770958787310333,
        2.2617384913883143
      ],
      [
        -0.010313858439397933,
        -0.012082089965191459,
        0.9998738157518503,
        1.0289967395263488
      ],
      [
        0.0,
        0.0,
        0.0,
        1.0
      ]
    ],
    "location": [
      24.420601372945157,
      2.2617384913883143,
      1.0289967395263488
    ],
    "rotation": [
      -0.012083026653937288,
      0.010314041305428812,
      0.18466436921717122
    ]
  },
  {
    "label_id": "9iYq7jdXbd8oinkPb-bYgQ",
    "size": [
      0.9224308020237517,
      1.0171580896583552,
      1.7400000000000038
    ],
    "obj_class": "pedestrian",
    "point_num_in_lidar": 369,
    "speed": 0.7583309365724066,
    "if_vehicle": false,
    "motion_state": false,
    "pose": [
      [
        -0.1083007682146032,
        -0.9940866312028412,
        0.007919170910715367,
        -10.627506954204591
      ],
      [
        0.9940353430278538,
        -0.10818547733210346,
        0.013770958787310333,
        5.716716154069218
      ],
      [
        -0.01283278674426024,
        0.009363341188446502,
        0.9998738157518503,
        1.1741903982463473
      ],
      [
        0.0,
        0.0,
        0.0,
        1.0
      ]
    ],
    "location": [
      -10.627506954204591,
      5.716716154069218,
      1.1741903982463473
    ],
    "rotation": [
      0.009364249119735062,
      0.01283313898847345,
      1.6793189026516424
    ]
  },
  {
    "label_id": "AE5mG59C1GJKWSHeZyrOug",
    "size": [
      2.3096827218118907,
      5.064638733456315,
      1.7500000000000044
    ],
    "obj_class": "vehicle",
    "point_num_in_lidar": 34,
    "speed": 1.0584143899361202,
    "if_vehicle": true,
    "motion_state": true,
    "pose": [
      [
        -0.1691003435209808,
        -0.9855670248913431,
        0.007919170910715367,
        -9.858291983188337
      ],
      [
        0.985522908385799,
        -0.16898212254813888,
        0.013770958787310333,
        81.79264402355693
      ],
      [
        -0.01223400457259658,
        0.010133198209479872,
        0.9998738157518503,
        1.823513307992851
      ],
      [
        0.0,
        0.0,
        0.0,
        1.0
      ]
    ],
    "location": [
      -9.858291983188337,
      81.79264402355693,
      1.823513307992851
    ],
    "rotation": [
      0.010134130079536258,
      0.01223430977216647,
      1.7407259634823775
    ]
  },
  {
    "label_id": "Ajn5P334xqYzHGHWL_0Qaw",
    "size": [
      2.362785062811851,
      5.609335176106013,
      2.160000000000001
    ],
    "obj_class": "vehicle",
    "point_num_in_lidar": 170,
    "speed": 8.133767869104608,
    "if_vehicle": true,
    "motion_state": true,
    "pose": [
      [
        0.987091590424673,
        -0.15996086660485645,
        0.007919170910715367,
        37.33423153941885
      ],
      [
        0.15984305948867938,
        0.9870463803830986,
        0.013770958787310333,
        0.5825725401609816
      ],
      [
        -0.010019403484654655,
        -0.012327373104056285,
        0.9998738157518503,
        1.166610354147636
      ],
      [
        0.0,
        0.0,
        0.0,
        1.0
      ]
    ],
    "location": [
      37.33423153941885,
      0.5825725401609816,
      1.166610354147636
    ],
    "rotation": [
      -0.012328304201692274,
      0.010019571130952747,
      0.16053979455645614
    ]
  },
  {
    "label_id": "B6xeIGelvSq42ol4SnNpDg",
    "size": [
      0.7251573055736054,
      0.9402309291111298,
      1.6300000000000043
    ],
    "obj_class": "pedestrian",
    "point_num_in_lidar": 174,
    "speed": 1.3314595740234312,
    "if_vehicle": false,
    "motion_state": true,
    "pose": [
      [
        -0.9752721314920743,
        -0.22086547097043768,
        0.007919170910715367,
        -20.74373733739003
      ],
      [
        0.2209578161027794,
        -0.9751861382306296,
        0.013770958787310333,
        9.164847767169704
      ],
      [
        0.004681136400135073,
        0.015180235038965983,
        0.9998738157518503,
        1.4340252204729271
      ],
      [
        0.0,
        0.0,
        0.0,
        1.0
      ]
    ],
    "location": [
      -20.74373733739003,
      9.164847767169704,
      1.4340252204729271
    ],
    "rotation": [
      0.015180984464919597,
      -0.004681153496623627,
      2.9187937197810343
    ]
  },
  {
    "label_id": "CxbtD4PgRVqlo5t1DPk9WA",
    "size": [
      1.841839519612269,
      3.7532901285724676,
      1.650000000000004
    ],
    "obj_class": "vehicle",
    "point_num_in_lidar": 54,
    "speed": 3.552713678800501e-13,
    "if_vehicle": true,
    "motion_state": false,
    "pose": [
      [
        -0.09699642691657304,
        -0.9952532240075913,
        0.007919170910715367,
        -0.7426739788336363
      ],
      [
        0.9952006289157042,
        -0.09688172634643284,
        0.013770958787310333,
        40.65368443454827
      ],
      [
        -0.01293836818168372,
        0.009216897668419368,
        0.9998738157518503,
        1.3499273914301906
      ],
      [
        0.0,
        0.0,
        0.0,
        1.0
      ]
    ],
    "location": [
      -0.7426739788336363,
      40.65368443454827,
      1.3499273914301906
    ],
    "rotation": [
      0.00921779976146757,
      0.012938729192308663,
      1.66795365478851
    ]
  },
  {
    "label_id": "DXY4_S8POdnu7YJL2WT3rA",
    "size": [
      2.231960133704971,
      5.01468204222107,
      1.7400000000000038
    ],
    "obj_class": "vehicle",
    "point_num_in_lidar": 172,
    "speed": 2.929642751054232e-13,
    "if_vehicle": true,
    "motion_state": false,
    "pose": [
      [
        0.9878019626486476,
        -0.1555138878671829,
        0.007919170910715367,
        -29.33975607354955
      ],
      [
        0.15539628554860704,
        0.9877562225224268,
        0.013770958787310333,
        -6.852384944442747
      ],
      [
        -0.009963785684951074,
        -0.012372370373509039,
        0.9998738157518503,
        1.2139586933519473
      ],
      [
        0.0,
        0.0,
        0.0,
        1.0
      ]
    ],
    "location": [
      -29.33975607354955,
      -6.852384944442747,
      1.2139586933519473
    ],
    "rotation": [
      -0.012373300285295721,
      0.009963950554817066,
      0.1560364085204124
    ]
  },
  {
    "label_id": "Dim3jKxYp8w_rgP9Tzan-A",
    "size": [
      2.1079972913239065,
      4.492720993371877,
      1.8347182420150379
    ],
    "obj_class": "vehicle",
    "point_num_in_lidar": 109,
    "speed": 0.004181515611797198,
    "if_vehicle": true,
    "motion_state": false,
    "pose": [
      [
        0.988991627747157,
        -0.14775942263732503,
        0.007919170910715367,
        -36.710611161234056
      ],
      [
        0.1476421827865669,
        0.9889449663940335,
        0.013770958787310333,
        -17.66554947189252
      ],
      [
        -0.00986641312974139,
        -0.01245015926758316,
        0.9998738157518503,
        1.2350179292503398
      ],
      [
        0.0,
        0.0,
        0.0,
        1.0
      ]
    ],
    "location": [
      -36.710611161234056,
      -17.66554947189252,
      1.2350179292503398
    ],
    "rotation": [
      -0.012451087011050074,
      0.009866573212907147,
      0.14819116931035933
    ]
  },
  {
    "label_id": "EfwDhyFr1GT4NZeNIYzvxA",
    "size": [
      1.9946882009717202,
      4.3108038514819835,
      1.7100000000000044
    ],
    "obj_class": "vehicle",
    "point_num_in_lidar": 241,
    "speed": 0.011901686882732316,
    "if_vehicle": true,
    "motion_state": false,
    "pose": [
      [
        0.9892562846024094,
        -0.14597701910480126,
        0.007919170910715367,
        40.492728686422424
      ],
      [
        0.14585986352818642,
        0.9892094120587496,
        0.013770958787310333,
        -4.250545917597265
      ],
      [
        -0.009843961914568133,
        -0.012467918337054193,
        0.9998738157518503,
        0.6808499850668852
      ],
      [
        0.0,
        0.0,
        0.0,
        1.0
      ]
    ],
    "location": [
      40.492728686422424,
      -4.250545917597265,
      0.6808499850668852
    ],
    "rotation": [
      -0.012468845564403992,
      0.009844120907369984,
      0.14638921998092996
    ]
  },
  {
    "label_id": "Epgsupn8EYYShv3D2Ns2xg",
    "size": [
      1.011748506592739,
      1.0472548432567341,
      1.8199410029498218
    ],
    "obj_class": "pedestrian",
    "point_num_in_lidar": 188,
    "speed": 0.5329391963660134,
    "if_vehicle": false,
    "motion_state": false,
    "pose": [
      [
        -0.14518684122420067,
        -0.9893725627221657,
        0.007919170910715367,
        10.370056459170883
      ],
      [
        0.9893255966198383,
        -0.14506972312263958,
        0.013770958787310333,
        5.833032781949441
      ],
      [
        -0.01247577685516421,
        0.009834000492936186,
        0.9998738157518503,
        1.0747239157458859
      ],
      [
        0.0,
        0.0,
        0.0,
        1.0
      ]
    ],
    "location": [
      10.370056459170883,
      5.833032781949441,
      1.0747239157458859
    ],
    "rotation": [
      0.009834924436449965,
      0.012476100509898612,
      1.7165095599790023
    ]
  },
  {
    "label_id": "HAwzx47-xhwNNgj0RAxUNQ",
    "size": [
      1.042872767603164,
      0.9653574371278288,
      2.0400000000000036
    ],
    "obj_class": "pedestrian",
    "point_num_in_lidar": 113,
    "speed": 0.13950829141453536,
    "if_vehicle": false,
    "motion_state": false,
    "pose": [
      [
        0.21177289176136546,
        -0.9772868202565284,
        0.007919170910715367,
        -16.33645656501858
      ],
      [
        0.9772016907623552,
        0.21186603376962668,
        0.013770958787310333,
        31.891438300563095
      ],
      [
        -0.01513597985673128,
        0.004822311438671822,
        0.9998738157518503,
        1.583518499813028
      ],
      [
        0.0,
        0.0,
        0.0,
        1.0
      ]
    ],
    "location": [
      -16.33645656501858,
      31.891438300563095,
      1.583518499813028
    ],
    "rotation": [
      0.004822882621126976,
      0.015136557853153104,
      1.3573828606781304
    ]
  },
  {
    "label_id": "IGBmzIiv4jqIHomOewuqIQ",
    "size": [
      2.8065665144207066,
      5.908068729613541,
      2.259999999999999
    ],
    "obj_class": "vehicle",
    "point_num_in_lidar": 127,
    "speed": 1.1368683772161603e-12,
    "if_vehicle": true,
    "motion_state": false,
    "pose": [
      [
        -0.15782232738899118,
        -0.9874357699160027,
        0.007919170910715367,
        1.81258228871161
      ],
      [
        0.9873903047955339,
        -0.15770461847980471,
        0.013770958787310333,
        24.846721260782942
      ],
      [
        -0.012349047465478585,
        0.00999267734545037,
        0.9998738157518503,
        1.4749273914301835
      ],
      [
        0.0,
        0.0,
        0.0,
        1.0
      ]
    ],
    "location": [
      1.81258228871161,
      24.846721260782942,
      1.4749273914301835
    ],
    "rotation": [
      0.009993605715451381,
      0.012349361356529653,
      1.7292934665684605
    ]
  },
  {
    "label_id": "IRYvAzRN0IoJldo5xtl2IQ",
    "size": [
      0.9673059544429154,
      1.1353173910062497,
      1.7100000000000044
    ],
    "obj_class": "pedestrian",
    "point_num_in_lidar": 580,
    "speed": 3.177202024694164,
    "if_vehicle": false,
    "motion_state": true,
    "pose": [
      [
        0.09997390323987285,
        0.9949585445650846,
        0.007919170910715367,
        7.111536791997878
      ],
      [
        -0.9949062929057468,
        0.09985904581269649,
        0.013770958787310333,
        19.02612490696083
      ],
      [
        0.012910732261516351,
        -0.009255569474989693,
        0.9998738157518503,
        1.1634260183039586
      ],
      [
        0.0,
        0.0,
        0.0,
        1.0
      ]
    ],
    "location": [
      7.111536791997878,
      19.02612490696083,
      1.1634260183039586
    ],
    "rotation": [
      -0.009256473148439276,
      -0.01291109096364389,
      -1.4706467586497212
    ]
  },
  {
    "label_id": "KUCYq08RlyE439QAxBXN-A",
    "size": [
      1.9064355918050695,
      5.176931607263873,
      1.7600000000000042
    ],
    "obj_class": "vehicle",
    "point_num_in_lidar": 32,
    "speed": 1.4250766696571006e-12,
    "if_vehicle": true,
    "motion_state": false,
    "pose": [
      [
        -0.18692869421216862,
        -0.9823415648399596,
        0.007919170910715367,
        -4.814882455660609
      ],
      [
        0.9822995974555349,
        -0.18680969335870254,
        0.013770958787310333,
        65.65835042278013
      ],
      [
        -0.012048407314987129,
        0.010353185741938796,
        0.9998738157518503,
        1.6749273914301614
      ],
      [
        0.0,
        0.0,
        0.0,
        1.0
      ]
    ],
    "location": [
      -4.814882455660609,
      65.65835042278013,
      1.6749273914301614
    ],
    "rotation": [
      0.010354122285508133,
      0.012048698833435833,
      1.7588449367854606
    ]
  },
  {
    "label_id": "N4I-49kxgwvW7coUEefmjQ",
    "size": [
      0.634336283186157,
      0.09248778741724578,
      0.6327728613569175
    ],
    "obj_class": "sign",
    "point_num_in_lidar": 32,
    "speed": 0.024660009411012047,
    "if_vehicle": false,
    "motion_state": false,
    "pose": [
      [
        0.9960044601803957,
        -0.0889516836987667,
        0.007919170910715367,
        -16.547655918196824
      ],
      [
        0.08883741183750754,
        0.9959509400327363,
        0.013770958787310333,
        30.75498815060928
      ],
      [
        -0.009112055683084451,
        -0.013012417725514673,
        0.9998738157518503,
        2.1323999702143244
      ],
      [
        0.0,
        0.0,
        0.0,
        1.0
      ]
    ],
    "location": [
      -16.547655918196824,
      30.75498815060928,
      2.1323999702143244
    ],
    "rotation": [
      -0.013013325257503544,
      0.009112181782789821,
      0.08895838380580655
    ]
  },
  {
    "label_id": "Nmy7XaAnS8kQcj-6ESpWkA",
    "size": [
      2.2707387280698716,
      4.824548609489026,
      1.8600000000000048
    ],
    "obj_class": "vehicle",
    "point_num_in_lidar": 40,
    "speed": 1.421529491362787e-12,
    "if_vehicle": true,
    "motion_state": false,
    "pose": [
      [
        0.9821590040508473,
        -0.1878855436001782,
        0.007919170910715367,
        -47.05148377841829
      ],
      [
        0.18776650192107272,
        0.9821171526098105,
        0.013770958787310333,
        -6.461316528733732
      ],
      [
        -0.01036491766351167,
        -0.01203831614734984,
        0.9998738157518503,
        1.279727606972414
      ],
      [
        0.0,
        0.0,
        0.0,
        1.0
      ]
    ],
    "location": [
      -47.05148377841829,
      -6.461316528733732,
      1.279727606972414
    ],
    "rotation": [
      -0.012039253680159628,
      0.010365103258957656,
      0.18889797648271756
    ]
  },
  {
    "label_id": "QCejAUMzNgKQBygPRkJ3vA",
    "size": [
      0.8928711067152689,
      1.04776036441304,
      1.810000000000004
    ],
    "obj_class": "pedestrian",
    "point_num_in_lidar": 158,
    "speed": 1.0848517468320031,
    "if_vehicle": false,
    "motion_state": true,
    "pose": [
      [
        -0.9878899514234888,
        0.1549539628682787,
        0.007919170910715367,
        -17.94207361208214
      ],
      [
        -0.15483638649473996,
        -0.9878441446459707,
        0.013770958787310333,
        5.514627138314609
      ],
      [
        0.009956771251190358,
        0.012378015999601442,
        0.9998738157518503,
        1.2620469797319123
      ],
      [
        0.0,
        0.0,
        0.0,
        1.0
      ]
    ],
    "location": [
      -17.94207361208214,
      5.514627138314609,
      1.2620469797319123
    ],
    "rotation": [
      0.01237894575907049,
      -0.009956935773089466,
      -2.986123043843298
    ]
  },
  {
    "label_id": "QI6v9jel5xYOVo6vDnR8gg",
    "size": [
      2.270738728070818,
      4.824548609489026,
      2.0800000000000027
    ],
    "obj_class": "vehicle",
    "point_num_in_lidar": 42,
    "speed": 1.7067822212573438e-12,
    "if_vehicle": true,
    "motion_state": false,
    "pose": [
      [
        0.9882668143716857,
        -0.1525319322100363,
        0.007919170910715367,
        -42.44557205149249
      ],
      [
        0.15241446847359233,
        0.988220719522714,
        0.013770958787310333,
        -18.67676346555345
      ],
      [
        -0.00992639972762371,
        -0.012402385346470736,
        0.9998738157518503,
        1.3343504701492641
      ],
      [
        0.0,
        0.0,
        0.0,
        1.0
      ]
    ],
    "location": [
      -42.44557205149249,
      -18.67676346555345,
      1.3343504701492641
    ],
    "rotation": [
      -0.012403314439401597,
      0.009926562748523765,
      0.15301842445503022
    ]
  },
  {
    "label_id": "Som4G6CQqwI4RBhc5tHGQA",
    "size": [
      0.4552420911052282,
      0.1100422796945836,
      0.5600000000000032
    ],
    "obj_class": "sign",
    "point_num_in_lidar": 24,
    "speed": 0.011122292568129334,
    "if_vehicle": false,
    "motion_state": false,
    "pose": [
      [
        -0.019278618479928924,
        0.9997827872100982,
        0.007919170910715367,
        -14.314446296602227
      ],
      [
        -0.9997172234832858,
        -0.019386432496678062,
        0.013770958787310333,
        39.56571008680112
      ],
      [
        0.013921492031222756,
        -0.0076514464945865905,
        0.9998738157518503,
        3.2946095072769435
      ],
      [
        0.0,
        0.0,
        0.0,
        1.0
      ]
    ],
    "location": [
      -14.314446296602227,
      39.56571008680112,
      3.2946095072769435
    ],
    "rotation": [
      -0.007652262740121014,
      -0.013921941753061962,
      -1.5900780084665873
    ]
  },
  {
    "label_id": "TMI0aJDEmV6UBA6527UjVQ",
    "size": [
      0.7361699016016028,
      0.8211237368296237,
      2.060000000000003
    ],
    "obj_class": "pedestrian",
    "point_num_in_lidar": 241,
    "speed": 1.1374233532693354e-12,
    "if_vehicle": false,
    "motion_state": false,
    "pose": [
      [
        0.9172348513822237,
        -0.39826814351880674,
        0.007919170910715367,
        9.594413444633801
      ],
      [
        0.39814282853239724,
        0.9172200656234578,
        0.013770958787310333,
        6.166974736770499
      ],
      [
        -0.012748156653105813,
        -0.009478242230645624,
        0.9998738157518503,
        1.2089733744264297
      ],
      [
        0.0,
        0.0,
        0.0,
        1.0
      ]
    ],
    "location": [
      9.594413444633801,
      6.166974736770499,
      1.2089733744264297
    ],
    "rotation": [
      -0.009479154461764628,
      0.012748501973865019,
      0.40952667230802436
    ]
  },
  {
    "label_id": "VOMFwLan-yMeZ2OM0S_JtQ",
    "size": [
      2.075210372785233,
      4.523204878148739,
      1.5400000000000045
    ],
    "obj_class": "vehicle",
    "point_num_in_lidar": 769,
    "speed": 0.24010159400446504,
    "if_vehicle": true,
    "motion_state": false,
    "pose": [
      [
        -0.13672533931783518,
        -0.9905773409080736,
        0.007919170910715367,
        -6.682228759641475
      ],
      [
        0.9905293755091198,
        -0.1366086269149625,
        0.013770958787310333,
        23.180333677215458
      ],
      [
        -0.012559372672870798,
        0.00972701042966781,
        0.9998738157518503,
        1.2018356434268185
      ],
      [
        0.0,
        0.0,
        0.0,
        1.0
      ]
    ],
    "location": [
      -6.682228759641475,
      23.180333677215458,
      1.2018356434268185
    ],
    "rotation": [
      0.009727931108501094,
      0.012559702877700193,
      1.7079621633397084
    ]
  },
  {
    "label_id": "Vph9lRXCtQfcwKVMJY5wfw",
    "size": [
      1.8247667660245634,
      4.541368818290325,
      1.563181648906676
    ],
    "obj_class": "vehicle",
    "point_num_in_lidar": 54,
    "speed": 0.021246523297761936,
    "if_vehicle": true,
    "motion_state": false,
    "pose": [
      [
        -0.16361940706431774,
        -0.9864917517972506,
        0.007919170910715367,
        -17.23024956269137
      ],
      [
        0.9864469788360121,
        -0.1635014331416778,
        0.013770958787310333,
        70.80395161443812
      ],
      [
        -0.012290141464825662,
        0.010065038331248078,
        0.9998738157518503,
        1.659372728460628
      ],
      [
        0.0,
        0.0,
        0.0,
        1.0
      ]
    ],
    "location": [
      -17.23024956269137,
      70.80395161443812,
      1.659372728460628
    ],
    "rotation": [
      0.010065968553240563,
      0.012290450885206531,
      1.7351672499881465
    ]
  },
  {
    "label_id": "W4R8JcwlC6LfBgiEXe45fQ",
    "size": [
      2.194347873110095,
      4.849935306808435,
      1.9200000000000044
    ],
    "obj_class": "vehicle",
    "point_num_in_lidar": 83,
    "speed": 1.7053025658242404e-12,
    "if_vehicle": true,
    "motion_state": false,
    "pose": [
      [
        0.9784047955677789,
        -0.20654622422610308,
        0.007919170910715367,
        -41.67116854880351
      ],
      [
        0.20642640750031593,
        0.9783652175852285,
        0.013770958787310333,
        -5.4819666540497565
      ],
      [
        -0.010592180912648878,
        -0.011838846115590695,
        0.9998738157518503,
        1.2586916834735264
      ],
      [
        0.0,
        0.0,
        0.0,
        1.0
      ]
    ],
    "location": [
      -41.67116854880351,
      -5.4819666540497565,
      1.2586916834735264
    ],
    "rotation": [
      -0.011839786913027738,
      0.010592378986363567,
      0.20793312503718506
    ]
  },
  {
    "label_id": "W7smyXncdDt6gb7dmd9G4Q",
    "size": [
      2.5745319796787616,
      5.894976476344226,
      1.9000000000000048
    ],
    "obj_class": "vehicle",
    "point_num_in_lidar": 90,
    "speed": 2.864289338439558e-13,
    "if_vehicle": true,
    "motion_state": false,
    "pose": [
      [
        -0.17555955055668226,
        -0.9844369613847412,
        0.007919170910715367,
        -3.6034822887988867
      ],
      [
        0.9843936210601986,
        -0.17544104283225193,
        0.013770958787310333,
        58.64279042977796
      ],
      [
        -0.012167293220991545,
        0.010213204664028488,
        0.9998738157518503,
        1.6949273914301966
      ],
      [
        0.0,
        0.0,
        0.0,
        1.0
      ]
    ],
    "location": [
      -3.6034822887988867,
      58.64279042977796,
      1.6949273914301966
    ],
    "rotation": [
      0.010214138348402499,
      0.012167593454807743,
      1.7472836460104828
    ]
  },
  {
    "label_id": "YMb2DQvXVMNwYg9V1LLfjg",
    "size": [
      2.0355511694669004,
      3.7736514423989274,
      1.8000000000000007
    ],
    "obj_class": "vehicle",
    "point_num_in_lidar": 232,
    "speed": 7.9415843770163494,
    "if_vehicle": true,
    "motion_state": true,
    "pose": [
      [
        -0.15081032384720075,
        -0.9885309974670442,
        0.007919170910715367,
        -6.672860637958138
      ],
      [
        0.9884846980880153,
        -0.15069294057759794,
        0.013770958787310333,
        42.10898844270923
      ],
      [
        -0.012419656474625165,
        0.009904782021186598,
        0.9998738157518503,
        1.6463062374686963
      ],
      [
        0.0,
        0.0,
        0.0,
        1.0
      ]
    ],
    "location": [
      -6.672860637958138,
      42.10898844270923,
      1.6463062374686963
    ],
    "rotation": [
      0.009905708000906717,
      0.012419975781042451,
      1.7221960144187447
    ]
  },
  {
    "label_id": "ZMWi64Lxmy8PokHE3AybaQ",
    "size": [
      0.7029225540916065,
      0.7790084155217349,
      1.6300000000000043
    ],
    "obj_class": "pedestrian",
    "point_num_in_lidar": 429,
    "speed": 8.526512829121202e-13,
    "if_vehicle": false,
    "motion_state": false,
    "pose": [
      [
        0.7711377316325777,
        0.6366191055762067,
        0.007919170910715367,
        6.695064139667238
      ],
      [
        -0.6366627975761533,
        0.7710193531141643,
        0.013770958787310333,
        7.040258237733724
      ],
      [
        0.002661021433324039,
        -0.01566114742815194,
        0.9998738157518503,
        1.0370020294910152
      ],
      [
        0.0,
        0.0,
        0.0,
        1.0
      ]
    ],
    "location": [
      6.695064139667238,
      7.040258237733724,
      1.0370020294910152
    ],
    "rotation": [
      -0.015661843160107426,
      -0.002661024573798394,
      -0.6901658073168812
    ]
  },
  {
    "label_id": "_BlvTOhTgLZJeXjGejvUmg",
    "size": [
      2.343533092315265,
      5.100773523414974,
      1.7800000000000047
    ],
    "obj_class": "vehicle",
    "point_num_in_lidar": 65,
    "speed": 8.526512829121202e-13,
    "if_vehicle": true,
    "motion_state": false,
    "pose": [
      [
        -0.5732393678528729,
        -0.8193496896171534,
        0.007919170910715367,
        -9.25330514668235
      ],
      [
        0.8193601997246659,
        -0.5731136220691616,
        0.013770958787310333,
        30.70506937672326
      ],
      [
        -0.006744646083688507,
        0.014382709169023247,
        0.9998738157518503,
        1.4006355548907923
      ],
      [
        0.0,
        0.0,
        0.0,
        1.0
      ]
    ],
    "location": [
      -9.25330514668235,
      30.70506937672326,
      1.4006355548907923
    ],
    "rotation": [
      0.014383532270155657,
      0.0067446972206756306,
      2.181266052584174
    ]
  },
  {
    "label_id": "aIHuAOqXLcai6jaSCXZ0Nw",
    "size": [
      1.9772833188032655,
      4.230636946077594,
      1.7800000000000047
    ],
    "obj_class": "vehicle",
    "point_num_in_lidar": 282,
    "speed": 3.552713678800501e-14,
    "if_vehicle": true,
    "motion_state": false,
    "pose": [
      [
        0.9892731230873227,
        -0.14586286254266936,
        0.007919170910715367,
        22.799159468606376
      ],
      [
        0.14574571237570882,
        0.9892262370247643,
        0.013770958787310333,
        5.002986123074152
      ],
      [
        -0.009842523109037151,
        -0.012469054201622101,
        0.9998738157518503,
        0.8589967395263756
      ],
      [
        0.0,
        0.0,
        0.0,
        1.0
      ]
    ],
    "location": [
      22.799159468606376,
      5.002986123074152,
      0.8589967395263756
    ],
    "rotation": [
      -0.012469981395693722,
      0.00984268203213142,
      0.1462738279963165
    ]
  },
  {
    "label_id": "cJ1yFwsi9QWBCLEzA9wGaA",
    "size": [
      1.0605740551061817,
      1.1092602042635058,
      2.0800000000000027
    ],
    "obj_class": "pedestrian",
    "point_num_in_lidar": 339,
    "speed": 0.25801531572373776,
    "if_vehicle": false,
    "motion_state": false,
    "pose": [
      [
        0.9999673890231029,
        -0.0015835474117227339,
        0.007919170910715367,
        3.7446902464364484
      ],
      [
        0.0014743890368729992,
        0.9999040888360473,
        0.013770958787310333,
        22.01573076506247
      ],
      [
        -0.007940218339960366,
        -0.013758833764119587,
        0.9998738157518503,
        1.4101306173808057
      ],
      [
        0.0,
        0.0,
        0.0,
        1.0
      ]
    ],
    "location": [
      3.7446902464364484,
      22.01573076506247,
      1.4101306173808057
    ],
    "rotation": [
      -0.013759701693568075,
      0.007940301776907584,
      0.0014744360512510975
    ]
  },
  {
    "label_id": "e2kCF-ImQeQ5Fr3lsqfRUw",
    "size": [
      2.308492001766679,
      5.048858220044428,
      1.88
    ],
    "obj_class": "vehicle",
    "point_num_in_lidar": 981,
    "speed": 0.0032039815436027213,
    "if_vehicle": true,
    "motion_state": false,
    "pose": [
      [
        -0.11624839486087761,
        -0.9931886011349287,
        0.007919170910715367,
        -9.954666824715332
      ],
      [
        0.9931382367417794,
        -0.11613269744351744,
        0.013770958787310333,
        26.07222343981084
      ],
      [
        -0.01275748461487789,
        0.009465683289444776,
        0.9998738157518503,
        1.2935842120120151
      ],
      [
        0.0,
        0.0,
        0.0,
        1.0
      ]
    ],
    "location": [
      -9.954666824715332,
      26.07222343981084,
      1.2935842120120151
    ],
    "rotation": [
      0.009466595062712971,
      0.012757830694253555,
      1.6873176765456348
    ]
  },
  {
    "label_id": "f9NOxKdLexb792IIah9xGQ",
    "size": [
      2.213539994220714,
      4.792323324394659,
      1.5702206056420298
    ],
    "obj_class": "vehicle",
    "point_num_in_lidar": 60,
    "speed": 0.018529404172569326,
    "if_vehicle": true,
    "motion_state": false,
    "pose": [
      [
        0.9828647498134682,
        -0.18415800364414142,
        0.007919170910715367,
        -48.32622161380141
      ],
      [
        0.18403912160085706,
        0.9828224470444614,
        0.013770958787310333,
        -19.4245923569124
      ],
      [
        -0.010319171211569412,
        -0.012077552704966235,
        0.9998738157518503,
        1.2072667474368766
      ],
      [
        0.0,
        0.0,
        0.0,
        1.0
      ]
    ],
    "location": [
      -48.32622161380141,
      -19.4245923569124,
      1.2072667474368766
    ],
    "rotation": [
      -0.012078489483349551,
      0.010319354360343307,
      0.18510416604694682
    ]
  },
  {
    "label_id": "fLt8TLeWA-0VGBpIoLIDpQ",
    "size": [
      0.9007591488630539,
      0.106480003356836,
      0.33013654716762986
    ],
    "obj_class": "sign",
    "point_num_in_lidar": 39,
    "speed": 0.012827528527809579,
    "if_vehicle": false,
    "motion_state": false,
    "pose": [
      [
        0.1517727650132779,
        0.9883836879129032,
        0.007919170910715367,
        -11.163650591577834
      ],
      [
        -0.9883375028495388,
        0.15165533671854822,
        0.013770958787310333,
        0.9336800064193085
      ],
      [
        0.012410006501302117,
        -0.00991687009456912,
        0.9998738157518503,
        3.0361627293089537
      ],
      [
        0.0,
        0.0,
        0.0,
        1.0
      ]
    ],
    "location": [
      -11.163650591577834,
      0.9336800064193085,
      3.0361627293089537
    ],
    "rotation": [
      -0.009917796412128501,
      -0.012410325063967649,
      -1.4184229320145498
    ]
  },
  {
    "label_id": "j3rQCDa1x4iihsuLxLGihQ",
    "size": [
      0.9260363315039539,
      1.199972426397224,
      1.8600000000000048
    ],
    "obj_class": "pedestrian",
    "point_num_in_lidar": 29,
    "speed": 1.3518920915521635,
    "if_vehicle": false,
    "motion_state": true,
    "pose": [
      [
        0.4092770460664706,
        -0.9123757922562342,
        0.007919170910715367,
        -62.997101885604025
      ],
      [
        0.9122732429043265,
        0.40935057221763077,
        0.013770958787310333,
        -5.963423899460395
      ],
      [
        -0.015806006577490768,
        0.0015883103938584395,
        0.9998738157518503,
