[
  {
    "label_id": "--vdK0N2LIZSbUVEuUiisw",
    "size": [
      3.1060181495330577,
      7.585705537180848,
      3.429999999999974
    ],
    "obj_class": "vehicle",
    "point_num_in_lidar": 692,
    "speed": 4.761658782088408,
    "if_vehicle": true,
    "motion_state": true,
    "pose": [
      [
        -0.14312977009179348,
        -0.9897027790490736,
        -0.0015093230306383394,
        -14.047911103619981
      ],
      [
        0.9895621634898143,
        -0.14308329025663385,
        -0.017143413857628746,
        88.3502193809909
      ],
      [
        0.016750925431999724,
        -0.0039473018476343475,
        0.9998519016860924,
        2.8695090666931193
      ],
      [
        0.0,
        0.0,
        0.0,
        1.0
      ]
    ],
    "location": [
      -14.047911103619981,
      88.3502193809909,
      2.8695090666931193
    ],
    "rotation": [
      -0.003947866012829916,
      -0.01675170889773678,
      1.714439647487462
    ]
  },
  {
    "label_id": "-roDyLaSj9Ly7YWd600gHw",
    "size": [
      2.3762110385417596,
      5.77472060364153,
      2.21
    ],
    "obj_class": "vehicle",
    "point_num_in_lidar": 19396,
    "speed": 0.20814225102050457,
    "if_vehicle": true,
    "motion_state": false,
    "pose": [
      [
        -0.15173383279038416,
        -0.9884202375157688,
        -0.0015093230306383394,
        -5.147856923393192
      ],
      [
        0.9882800316076664,
        -0.15168613149149754,
        -0.017143413857628746,
        52.43888450455779
      ],
      [
        0.016715953825299976,
        -0.004092869704155232,
        0.9998519016860924,
        1.8833179010711891
      ],
      [
        0.0,
        0.0,
        0.0,
        1.0
      ]
    ],
    "location": [
      -5.147856923393192,
      52.43888450455779,
      1.8833179010711891
    ],
    "rotation": [
      -0.004093453077098341,
      -0.01671673239384193,
      1.7231399595186085
    ]
  },
  {
    "label_id": "0DOzd3WNjt66gPEDui60ug",
    "size": [
      0.8818837264838486,
      0.8195920853035972,
      1.9100000000000046
    ],
    "obj_class": "pedestrian",
    "point_num_in_lidar": 33,
    "speed": 0.014662393933516113,
    "if_vehicle": false,
    "motion_state": false,
    "pose": [
      [
        -0.9472210884093022,
        0.32057749705287486,
        -0.0015093230306383394,
        -10.584917796276613
      ],
      [
        -0.32050624089955876,
        -0.9470912590166484,
        -0.017143413857628746,
        109.43521598543339
      ],
      [
        -0.006925259354770282,
        -0.01575485568242119,
        0.9998519016860924,
        2.0844697306991886
      ],
      [
        0.0,
        0.0,
        0.0,
        1.0
      ]
    ],
    "location": [
      -10.584917796276613,
      109.43521598543339,
      2.0844697306991886
    ],
    "rotation": [
      -0.015755885377497586,
      0.006925314710967815,
      -2.8153206664138515
    ]
  },
  {
    "label_id": "7ep-aTN1FvIoU5SAK9txkw",
    "size": [
      0.8295246805404697,
      0.8192758753607412,
      1.7400000000000047
    ],
    "obj_class": "pedestrian",
    "point_num_in_lidar": 42,
    "speed": 1.1367329645388864,
    "if_vehicle": false,
    "motion_state": true,
    "pose": [
      [
        -0.00037297630084263223,
        0.9999987914156038,
        -0.0015093230306383394,
        -7.988543995730652
      ],
      [
        -0.9998529613509911,
        -0.00039879689025006034,
        -0.017143413857628746,
        102.16801526294694
      ],
      [
        -0.01714399505169726,
        0.0015027070147345643,
        0.9998519016860924,
        2.093062753965917
      ],
      [
        0.0,
        0.0,
        0.0,
        1.0
      ]
    ],
    "location": [
      -7.988543995730652,
      102.16801526294694,
      2.093062753965917
    ],
    "rotation": [
      0.0015029284644707248,
      0.017144834980152804,
      -1.571169357928433
    ]
  },
  {
    "label_id": "8aVX3NatEzhiT9gQ6KW5mQ",
    "size": [
      1.6810620273667523,
      4.580293545298149,
      1.540657427030581
    ],
    "obj_class": "vehicle",
    "point_num_in_lidar": 290,
    "speed": 0.005009640615360349,
    "if_vehicle": true,
    "motion_state": false,
    "pose": [
      [
        -0.20841329954585833,
        -0.9780396814630772,
        -0.0015093230306383394,
        -7.037650124183301
      ],
      [
        0.9779024558354569,
        -0.2083576018106578,
        -0.017143413857628746,
        78.7136982647844
      ],
      [
        0.016452460101483525,
        -0.005048886145858846,
        0.9998519016860924,
        1.7045986779148645
      ],
      [
        0.0,
        0.0,
        0.0,
        1.0
      ]
    ],
    "location": [
      -7.037650124183301,
      78.7136982647844,
      1.7045986779148645
    ],
    "rotation": [
      -0.005049591068920179,
      -0.016453202426666643,
      1.7807775262430239
    ]
  },
  {
    "label_id": "9S1ZjF-IIBz1PL5BOzf8cQ",
    "size": [
      1.0000000000007596,
      1.0,
      1.8200000000000047
    ],
    "obj_class": "pedestrian",
    "point_num_in_lidar": 27,
    "speed": 0.27587590065434886,
    "if_vehicle": false,
    "motion_state": false,
    "pose": [
      [
        -0.2961306683979484,
        -0.9551462449165433,
        -0.0015093230306383394,
        -27.65666212027395
      ],
      [
        0.9550146273109967,
        -0.29606277203212195,
        -0.017143413857628746,
        121.76401196290499
      ],
      [
        0.01592761301082162,
        -0.00651811617587923,
        0.9998519016860924,
        2.689645392292805
      ],
      [
        0.0,
        0.0,
        0.0,
        1.0
      ]
    ],
    "location": [
      -27.65666212027395,
      121.76401196290499,
      2.689645392292805
    ],
    "rotation": [
      -0.006518989292998224,
      -0.01592828653070132,
      1.8714747259457039
    ]
  },
  {
    "label_id": "EFrFyBj_ApId8RpLISrLcA",
    "size": [
      0.9767614703246951,
      0.9087334607547355,
      1.7000000000000037
    ],
    "obj_class": "pedestrian",
    "point_num_in_lidar": 28,
    "speed": 1.1517137908590196,
    "if_vehicle": false,
    "motion_state": true,
    "pose": [
      [
        0.038498070694756026,
        -0.9992575346209658,
        -0.0015093230306383394,
        -6.600004770424448
      ],
      [
        0.9991108261597224,
        0.03851831268037619,
        -0.017143413857628746,
        102.87366267320431
      ],
      [
        0.017188822042790822,
        -0.0008479926214425159,
        0.9998519016860924,
        2.1136252221291727
      ],
      [
        0.0,
        0.0,
        0.0,
        1.0
      ]
    ],
    "location": [
      -6.600004770424448,
      102.87366267320431,
      2.1136252221291727
    ],
    "rotation": [
      -0.0008481180229701567,
      -0.017189668577644257,
      1.5322830473610374
    ]
  },
  {
    "label_id": "It8cF6tiEaQxgBFxXxgK-g",
    "size": [
      1.9255668128063796,
      4.237264612076182,
      1.770000000000004
    ],
    "obj_class": "vehicle",
    "point_num_in_lidar": 59,
    "speed": 1.9705571142325161e-28,
    "if_vehicle": true,
    "motion_state": false,
    "pose": [
      [
        -0.13906606777957403,
        -0.990281955170504,
        -0.0015093230306383394,
        -26.2767044074144
      ],
      [
        0.9901411500071098,
        -0.13902016552969654,
        -0.017143413857628746,
        121.91523581118963
      ],
      [
        0.01676698705567258,
        -0.00387850999478675,
        0.9998519016860924,
        2.608789545442831
      ],
      [
        0.0,
        0.0,
        0.0,
        1.0
      ]
    ],
    "location": [
      -26.2767044074144,
      121.91523581118963,
      2.608789545442831
    ],
    "rotation": [
      -0.003879065024255509,
      -0.016767772777439856,
      1.7103343266687294
    ]
  },
  {
    "label_id": "KUCYq08RlyE439QAxBXN-A",
    "size": [
      1.9064355918050695,
      5.176931607263873,
      1.7600000000000042
    ],
    "obj_class": "vehicle",
    "point_num_in_lidar": 1897,
    "speed": 3.251505990912803e-28,
    "if_vehicle": true,
    "motion_state": false,
    "pose": [
      [
        -0.18693434301870385,
        -0.9823712502634402,
        -0.0015093230306383394,
        -4.814882455660154
      ],
      [
        0.9822328372357229,
        -0.18688166527823985,
        -0.017143413857628746,
        65.65835042277831
      ],
      [
        0.016559132103693846,
        -0.00468719944926269,
        0.9998519016860924,
        1.6277055922907913
      ],
      [
        0.0,
        0.0,
        0.0,
        1.0
      ]
    ],
    "location": [
      -4.814882455660154,
      65.65835042277831,
      1.6277055922907913
    ],
    "rotation": [
      -0.004687859377943815,
      -0.01655988896282714,
      1.7588629687876307
    ]
  },
  {
    "label_id": "LacRQQUbE3NsCQg5nU1DZQ",
    "size": [
      0.861116399396516,
      0.8724931554822942,
      1.8200000000000047
    ],
    "obj_class": "pedestrian",
    "point_num_in_lidar": 41,
    "speed": 1.6234130782821228,
    "if_vehicle": false,
    "motion_state": true,
    "pose": [
      [
        -0.0835433900387612,
        -0.9965029974489893,
        -0.0015093230306383394,
        -23.292859992983267
      ],
      [
        0.9963598484797916,
        -0.08350542316899431,
        -0.017143413857628746,
        92.15324970436995
      ],
      [
        0.01695742663726342,
        -0.0029360477766176584,
        0.9998519016860924,
        2.14926792751646
      ],
      [
        0.0,
        0.0,
        0.0,
        1.0
      ]
    ],
    "location": [
      -23.292859992983267,
      92.15324970436995,
      2.14926792751646
    ],
    "rotation": [
      -0.0029364742244308755,
      -0.016958239439319678,
      1.6544492615306579
    ]
  },
  {
    "label_id": "NnGgR0GOLz3FLRk6bJzEUA",
    "size": [
      2.095316834672084,
      4.499693689025667,
      1.650000000000004
    ],
    "obj_class": "vehicle",
    "point_num_in_lidar": 87,
    "speed": 7.94603278929346,
    "if_vehicle": true,
    "motion_state": true,
    "pose": [
      [
        -0.16581560032344145,
        -0.9861556209003556,
        -0.0015093230306383394,
        -20.354523109627507
      ],
      [
        0.9860161095858362,
        -0.16576590420987744,
        -0.017143413857628746,
        108.21250006849732
      ],
      [
        0.01665587964020308,
        -0.004330862283174235,
        0.9998519016860924,
        2.1247863673752265
      ],
      [
        0.0,
        0.0,
        0.0,
        1.0
      ]
    ],
    "location": [
      -20.354523109627507,
      108.21250006849732,
      2.1247863673752265
    ],
    "rotation": [
      -0.004331476682768244,
      -0.01665664984406746,
      1.7374046579621087
    ]
  },
  {
    "label_id": "S4UxYfTxHm_nD4ZGUfJIRA",
    "size": [
      0.9076042070065572,
      0.7511979520837815,
      2.110000000000002
    ],
    "obj_class": "pedestrian",
    "point_num_in_lidar": 62,
    "speed": 0.9980046747884583,
    "if_vehicle": false,
    "motion_state": false,
    "pose": [
      [
        0.7391211192725736,
        0.6735708522414304,
        -0.0015093230306383394,
        -24.90442214170639
      ],
      [
        -0.6734917565073917,
        0.7389959115434227,
        -0.017143413857628746,
        85.65483263783426
      ],
      [
        -0.010431920333570483,
        0.013687575857645184,
        0.9998519016860924,
        1.8967241778101762
      ],
      [
        0.0,
        0.0,
        0.0,
        1.0
      ]
    ],
    "location": [
      -24.90442214170639,
      85.65483263783426,
      1.8967241778101762
    ],
    "rotation": [
      0.013688748193167724,
      0.010432109551725589,
      -0.7389719946708138
    ]
  },
  {
    "label_id": "Vph9lRXCtQfcwKVMJY5wfw",
    "size": [
      1.8247667660245641,
      4.541368818290325,
      1.563181648906676
    ],
    "obj_class": "vehicle",
    "point_num_in_lidar": 620,
    "speed": 0.020326088532736365,
    "if_vehicle": true,
    "motion_state": false,
    "pose": [
      [
        -0.16362435148646126,
        -0.9865215626354165,
        -0.0015093230306383394,
        -17.1588331693506
      ],
      [
        0.9863819412604756,
        -0.16357496543335026,
        -0.017143413857628746,
        70.65643285708211
      ],
      [
        0.016665459965169136,
        -0.004293848955668707,
        0.9998519016860924,
        1.6593727284606645
      ],
      [
        0.0,
        0.0,
        0.0,
        1.0
      ]
    ],
    "location": [
      -17.1588331693506,
      70.65643285708211,
      1.6593727284606645
    ],
    "rotation": [
      -0.004294458561451756,
      -0.01666623149895376,
      1.735182772135843
    ]
  },
  {
    "label_id": "W7smyXncdDt6gb7dmd9G4Q",
    "size": [
      2.5745319796787625,
      5.894976476344226,
      1.9000000000000048
    ],
    "obj_class": "vehicle",
    "point_num_in_lidar": 6946,
    "speed": 7.882209897189527e-28,
    "if_vehicle": true,
    "motion_state": false,
    "pose": [
      [
        -0.17556485579855835,
        -0.9844667101291036,
        -0.0015093230306383394,
        -3.603482288799114
      ],
      [
        0.9843276973546159,
        -0.1755137817433883,
        -0.017143413857628746,
        58.64279042977978
      ],
      [
        0.01661221324782173,
        -0.004495449445122125,
        0.9998519016860924,
        1.6949273914301788
      ],
      [
        0.0,
        0.0,
        0.0,
        1.0
      ]
    ],
    "location": [
      -3.603482288799114,
      58.64279042977978,
      1.6949273914301788
    ],
    "rotation": [
      -0.0044960850161834985,
      -0.01661297740936889,
      1.7473004455544783
    ]
  },
  {
    "label_id": "Wapj6SbPm34CXWWQe7JzYA",
    "size": [
      1.9834396728584895,
      4.228772219860718,
      1.4900000000000038
    ],
    "obj_class": "vehicle",
    "point_num_in_lidar": 67,
    "speed": 0.004316808351422264,
    "if_vehicle": true,
    "motion_state": false,
    "pose": [
      [
        -0.13945685016114953,
        -0.9902269986660229,
        -0.0015093230306383394,
        -13.224710548039866
      ],
      [
        0.990086211627916,
        -0.13941089234915457,
        -0.017143413857628746,
        118.11699812766346
      ],
      [
        0.0167654551805848,
        -0.0038851264191213856,
        0.9998519016860924,
        2.118789545442824
      ],
      [
        0.0,
        0.0,
        0.0,
        1.0
      ]
    ],
    "location": [
      -13.224710548039866,
      118.11699812766346,
      2.118789545442824
    ],
    "rotation": [
      -0.00388568232887407,
      -0.0167662406869969,
      1.7107290074072248
    ]
  },
  {
    "label_id": "YMb2DQvXVMNwYg9V1LLfjg",
    "size": [
      2.0355511694670847,
      3.7736514423989274,
      1.8000000000000007
    ],
    "obj_class": "vehicle",
    "point_num_in_lidar": 1171,
    "speed": 3.5908373764491093,
    "if_vehicle": true,
    "motion_state": true,
    "pose": [
      [
        -0.1624070564104143,
        -0.9867226915258884,
        -0.0015093230306383394,
        -10.488436738258542
      ],
      [
        0.9865830093246939,
        -0.16235784265977787,
        -0.017143413857628746,
        66.18846237874641
      ],
      [
        0.016670745032410495,
        -0.004273283839053231,
        0.9998519016860924,
        1.8171184130499487
      ],
      [
        0.0,
        0.0,
        0.0,
        1.0
      ]
    ],
    "location": [
      -10.488436738258542,
      66.18846237874641,
      1.8171184130499487
    ],
    "rotation": [
      -0.004273890776235672,
      -0.016671517300511734,
      1.7339488114850523
    ]
  },
  {
    "label_id": "_GARc9fieIJDt4ZaybG5VQ",
    "size": [
      0.5164380593014498,
      0.07716136710051658,
      0.5800000000000036
    ],
    "obj_class": "sign",
    "point_num_in_lidar": 77,
    "speed": 0.012150757363092327,
    "if_vehicle": false,
    "motion_state": false,
    "pose": [
      [
        0.08632157099116027,
        0.9962661834698632,
        -0.0015093230306383394,
        -19.07122655775197
      ],
      [
        -0.9961231409184749,
        0.08628320513297123,
        -0.017143413857628746,
        70.24792258594607
      ],
      [
        -0.01694917426691967,
        0.002983318014282195,
        0.9998519016860924,
        3.4878677855627487
      ],
      [
        0.0,
        0.0,
        0.0,
        1.0
      ]
    ],
    "location": [
      -19.07122655775197,
      70.24792258594607,
      3.4878677855627487
    ],
    "rotation": [
      0.0029837510495114637,
      0.016949985882795185,
      -1.4843547436431768
    ]
  },
  {
    "label_id": "hENofIehdn8fsrjnf9OVYw",
    "size": [
      1.833709355687926,
      4.543457418889727,
      1.770000000000004
    ],
    "obj_class": "vehicle",
    "point_num_in_lidar": 599,
    "speed": 3.1590370120033797e-27,
    "if_vehicle": true,
    "motion_state": false,
    "pose": [
      [
        -0.18693434301878237,
        -0.9823712502634252,
        -0.0015093230306383394,
        -5.906904503536907
      ],
      [
        0.9822328372357079,
        -0.18688166527831834,
        -0.017143413857628746,
        71.92859316587419
      ],
      [
        0.01655913210369347,
        -0.0046871994492640135,
        0.9998519016860924,
        1.7499273914301554
      ],
      [
        0.0,
        0.0,
        0.0,
        1.0
      ]
    ],
    "location": [
      -5.906904503536907,
      71.92859316587419,
      1.7499273914301554
    ],
    "rotation": [
      -0.004687859377945139,
      -0.016559888962826765,
      1.7588629687877106
    ]
  },
  {
    "label_id": "iPNL4NmFaN0oaFdH7SSrhQ",
    "size": [
      2.5369780012970264,
      5.479260669092566,
      2.0500000000000034
    ],
    "obj_class": "vehicle",
    "point_num_in_lidar": 20,
    "speed": 8.12481512329299e-28,
    "if_vehicle": true,
    "motion_state": false,
    "pose": [
      [
        -0.15017472953796965,
        -0.9886583194168685,
        -0.0015093230306383394,
        -34.27760052736335
      ],
      [
        0.9885180384497133,
        -0.1501272494280681,
        -0.017143413857628746,
        125.47940934208964
      ],
      [
        0.016722388218462923,
        -0.004066500581060466,
        0.9998519016860924,
        2.917700785950359
      ],
      [
        0.0,
        0.0,
        0.0,
        1.0
      ]
    ],
    "location": [
      -34.27760052736335,
      125.47940934208964,
      2.917700785950359
    ],
    "rotation": [
      -0.004067080487274957,
      -0.016723167686498615,
      1.7215625736349494
    ]
  },
  {
    "label_id": "kNtdgBIGtz-619syo5GotQ",
    "size": [
      2.309682721810973,
      5.064638733456315,
      1.9400000000000048
    ],
    "obj_class": "vehicle",
    "point_num_in_lidar": 365,
    "speed": 4.005350188599714,
    "if_vehicle": true,
    "motion_state": true,
    "pose": [
      [
        -0.16500557992967985,
        -0.9862914784869933,
        -0.0015093230306383394,
        -12.018917948354556
      ],
      [
        0.9861519264023562,
        -0.16495599841845146,
        -0.017143413857628746,
        74.55513540215543
      ],
      [
        0.016659431112500154,
        -0.004317180759779982,
        0.9998519016860924,
        1.9625195701813585
      ],
      [
        0.0,
        0.0,
        0.0,
        1.0
      ]
    ],
    "location": [
      -12.018917948354556,
      74.55513540215543,
      1.9625195701813585
    ],
    "rotation": [
      -0.004317793388778097,
      -0.0166602018091939,
      1.7365832162338615
    ]
  },
  {
    "label_id": "kdJS5qAlkLpSFClhCrGL3g",
    "size": [
      2.0848739881627414,
      4.58010592450172,
      1.4300000000000042
    ],
    "obj_class": "vehicle",
    "point_num_in_lidar": 3391,
    "speed": 8.64807680063286,
    "if_vehicle": true,
    "motion_state": true,
    "pose": [
      [
        -0.21530477576755314,
        -0.9765457364996647,
        -0.0015093230306383394,
        -11.587199794788603
      ],
      [
        0.9764089070369849,
        -0.21524811176906175,
        -0.017143413857628746,
        52.98024357486793
      ],
      [
        0.016416448779322163,
        -0.005164775327218452,
        0.9998519016860924,
        1.5082949709157987
      ],
      [
        0.0,
        0.0,
        0.0,
        1.0
      ]
    ],
    "location": [
      -11.587199794788603,
      52.98024357486793,
      1.5082949709157987
    ],
    "rotation": [
      -0.005165494392062833,
      -0.01641718624034571,
      1.7878299564448679
    ]
  },
  {
    "label_id": "n9y7gH82HbnQHbvHXTnzjg",
    "size": [
      0.4919963961013798,
      0.10373152161804433,
      0.5200000000000031
    ],
    "obj_class": "sign",
    "point_num_in_lidar": 27,
    "speed": 0.003625867127346543,
    "if_vehicle": false,
    "motion_state": false,
    "pose": [
      [
        0.13231317724996516,
        0.9912068124614603,
        -0.0015093230306383394,
        -5.11480388680161
      ],
      [
        -0.9910656977037317,
        0.1322682357798794,
        -0.017143413857628746,
        81.14943473039966
      ],
      [
        -0.01679303311004334,
        0.003764137838833838,
        0.9998519016860924,
        4.274220059799004
      ],
      [
        0.0,
        0.0,
        0.0,
        1.0
      ]
    ],
    "location": [
      -5.11480388680161,
      81.14943473039966,
      4.274220059799004
    ],
    "rotation": [
      0.0037646775984340863,
      0.016793822499463228,
      -1.4380751871255713
    ]
  },
  {
    "label_id": "pd5EtGL863Dl-vNVRvaEcQ",
    "size": [
      0.9767614703259625,
      0.9087334607547355,
      1.7000000000000046
    ],
    "obj_class": "pedestrian",
    "point_num_in_lidar": 38,
    "speed": 1.655281000683033,
    "if_vehicle": false,
    "motion_state": true,
    "pose": [
      [
        0.03834418012121886,
        0.9992634516456712,
        -0.0015093230306383394,
        -5.3244895484906465
      ],
      [
        -0.9991187306154816,
        0.038312732800138236,
        -0.017143413857628746,
        92.56005443175854
      ],
      [
        -0.01707296061438239,
        0.002165343059309606,
        0.9998519016860924,
        2.090289177984066
      ],
      [
        0.0,
        0.0,
        0.0,
        1.0
      ]
    ],
    "location": [
      -5.3244895484906465,
      92.56005443175854,
      2.090289177984066
    ],
    "rotation": [
      0.0021656604047486615,
      0.017073790144649877,
      -1.5324371506308179
    ]
  },
  {
    "label_id": "qnu6SQHMaFWFVIC9hoAG7A",
    "size": [
      0.8868804989475532,
      0.9229548055295895,
      1.7000000000000037
    ],
    "obj_class": "pedestrian",
    "point_num_in_lidar": 27,
    "speed": 1.371216306652054,
    "if_vehicle": false,
    "motion_state": true,
    "pose": [
      [
        -0.012149457002445989,
        0.9999250535107793,
        -0.0015093230306383394,
        -4.6168207448586145
      ],
      [
        -0.9997789294821355,
        -0.01217355843051949,
        -0.017143413857628746,
        96.57461420979416
      ],
      [
        -0.017160502851050866,
        0.0013007061942759347,
        0.9998519016860924,
        2.1236252221291707
      ],
      [
        0.0,
        0.0,
        0.0,
        1.0
      ]
    ],
    "location": [
      -4.6168207448586145,
      96.57461420979416,
      2.1236252221291707
    ],
    "rotation": [
      0.0013008981213502506,
      0.01716134520833688,
      -1.5829478721433852
    ]
  },
  {
    "label_id": "sJGK7DedDoxQEYAD87bVIw",
    "size": [
      0.955085272456821,
      0.8830833140800468,
      1.7000000000000046
    ],
    "obj_class": "pedestrian",
    "point_num_in_lidar": 57,
    "speed": 1.2845816058788044,
    "if_vehicle": false,
    "motion_state": true,
    "pose": [
      [
        0.17466689864834015,
        0.9846264248234248,
        -0.0015093230306383394,
        -7.275175810980954
      ],
      [
        -0.9844873655245975,
        0.17461595140119257,
        -0.017143413857628746,
        96.12133454980903
      ],
      [
        -0.016616306418938704,
        0.004480296384915731,
        0.9998519016860924,
        2.283626932783749
      ],
      [
        0.0,
        0.0,
        0.0,
        1.0
      ]
    ],
    "location": [
      -7.275175810980954,
      96.12133454980903,
      2.283626932783749
    ],
    "rotation": [
      0.004480930016829646,
      0.016617071145529287,
      -1.3952043761640944
    ]
  },
  {
    "label_id": "t1qXUyb9x438EQc-bc_4uA",
    "size": [
      0.9815463408668739,
      0.9385322933989074,
      1.7315044247787643
    ],
    "obj_class": "pedestrian",
    "point_num_in_lidar": 151,
    "speed": 0.17475061622183963,
    "if_vehicle": false,
    "motion_state": false,
    "pose": [
      [
        0.9666775133852402,
        0.25599278712361756,
        -0.0015093230306383394,
        -18.4033078380603
      ],
      [
        -0.2559804708930279,
        0.9665299280843247,
        -0.017143413857628746,
        70.29433082819196
      ],
      [
        -0.002929784413969142,
        0.016958509898939118,
        0.9998519016860924,
        1.893428417998515
      ],
      [
        0.0,
        0.0,
        0.0,
        1.0
      ]
    ],
    "location": [
      -18.4033078380603,
      70.29433082819196,
      1.893428417998515
    ],
    "rotation": [
      0.01695939565056807,
      0.0029297886053528408,
      -0.25886296790141683
    ]
  },
  {
    "label_id": "vs9s9qzlH4_rx8JAdIwCTA",
    "size": [
      2.0721824313822386,
      4.541388680750847,
      1.8900000000000041
    ],
    "obj_class": "vehicle",
    "point_num_in_lidar": 396,
    "speed": 0.023808809476030316,
    "if_vehicle": true,
    "motion_state": false,
    "pose": [
      [
        -0.1380650546980549,
        -0.9904220123842221,
        -0.0015093230306383394,
        -18.102660253411614
      ],
      [
        0.9902811608963806,
        -0.1380192947925141,
        -0.017143413857628746,
        75.97151423619835
      ],
      [
        0.016770898751705423,
        -0.0038615605349130843,
        0.9998519016860924,
        1.9559635529139552
      ],
      [
        0.0,
        0.0,
        0.0,
        1.0
      ]
    ],
    "location": [
      -18.102660253411614,
      75.97151423619835,
      1.9559635529139552
    ],
    "rotation": [
      -0.003862113307788018,
      -0.016771685023568184,
      1.709323427226732
    ]
  },
  {
    "label_id": "xT3npWPGQpvgIylUA_K_9A",
    "size": [
      2.2141529795274186,
      5.110641623638559,
      1.900000000000004
    ],
    "obj_class": "vehicle",
    "point_num_in_lidar": 47,
    "speed": 4.434066911563397e-27,
    "if_vehicle": true,
    "motion_state": false,
    "pose": [
      [
        -0.17027855574633813,
        -0.9853948119393212,
        -0.0015093230306383394,
        -2.5226186907325427
      ],
      [
        0.9852555270454223,
        -0.17022822852791902,
        -0.017143413857628746,
        52.18511015077274
      ],
      [
        0.01663610168845408,
        -0.004406224610272154,
        0.9998519016860924,
        1.6217821570695872
      ],
      [
        0.0,
        0.0,
        0.0,
        1.0
      ]
    ],
    "location": [
      -2.5226186907325427,
      52.18511015077274,
      1.6217821570695872
    ],
    "rotation": [
      -0.004406848733677913,
      -0.016636869151622075,
      1.741932590464511
    ]
  },
  {
    "label_id": "zn9IA7cFDAEx0uP6WPTM6g",
    "size": [
      1.2441413218967996,
      0.1317077246303719,
      0.5872388059701414
    ],
    "obj_class": "sign",
    "point_num_in_lidar": 21,
    "speed": 0.02134345908608284,
    "if_vehicle": false,
    "motion_state": false,
    "pose": [
      [
        0.062946721268066,
        0.9980157474837706,
        -0.0015093230306383394,
        -9.455067602445524
      ],
      [
        -0.9978718449854947,
        0.06291171867427332,
        -0.017143413857628746,
        109.97929271688736
      ],
      [
        -0.017014442889652863,
        0.0025852326509414355,
        0.9998519016860924,
        5.967735803032374
      ],
      [
        0.0,
        0.0,
        0.0,
        1.0
      ]
    ],
    "location": [
      -9.455067602445524,
      109.97929271688736,
      5.967735803032374
    ],
    "rotation": [
      0.0025856098143068637,
      0.01701526391871816,
      -1.5077988310224097
    ]
  }
]