[
  {
    "label_id": "--vdK0N2LIZSbUVEuUiisw",
    "size": [
      3.1060181495331687,
      7.585705537180848,
      3.429999999999974
    ],
    "obj_class": "vehicle",
    "point_num_in_lidar": 680,
    "speed": 0.823885485495904,
    "if_vehicle": true,
    "motion_state": false,
    "pose": [
      [
        -0.1589312984934427,
        -0.9872865951647927,
        -0.0024538474074600964,
        -12.438060543027177
      ],
      [
        0.987220184221936,
        -0.15889014410414815,
        -0.012256833660030567,
        77.60822912856383
      ],
      [
        0.011711115403531876,
        -0.00437048217865207,
        0.999921871278717,
        2.8695090666931327
      ],
      [
        0.0,
        0.0,
        0.0,
        1.0
      ]
    ],
    "location": [
      -12.438060543027177,
      77.60822912856383,
      2.8695090666931327
    ],
    "rotation": [
      -0.004370795832284957,
      -0.011711383117071646,
      1.7304154654386017
    ]
  },
  {
    "label_id": "-roDyLaSj9Ly7YWd600gHw",
    "size": [
      2.3762110385407293,
      5.77472060364153,
      2.21
    ],
    "obj_class": "vehicle",
    "point_num_in_lidar": 14116,
    "speed": 3.297983777810311,
    "if_vehicle": true,
    "motion_state": true,
    "pose": [
      [
        -0.13789751234499978,
        -0.990443463667645,
        -0.0024538474074600964,
        -4.338796705531422
      ],
      [
        0.9903761924656179,
        -0.13785777970769547,
        -0.012256833660030567,
        46.6945459182607
      ],
      [
        0.011801418828504918,
        -0.004120418923236632,
        0.999921871278717,
        1.8110201388567333
      ],
      [
        0.0,
        0.0,
        0.0,
        1.0
      ]
    ],
    "location": [
      -4.338796705531422,
      46.6945459182607,
      1.8110201388567333
    ],
    "rotation": [
      -0.0041207175476018435,
      -0.011801692783132228,
      1.709144354997429
    ]
  },
  {
    "label_id": "0DOzd3WNjt66gPEDui60ug",
    "size": [
      0.8818837264838588,
      0.8195920853035972,
      1.9100000000000046
    ],
    "obj_class": "pedestrian",
    "point_num_in_lidar": 28,
    "speed": 0.014662393811516603,
    "if_vehicle": false,
    "motion_state": false,
    "pose": [
      [
        -0.947219315532003,
        0.3205768970402964,
        -0.0024538474074600964,
        -10.53284766241336
      ],
      [
        -0.3205252918311561,
        -0.9471606554989405,
        -0.012256833660030567,
        109.4504618870451
      ],
      [
        -0.006253445421215939,
        -0.010823389433658495,
        0.999921871278717,
        2.126703090319996
      ],
      [
        0.0,
        0.0,
        0.0,
        1.0
      ]
    ],
    "location": [
      -10.53284766241336,
      109.4504618870451,
      2.126703090319996
    ],
    "rotation": [
      -0.010823812409890242,
      0.006253486179367838,
      -2.815302051941116
    ]
  },
  {
    "label_id": "8aVX3NatEzhiT9gQ6KW5mQ",
    "size": [
      1.6810620273667525,
      4.580293545298149,
      1.540657427030581
    ],
    "obj_class": "vehicle",
    "point_num_in_lidar": 109,
    "speed": 0.005009640573071896,
    "if_vehicle": true,
    "motion_state": false,
    "pose": [
      [
        -0.20841290946669794,
        -0.9780378509038016,
        -0.0024538474074600964,
        -7.019519693789562
      ],
      [
        0.9779735951050996,
        -0.20836846523847327,
        -0.012256833660030567,
        78.71756173054746
      ],
      [
        0.011476342833519806,
        -0.004954280334849404,
        0.999921871278717,
        1.7045986779149054
      ],
      [
        0.0,
        0.0,
        0.0,
        1.0
      ]
    ],
    "location": [
      -7.019519693789562,
      78.71756173054746,
      1.7045986779149054
    ],
    "rotation": [
      -0.004954626893681043,
      -0.011476594766504011,
      1.78076231535335
    ]
  },
  {
    "label_id": "AE5mG59C1GJKWSHeZyrOug",
    "size": [
      2.3096827218117366,
      5.064638733456315,
      1.7500000000000044
    ],
    "obj_class": "vehicle",
    "point_num_in_lidar": 72,
    "speed": 8.671706745939426,
    "if_vehicle": true,
    "motion_state": true,
    "pose": [
      [
        -0.18071425132724758,
        -0.9835325810567402,
        -0.0024538474074600964,
        -12.090300186259356
      ],
      [
        0.9834670959642752,
        -0.18067163912530787,
        -0.012256833660030567,
        94.35661185930076
      ],
      [
        0.011611654611963793,
        -0.004628262702269278,
        0.999921871278717,
        2.179230064231729
      ],
      [
        0.0,
        0.0,
        0.0,
        1.0
      ]
    ],
    "location": [
      -12.090300186259356,
      94.35661185930076,
      2.179230064231729
    ],
    "rotation": [
      -0.004628591276393425,
      -0.011611915562040623,
      1.7525213256419194
    ]
  },
  {
    "label_id": "CxbtD4PgRVqlo5t1DPk9WA",
    "size": [
      1.8418395196122683,
      3.7532901285724676,
      1.650000000000004
    ],
    "obj_class": "vehicle",
    "point_num_in_lidar": 3646,
    "speed": 3.552713678800501e-13,
    "if_vehicle": true,
    "motion_state": false,
    "pose": [
      [
        -0.09699917650594851,
        -0.995281436775583,
        -0.0024538474074600964,
        -0.7426739788329542
      ],
      [
        0.9952125866359206,
        -0.09696224744750151,
        -0.012256833660030567,
        40.65368443454463
      ],
      [
        0.011961068455953993,
        -0.003631002597181566,
        0.999921871278717,
        1.3499273914301728
      ],
      [
        0.0,
        0.0,
        0.0,
        1.0
      ]
    ],
    "location": [
      -0.7426739788329542,
      40.65368443454463,
      1.3499273914301728
    ],
    "rotation": [
      -0.003631270344058943,
      -0.011961353680330168,
      1.6679552315702213
    ]
  },
  {
    "label_id": "KUCYq08RlyE439QAxBXN-A",
    "size": [
      1.9064355918050695,
      5.176931607263873,
      1.7600000000000042
    ],
    "obj_class": "vehicle",
    "point_num_in_lidar": 433,
    "speed": 1.4250766696571006e-12,
    "if_vehicle": true,
    "motion_state": false,
    "pose": [
      [
        -0.186933993140879,
        -0.9823694115969341,
        -0.0024538474074600964,
        -4.814882455660381
      ],
      [
        0.9823041974466123,
        -0.1868909674312729,
        -0.012256833660030567,
        65.65835042278013
      ],
      [
        0.011582136554736786,
        -0.0047016434675745886,
        0.999921871278717,
        1.6749273914302032
      ],
      [
        0.0,
        0.0,
        0.0,
        1.0
      ]
    ],
    "location": [
      -4.814882455660381,
      65.65835042278013,
      1.6749273914302032
    ],
    "rotation": [
      -0.004701976178022933,
      -0.01158239551970026,
      1.7588492826575972
    ]
  },
  {
    "label_id": "NnGgR0GOLz3FLRk6bJzEUA",
    "size": [
      2.095316834672525,
      4.499693689025667,
      1.650000000000004
    ],
    "obj_class": "vehicle",
    "point_num_in_lidar": 144,
    "speed": 3.703406693344213,
    "if_vehicle": true,
    "motion_state": true,
    "pose": [
      [
        -0.17026880251039736,
        -0.9853945978766964,
        -0.0024538474074600964,
        -16.9150693615818
      ],
      [
        0.9853286643549333,
        -0.17022688750357143,
        -0.012256833660030567,
        87.71241942138295
      ],
      [
        0.011660106869086737,
        -0.004504802578386007,
        0.999921871278717,
        1.9521220048041625
      ],
      [
        0.0,
        0.0,
        0.0,
        1.0
      ]
    ],
    "location": [
      -16.9150693615818,
      87.71241942138295,
      1.9521220048041625
    ],
    "rotation": [
      -0.004505124081222703,
      -0.011660371099567104,
      1.7419105227655347
    ]
  },
  {
    "label_id": "R90qG22qnE5vElvAMK05mw",
    "size": [
      0.7771872958974816,
      1.0217405783919278,
      1.1200000000000037
    ],
    "obj_class": "sign",
    "point_num_in_lidar": 124,
    "speed": 9.078325938203563e-28,
    "if_vehicle": false,
    "motion_state": false,
    "pose": [
      [
        0.9910542508679684,
        -0.1334370655756148,
        -0.0024538474074600964,
        -20.194138938390324
      ],
      [
        0.13339763620087172,
        0.9909868014684404,
        -0.012256833660030567,
        35.78255872450791
      ],
      [
        0.004067246310453407,
        0.011819849657202078,
        0.999921871278717,
        1.2926041596490148
      ],
      [
        0.0,
        0.0,
        0.0,
        1.0
      ]
    ],
    "location": [
      -20.194138938390324,
      35.78255872450791,
      1.2926041596490148
    ],
    "rotation": [
      0.011820222670362847,
      -0.004067257524268849,
      0.1337975852062596
    ]
  },
  {
    "label_id": "Vph9lRXCtQfcwKVMJY5wfw",
    "size": [
      1.8247667660245641,
      4.541368818290325,
      1.563181648906676
    ],
    "obj_class": "vehicle",
    "point_num_in_lidar": 277,
    "speed": 0.021246523117756128,
    "if_vehicle": true,
    "motion_state": false,
    "pose": [
      [
        -0.16362404523705415,
        -0.9865197162009299,
        -0.0024538474074600964,
        -17.20848161440267
      ],
      [
        0.9864535016977951,
        -0.16358257552926747,
        -0.012256833660030567,
        70.68051259347703
      ],
      [
        0.01169020138494722,
        -0.004426119072972957,
        0.999921871278717,
        1.6593727284606432
      ],
      [
        0.0,
        0.0,
        0.0,
        1.0
      ]
    ],
    "location": [
      -17.20848161440267,
      70.68051259347703,
      1.6593727284606432
    ],
    "rotation": [
      -0.004426435997240646,
      -0.011690467666718484,
      1.735170758537572
    ]
  },
  {
    "label_id": "W7smyXncdDt6gb7dmd9G4Q",
    "size": [
      2.574531979678763,
      5.894976476344226,
      1.9000000000000048
    ],
    "obj_class": "vehicle",
    "point_num_in_lidar": 920,
    "speed": 2.864289338439558e-13,
    "if_vehicle": true,
    "motion_state": false,
    "pose": [
      [
        -0.1755645272005657,
        -0.9844648675406059,
        -0.0024538474074600964,
        -3.603482288798432
      ],
      [
        0.9843991603369315,
        -0.1755222582938539,
        -0.012256833660030567,
        58.64279042977796
      ],
      [
        0.011635717287123315,
        -0.0045674305339979205,
        0.999921871278717,
        1.6949273914301646
      ],
      [
        0.0,
        0.0,
        0.0,
        1.0
      ]
    ],
    "location": [
      -3.603482288798432,
      58.64279042977796,
      1.6949273914301646
    ],
    "rotation": [
      -0.004567755641308038,
      -0.011635979862920389,
      1.7472875730705717
    ]
  },
  {
    "label_id": "YMb2DQvXVMNwYg9V1LLfjg",
    "size": [
      2.035551169466239,
      3.7736514423989274,
      1.8000000000000007
    ],
    "obj_class": "vehicle",
    "point_num_in_lidar": 549,
    "speed": 0.14158129679122647,
    "if_vehicle": true,
    "motion_state": false,
    "pose": [
      [
        -0.17980542360125376,
        -0.983699135038999,
        -0.0024538474074600964,
        -9.705135658979998
      ],
      [
        0.9836336106022642,
        -0.17976287192349713,
        -0.012256833660030567,
        61.32301809048113
      ],
      [
        0.0116159260124619,
        -0.004617531953518881,
        0.999921871278717,
        1.797118222362446
      ],
      [
        0.0,
        0.0,
        0.0,
        1.0
      ]
    ],
    "location": [
      -9.705135658979998,
      61.32301809048113,
      1.797118222362446
    ],
    "rotation": [
      -0.004617859918575564,
      -0.011616187250631396,
      1.7515973071461586
    ]
  },
  {
    "label_id": "_GARc9fieIJDt4ZaybG5VQ",
    "size": [
      0.5164380593014513,
      0.07716136710051658,
      0.5800000000000036
    ],
    "obj_class": "sign",
    "point_num_in_lidar": 37,
    "speed": 0.013572304425634833,
    "if_vehicle": false,
    "motion_state": false,
    "pose": [
      [
        0.08632140942640161,
        0.996264318796744,
        -0.0024538474074600964,
        -19.083049033210955
      ],
      [
        -0.9961950766329106,
        0.08628522075639311,
        -0.012256833660030567,
        70.29238069017083
      ],
      [
        -0.011999315271660158,
        0.003502537862758979,
        0.999921871278717,
        3.5159924902643542
      ],
      [
        0.0,
        0.0,
        0.0,
        1.0
      ]
    ],
    "location": [
      -19.083049033210955,
      70.29238069017083,
      3.5159924902643542
    ],
    "rotation": [
      0.0035027972069147893,
      0.011999603241021206,
      -1.4843611155594387
    ]
  },
  {
    "label_id": "hENofIehdn8fsrjnf9OVYw",
    "size": [
      1.8337093556879254,
      4.543457418889727,
      1.770000000000004
    ],
    "obj_class": "vehicle",
    "point_num_in_lidar": 150,
    "speed": 1.4228607195221901e-12,
    "if_vehicle": true,
    "motion_state": false,
    "pose": [
      [
        -0.18693399314095535,
        -0.9823694115969197,
        -0.0024538474074600964,
        -5.906904503536907
      ],
      [
        0.9823041974465978,
        -0.18689096743134923,
        -0.012256833660030567,
        71.92859316587419
      ],
      [
        0.011582136554736422,
        -0.004701643467575489,
        0.999921871278717,
        1.7499273914301803
      ],
      [
        0.0,
        0.0,
        0.0,
        1.0
      ]
    ],
    "location": [
      -5.906904503536907,
      71.92859316587419,
      1.7499273914301803
    ],
    "rotation": [
      -0.004701976178023834,
      -0.011582395519699897,
      1.758849282657675
    ]
  },
  {
    "label_id": "kNtdgBIGtz-619syo5GotQ",
    "size": [
      2.309682721812461,
      5.064638733456315,
      1.9400000000000048
    ],
    "obj_class": "vehicle",
    "point_num_in_lidar": 157,
    "speed": 0.14509978698390447,
    "if_vehicle": true,
    "motion_state": false,
    "pose": [
      [
        -0.1640190228639354,
        -0.98645412400763,
        -0.0024538474074600964,
        -10.797778022890725
      ],
      [
        0.9863879261137796,
        -0.1639775266479745,
        -0.012256833660030567,
        67.59851279685245
      ],
      [
        0.011688428282565834,
        -0.004430799335568245,
        0.999921871278717,
        1.9185207258423143
      ],
      [
        0.0,
        0.0,
        0.0,
        1.0
      ]
    ],
    "location": [
      -10.797778022890725,
      67.59851279685245,
      1.9185207258423143
    ],
    "rotation": [
      -0.004431116533721908,
      -0.011688694443186255,
      1.735571170065989
    ]
  },
  {
    "label_id": "kqCTeFWUmg4ZB7MzI0k53Q",
    "size": [
      2.2250825138581427,
      4.938817659304747,
      2.170000000000001
    ],
    "obj_class": "vehicle",
    "point_num_in_lidar": 3640,
    "speed": 0.10171898066428273,
    "if_vehicle": true,
    "motion_state": false,
    "pose": [
      [
        -0.9997828217855746,
        0.020695117669994205,
        -0.0024538474074600964,
        -15.654946885423215
      ],
      [
        -0.02066355534220453,
        -0.9997113520958186,
        -0.012256833660030567,
        33.42521203805154
      ],
      [
        -0.00270679572440463,
        -0.012203466531076394,
        0.999921871278717,
        1.629519850727461
      ],
      [
        0.0,
        0.0,
        0.0,
        1.0
      ]
    ],
    "location": [
      -15.654946885423215,
      33.42521203805154,
      1.629519850727461
    ],
    "rotation": [
      -0.012203814160170233,
      0.0027067990297483416,
      -3.1209275517539563
    ]
  },
  {
    "label_id": "ovWWa3NMo85PAccMFBiTGA",
    "size": [
      1.9597807102898215,
      4.73755135825663,
      1.4905366848378785
    ],
    "obj_class": "vehicle",
    "point_num_in_lidar": 5054,
    "speed": 0.006530758825412137,
    "if_vehicle": true,
    "motion_state": false,
    "pose": [
      [
        -0.16464851226526922,
        -0.9863492515543033,
        -0.0024538474074600964,
        -12.787447753160905
      ],
      [
        0.9862830801554622,
        -0.1646069738124246,
        -0.012256833660030567,
        43.56532453485306
      ],
      [
        0.01168559831105727,
        -0.004438257606468147,
        0.999921871278717,
        1.3056952104950605
      ],
      [
        0.0,
        0.0,
        0.0,
        1.0
      ]
    ],
    "location": [
      -12.787447753160905,
      43.56532453485306,
      1.3056952104950605
    ],
    "rotation": [
      -0.004438575240673761,
      -0.011685864278390249,
      1.7362093747560394
    ]
  },
  {
    "label_id": "sJGK7DedDoxQEYAD87bVIw",
    "size": [
      0.9550852724597356,
      0.8830833140800468,
      1.7000000000000037
    ],
    "obj_class": "pedestrian",
    "point_num_in_lidar": 33,
    "speed": 1.59771837247919,
    "if_vehicle": false,
    "motion_state": true,
    "pose": [
      [
        0.17584013192667677,
        0.9844156777687513,
        -0.0024538474074600964,
        -8.321685421182337
      ],
      [
        -0.9843499824012902,
        0.17579784462617784,
        -0.012256833660030567,
        101.51612327177281
      ],
      [
        -0.011634438129464814,
        0.004570687900131904,
        0.999921871278717,
        2.3200518745990104
      ],
      [
        0.0,
        0.0,
        0.0,
        1.0
      ]
    ],
    "location": [
      -8.321685421182337,
      101.51612327177281,
      2.3200518745990104
    ],
    "rotation": [
      0.0045710131939394735,
      0.011634700618670092,
      -1.3940251036516984
    ]
  },
  {
    "label_id": "t1qXUyb9x438EQc-bc_4uA",
    "size": [
      0.9815463408667241,
      0.9385322933989074,
      1.7315044247787643
    ],
    "obj_class": "pedestrian",
    "point_num_in_lidar": 94,
    "speed": 0.01905417635461176,
    "if_vehicle": false,
    "motion_state": false,
    "pose": [
      [
        0.9362955785819784,
        0.3512044535035672,
        -0.0024538474074600964,
        -18.53386064304391
      ],
      [
        -0.3512072894965958,
        0.9362175013494912,
        -0.012256833660030567,
        70.15967900275427
      ],
      [
        -0.002007319678749944,
        0.012337828260113695,
        0.999921871278717,
        1.884404132627398
      ],
      [
        0.0,
        0.0,
        0.0,
        1.0
      ]
    ],
    "location": [
      -18.53386064304391,
      70.15967900275427,
      1.884404132627398
    ],
    "rotation": [
      0.012338166154957511,
      0.0020073210267787223,
      -0.3588609770875354
    ]
  },
  {
    "label_id": "vs9s9qzlH4_rx8JAdIwCTA",
    "size": [
      2.0721824313822372,
      4.541388680750847,
      1.8900000000000041
    ],
    "obj_class": "vehicle",
    "point_num_in_lidar": 169,
    "speed": 0.023808809277762005,
    "if_vehicle": true,
    "motion_state": false,
    "pose": [
      [
        -0.1380647962870033,
        -0.9904201586494135,
        -0.0024538474074600964,
        -18.1129343739226
      ],
      [
        0.9903528941591887,
        -0.13802505228815917,
        -0.012256833660030567,
        76.05901440302296
      ],
      [
        0.011800722721385099,
        -0.004122412124198933,
        0.999921871278717,
        1.9559635529139605
      ],
      [
        0.0,
        0.0,
        0.0,
        1.0
      ]
    ],
    "location": [
      -18.1129343739226,
      76.05901440302296,
      1.9559635529139605
    ],
    "rotation": [
      -0.00412271087043855,
      -0.011800996627535571,
      1.7093132653336165
    ]
  },
  {
    "label_id": "zn9IA7cFDAEx0uP6WPTM6g",
    "size": [
      1.2441413218967992,
      0.1317077246303719,
      0.5872388059701414
    ],
    "obj_class": "sign",
    "point_num_in_lidar": 24,
    "speed": 0.0055904290827830235,
    "if_vehicle": false,
    "motion_state": false,
    "pose": [
      [
        0.06294660345311505,
        0.99801387953606,
        -0.0024538474074600964,
        -9.432976053418997
      ],
      [
        -0.9979438081810351,
        0.0629120476678643,
        -0.012256833660030567,
        110.02386131497587
      ],
      [
        -0.012078113546807476,
        0.003220327874484625,
        0.999921871278717,
        5.981406339167889
      ],
      [
        0.0,
        0.0,
        0.0,
        1.0
      ]
    ],
    "location": [
      -9.432976053418997,
      110.02386131497587,
      5.981406339167889
    ],
    "rotation": [
      0.0032205683595527518,
      0.012078407226952085,
      -1.5078034794457524
    ]
  }
]