[
  {
    "label_id": "--vdK0N2LIZSbUVEuUiisw",
    "size": [
      3.1060181495334556,
      7.585705537180848,
      3.429999999999974
    ],
    "obj_class": "vehicle",
    "point_num_in_lidar": 377,
    "speed": 0.007222023704511746,
    "if_vehicle": true,
    "motion_state": false,
    "pose": [
      [
        -0.1585572811458363,
        -0.9873399093399035,
        -0.004414976818905935,
        -12.377630632095588
      ],
      [
        0.9873274863652266,
        -0.1585220670473762,
        -0.00742892500638322,
        77.21931878581199
      ],
      [
        0.006635002890996131,
        -0.005536938115819579,
        0.9999626588292875,
        2.8775096907748994
      ],
      [
        0.0,
        0.0,
        0.0,
        1.0
      ]
    ],
    "location": [
      -12.377630632095588,
      77.21931878581199,
      2.8775096907748994
    ],
    "rotation": [
      -0.005537088290761178,
      -0.0066350515743738596,
      1.7300291392887757
    ]
  },
  {
    "label_id": "-roDyLaSj9Ly7YWd600gHw",
    "size": [
      2.3762110385419706,
      5.77472060364153,
      2.21
    ],
    "obj_class": "vehicle",
    "point_num_in_lidar": 8172,
    "speed": 4.7671127606503525,
    "if_vehicle": true,
    "motion_state": true,
    "pose": [
      [
        -0.143533670099458,
        -0.9896355862273084,
        -0.004414976818905935,
        -3.0908306627916318
      ],
      [
        0.9896226295139628,
        -0.14349864886861927,
        -0.00742892500638322,
        36.66780471613674
      ],
      [
        0.006718385345431491,
        -0.005435461839828705,
        0.9999626588292875,
        1.6473103898347405
      ],
      [
        0.0,
        0.0,
        0.0,
        1.0
      ]
    ],
    "location": [
      -3.0908306627916318,
      36.66780471613674,
      1.6473103898347405
    ],
    "rotation": [
      -0.005435611279995715,
      -0.0067184358874172335,
      1.7148307408728882
    ]
  },
  {
    "label_id": "8aVX3NatEzhiT9gQ6KW5mQ",
    "size": [
      1.6810620273667527,
      4.580293545298149,
      1.540657427030581
    ],
    "obj_class": "vehicle",
    "point_num_in_lidar": 43,
    "speed": 0.00500964057334755,
    "if_vehicle": true,
    "motion_state": false,
    "pose": [
      [
        -0.208411505724501,
        -0.9780312634375932,
        -0.004414976818905935,
        -7.007271468991576
      ],
      [
        0.9780206417948135,
        -0.20837570706901173,
        -0.00742892500638322,
        78.7201717401349
      ],
      [
        0.0063457469936432885,
        -0.0058662119084303315,
        0.9999626588292875,
        1.7045986779149391
      ],
      [
        0.0,
        0.0,
        0.0,
        1.0
      ]
    ],
    "location": [
      -7.007271468991576,
      78.7201717401349,
      1.7045986779149391
    ],
    "rotation": [
      -0.005866363671455533,
      -0.00634578958337238,
      1.7807511364318038
    ]
  },
  {
    "label_id": "AE5mG59C1GJKWSHeZyrOug",
    "size": [
      2.3096827218122566,
      5.064638733456315,
      1.7500000000000044
    ],
    "obj_class": "vehicle",
    "point_num_in_lidar": 71,
    "speed": 0.7934905325368031,
    "if_vehicle": true,
    "motion_state": false,
    "pose": [
      [
        -0.17821374807307522,
        -0.9839818941309006,
        -0.004414976818905935,
        -10.106602392810146
      ],
      [
        0.983970175810931,
        -0.17817829325665674,
        -0.00742892500638322,
        83.13833855727535
      ],
      [
        0.006523274664777009,
        -0.005668142086241405,
        0.9999626588292875,
        1.921213600663652
      ],
      [
        0.0,
        0.0,
        0.0,
        1.0
      ]
    ],
    "location": [
      -10.106602392810146,
      83.13833855727535,
      1.921213600663652
    ],
    "rotation": [
      -0.00566829304186552,
      -0.006523320929936228,
      1.7499710203120038
    ]
  },
  {
    "label_id": "HAwzx47-xhwNNgj0RAxUNQ",
    "size": [
      1.0428727676042913,
      0.9653574371278288,
      2.0400000000000036
    ],
    "obj_class": "pedestrian",
    "point_num_in_lidar": 490,
    "speed": 0.0700927294611301,
    "if_vehicle": false,
    "motion_state": false,
    "pose": [
      [
        0.8668974440075317,
        -0.49846697940073936,
        -0.004414976818905935,
        -16.169022221300338
      ],
      [
        0.49842964849770793,
        0.8668983196267604,
        -0.00742892500638322,
        31.997910148153096
      ],
      [
        0.007530409793627116,
        0.004239560755784434,
        0.9999626588292875,
        1.606222717783619
      ],
      [
        0.0,
        0.0,
        0.0,
        1.0
      ]
    ],
    "location": [
      -16.169022221300338,
      31.997910148153096,
      1.606222717783619
    ],
    "rotation": [
      0.004239693668840789,
      -0.007530480966691304,
      0.5218027393026295
    ]
  },
  {
    "label_id": "IGBmzIiv4jqIHomOewuqIQ",
    "size": [
      2.806566514420706,
      5.908068729613541,
      2.259999999999999
    ],
    "obj_class": "vehicle",
    "point_num_in_lidar": 8224,
    "speed": 1.1368683772161603e-12,
    "if_vehicle": true,
    "motion_state": false,
    "pose": [
      [
        -0.15782573820498635,
        -0.9874571101266827,
        -0.004414976818905935,
        1.8125822887113827
      ],
      [
        0.9874446610660286,
        -0.15779053332011211,
        -0.00742892500638322,
        24.846721260781123
      ],
      [
        0.006639103271299922,
        -0.005532020861760858,
        0.9999626588292875,
        1.4749273914302146
      ],
      [
        0.0,
        0.0,
        0.0,
        1.0
      ]
    ],
    "location": [
      1.8125822887113827,
      24.846721260781123,
      1.4749273914302146
    ],
    "rotation": [
      -0.005532171003709617,
      -0.006639152044992484,
      1.7292882552297664
    ]
  },
  {
    "label_id": "KUCYq08RlyE439QAxBXN-A",
    "size": [
      1.906435591805069,
      5.176931607263873,
      1.7600000000000042
    ],
    "obj_class": "vehicle",
    "point_num_in_lidar": 135,
    "speed": 1.4250766696571006e-12,
    "if_vehicle": true,
    "motion_state": false,
    "pose": [
      [
        -0.1869327340675609,
        -0.982362794955975,
        -0.004414976818905935,
        -4.814882455661063
      ],
      [
        0.982351391511626,
        -0.1868971767267273,
        -0.00742892500638322,
        65.65835042278195
      ],
      [
        0.0064727528300214865,
        -0.0057257678841699045,
        0.9999626588292875,
        1.6749273914302112
      ],
      [
        0.0,
        0.0,
        0.0,
        1.0
      ]
    ],
    "location": [
      -4.814882455661063,
      65.65835042278195,
      1.6749273914302112
    ],
    "rotation": [
      -0.005725919121262032,
      -0.006472798028519962,
      1.758839222804075
    ]
  },
  {
    "label_id": "LacRQQUbE3NsCQg5nU1DZQ",
    "size": [
      0.8611163993985603,
      0.8724931554822942,
      1.8200000000000047
    ],
    "obj_class": "pedestrian",
    "point_num_in_lidar": 28,
    "speed": 1.6789166377496252,
    "if_vehicle": false,
    "motion_state": true,
    "pose": [
      [
        -0.10786473605214834,
        -0.9941557758702049,
        -0.004414976818905935,
        -22.156187376875778
      ],
      [
        0.9941415685622741,
        -0.10783020323541499,
        -0.00742892500638322,
        82.05209940397617
      ],
      [
        0.006909440855940202,
        -0.005190431014877955,
        0.9999626588292875,
        2.2179304050334805
      ],
      [
        0.0,
        0.0,
        0.0,
        1.0
      ]
    ],
    "location": [
      -22.156187376875778,
      82.05209940397617,
      2.2179304050334805
    ],
    "rotation": [
      -0.005190578223353983,
      -0.006909495833668519,
      1.678873919687223
    ]
  },
  {
    "label_id": "MNZBjj1xxAIsDzI0_MwKWQ",
    "size": [
      2.003439709393781,
      4.503939814433242,
      1.480000000000004
    ],
    "obj_class": "vehicle",
    "point_num_in_lidar": 3906,
    "speed": 0.05043873558337797,
    "if_vehicle": true,
    "motion_state": false,
    "pose": [
      [
        -0.15299596328388404,
        -0.9882169514830865,
        -0.004414976818905935,
        0.41854519556591185
      ],
      [
        0.9882043304470318,
        -0.15296081968590255,
        -0.00742892500638322,
        34.529836996451195
      ],
      [
        0.006666071149490384,
        -0.00549949474878144,
        0.9999626588292875,
        1.1549273914302365
      ],
      [
        0.0,
        0.0,
        0.0,
        1.0
      ]
    ],
    "location": [
      0.41854519556591185,
      34.529836996451195,
      1.1549273914302365
    ],
    "rotation": [
      -0.005499644665766261,
      -0.0066661205199611395,
      1.724398988525457
    ]
  },
  {
    "label_id": "N4I-49kxgwvW7coUEefmjQ",
    "size": [
      0.6343362831861585,
      0.09248778741724578,
      0.6327728613569175
    ],
    "obj_class": "sign",
    "point_num_in_lidar": 57,
    "speed": 0.017683573054255598,
    "if_vehicle": false,
    "motion_state": false,
    "pose": [
      [
        0.996025985575428,
        -0.08895360609995484,
        -0.004414976818905935,
        -16.581366635658014
      ],
      [
        0.08891934949607591,
        0.9960111246158069,
        -0.00742892500638322,
        30.74907183720279
      ],
      [
        0.005058195695315134,
        0.007006825484471418,
        0.9999626588292875,
        2.132399970214328
      ],
      [
        0.0,
        0.0,
        0.0,
        1.0
      ]
    ],
    "location": [
      -16.581366635658014,
      30.74907183720279,
      2.132399970214328
    ],
    "rotation": [
      0.00700697245973197,
      -0.005058217264842695,
      0.08903808614736222
    ]
  },
  {
    "label_id": "NnGgR0GOLz3FLRk6bJzEUA",
    "size": [
      2.095316834673378,
      4.499693689025667,
      1.650000000000004
    ],
    "obj_class": "vehicle",
    "point_num_in_lidar": 106,
    "speed": 0.0614982040716891,
    "if_vehicle": true,
    "motion_state": false,
    "pose": [
      [
        -0.13916162538369514,
        -0.9902598396381914,
        -0.004414976818905935,
        -16.39540647253807
      ],
      [
        0.9902467283827934,
        -0.13912666171666685,
        -0.00742892500638322,
        84.02067011484723
      ],
      [
        0.006742325099134344,
        -0.0054057376295493405,
        0.9999626588292875,
        1.887534909412139
      ],
      [
        0.0,
        0.0,
        0.0,
        1.0
      ]
    ],
    "location": [
      -16.39540647253807,
      84.02067011484723,
      1.887534909412139
    ],
    "rotation": [
      -0.005405886833196003,
      -0.006742376183346747,
      1.7104142728707044
    ]
  },
  {
    "label_id": "Som4G6CQqwI4RBhc5tHGQA",
    "size": [
      0.45524209110522823,
      0.1100422796945836,
      0.5600000000000032
    ],
    "obj_class": "sign",
    "point_num_in_lidar": 58,
    "speed": 0.004145640180318069,
    "if_vehicle": false,
    "motion_state": false,
    "pose": [
      [
        -0.01927903512454001,
        0.9998043942613751,
        -0.004414976818905935,
        -14.332313701227122
      ],
      [
        -0.9997859159181456,
        -0.01931148375874351,
        -0.00742892500638322,
        39.55388917744676
      ],
      [
        -0.0075127316191536874,
        0.004270809136511615,
        0.9999626588292875,
        3.2742762602078272
      ],
      [
        0.0,
        0.0,
        0.0,
        1.0
      ]
    ],
    "location": [
      -14.332313701227122,
      39.55388917744676,
      3.2742762602078272
    ],
    "rotation": [
      0.004270942650605082,
      0.0075128022921336765,
      -1.5900771005845367
    ]
  },
  {
    "label_id": "VOMFwLan-yMeZ2OM0S_JtQ",
    "size": [
      2.075210372785234,
      4.523204878148739,
      1.5400000000000045
    ],
    "obj_class": "vehicle",
    "point_num_in_lidar": 3656,
    "speed": 0.08600390848247014,
    "if_vehicle": true,
    "motion_state": false,
    "pose": [
      [
        -0.13672829419108895,
        -0.9905987490135871,
        -0.004414976818905935,
        -6.828775196176139
      ],
      [
        0.9905855518975808,
        -0.13669336284185513,
        -0.00742892500638322,
        24.253401314850635
      ],
      [
        0.006755585789593882,
        -0.005389156492567262,
        0.9999626588292875,
        1.231841341437069
      ],
      [
        0.0,
        0.0,
        0.0,
        1.0
      ]
    ],
    "location": [
      -6.828775196176139,
      24.253401314850635,
      1.231841341437069
    ],
    "rotation": [
      -0.005389305560121051,
      -0.006755637175818314,
      1.7079574090092278
    ]
  },
  {
    "label_id": "Vph9lRXCtQfcwKVMJY5wfw",
    "size": [
      1.8247667660245643,
      4.541368818290325,
      1.563181648906676
    ],
    "obj_class": "vehicle",
    "point_num_in_lidar": 140,
    "speed": 0.021246523120262872,
    "if_vehicle": true,
    "motion_state": false,
    "pose": [
      [
        -0.16362294316532203,
        -0.9865130716060515,
        -0.004414976818905935,
        -17.21770547166193
      ],
      [
        0.9865008295395283,
        -0.16358766576692843,
        -0.00742892500638322,
        70.73281811600282
      ],
      [
        0.006606495874558194,
        -0.005570920868347373,
        0.9999626588292875,
        1.6593727284606636
      ],
      [
        0.0,
        0.0,
        0.0,
        1.0
      ]
    ],
    "location": [
      -17.21770547166193,
      70.73281811600282,
      1.6593727284606636
    ],
    "rotation": [
      -0.005571071263967257,
      -0.00660654393312154,
      1.7351619266259004
    ]
  },
  {
    "label_id": "W7smyXncdDt6gb7dmd9G4Q",
    "size": [
      2.574531979678762,
      5.894976476344226,
      1.9000000000000048
    ],
    "obj_class": "vehicle",
    "point_num_in_lidar": 330,
    "speed": 2.864289338439558e-13,
    "if_vehicle": true,
    "motion_state": false,
    "pose": [
      [
        -0.1755633447050326,
        -0.9844582367859341,
        -0.004414976818905935,
        -3.6034822887993414
      ],
      [
        0.9844464230324538,
        -0.1755279215733404,
        -0.00742892500638322,
        58.6427904297816
      ],
      [
        0.006538514708181922,
        -0.005650555058826642,
        0.9999626588292875,
        1.6949273914302205
      ],
      [
        0.0,
        0.0,
        0.0,
        1.0
      ]
    ],
    "location": [
      -3.6034822887993414,
      58.6427904297816,
      1.6949273914302205
    ],
    "rotation": [
      -0.00565070592103285,
      -0.006538561298365312,
      1.7472781105273192
    ]
  },
  {
    "label_id": "YMb2DQvXVMNwYg9V1LLfjg",
    "size": [
      2.035551169466352,
      3.7736514423989274,
      1.8000000000000007
    ],
    "obj_class": "vehicle",
    "point_num_in_lidar": 277,
    "speed": 2.5080859456685176,
    "if_vehicle": true,
    "motion_state": true,
    "pose": [
      [
        -0.16094095287402865,
        -0.9869541618878195,
        -0.004414976818905935,
        -9.38022158256922
      ],
      [
        0.9869418239809977,
        -0.1609057088804207,
        -0.00742892500638322,
        59.41549025225322
      ],
      [
        0.00662161347866573,
        -0.005552943543841861,
        0.9999626588292875,
        1.713783789235742
      ],
      [
        0.0,
        0.0,
        0.0,
        1.0
      ]
    ],
    "location": [
      -9.38022158256922,
      59.41549025225322,
      1.713783789235742
    ],
    "rotation": [
      -0.005553093824318065,
      -0.006621661867905302,
      1.732443861919799
    ]
  },
  {
    "label_id": "_BlvTOhTgLZJeXjGejvUmg",
    "size": [
      2.343533092313168,
      5.100773523414974,
      1.7800000000000047
    ],
    "obj_class": "vehicle",
    "point_num_in_lidar": 4113,
    "speed": 0.21534780011612614,
    "if_vehicle": true,
    "motion_state": false,
    "pose": [
      [
        -0.5720194704471081,
        -0.8202281593612223,
        -0.004414976818905935,
        -9.30280394073884
      ],
      [
        0.8202322804645016,
        -0.5719823573828593,
        -0.00742892500638322,
        30.773028006928143
      ],
      [
        0.0035681246353497704,
        -0.007870796252511733,
        0.9999626588292875,
        1.3668152801829505
      ],
      [
        0.0,
        0.0,
        0.0,
        1.0
      ]
    ],
    "location": [
      -9.30280394073884,
      30.773028006928143,
      1.3668152801829505
    ],
    "rotation": [
      -0.007870927625610133,
      -0.0035681322066642572,
      2.1797665619765167
    ]
  },
  {
    "label_id": "cRvJNTS0CFGclKaY_sltSw",
    "size": [
      0.8634438919938413,
      1.0404481290401126,
      1.8600000000000039
    ],
    "obj_class": "pedestrian",
    "point_num_in_lidar": 28,
    "speed": 1.1739727977715382,
    "if_vehicle": false,
    "motion_state": true,
    "pose": [
      [
        0.6229905260584998,
        -0.7822169215895564,
        -0.004414976818905935,
        -69.05827362647096
      ],
      [
        0.782182525837121,
        0.6230050620567311,
        -0.00742892500638322,
        10.54120158058322
      ],
      [
        0.008561583756254277,
        0.001174832178051645,
        0.9999626588292875,
        2.96704697973189
      ],
      [
        0.0,
        0.0,
        0.0,
        1.0
      ]
    ],
    "location": [
      -69.05827362647096,
      10.54120158058322,
      2.96704697973189
    ],
    "rotation": [
      0.0011748755087255354,
      -0.008561688354741694,
      0.8982071448924542
    ]
  },
  {
    "label_id": "e2kCF-ImQeQ5Fr3lsqfRUw",
    "size": [
      2.30849200176668,
      5.048858220044428,
      1.88
    ],
    "obj_class": "vehicle",
    "point_num_in_lidar": 7817,
    "speed": 0.041712831739939525,
    "if_vehicle": true,
    "motion_state": false,
    "pose": [
      [
        -0.11625090719161789,
        -0.9932100656743338,
        -0.004414976818905935,
        -10.01705708643135
      ],
      [
        0.9931961503063169,
        -0.11621625570444728,
        -0.00742892500638322,
        26.180627331499636
      ],
      [
        0.006865391018564398,
        -0.005248557251679548,
        0.9999626588292875,
        1.2935842120120231
      ],
      [
        0.0,
        0.0,
        0.0,
        1.0
      ]
    ],
    "location": [
      -10.01705708643135,
      26.180627331499636,
      1.2935842120120231
    ],
    "rotation": [
      -0.005248705047047748,
      -0.006865444951466963,
      1.6873134388337108
    ]
  },
  {
    "label_id": "hENofIehdn8fsrjnf9OVYw",
    "size": [
      1.833709355687925,
      4.543457418889727,
      1.770000000000004
    ],
    "obj_class": "vehicle",
    "point_num_in_lidar": 45,
    "speed": 1.4228607195221901e-12,
    "if_vehicle": true,
    "motion_state": false,
    "pose": [
      [
        -0.18693273406763594,
        -0.9823627949559608,
        -0.004414976818905935,
        -5.906904503537362
      ],
      [
        0.9823513915116118,
        -0.1868971767268023,
        -0.00742892500638322,
        71.92859316587783
      ],
      [
        0.006472752830021049,
        -0.005725767884170399,
        0.9999626588292875,
        1.7499273914302167
      ],
      [
        0.0,
        0.0,
        0.0,
        1.0
      ]
    ],
    "location": [
      -5.906904503537362,
      71.92859316587783,
      1.7499273914302167
    ],
    "rotation": [
      -0.005725919121262526,
      -0.0064727980285195245,
      1.7588392228041514
    ]
  },
  {
    "label_id": "kNtdgBIGtz-619syo5GotQ",
    "size": [
      2.309682721811401,
      5.064638733456315,
      1.9400000000000048
    ],
    "obj_class": "vehicle",
    "point_num_in_lidar": 56,
    "speed": 0.0019153388356075985,
    "if_vehicle": true,
    "motion_state": false,
    "pose": [
      [
        -0.16444151375990995,
        -0.9863769545827994,
        -0.004414976818905935,
        -10.795783493293811
      ],
      [
        0.9863647417943336,
        -0.16440622621496745,
        -0.00742892500638322,
        67.5652593161085
      ],
      [
        0.006601870745997396,
        -0.005576401143666626,
        0.9999626588292875,
        1.9088244575712299
      ],
      [
        0.0,
        0.0,
        0.0,
        1.0
      ]
    ],
    "location": [
      -10.795783493293811,
      67.5652593161085,
      1.9088244575712299
    ],
    "rotation": [
      -0.005576551573671679,
      -0.0066019187036944,
      1.7359917505621008
    ]
  },
  {
    "label_id": "kqCTeFWUmg4ZB7MzI0k53Q",
    "size": [
      2.225082513858814,
      4.938817659304747,
      2.170000000000001
    ],
    "obj_class": "vehicle",
    "point_num_in_lidar": 2275,
    "speed": 0.014250099274228005,
    "if_vehicle": true,
    "motion_state": false,
    "pose": [
      [
        -0.999988662659966,
        0.0017839650280711973,
        -0.004414976818905935,
        -15.569652894446563
      ],
      [
        -0.0017511343860310857,
        -0.9999708718765821,
        -0.00742892500638322,
        33.43003120399044
      ],
      [
        -0.004428101161323817,
        -0.007421109564413218,
        0.9999626588292875,
        1.6295198507274824
      ],
      [
        0.0,
        0.0,
        0.0,
        1.0
      ]
    ],
    "location": [
      -15.569652894446563,
      33.43003120399044,
      1.6295198507274824
    ],
    "rotation": [
      -0.007421250442993152,
      0.004428115632545066,
      -3.139841501140323
    ]
  },
  {
    "label_id": "nSwfGqbe4OlFOZkFcgRXYA",
    "size": [
      1.1223605523502136,
      1.0938055526208537,
      1.650000000000004
    ],
    "obj_class": "pedestrian",
    "point_num_in_lidar": 39,
    "speed": 1.06932707932955,
    "if_vehicle": false,
    "motion_state": true,
    "pose": [
      [
        -0.9907111057815331,
        -0.13591178337738272,
        -0.004414976818905935,
        -55.31849950953642
      ],
      [
        0.1359418519232178,
        -0.9906889642914852,
        -0.00742892500638322,
        12.857517853093668
      ],
      [
        -0.0033641903658984586,
        -0.007960098632802151,
        0.9999626588292875,
        2.896367173148496
      ],
      [
        0.0,
        0.0,
        0.0,
        1.0
      ]
    ],
    "location": [
      -55.31849950953642,
      12.857517853093668,
      2.896367173148496
    ],
    "rotation": [
      -0.007960227745166078,
      0.0033641967117900673,
      3.00522779925091
    ]
  },
  {
    "label_id": "ovWWa3NMo85PAccMFBiTGA",
    "size": [
      1.9597807102898213,
      4.73755135825663,
      1.4905366848378785
    ],
    "obj_class": "vehicle",
    "point_num_in_lidar": 921,
    "speed": 0.006530758826079036,
    "if_vehicle": true,
    "motion_state": false,
    "pose": [
      [
        -0.16464740329335315,
        -0.9863426081075705,
        -0.004414976818905935,
        -12.8035506967949
      ],
      [
        0.9863304026851781,
        -0.16461211319992167,
        -0.00742892500638322,
        43.56263651566587
      ],
      [
        0.0066007066023428,
        -0.005577779075199271,
        0.9999626588292875,
        1.3056952104950827
      ],
      [
        0.0,
        0.0,
        0.0,
        1.0
      ]
    ],
    "location": [
      -12.8035506967949,
      43.56263651566587,
      1.3056952104950827
    ],
    "rotation": [
      -0.005577929513797261,
      -0.006600754534674023,
      1.7362004886113807
    ]
  },
  {
    "label_id": "t1qXUyb9x438EQc-bc_4uA",
    "size": [
      0.9815463408682302,
      0.9385322933989074,
      1.7315044247787643
    ],
    "obj_class": "pedestrian",
    "point_num_in_lidar": 34,
    "speed": 3.33696121913377e-06,
    "if_vehicle": false,
    "motion_state": false,
    "pose": [
      [
        0.7546947389044284,
        0.6560612464165715,
        -0.004414976818905935,
        -18.528587836110773
      ],
      [
        -0.6560742894142585,
        0.7546597497169341,
        -0.00742892500638322,
        70.15724307938763
      ],
      [
        -0.0015420244980613924,
        0.008503123397277096,
        0.9999626588292875,
        1.806998759308999
      ],
      [
        0.0,
        0.0,
        0.0,
        1.0
      ]
    ],
    "location": [
      -18.528587836110773,
      70.15724307938763,
      1.806998759308999
    ],
    "rotation": [
      0.008503235977567102,
      0.00154202510917652,
      -0.7156062473118507
    ]
  },
  {
    "label_id": "vs9s9qzlH4_rx8JAdIwCTA",
    "size": [
      2.072182431382239,
      4.541388680750847,
      1.8900000000000041
    ],
    "obj_class": "vehicle",
    "point_num_in_lidar": 71,
    "speed": 0.023808809276400333,
    "if_vehicle": true,
    "motion_state": false,
    "pose": [
      [
        -0.13806386636677082,
        -0.9904134877835352,
        -0.004414976818905935,
        -18.11987517647981
      ],
      [
        0.9904003377800091,
        -0.13802891725465846,
        -0.00742892500638322,
        76.11812616650604
      ],
      [
        0.006748313056036323,
        -0.005398260642065403,
        0.9999626588292875,
        1.9559635529140253
      ],
      [
        0.0,
        0.0,
        0.0,
        1.0
      ]
    ],
    "location": [
      -18.11987517647981,
      76.11812616650604,
      1.9559635529140253
    ],
    "rotation": [
      -0.0053984097847107025,
      -0.006748364276477395,
      1.7093057934001763
    ]
  },
  {
    "label_id": "vuY70TBlAdzIOr716UXhow",
    "size": [
      0.8556086793276445,
      1.1211029100138488,
      1.9300000000000042
    ],
    "obj_class": "pedestrian",
    "point_num_in_lidar": 124,
    "speed": 1.423628247967078,
    "if_vehicle": false,
    "motion_state": true,
    "pose": [
      [
        -0.990232034912749,
        -0.13935933772892545,
        -0.004414976818905935,
        -30.16267842397542
      ],
      [
        0.13938932902451756,
        -0.9902097888969511,
        -0.00742892500638322,
        10.986569871623942
      ],
      [
        -0.003336463194906359,
        -0.007971760182731158,
        0.9999626588292875,
        1.9980052593729498
      ],
      [
        0.0,
        0.0,
        0.0,
        1.0
      ]
    ],
    "location": [
      -30.16267842397542,
      10.986569871623942,
      1.9980052593729498
    ],
    "rotation": [
      -0.007971888990535523,
      0.0033364693851813264,
      3.001747173521269
    ]
  },
  {
    "label_id": "xT3npWPGQpvgIylUA_K_9A",
    "size": [
      2.21415297952742,
      5.110641623638559,
      1.900000000000004
    ],
    "obj_class": "vehicle",
    "point_num_in_lidar": 46,
    "speed": 5.859285502108464e-13,
    "if_vehicle": true,
    "motion_state": false,
    "pose": [
      [
        -0.17027709015220244,
        -0.9853863306079435,
        -0.004414976818905935,
        -2.52261869073277
      ],
      [
        0.9853743269036868,
        -0.17024173093679407,
        -0.00742892500638322,
        52.18511015077638
      ],
      [
        0.006568747856705186,
        -0.005615380544270682,
        0.9999626588292875,
        1.6217821570696564
      ],
      [
        0.0,
        0.0,
        0.0,
        1.0
      ]
    ],
    "location": [
      -2.52261869073277,
      52.18511015077638,
      1.6217821570696564
    ],
    "rotation": [
      -0.005615531209162357,
      -0.006568795096168761,
      1.7419109139441011
    ]
  },
  {
    "label_id": "ykbUDUYn_3QzQTLWd6PCXA",
    "size": [
      0.59565835296382,
      0.08191283221453073,
      0.49955255331049564
    ],
    "obj_class": "sign",
    "point_num_in_lidar": 121,
    "speed": 0.009945317715420416,
    "if_vehicle": false,
    "motion_state": false,
    "pose": [
      [
        0.9910037183054288,
        -0.1337614977656232,
        -0.004414976818905935,
        -16.753124923099904
      ],
      [
        0.1337266060895602,
        0.9909904166524605,
        -0.00742892500638322,
        29.92979581738291
      ],
      [
        0.005368903852920858,
        0.006771692438381578,
        0.9999626588292875,
        1.5975776689868226
      ],
      [
        0.0,
        0.0,
        0.0,
        1.0
      ]
    ],
    "location": [
      -16.753124923099904,
      29.92979581738291,
      1.5975776689868226
    ],
    "rotation": [
      0.006771841794833242,
      -0.005368929646479419,
      0.13413036069200993
    ]
  }
]