[
  {
    "label_id": "--vdK0N2LIZSbUVEuUiisw",
    "size": [
      3.106018149533633,
      7.585705537180848,
      3.429999999999974
    ],
    "obj_class": "vehicle",
    "point_num_in_lidar": 394,
    "speed": 0.007574576649264069,
    "if_vehicle": true,
    "motion_state": false,
    "pose": [
      [
        -0.15836395046024943,
        -0.9873808075643383,
        -6.9439613978941606e-06,
        -12.376331610217221
      ],
      [
        0.9872944900634758,
        -0.1583500131785106,
        -0.01322358562064578,
        77.21741574682346
      ],
      [
        0.013055615072630535,
        -0.0021009949929621696,
        0.999912564545078,
        2.876009728095786
      ],
      [
        0.0,
        0.0,
        0.0,
        1.0
      ]
    ],
    "location": [
      -12.376331610217221,
      77.21741574682346,
      2.876009728095786
    ],
    "rotation": [
      -0.0021011756182857523,
      -0.013055985987354883,
      1.729843470480981
    ]
  },
  {
    "label_id": "-roDyLaSj9Ly7YWd600gHw",
    "size": [
      2.3762110385408413,
      5.77472060364153,
      2.21
    ],
    "obj_class": "vehicle",
    "point_num_in_lidar": 8575,
    "speed": 4.578278552612735,
    "if_vehicle": true,
    "motion_state": true,
    "pose": [
      [
        -0.13282360856464598,
        -0.9911396919504571,
        -6.9439613978941606e-06,
        -3.3077764053439296
      ],
      [
        0.9910530434447914,
        -0.13281190406793217,
        -0.01322358562064578,
        38.06059528069272
      ],
      [
        0.013105498337792324,
        -0.0017632861943746823,
        0.999912564545078,
        1.659311807517331
      ],
      [
        0.0,
        0.0,
        0.0,
        1.0
      ]
    ],
    "location": [
      -3.3077764053439296,
      38.06059528069272,
      1.659311807517331
    ],
    "rotation": [
      -0.0017634385536536468,
      -0.013105873520606933,
      1.704025126957039
    ]
  },
  {
    "label_id": "8aVX3NatEzhiT9gQ6KW5mQ",
    "size": [
      1.681062027366753,
      4.580293545298149,
      1.540657427030581
    ],
    "obj_class": "vehicle",
    "point_num_in_lidar": 49,
    "speed": 0.005009640615124666,
    "if_vehicle": true,
    "motion_state": false,
    "pose": [
      [
        -0.2084135369298275,
        -0.9780407954559874,
        -6.9439613978941606e-06,
        -7.008740991822151
      ],
      [
        0.977955299198639,
        -0.20839522439977806,
        -0.01322358562064578,
        78.71985859527194
      ],
      [
        0.012931759110803017,
        -0.0027627651339396965,
        0.999912564545078,
        1.7045986779149294
      ],
      [
        0.0,
        0.0,
        0.0,
        1.0
      ]
    ],
    "location": [
      -7.008740991822151,
      78.71985859527194,
      1.7045986779149294
    ],
    "rotation": [
      -0.002762999687600363,
      -0.012932119568457329,
      1.7807667427605776
    ]
  },
  {
    "label_id": "AE5mG59C1GJKWSHeZyrOug",
    "size": [
      2.3096827218107894,
      5.064638733456315,
      1.7500000000000044
    ],
    "obj_class": "vehicle",
    "point_num_in_lidar": 61,
    "speed": 1.439426984772934,
    "if_vehicle": true,
    "motion_state": true,
    "pose": [
      [
        -0.1779192164864345,
        -0.9840450967088016,
        -6.9439613978941606e-06,
        -10.14037362847671
      ],
      [
        0.9839590726628185,
        -0.17790356968835594,
        -0.01322358562064578,
        83.36720864807467
      ],
      [
        0.013011369235385031,
        -0.0023595625665842573,
        0.999912564545078,
        1.9235207258423666
      ],
      [
        0.0,
        0.0,
        0.0,
        1.0
      ]
    ],
    "location": [
      -10.14037362847671,
      83.36720864807467,
      1.9235207258423666
    ],
    "rotation": [
      -0.002359764513934029,
      -0.013011736391564296,
      1.7496831582523804
    ]
  },
  {
    "label_id": "CxbtD4PgRVqlo5t1DPk9WA",
    "size": [
      1.8418395196122683,
      3.7532901285724676,
      1.650000000000004
    ],
    "obj_class": "vehicle",
    "point_num_in_lidar": 199,
    "speed": 3.552713678800501e-13,
    "if_vehicle": true,
    "motion_state": false,
    "pose": [
      [
        -0.0969994685387542,
        -0.9952844332425683,
        -6.9439613978941606e-06,
        -0.7426739788336363
      ],
      [
        0.9951974190502438,
        -0.09699089595970653,
        -0.01322358562064578,
        40.65368443454827
      ],
      [
        0.01316055541884152,
        -0.0012895913898405217,
        0.999912564545078,
        1.349927391430219
      ],
      [
        0.0,
        0.0,
        0.0,
        1.0
      ]
    ],
    "location": [
      -0.7426739788336363,
      40.65368443454827,
      1.349927391430219
    ],
    "rotation": [
      -0.0012897034406400062,
      -0.013160935350300796,
      1.667956993726922
    ]
  },
  {
    "label_id": "HAwzx47-xhwNNgj0RAxUNQ",
    "size": [
      1.0428727676016687,
      0.9653574371278288,
      2.0400000000000036
    ],
    "obj_class": "pedestrian",
    "point_num_in_lidar": 446,
    "speed": 0.13942943580783757,
    "if_vehicle": false,
    "motion_state": false,
    "pose": [
      [
        0.8642027716101918,
        -0.5031436867268076,
        -6.9439613978941606e-06,
        -16.19170679045419
      ],
      [
        0.5030996147993122,
        0.8641272558900784,
        -0.01322358562064578,
        31.96276446741831
      ],
      [
        0.006659364087227087,
        0.011424365839682298,
        0.999912564545078,
        1.6002239496311201
      ],
      [
        0.0,
        0.0,
        0.0,
        1.0
      ]
    ],
    "location": [
      -16.19170679045419,
      31.96276446741831,
      1.6002239496311201
    ],
    "rotation": [
      0.011424867708835974,
      -0.0066594133088235695,
      0.5271945243233325
    ]
  },
  {
    "label_id": "IGBmzIiv4jqIHomOewuqIQ",
    "size": [
      2.806566514420706,
      5.908068729613541,
      2.259999999999999
    ],
    "obj_class": "vehicle",
    "point_num_in_lidar": 6711,
    "speed": 1.1368683772161603e-12,
    "if_vehicle": true,
    "motion_state": false,
    "pose": [
      [
        -0.1578272763949154,
        -0.9874667340105916,
        -6.9439613978941606e-06,
        1.8125822887111553
      ],
      [
        0.9873804089474357,
        -0.15781338602960163,
        -0.01322358562064578,
        24.846721260782942
      ],
      [
        0.01305675505466785,
        -0.0020938988341262584,
        0.999912564545078,
        1.47492739143025
      ],
      [
        0.0,
        0.0,
        0.0,
        1.0
      ]
    ],
    "location": [
      1.8125822887111553,
      24.846721260782942,
      1.47492739143025
    ],
    "rotation": [
      -0.002094078870165808,
      -0.013057126066567554,
      1.7292999159962181
    ]
  },
  {
    "label_id": "KUCYq08RlyE439QAxBXN-A",
    "size": [
      1.9064355918050682,
      5.176931607263873,
      1.7600000000000042
    ],
    "obj_class": "vehicle",
    "point_num_in_lidar": 144,
    "speed": 1.4250766696571006e-12,
    "if_vehicle": true,
    "motion_state": false,
    "pose": [
      [
        -0.18693455593801436,
        -0.9823723691900331,
        -6.9439613978941606e-06,
        -4.814882455660836
      ],
      [
        0.9822864922274861,
        -0.18691812103366087,
        -0.01322358562064578,
        65.65835042278195
      ],
      [
        0.012989187183124024,
        -0.0024787660653874314,
        0.999912564545078,
        1.6749273914302663
      ],
      [
        0.0,
        0.0,
        0.0,
        1.0
      ]
    ],
    "location": [
      -4.814882455660836,
      65.65835042278195,
      1.6749273914302663
    ],
    "rotation": [
      -0.002478977738319303,
      -0.012989552464601558,
      1.7588531457879
    ]
  },
  {
    "label_id": "LacRQQUbE3NsCQg5nU1DZQ",
    "size": [
      0.8611163993983306,
      0.8724931554822942,
      1.8200000000000038
    ],
    "obj_class": "pedestrian",
    "point_num_in_lidar": 32,
    "speed": 1.6668556652814728,
    "if_vehicle": false,
    "motion_state": true,
    "pose": [
      [
        -0.12345625071310141,
        -0.9923500159276691,
        -6.9439613978941606e-06,
        -22.213122681013147
      ],
      [
        0.9922632607366855,
        -0.12344536514399428,
        -0.01322358562064578,
        82.5525602110265
      ],
      [
        0.013121568201418427,
        -0.0016394245394877123,
        0.999912564545078,
        2.2209303296762597
      ],
      [
        0.0,
        0.0,
        0.0,
        1.0
      ]
    ],
    "location": [
      -22.213122681013147,
      82.5525602110265,
      2.2209303296762597
    ],
    "rotation": [
      -0.0016395664267021457,
      -0.013121944766136519,
      1.6945790681808344
    ]
  },
  {
    "label_id": "MNZBjj1xxAIsDzI0_MwKWQ",
    "size": [
      2.003439709393781,
      4.503939814433242,
      1.480000000000004
    ],
    "obj_class": "vehicle",
    "point_num_in_lidar": 4370,
    "speed": 0.050438736841242754,
    "if_vehicle": true,
    "motion_state": false,
    "pose": [
      [
        -0.15299745440220594,
        -0.9882265827725067,
        -6.9439613978941606e-06,
        0.4171663379547681
      ],
      [
        0.9881401908281715,
        -0.15298398626457002,
        -0.01322358562064578,
        34.544901868395755
      ],
      [
        0.013066836514995319,
        -0.0020300365453692374,
        0.999912564545078,
        1.154927391430264
      ],
      [
        0.0,
        0.0,
        0.0,
        1.0
      ]
    ],
    "location": [
      0.4171663379547681,
      34.544901868395755,
      1.154927391430264
    ],
    "rotation": [
      -0.0020302112687080195,
      -0.013067208387006663,
      1.7244102763722868
    ]
  },
  {
    "label_id": "N4I-49kxgwvW7coUEefmjQ",
    "size": [
      0.6343362831861575,
      0.09248778741724578,
      0.6327728613569175
    ],
    "obj_class": "sign",
    "point_num_in_lidar": 102,
    "speed": 0.017683573498536026,
    "if_vehicle": false,
    "motion_state": false,
    "pose": [
      [
        0.9960356929726982,
        -0.08895447305323213,
        -6.9439613978941606e-06,
        -16.58661661035285
      ],
      [
        0.08894660382265294,
        0.9959486123549495,
        -0.01322358562064578,
        30.74982516365708
      ],
      [
        0.0011832129194773219,
        0.013170545625460309,
        0.999912564545078,
        2.132399970214334
      ],
      [
        0.0,
        0.0,
        0.0,
        1.0
      ]
    ],
    "location": [
      -16.58661661035285,
      30.74982516365708,
      2.132399970214334
    ],
    "rotation": [
      0.01317093564298605,
      -0.001183213195559093,
      0.08906436934403714
    ]
  },
  {
    "label_id": "NnGgR0GOLz3FLRk6bJzEUA",
    "size": [
      2.095316834673378,
      4.499693689025667,
      1.650000000000004
    ],
    "obj_class": "vehicle",
    "point_num_in_lidar": 104,
    "speed": 0.21656112423584065,
    "if_vehicle": true,
    "motion_state": false,
    "pose": [
      [
        -0.1391629816707809,
        -0.9902694908378624,
        -6.9439613978941606e-06,
        -16.392674321229606
      ],
      [
        0.9901829190006919,
        -0.13915072296830672,
        -0.01322358562064578,
        84.00971920263146
      ],
      [
        0.013093947142358994,
        -0.0018471093953143258,
        0.999912564545078,
        1.878250956327875
      ],
      [
        0.0,
        0.0,
        0.0,
        1.0
      ]
    ],
    "location": [
      -16.392674321229606,
      84.00971920263146,
      1.878250956327875
    ],
    "rotation": [
      -0.001847268811076072,
      -0.013094321333937594,
      1.7104244968557465
    ]
  },
  {
    "label_id": "Som4G6CQqwI4RBhc5tHGQA",
    "size": [
      0.45524209110522873,
      0.1100422796945836,
      0.5600000000000032
    ],
    "obj_class": "sign",
    "point_num_in_lidar": 87,
    "speed": 0.0024645035374240834,
    "if_vehicle": false,
    "motion_state": false,
    "pose": [
      [
        -0.019279223020500547,
        0.9998141384835019,
        -6.9439613978941606e-06,
        -14.334054780272936
      ],
      [
        -0.9997267175573749,
        -0.019277629140796285,
        -0.01322358562064578,
        39.552949865026676
      ],
      [
        -0.01322126172808138,
        -0.0002479983925759522,
        0.999912564545078,
        3.2723873726381765
      ],
      [
        0.0,
        0.0,
        0.0,
        1.0
      ]
    ],
    "location": [
      -14.334054780272936,
      39.552949865026676,
      3.2723873726381765
    ],
    "rotation": [
      -0.00024802007323876477,
      0.013221646941690313,
      -1.5900784298812458
    ]
  },
  {
    "label_id": "Vph9lRXCtQfcwKVMJY5wfw",
    "size": [
      1.8247667660245646,
      4.541368818290325,
      1.563181648906676
    ],
    "obj_class": "vehicle",
    "point_num_in_lidar": 144,
    "speed": 0.021246523294707734,
    "if_vehicle": true,
    "motion_state": false,
    "pose": [
      [
        -0.16362453785555525,
        -0.9865226862892394,
        -6.9439613978941606e-06,
        -17.216598807712217
      ],
      [
        0.9864364443016083,
        -0.16361014069101418,
        -0.01322358562064578,
        70.72654258132025
      ],
      [
        0.013044231106353972,
        -0.002170552862562238,
        0.999912564545078,
        1.6593727284606832
      ],
      [
        0.0,
        0.0,
        0.0,
        1.0
      ]
    ],
    "location": [
      -17.216598807712217,
      70.72654258132025,
      1.6593727284606832
    ],
    "rotation": [
      -0.0021707392528414328,
      -0.013044601051606897,
      1.7351740359857646
    ]
  },
  {
    "label_id": "W7smyXncdDt6gb7dmd9G4Q",
    "size": [
      2.574531979678764,
      5.894976476344226,
      1.9000000000000048
    ],
    "obj_class": "vehicle",
    "point_num_in_lidar": 349,
    "speed": 2.864289338439558e-13,
    "if_vehicle": true,
    "motion_state": false,
    "pose": [
      [
        -0.17556505576795606,
        -0.9844678314424375,
        -6.9439613978941606e-06,
        -3.603482288799114
      ],
      [
        0.9843817702183025,
        -0.17554961476806014,
        -0.01322358562064578,
        58.6427904297816
      ],
      [
        0.013016975650102187,
        -0.0023284350559542046,
        0.999912564545078,
        1.6949273914302614
      ],
      [
        0.0,
        0.0,
        0.0,
        1.0
      ]
    ],
    "location": [
      -3.603482288799114,
      58.6427904297816,
      1.6949273914302614
    ],
    "rotation": [
      -0.0023286344524892054,
      -0.01301734328111732,
      1.7472911470245494
    ]
  },
  {
    "label_id": "YMb2DQvXVMNwYg9V1LLfjg",
    "size": [
      2.0355511694662827,
      3.7736514423989274,
      1.8000000000000007
    ],
    "obj_class": "vehicle",
    "point_num_in_lidar": 285,
    "speed": 1.949714059219732,
    "if_vehicle": true,
    "motion_state": true,
    "pose": [
      [
        -0.16178843790837327,
        -0.9868254664888567,
        -6.9439613978941606e-06,
        -9.499669615062885
      ],
      [
        0.9867391978589175,
        -0.16177420125617534,
        -0.01322358562064578,
        60.14384320676436
      ],
      [
        0.013048247694940413,
        -0.002146275140011629,
        0.999912564545078,
        1.7171182223625152
      ],
      [
        0.0,
        0.0,
        0.0,
        1.0
      ]
    ],
    "location": [
      -9.499669615062885,
      60.14384320676436,
      1.7171182223625152
    ],
    "rotation": [
      -0.0021464595205056927,
      -0.013048617982057432,
      1.7333129843383555
    ]
  },
  {
    "label_id": "_BlvTOhTgLZJeXjGejvUmg",
    "size": [
      2.3435330923150284,
      5.100773523414974,
      1.7800000000000047
    ],
    "obj_class": "vehicle",
    "point_num_in_lidar": 4299,
    "speed": 0.28380804862419867,
    "if_vehicle": true,
    "motion_state": false,
    "pose": [
      [
        -0.5683191887744082,
        -0.8228081791174537,
        -6.9439613978941606e-06,
        -9.37538919355552
      ],
      [
        0.8227362887350502,
        -0.5682694220014037,
        -0.01322358562064578,
        30.847568863118795
      ],
      [
        0.010876528364997317,
        -0.007520930501643963,
        0.999912564545078,
        1.3697414310879026
      ],
      [
        0.0,
        0.0,
        0.0,
        1.0
      ]
    ],
    "location": [
      -9.37538919355552,
      30.847568863118795,
      1.3697414310879026
    ],
    "rotation": [
      -0.007521446317108198,
      -0.010876742823248626,
      2.175298822443598
    ]
  },
  {
    "label_id": "_GARc9fieIJDt4ZaybG5VQ",
    "size": [
      0.5164380593014501,
      0.07716136710051658,
      0.5800000000000036
    ],
    "obj_class": "sign",
    "point_num_in_lidar": 21,
    "speed": 0.013640356935006958,
    "if_vehicle": false,
    "motion_state": false,
    "pose": [
      [
        0.0863216693119454,
        0.9962673182228655,
        -6.9439613978941606e-06,
        -19.091286521649636
      ],
      [
        -0.996180217111114,
        0.08631403026036336,
        -0.01322358562064578,
        70.32123530948775
      ],
      [
        -0.013173626822276994,
        0.0011483994220365468,
        0.999912564545078,
        3.515992490264429
      ],
      [
        0.0,
        0.0,
        0.0,
        1.0
      ]
    ],
    "location": [
      -19.091286521649636,
      70.32123530948775,
      3.515992490264429
    ],
    "rotation": [
      0.0011484993366661174,
      0.013174007886993286,
      -1.4843595737230864
    ]
  },
  {
    "label_id": "cRvJNTS0CFGclKaY_sltSw",
    "size": [
      0.8634438919944828,
      1.0404481290401126,
      1.8600000000000039
    ],
    "obj_class": "pedestrian",
    "point_num_in_lidar": 26,
    "speed": 1.1739727977714605,
    "if_vehicle": false,
    "motion_state": true,
    "pose": [
      [
        0.6238761515870007,
        -0.7815232225806057,
        -6.9439613978941606e-06,
        -68.83808877689717
      ],
      [
        0.7814548324929417,
        0.6238216744845932,
        -0.01322358562064578,
        10.81596654450368
      ],
      [
        0.010338871041944439,
        0.008244453314998661,
        0.999912564545078,
        2.967046979731898
      ],
      [
        0.0,
        0.0,
        0.0,
        1.0
      ]
    ],
    "location": [
      -68.83808877689717,
      10.81596654450368,
      2.967046979731898
    ],
    "rotation": [
      0.008244987399566294,
      -0.010339055241677171,
      0.897060974503308
    ]
  },
  {
    "label_id": "e2kCF-ImQeQ5Fr3lsqfRUw",
    "size": [
      2.30849200176668,
      5.048858220044428,
      1.88
    ],
    "obj_class": "vehicle",
    "point_num_in_lidar": 7002,
    "speed": 0.04171283139393774,
    "if_vehicle": true,
    "motion_state": false,
    "pose": [
      [
        -0.11625204018790089,
        -0.9932197456272867,
        -6.9439613978941606e-06,
        -10.023188527344246
      ],
      [
        0.9931329137296131,
        -0.11624178444200892,
        -0.01322358562064578,
        26.191532544316942
      ],
      [
        0.01313311916795446,
        -0.0015441650836153782,
        0.999912564545078,
        1.2935842120120586
      ],
      [
        0.0,
        0.0,
        0.0,
        1.0
      ]
    ],
    "location": [
      -10.023188527344246,
      26.191532544316942,
      1.2935842120120586
    ],
    "rotation": [
      -0.0015442988825518289,
      -0.013133496728073854,
      1.6873219163615687
    ]
  },
  {
    "label_id": "hENofIehdn8fsrjnf9OVYw",
    "size": [
      1.8337093556879263,
      4.543457418889727,
      1.770000000000004
    ],
    "obj_class": "vehicle",
    "point_num_in_lidar": 54,
    "speed": 1.4228607195221901e-12,
    "if_vehicle": true,
    "motion_state": false,
    "pose": [
      [
        -0.18693455593808853,
        -0.982372369190019,
        -6.9439613978941606e-06,
        -5.906904503537589
      ],
      [
        0.982286492227472,
        -0.18691812103373504,
        -0.01322358562064578,
        71.92859316587601
      ],
      [
        0.012989187183123838,
        -0.002478766065388412,
        0.999912564545078,
        1.7499273914302407
      ],
      [
        0.0,
        0.0,
        0.0,
        1.0
      ]
    ],
    "location": [
      -5.906904503537589,
      71.92859316587601,
      1.7499273914302407
    ],
    "rotation": [
      -0.0024789777383202836,
      -0.012989552464601373,
      1.7588531457879755
    ]
  },
  {
    "label_id": "kNtdgBIGtz-619syo5GotQ",
    "size": [
      2.3096827218114013,
      5.064638733456315,
      1.940000000000004
    ],
    "obj_class": "vehicle",
    "point_num_in_lidar": 60,
    "speed": 0.017057811177501273,
    "if_vehicle": true,
    "motion_state": false,
    "pose": [
      [
        -0.16444311642804005,
        -0.9863865679393731,
        -6.9439613978941606e-06,
        -10.795783493293811
      ],
      [
        0.9863003379284703,
        -0.1644286477032475,
        -0.01322358562064578,
        67.5652593161085
      ],
      [
        0.013042425450018876,
        -0.0021813764612853156,
        0.999912564545078,
        1.9124601748694339
      ],
      [
        0.0,
        0.0,
        0.0,
        1.0
      ]
    ],
    "location": [
      -10.795783493293811,
      67.5652593161085,
      1.9124601748694339
    ],
    "rotation": [
      -0.0021815637467524182,
      -0.013042795241655478,
      1.7360039233472548
    ]
  },
  {
    "label_id": "kqCTeFWUmg4ZB7MzI0k53Q",
    "size": [
      2.225082513858092,
      4.938817659304747,
      2.170000000000001
    ],
    "obj_class": "vehicle",
    "point_num_in_lidar": 2549,
    "speed": 0.0034015997852897863,
    "if_vehicle": true,
    "motion_state": false,
    "pose": [
      [
        -0.9999917861919646,
        0.004053085292168921,
        -6.9439613978941606e-06,
        -15.561311540320276
      ],
      [
        -0.004052639085694096,
        -0.9999043518756054,
        -0.01322358562064578,
        33.42874139936794
      ],
      [
        -6.053961760978652e-05,
        -0.013223448863282581,
        0.999912564545078,
        1.629519850727526
      ],
      [
        0.0,
        0.0,
        0.0,
        1.0
      ]
    ],
    "location": [
      -15.561311540320276,
      33.42874139936794,
      1.629519850727526
    ],
    "rotation": [
      -0.013223834292340142,
      6.0539617646766595e-05,
      -3.1375400034032452
    ]
  },
  {
    "label_id": "nSwfGqbe4OlFOZkFcgRXYA",
    "size": [
      1.1223605523522182,
      1.0938055526208537,
      1.650000000000004
    ],
    "obj_class": "pedestrian",
    "point_num_in_lidar": 44,
    "speed": 1.0103870315880135,
    "if_vehicle": false,
    "motion_state": true,
    "pose": [
      [
        -0.9886839856000689,
        -0.15001325464686122,
        -6.9439613978941606e-06,
        -55.62041238178858
      ],
      [
        0.15000022896191523,
        -0.9885975258388554,
        -0.01322358562064578,
        12.912169690542214
      ],
      [
        0.001976848333997029,
        -0.013074988931143417,
        0.999912564545078,
        2.884367275812229
      ],
      [
        0.0,
        0.0,
        0.0,
        1.0
      ]
    ],
    "location": [
      -55.62041238178858,
      12.912169690542214,
      2.884367275812229
    ],
    "rotation": [
      -0.01307538704998449,
      -0.001976849621563226,
      2.9910238527810074
    ]
  },
  {
    "label_id": "ovWWa3NMo85PAccMFBiTGA",
    "size": [
      1.9597807102898201,
      4.73755135825663,
      1.4905366848378785
    ],
    "obj_class": "vehicle",
    "point_num_in_lidar": 1055,
    "speed": 0.006530758661313928,
    "if_vehicle": true,
    "motion_state": false,
    "pose": [
      [
        -0.16464900796810514,
        -0.9863522211293997,
        -6.9439613978941606e-06,
        -12.80161869083463
      ],
      [
        0.98626599414053,
        -0.16463452124425593,
        -0.01322358562064578,
        43.56295901999874
      ],
      [
        0.013041969832458474,
        -0.002184098847211995,
        0.999912564545078,
        1.3056952104951138
      ],
      [
        0.0,
        0.0,
        0.0,
        1.0
      ]
    ],
    "location": [
      -12.80161869083463,
      43.56295901999874,
      1.3056952104951138
    ],
    "rotation": [
      -0.0021842863577592395,
      -0.013042339585340105,
      1.7362126773526632
    ]
  },
  {
    "label_id": "t1qXUyb9x438EQc-bc_4uA",
    "size": [
      0.9815463408688432,
      0.9385322933989074,
      1.7315044247787643
    ],
    "obj_class": "pedestrian",
    "point_num_in_lidar": 34,
    "speed": 1.1368683772161603e-12,
    "if_vehicle": false,
    "motion_state": false,
    "pose": [
      [
        0.682533976185794,
        0.730853864533664,
        -6.9439613978941606e-06,
        -18.528587836110773
      ],
      [
        -0.7307900247018209,
        0.6824742314400194,
        -0.01322358562064578,
        70.15724307938763
      ],
      [
        -0.00965976957912258,
        0.00903062105081415,
        0.999912564545078,
        1.811359266173116
      ],
      [
        0.0,
        0.0,
        0.0,
        1.0
      ]
    ],
    "location": [
      -18.528587836110773,
      70.15724307938763,
      1.811359266173116
    ],
    "rotation": [
      0.009031165175177299,
      0.009659919812796305,
      -0.8195285605774089
    ]
  },
  {
    "label_id": "vs9s9qzlH4_rx8JAdIwCTA",
    "size": [
      2.0721824313822377,
      4.541388680750847,
      1.8900000000000041
    ],
    "obj_class": "vehicle",
    "point_num_in_lidar": 79,
    "speed": 0.02380880987678529,
    "if_vehicle": true,
    "motion_state": false,
    "pose": [
      [
        -0.13806521195495966,
        -0.9904231404806803,
        -6.9439613978941606e-06,
        -18.1190424298577
      ],
      [
        0.9903365551082891,
        -0.1380530492223183,
        -0.01322358562064578,
        76.11103402968911
      ],
      [
        0.013095986563770498,
        -0.0018325940103286118,
        0.999912564545078,
        1.9559635529140422
      ],
      [
        0.0,
        0.0,
        0.0,
        1.0
      ]
    ],
    "location": [
      -18.1190424298577,
      76.11103402968911,
      1.9559635529140422
    ],
    "rotation": [
      -0.0018327522059684346,
      -0.0130963609302297,
      1.7093159332538583
    ]
  },
  {
    "label_id": "vuY70TBlAdzIOr716UXhow",
    "size": [
      0.8556086793255601,
      1.1211029100138488,
      1.9300000000000042
    ],
    "obj_class": "pedestrian",
    "point_num_in_lidar": 79,
    "speed": 1.4173862277716476,
    "if_vehicle": false,
    "motion_state": true,
    "pose": [
      [
        -0.9904612954111782,
        -0.13779122702186847,
        -6.9439613978941606e-06,
        -30.586529374683323
      ],
      [
        0.13777927013807853,
        -0.9903746813724348,
        -0.01322358562064578,
        11.045173765594882
      ],
      [
        0.0018152169647406163,
        -0.013098406477738717,
        0.999912564545078,
        2.019178855740945
      ],
      [
        0.0,
        0.0,
        0.0,
        1.0
      ]
    ],
    "location": [
      -30.586529374683323,
      11.045173765594882,
      2.019178855740945
    ],
    "rotation": [
      -0.013098802633388635,
      -0.001815217961602565,
      3.0033734743239804
    ]
  },
  {
    "label_id": "xT3npWPGQpvgIylUA_K_9A",
    "size": [
      2.2141529795274195,
      5.110641623638559,
      1.900000000000004
    ],
    "obj_class": "vehicle",
    "point_num_in_lidar": 30,
    "speed": 5.859285502108464e-13,
    "if_vehicle": true,
    "motion_state": false,
    "pose": [
      [
        -0.1702787496946079,
        -0.9853959343097689,
        -6.9439613978941606e-06,
        -2.5226186907325427
      ],
      [
        0.9853097914511721,
        -0.1702637708198113,
        -0.01322358562064578,
        52.18511015077456
      ],
      [
        0.013029285202529441,
        -0.002258537579119963,
        0.999912564545078,
        1.621782157069652
      ],
      [
        0.0,
        0.0,
        0.0,
        1.0
      ]
    ],
    "location": [
      -2.5226186907325427,
      52.18511015077456,
      1.621782157069652
    ],
    "rotation": [
      -0.002258731231392141,
      -0.01302965387753935,
      1.741923539467728
    ]
  },
  {
    "label_id": "ykbUDUYn_3QzQTLWd6PCXA",
    "size": [
      0.5956583529638193,
      0.08191283221453073,
      0.49955255331049564
    ],
    "obj_class": "sign",
    "point_num_in_lidar": 103,
    "speed": 0.00994531771552429,
    "if_vehicle": false,
    "motion_state": false,
    "pose": [
      [
        0.9910133767550376,
        -0.13376280142236524,
        -6.9439613978941606e-06,
        -16.75021785742979
      ],
      [
        0.13375101481854074,
        0.9909267393800331,
        -0.01322358562064578,
        29.929127711775436
      ],
      [
        0.0017757048144924823,
        0.013103821476841705,
        0.999912564545078,
        1.5981658279338538
      ],
      [
        0.0,
        0.0,
        0.0,
        1.0
      ]
    ],
    "location": [
      -16.75021785742979,
      29.929127711775436,
      1.5981658279338538
    ],
    "rotation": [
      0.013104217176485605,
      -0.0017757057476644462,
      0.13415325860762406
    ]
  }
]