[
  {
    "label_id": "--vdK0N2LIZSbUVEuUiisw",
    "size": [
      3.1060181495336145,
      7.585705537180848,
      3.429999999999974
    ],
    "obj_class": "vehicle",
    "point_num_in_lidar": 457,
    "speed": 0.03317121220952484,
    "if_vehicle": true,
    "motion_state": false,
    "pose": [
      [
        -0.15790885074601932,
        -0.9874518255485656,
        0.0019201762617895933,
        -12.373300066260299
      ],
      [
        0.987388896150754,
        -0.15792046690051678,
        -0.01114871706152855,
        77.21297460041387
      ],
      [
        0.01131205614672391,
        0.00013547962106479717,
        0.9999360074679807,
        2.872509246024265
      ],
      [
        0.0,
        0.0,
        0.0,
        1.0
      ]
    ],
    "location": [
      -12.373300066260299,
      77.21297460041387,
      2.872509246024265
    ],
    "rotation": [
      0.00013548829047456033,
      -0.011312297413996648,
      1.72937913322114
    ]
  },
  {
    "label_id": "-roDyLaSj9Ly7YWd600gHw",
    "size": [
      2.376211038541109,
      5.77472060364153,
      2.21
    ],
    "obj_class": "vehicle",
    "point_num_in_lidar": 10005,
    "speed": 4.1870255431948955,
    "if_vehicle": true,
    "motion_state": true,
    "pose": [
      [
        -0.11134701818356343,
        -0.9937797313614083,
        0.0019201762617895933,
        -3.681452356253658
      ],
      [
        0.9937174171311415,
        -0.11136157774607384,
        -0.01114871706152855,
        41.08671908605538
      ],
      [
        0.01129320290449364,
        0.000666736193928662,
        0.9999360074679807,
        1.7026452984953986
      ],
      [
        0.0,
        0.0,
        0.0,
        1.0
      ]
    ],
    "location": [
      -3.681452356253658,
      41.08671908605538,
      1.7026452984953986
    ],
    "rotation": [
      0.0006667787639811102,
      -0.011293442967405193,
      1.68238186671734
    ]
  },
  {
    "label_id": "8aVX3NatEzhiT9gQ6KW5mQ",
    "size": [
      1.6810620273667538,
      4.580293545298149,
      1.540657427030581
    ],
    "obj_class": "vehicle",
    "point_num_in_lidar": 64,
    "speed": 0.005009640573169846,
    "if_vehicle": true,
    "motion_state": false,
    "pose": [
      [
        -0.20841315271613226,
        -0.9780389924221047,
        0.0019201762617895933,
        -7.012170436030601
      ],
      [
        0.9779755494966476,
        -0.20842152166849748,
        -0.01114871706152855,
        78.7191278051032
      ],
      [
        0.011304086060010425,
        -0.00044565383677920274,
        0.9999360074679807,
        1.7045986779149267
      ],
      [
        0.0,
        0.0,
        0.0,
        1.0
      ]
    ],
    "location": [
      -7.012170436030601,
      78.7191278051032,
      1.7045986779149267
    ],
    "rotation": [
      -0.0004456823276126754,
      -0.011304326817656921,
      1.7807621459024596
    ]
  },
  {
    "label_id": "AE5mG59C1GJKWSHeZyrOug",
    "size": [
      2.3096827218124716,
      5.064638733456315,
      1.7500000000000044
    ],
    "obj_class": "vehicle",
    "point_num_in_lidar": 88,
    "speed": 3.6439348830766507,
    "if_vehicle": true,
    "motion_state": true,
    "pose": [
      [
        -0.17426405281677623,
        -0.9846970868338117,
        0.0019201762617895933,
        -10.438984600343701
      ],
      [
        0.9846339734370751,
        -0.1742746236874407,
        -0.01114871706152855,
        85.02000896808931
      ],
      [
        0.011312747207858517,
        -5.2149836504069e-05,
        0.9999360074679807,
        2.0055203958236376
      ],
      [
        0.0,
        0.0,
        0.0,
        1.0
      ]
    ],
    "location": [
      -10.438984600343701,
      85.02000896808931,
      2.0055203958236376
    ],
    "rotation": [
      -5.21531738704361e-05,
      -0.011312988519353195,
      1.7459659879118234
    ]
  },
  {
    "label_id": "CxbtD4PgRVqlo5t1DPk9WA",
    "size": [
      1.8418395196122677,
      3.7532901285724676,
      1.650000000000004
    ],
    "obj_class": "vehicle",
    "point_num_in_lidar": 2231,
    "speed": 3.552713678800501e-13,
    "if_vehicle": true,
    "motion_state": false,
    "pose": [
      [
        -0.09699928971867938,
        -0.9952825984197631,
        0.0019201762617895933,
        -0.7426739788336363
      ],
      [
        0.9952205007082363,
        -0.09701474670342335,
        -0.01114871706152855,
        40.65368443454645
      ],
      [
        0.011282409499708325,
        0.0008295811444635168,
        0.9999360074679807,
        1.349927391430235
      ],
      [
        0.0,
        0.0,
        0.0,
        1.0
      ]
    ],
    "location": [
      -0.7426739788336363,
      40.65368443454645,
      1.349927391430235
    ],
    "rotation": [
      0.0008296340445151318,
      -0.0112826488749356,
      1.6679545764939054
    ]
  },
  {
    "label_id": "HAwzx47-xhwNNgj0RAxUNQ",
    "size": [
      1.0428727676029532,
      0.9653574371278288,
      2.0400000000000036
    ],
    "obj_class": "pedestrian",
    "point_num_in_lidar": 538,
    "speed": 0.34738779870202435,
    "if_vehicle": false,
    "motion_state": false,
    "pose": [
      [
        0.7476309589841996,
        -0.6641116337570737,
        0.0019201762617895933,
        -16.25334682093444
      ],
      [
        0.6640875890252178,
        0.7475716555692539,
        -0.01114871706152855,
        31.790523705711166
      ],
      [
        0.005968523355016261,
        0.009610291252349405,
        0.9999360074679807,
        1.5792227599897561
      ],
      [
        0.0,
        0.0,
        0.0,
        1.0
      ]
    ],
    "location": [
      -16.25334682093444,
      31.790523705711166,
      1.5792227599897561
    ],
    "rotation": [
      0.00961061037671143,
      -0.005968558791971865,
      0.7262886128945978
    ]
  },
  {
    "label_id": "KUCYq08RlyE439QAxBXN-A",
    "size": [
      1.9064355918050697,
      5.176931607263873,
      1.7600000000000042
    ],
    "obj_class": "vehicle",
    "point_num_in_lidar": 204,
    "speed": 1.4250766696571006e-12,
    "if_vehicle": true,
    "motion_state": false,
    "pose": [
      [
        -0.18693421132116048,
        -0.9823705581708255,
        0.0019201762617895933,
        -4.814882455660836
      ],
      [
        0.9823073138395344,
        -0.18694396830398208,
        -0.01114871706152855,
        65.65835042278013
      ],
      [
        0.011311136772844461,
        -0.0001978734453226311,
        0.9999360074679807,
        1.6749273914302165
      ],
      [
        0.0,
        0.0,
        0.0,
        1.0
      ]
    ],
    "location": [
      -4.814882455660836,
      65.65835042278013,
      1.6749273914302165
    ],
    "rotation": [
      -0.00019788610597276752,
      -0.011311377981293592,
      1.7588489143689683
    ]
  },
  {
    "label_id": "LacRQQUbE3NsCQg5nU1DZQ",
    "size": [
      0.8611163993973183,
      0.8724931554822942,
      1.8200000000000047
    ],
    "obj_class": "pedestrian",
    "point_num_in_lidar": 35,
    "speed": 1.6222883409008295,
    "if_vehicle": false,
    "motion_state": true,
    "pose": [
      [
        -0.14901825384011283,
        -0.9888325808475201,
        0.0019201762617895933,
        -22.367715696128016
      ],
      [
        0.9887697585084962,
        -0.14903043570671062,
        -0.01114871706152855,
        83.69948562508034
      ],
      [
        0.011310379370018244,
        0.00023724986959698522,
        0.9999360074679807,
        2.225931047477385
      ],
      [
        0.0,
        0.0,
        0.0,
        1.0
      ]
    ],
    "location": [
      -22.367715696128016,
      83.69948562508034,
      2.225931047477385
    ],
    "rotation": [
      0.00023726504833621758,
      -0.011310620530014224,
      1.720381333561952
    ]
  },
  {
    "label_id": "MNZBjj1xxAIsDzI0_MwKWQ",
    "size": [
      2.0034397093937817,
      4.503939814433242,
      1.480000000000004
    ],
    "obj_class": "vehicle",
    "point_num_in_lidar": 4188,
    "speed": 0.05043873557941549,
    "if_vehicle": true,
    "motion_state": false,
    "pose": [
      [
        -0.1529971723489466,
        -0.9882247609609619,
        0.0019201762617895933,
        0.41394848032769005
      ],
      [
        0.9881618900979087,
        -0.15300910125221473,
        -0.01114871706152855,
        34.58005895255701
      ],
      [
        0.011311242697212714,
        0.0001917228184388161,
        0.9999360074679807,
        1.1549273914302196
      ],
      [
        0.0,
        0.0,
        0.0,
        1.0
      ]
    ],
    "location": [
      0.41394848032769005,
      34.58005895255701,
      1.1549273914302196
    ],
    "rotation": [
      0.00019173508570303381,
      -0.011311483912438636,
      1.7244066771935795
    ]
  },
  {
    "label_id": "N4I-49kxgwvW7coUEefmjQ",
    "size": [
      0.6343362831861575,
      0.09248778741724578,
      0.6327728613569175
    ],
    "obj_class": "sign",
    "point_num_in_lidar": 136,
    "speed": 0.016146863027074455,
    "if_vehicle": false,
    "motion_state": false,
    "pose": [
      [
        0.9960338567649327,
        -0.0889543090642438,
        0.0019201762617895933,
        -16.59886854338538
      ],
      [
        0.08897026728962026,
        0.9959718859718357,
        -0.01114871706152855,
        30.751583211225807
      ],
      [
        -0.0009207151496919122,
        0.011275338248029895,
        0.9999360074679807,
        2.132399970214296
      ],
      [
        0.0,
        0.0,
        0.0,
        1.0
      ]
    ],
    "location": [
      -16.59886854338538,
      30.751583211225807,
      2.132399970214296
    ],
    "rotation": [
      0.011275581952888043,
      0.0009207152797761818,
      0.0890881023528754
    ]
  },
  {
    "label_id": "NnGgR0GOLz3FLRk6bJzEUA",
    "size": [
      2.0953168346735955,
      4.499693689025667,
      1.650000000000004
    ],
    "obj_class": "vehicle",
    "point_num_in_lidar": 130,
    "speed": 0.9866450721086693,
    "if_vehicle": true,
    "motion_state": false,
    "pose": [
      [
        -0.14988510696497595,
        -0.9887015564027506,
        0.0019201762617895933,
        -16.379768344342665
      ],
      [
        0.9886387234080163,
        -0.14989723375049238,
        -0.01114871706152855,
        84.34027252302258
      ],
      [
        0.0113105830205828,
        0.00022733395888458152,
        0.9999360074679807,
        1.9034115508659255
      ],
      [
        0.0,
        0.0,
        0.0,
        1.0
      ]
    ],
    "location": [
      -16.379768344342665,
      84.34027252302258,
      1.9034115508659255
    ],
    "rotation": [
      0.0002273485035742133,
      -0.011310824193606232,
      1.7212580906119497
    ]
  },
  {
    "label_id": "R90qG22qnE5vElvAMK05mw",
    "size": [
      0.7771872958974815,
      1.0217405783919278,
      1.1200000000000037
    ],
    "obj_class": "sign",
    "point_num_in_lidar": 181,
    "speed": 1.1390866590859189e-12,
    "if_vehicle": false,
    "motion_state": false,
    "pose": [
      [
        0.9910554075783824,
        -0.13343722131687946,
        0.0019201762617895933,
        -20.194138938391006
      ],
      [
        0.13345039039354245,
        0.990992784742499,
        -0.01114871706152855,
        35.78255872450791
      ],
      [
        -0.0004152269949288559,
        0.011305244603149479,
        0.9999360074679807,
        1.2946493236151415
      ],
      [
        0.0,
        0.0,
        0.0,
        1.0
      ]
    ],
    "location": [
      -20.194138938391006,
      35.78255872450791,
      1.2946493236151415
    ],
    "rotation": [
      0.011305486409481914,
      0.0004152270068606438,
      0.13384971360640802
    ]
  },
  {
    "label_id": "Som4G6CQqwI4RBhc5tHGQA",
    "size": [
      0.4552420911052282,
      0.1100422796945836,
      0.5600000000000032
    ],
    "obj_class": "sign",
    "point_num_in_lidar": 76,
    "speed": 0.010999354283787387,
    "if_vehicle": false,
    "motion_state": false,
    "pose": [
      [
        -0.019279187478938434,
        0.9998122953101125,
        0.0019201762617895933,
        -14.331751090103126
      ],
      [
        -0.9997524136730397,
        -0.019256621271996916,
        -0.01114871706152855,
        39.55823177856473
      ],
      [
        -0.011109648288001112,
        -0.0021346390587806694,
        0.9999360074679807,
        3.269433183933943
      ],
      [
        0.0,
        0.0,
        0.0,
        1.0
      ]
    ],
    "location": [
      -14.331751090103126,
      39.55823177856473,
      3.269433183933943
    ],
    "rotation": [
      -0.0021347724255755102,
      0.01110987683409458,
      -1.590077898869071
    ]
  },
  {
    "label_id": "Vph9lRXCtQfcwKVMJY5wfw",
    "size": [
      1.8247667660245637,
      4.541368818290325,
      1.563181648906676
    ],
    "obj_class": "vehicle",
    "point_num_in_lidar": 182,
    "speed": 0.021246523119964465,
    "if_vehicle": true,
    "motion_state": false,
    "pose": [
      [
        -0.16362423621109548,
        -0.9865208676188554,
        0.0019201762617895933,
        -17.21401617191259
      ],
      [
        0.9864578720105164,
        -0.16363548776584325,
        -0.01114871706152855,
        70.71189728583886
      ],
      [
        0.011312651007570616,
        6.997267516385279e-05,
        0.9999360074679807,
        1.6593727284606619
      ],
      [
        0.0,
        0.0,
        0.0,
        1.0
      ]
    ],
    "location": [
      -17.21401617191259,
      70.71189728583886,
      1.6593727284606619
    ],
    "rotation": [
      6.99771530648468e-05,
      -0.011312892312908985,
      1.7351702317666358
    ]
  },
  {
    "label_id": "W7smyXncdDt6gb7dmd9G4Q",
    "size": [
      2.5745319796787625,
      5.894976476344226,
      1.9000000000000048
    ],
    "obj_class": "vehicle",
    "point_num_in_lidar": 499,
    "speed": 2.864289338439558e-13,
    "if_vehicle": true,
    "motion_state": false,
    "pose": [
      [
        -0.17556473211095927,
        -0.9844660165602115,
        0.0019201762617895933,
        -3.6034822887993414
      ],
      [
        0.9844028892539272,
        -0.17557521959662215,
        -0.01114871706152855,
        58.64279042977978
      ],
      [
        0.011312668444147808,
        -6.709446430565988e-05,
        0.9999360074679807,
        1.6949273914302143
      ],
      [
        0.0,
        0.0,
        0.0,
        1.0
      ]
    ],
    "location": [
      -3.6034822887993414,
      58.64279042977978,
      1.6949273914302143
    ],
    "rotation": [
      -6.709875802438934e-05,
      -0.011312909750602018,
      1.7472871200589877
    ]
  },
  {
    "label_id": "YMb2DQvXVMNwYg9V1LLfjg",
    "size": [
      2.0355511694660957,
      3.7736514423989274,
      1.8000000000000007
    ],
    "obj_class": "vehicle",
    "point_num_in_lidar": 368,
    "speed": 0.854088515654209,
    "if_vehicle": true,
    "motion_state": false,
    "pose": [
      [
        -0.16672020853696498,
        -0.9860023757519626,
        0.0019201762617895933,
        -9.63981300115347
      ],
      [
        0.9859393451343492,
        -0.16673126228734764,
        -0.01114871706152855,
        60.98011814331039
      ],
      [
        0.011312814921195971,
        3.446089267369505e-05,
        0.9999360074679807,
        1.7171182223624655
      ],
      [
        0.0,
        0.0,
        0.0,
        1.0
      ]
    ],
    "location": [
      -9.63981300115347,
      60.98011814331039,
      1.7171182223624655
    ],
    "rotation": [
      3.4463098040956794e-05,
      -0.01131305623702401,
      1.7383095285195043
    ]
  },
  {
    "label_id": "_BlvTOhTgLZJeXjGejvUmg",
    "size": [
      2.3435330923143622,
      5.100773523414974,
      1.7800000000000047
    ],
    "obj_class": "vehicle",
    "point_num_in_lidar": 4787,
    "speed": 0.3616380684253917,
    "if_vehicle": true,
    "motion_state": false,
    "pose": [
      [
        -0.5596248972428316,
        -0.8287438007666023,
        0.0019201762617895933,
        -9.54478232558813
      ],
      [
        0.828681842595032,
        -0.5596088900841233,
        -0.01114871706152855,
        31.02152581172959
      ],
      [
        0.010313977857868592,
        -0.004647884437220278,
        0.9999360074679807,
        1.376570226846571
      ],
      [
        0.0,
        0.0,
        0.0,
        1.0
      ]
    ],
    "location": [
      -9.54478232558813,
      31.02152581172959,
      1.376570226846571
    ],
    "rotation": [
      -0.004648148411004206,
      -0.01031416073025166,
      2.164765362871048
    ]
  },
  {
    "label_id": "_GARc9fieIJDt4ZaybG5VQ",
    "size": [
      0.5164380593014507,
      0.07716136710051658,
      0.5800000000000036
    ],
    "obj_class": "sign",
    "point_num_in_lidar": 21,
    "speed": 0.0136403572784438,
    "if_vehicle": false,
    "motion_state": false,
    "pose": [
      [
        0.08632151017655573,
        0.9962654815880968,
        0.0019201762617895933,
        -19.088665611720216
      ],
      [
        -0.9962035531885628,
        0.08633763213317994,
        -0.01114871706152855,
        70.31205467647669
      ],
      [
        -0.011272865444114427,
        -0.0009505123214608476,
        0.9999360074679807,
        3.515992490264387
      ],
      [
        0.0,
        0.0,
        0.0,
        1.0
      ]
    ],
    "location": [
      -19.088665611720216,
      70.31205467647669,
      3.515992490264387
    ],
    "rotation": [
      -0.00095057286473456,
      0.0112731042123529,
      -1.4843617469864399
    ]
  },
  {
    "label_id": "dH9N9CImfEs1q8VeO1XJ-w",
    "size": [
      0.95551693149714,
      0.8504269052929236,
      1.836879699248124
    ],
    "obj_class": "pedestrian",
    "point_num_in_lidar": 20,
    "speed": 0.06302737138955447,
    "if_vehicle": false,
    "motion_state": false,
    "pose": [
      [
        0.6036353894533243,
        -0.7972581950175596,
        0.0019201762617895933,
        -66.92353651953727
      ],
      [
        0.7972230381953337,
        0.6035819194429894,
        -0.01114871706152855,
        24.61389503004466
      ],
      [
        0.007729422367475896,
        0.008260568918635167,
        0.9999360074679807,
        3.131250551679134
      ],
      [
        0.0,
        0.0,
        0.0,
        1.0
      ]
    ],
    "location": [
      -66.92353651953727,
      24.61389503004466,
      3.131250551679134
    ],
    "rotation": [
      0.008260909646660895,
      -0.007729499333941655,
      0.9227205767451424
    ]
  },
  {
    "label_id": "hENofIehdn8fsrjnf9OVYw",
    "size": [
      1.8337093556879247,
      4.543457418889727,
      1.770000000000004
    ],
    "obj_class": "vehicle",
    "point_num_in_lidar": 75,
    "speed": 1.4228607195221901e-12,
    "if_vehicle": true,
    "motion_state": false,
    "pose": [
      [
        -0.18693421132123814,
        -0.9823705581708108,
        0.0019201762617895933,
        -5.906904503537362
      ],
      [
        0.9823073138395196,
        -0.1869439683040597,
        -0.01114871706152855,
        71.92859316587601
      ],
      [
        0.011311136772844446,
        -0.0001978734453235252,
        0.9999360074679807,
        1.7499273914302274
      ],
      [
        0.0,
        0.0,
        0.0,
        1.0
      ]
    ],
    "location": [
      -5.906904503537362,
      71.92859316587601,
      1.7499273914302274
    ],
    "rotation": [
      -0.00019788610597366169,
      -0.011311377981293577,
      1.7588489143690473
    ]
  },
  {
    "label_id": "kNtdgBIGtz-619syo5GotQ",
    "size": [
      2.309682721810685,
      5.064638733456315,
      1.9400000000000048
    ],
    "obj_class": "vehicle",
    "point_num_in_lidar": 90,
    "speed": 0.03581313654199312,
    "if_vehicle": true,
    "motion_state": false,
    "pose": [
      [
        -0.1643929830244555,
        -0.986393055559215,
        0.0019201762617895933,
        -10.792396983855497
      ],
      [
        0.9863300512016594,
        -0.16440418548325889,
        -0.01114871706152855,
        67.54116336898187
      ],
      [
        0.011312702102190108,
        6.11566959668201e-05,
        0.9999360074679807,
        1.9185207258423853
      ],
      [
        0.0,
        0.0,
        0.0,
        1.0
      ]
    ],
    "location": [
      -10.792396983855497,
      67.54116336898187,
      1.9185207258423853
    ],
    "rotation": [
      6.116060971284081e-05,
      -0.011312943410798249,
      1.7359495825120617
    ]
  },
  {
    "label_id": "kqCTeFWUmg4ZB7MzI0k53Q",
    "size": [
      2.225082513855971,
      4.938817659304747,
      2.170000000000001
    ],
    "obj_class": "vehicle",
    "point_num_in_lidar": 2858,
    "speed": 0.03569860937453355,
    "if_vehicle": true,
    "motion_state": false,
    "pose": [
      [
        -0.9999544591234262,
        0.009348401055784756,
        0.0019201762617895933,
        -15.583582509745838
      ],
      [
        -0.00936924389998796,
        -0.9998939560656541,
        -0.01114871706152855,
        33.427506127718516
      ],
      [
        0.0018157499603955168,
        -0.011166199938908569,
        0.9999360074679807,
        1.6295198507274478
      ],
      [
        0.0,
        0.0,
        0.0,
        1.0
      ]
    ],
    "location": [
      -15.583582509745838,
      33.427506127718516,
      1.6295198507274478
    ],
    "rotation": [
      -0.011166450401429934,
      -0.001815750958135839,
      -3.132223257162416
    ]
  },
  {
    "label_id": "ovWWa3NMo85PAccMFBiTGA",
    "size": [
      1.959780710289821,
      4.73755135825663,
      1.4905366848378785
    ],
    "obj_class": "vehicle",
    "point_num_in_lidar": 1739,
    "speed": 0.006530758825260872,
    "if_vehicle": true,
    "motion_state": false,
    "pose": [
      [
        -0.16464870443502005,
        -0.9863504027732705,
        0.0019201762617895933,
        -12.797109943837313
      ],
      [
        0.9862873955135433,
        -0.16465989055927757,
        -0.01114871706152855,
        43.56371165247947
      ],
      [
        0.011312717577164717,
        5.822382387411003e-05,
        0.9999360074679807,
        1.3056952104950872
      ],
      [
        0.0,
        0.0,
        0.0,
        1.0
      ]
    ],
    "location": [
      -12.797109943837313,
      43.56371165247947,
      1.3056952104950872
    ],
    "rotation": [
      5.8227549936662144e-05,
      -0.011312958886763176,
      1.736208853703608
    ]
  },
  {
    "label_id": "sJGK7DedDoxQEYAD87bVIw",
    "size": [
      0.955085272460816,
      0.8830833140800468,
      1.7000000000000037
    ],
    "obj_class": "pedestrian",
    "point_num_in_lidar": 20,
    "speed": 1.571254805754571,
    "if_vehicle": false,
    "motion_state": true,
    "pose": [
      [
        0.1493885597035849,
        0.9887767043942793,
        0.0019201762617895933,
        -8.706856359981202
      ],
      [
        -0.98871387749757,
        0.14940071804245705,
        -0.01114871706152855,
        103.84705170089364
      ],
      [
        -0.011310467426601922,
        -0.00023301413290824482,
        0.9999360074679807,
        2.2161237623716934
      ],
      [
        0.0,
        0.0,
        0.0,
        1.0
      ]
    ],
    "location": [
      -8.706856359981202,
      103.84705170089364,
      2.2161237623716934
    ],
    "rotation": [
      -0.0002330290408088476,
      0.011310708592230791,
      -1.4208367975781782
    ]
  },
  {
    "label_id": "t1qXUyb9x438EQc-bc_4uA",
    "size": [
      0.9815463408674857,
      0.9385322933989074,
      1.7315044247787643
    ],
    "obj_class": "pedestrian",
    "point_num_in_lidar": 53,
    "speed": 1.1368683772161603e-12,
    "if_vehicle": false,
    "motion_state": false,
    "pose": [
      [
        0.486931928841621,
        0.8734378109503286,
        0.0019201762617895933,
        -18.528587836110773
      ],
      [
        -0.8733747136567876,
        0.48692126227225474,
        -0.01114871706152855,
        70.15724307938763
      ],
      [
        -0.010672685674301886,
        0.0037516329100685396,
        0.9999360074679807,
        1.8215354367627876
      ],
      [
        0.0,
        0.0,
        0.0,
        1.0
      ]
    ],
    "location": [
      -18.528587836110773,
      70.15724307938763,
      1.8215354367627876
    ],
    "rotation": [
      0.0037518553975931846,
      0.010672888298901,
      -1.0621909033908874
    ]
  },
  {
    "label_id": "vs9s9qzlH4_rx8JAdIwCTA",
    "size": [
      2.072182431382238,
      4.541388680750847,
      1.8900000000000041
    ],
    "obj_class": "vehicle",
    "point_num_in_lidar": 100,
    "speed": 0.02380880927865027,
    "if_vehicle": true,
    "motion_state": false,
    "pose": [
      [
        -0.1380649574295295,
        -0.9904213146197459,
        0.0019201762617895933,
        -18.117099038426204
      ],
      [
        0.9903586309546334,
        -0.13807783385303474,
        -0.01114871706152855,
        76.09448301938028
      ],
      [
        0.011307060787246625,
        0.00036241598732371876,
        0.9999360074679807,
        1.955963552913997
      ],
      [
        0.0,
        0.0,
        0.0,
        1.0
      ]
    ],
    "location": [
      -18.117099038426204,
      76.09448301938028,
      1.955963552913997
    ],
    "rotation": [
      0.00036243916485433303,
      -0.011307301735020201,
      1.7093126327876105
    ]
  },
  {
    "label_id": "ykbUDUYn_3QzQTLWd6PCXA",
    "size": [
      0.5956583529638192,
      0.08191283221453073,
      0.49955255331049564
    ],
    "obj_class": "sign",
    "point_num_in_lidar": 126,
    "speed": 0.009945317715558915,
    "if_vehicle": false,
    "motion_state": false,
    "pose": [
      [
        0.9910115498059923,
        -0.13376255482850558,
        0.0019201762617895933,
        -16.743433601127663
      ],
      [
        0.13377570334682196,
        0.990948922650378,
        -0.01114871706152855,
        29.92756854518484
      ],
      [
        -0.0004115157207090197,
        0.011305380303464691,
        0.9999360074679807,
        1.5995384219843105
      ],
      [
        0.0,
        0.0,
        0.0,
        1.0
      ]
    ],
    "location": [
      -16.743433601127663,
      29.92756854518484,
      1.5995384219843105
    ],
    "rotation": [
      0.011305622101136505,
      0.0004115157323237218,
      0.13417796966674544
    ]
  }
]