[
  {
    "label_id": "--vdK0N2LIZSbUVEuUiisw",
    "size": [
      3.106018149533696,
      7.585705537180848,
      3.429999999999974
    ],
    "obj_class": "vehicle",
    "point_num_in_lidar": 850,
    "speed": 3.2009964605053076,
    "if_vehicle": true,
    "motion_state": true,
    "pose": [
      [
        -0.15099011975219603,
        -0.9885171318520514,
        -0.0059886369243555195,
        -13.044885833621265
      ],
      [
        0.9884945405870066,
        -0.15092613391489518,
        -0.009992263566684333,
        81.5217510861603
      ],
      [
        0.008973681903235579,
        -0.007428467977812365,
        0.9999321431460247,
        2.8695090666931318
      ],
      [
        0.0,
        0.0,
        0.0,
        1.0
      ]
    ],
    "location": [
      -13.044885833621265,
      81.5217510861603,
      2.8695090666931318
    ],
    "rotation": [
      -0.007428835421614139,
      -0.00897380234483102,
      1.7223722762611058
    ]
  },
  {
    "label_id": "-roDyLaSj9Ly7YWd600gHw",
    "size": [
      2.3762110385415496,
      5.77472060364153,
      2.21
    ],
    "obj_class": "vehicle",
    "point_num_in_lidar": 22178,
    "speed": 1.2662445075814064,
    "if_vehicle": true,
    "motion_state": true,
    "pose": [
      [
        -0.14690700861539116,
        -0.9891321787544199,
        -0.0059886369243555195,
        -5.013054524790277
      ],
      [
        0.9891093234691328,
        -0.14684311660833352,
        -0.009992263566684333,
        51.28133428858018
      ],
      [
        0.009004279322194777,
        -0.00739135016662971,
        0.9999321431460247,
        1.8481086712981458
      ],
      [
        0.0,
        0.0,
        0.0,
        1.0
      ]
    ],
    "location": [
      -5.013054524790277,
      51.28133428858018,
      1.8481086712981458
    ],
    "rotation": [
      -0.007391717129888404,
      -0.009004401000029173,
      1.718242971662728
    ]
  },
  {
    "label_id": "0DOzd3WNjt66gPEDui60ug",
    "size": [
      0.8818837264838468,
      0.8195920853035972,
      1.9100000000000046
    ],
    "obj_class": "pedestrian",
    "point_num_in_lidar": 31,
    "speed": 0.014662393811414315,
    "if_vehicle": false,
    "motion_state": false,
    "pose": [
      [
        -0.9472051816901773,
        0.32057211358299176,
        -0.0059886369243555195,
        -10.560997701019232
      ],
      [
        -0.3205051742978653,
        -0.9471940603261345,
        -0.009992263566684333,
        109.44221968202146
      ],
      [
        -0.008875642375249638,
        -0.007545334705930175,
        0.9999321431460247,
        2.132187529237491
      ],
      [
        0.0,
        0.0,
        0.0,
        1.0
      ]
    ],
    "location": [
      -10.560997701019232,
      109.44221968202146,
      2.132187529237491
    ],
    "rotation": [
      -0.007545703528567635,
      0.008875758912168234,
      -2.8153165782596576
    ]
  },
  {
    "label_id": "8aVX3NatEzhiT9gQ6KW5mQ",
    "size": [
      1.6810620273667536,
      4.580293545298149,
      1.540657427030581
    ],
    "obj_class": "vehicle",
    "point_num_in_lidar": 217,
    "speed": 0.0050096405729881735,
    "if_vehicle": true,
    "motion_state": false,
    "pose": [
      [
        -0.20840979965353557,
        -0.9780232572061676,
        -0.0059886369243555195,
        -7.029321326274385
      ],
      [
        0.9780044378036445,
        -0.2083446046942205,
        -0.009992263566684333,
        78.71547307238143
      ],
      [
        0.008524965967689067,
        -0.007939399136432471,
        0.9999321431460247,
        1.704598677914933
      ],
      [
        0.0,
        0.0,
        0.0,
        1.0
      ]
    ],
    "location": [
      -7.029321326274385,
      78.71547307238143,
      1.704598677914933
    ],
    "rotation": [
      -0.007939771070470477,
      -0.008525069229780028,
      1.7807528450538708
    ]
  },
  {
    "label_id": "EFrFyBj_ApId8RpLISrLcA",
    "size": [
      0.9767614703247011,
      0.9087334607547355,
      1.7000000000000037
    ],
    "obj_class": "pedestrian",
    "point_num_in_lidar": 27,
    "speed": 1.0629684246810225,
    "if_vehicle": false,
    "motion_state": true,
    "pose": [
      [
        0.036469020825972455,
        -0.9993168400201126,
        -0.0059886369243555195,
        -6.670315103312532
      ],
      [
        0.9992826852622115,
        0.03652765533069564,
        -0.009992263566684333,
        100.92882093097069
      ],
      [
        0.010204188117580624,
        -0.005619933118718397,
        0.9999321431460247,
        2.143625222129166
      ],
      [
        0.0,
        0.0,
        0.0,
        1.0
      ]
    ],
    "location": [
      -6.670315103312532,
      100.92882093097069,
      2.143625222129166
    ],
    "rotation": [
      -0.005620255318656937,
      -0.010204365211834102,
      1.5343173171355526
    ]
  },
  {
    "label_id": "It8cF6tiEaQxgBFxXxgK-g",
    "size": [
      1.925566812806379,
      4.237264612076182,
      1.770000000000004
    ],
    "obj_class": "vehicle",
    "point_num_in_lidar": 49,
    "speed": 2.8421709430404007e-13,
    "if_vehicle": true,
    "motion_state": false,
    "pose": [
      [
        -0.13906373243791165,
        -0.9902653253286339,
        -0.0059886369243555195,
        -26.2767044074144
      ],
      [
        0.9902419644304136,
        -0.1390000235604631,
        -0.009992263566684333,
        121.91523581119145
      ],
      [
        0.00906257145805164,
        -0.007319761059320803,
        0.9999321431460247,
        2.6087895454428542
      ],
      [
        0.0,
        0.0,
        0.0,
        1.0
      ]
    ],
    "location": [
      -26.2767044074144,
      121.91523581119145,
      2.6087895454428542
    ],
    "rotation": [
      -0.007320127038319043,
      -0.009062695514439868,
      1.710317991518374
    ]
  },
  {
    "label_id": "KUCYq08RlyE439QAxBXN-A",
    "size": [
      1.9064355918050693,
      5.176931607263873,
      1.7600000000000042
    ],
    "obj_class": "vehicle",
    "point_num_in_lidar": 1078,
    "speed": 1.4250766696571006e-12,
    "if_vehicle": true,
    "motion_state": false,
    "pose": [
      [
        -0.1869312038232992,
        -0.9823547532663343,
        -0.0059886369243555195,
        -4.814882455660609
      ],
      [
        0.9823345099548344,
        -0.18686643684891463,
        -0.009992263566684333,
        65.65835042278013
      ],
      [
        0.00869687236698621,
        -0.007750710575824201,
        0.9999321431460247,
        1.6513130268118585
      ],
      [
        0.0,
        0.0,
        0.0,
        1.0
      ]
    ],
    "location": [
      -4.814882455660609,
      65.65835042278013,
      1.6513130268118585
    ],
    "rotation": [
      -0.007751081320206289,
      -0.008696982002895096,
      1.758840875379177
    ]
  },
  {
    "label_id": "NnGgR0GOLz3FLRk6bJzEUA",
    "size": [
      2.095316834672738,
      4.499693689025667,
      1.650000000000004
    ],
    "obj_class": "vehicle",
    "point_num_in_lidar": 133,
    "speed": 5.43561213505797,
    "if_vehicle": true,
    "motion_state": true,
    "pose": [
      [
        -0.162369247335619,
        -0.9867118950065682,
        -0.0059886369243555195,
        -18.54293635013596
      ],
      [
        0.9866900424505397,
        -0.16230500546121895,
        -0.009992263566684333,
        97.14519356182063
      ],
      [
        0.00888749957057541,
        -0.0075313647356148785,
        0.9999321431460247,
        2.1547894109642307
      ],
      [
        0.0,
        0.0,
        0.0,
        1.0
      ]
    ],
    "location": [
      -18.54293635013596,
      97.14519356182063,
      2.1547894109642307
    ],
    "rotation": [
      -0.007531733404214047,
      -0.008887616575183182,
      1.733894116998787
    ]
  },
  {
    "label_id": "Vph9lRXCtQfcwKVMJY5wfw",
    "size": [
      1.8247667660245634,
      4.541368818290325,
      1.563181648906676
    ],
    "obj_class": "vehicle",
    "point_num_in_lidar": 500,
    "speed": 0.017751581779363427,
    "if_vehicle": true,
    "motion_state": false,
    "pose": [
      [
        -0.1636216037366135,
        -0.9865049959419603,
        -0.0059886369243555195,
        -17.192919454493904
      ],
      [
        0.9864832249492509,
        -0.16355733417532778,
        -0.009992263566684333,
        70.65077930980442
      ],
      [
        0.008877932438611404,
        -0.007542640055928219,
        0.9999321431460247,
        1.6593727284606654
      ],
      [
        0.0,
        0.0,
        0.0,
        1.0
      ]
    ],
    "location": [
      -17.192919454493904,
      70.65077930980442,
      1.6593727284606654
    ],
    "rotation": [
      -0.007543008849082529,
      -0.0088780490657608,
      1.7351634858887193
    ]
  },
  {
    "label_id": "W7smyXncdDt6gb7dmd9G4Q",
    "size": [
      2.5745319796787625,
      5.894976476344226,
      1.9000000000000048
    ],
    "obj_class": "vehicle",
    "point_num_in_lidar": 2609,
    "speed": 2.864289338439558e-13,
    "if_vehicle": true,
    "motion_state": false,
    "pose": [
      [
        -0.17556190753137646,
        -0.984450177942862,
        -0.0059886369243555195,
        -3.6034822887986593
      ],
      [
        0.9844291872263359,
        -0.1754973789140727,
        -0.009992263566684333,
        58.64279042977978
      ],
      [
        0.008785895562781943,
        -0.0076496498323603045,
        0.9999321431460247,
        1.6949273914301832
      ],
      [
        0.0,
        0.0,
        0.0,
        1.0
      ]
    ],
    "location": [
      -3.6034822887986593,
      58.64279042977978,
      1.6949273914301832
    ],
    "rotation": [
      -0.0076500197117354545,
      -0.0087860086001262,
      1.7472797217792553
    ]
  },
  {
    "label_id": "Wapj6SbPm34CXWWQe7JzYA",
    "size": [
      1.9834396728584889,
      4.228772219860718,
      1.4900000000000038
    ],
    "obj_class": "vehicle",
    "point_num_in_lidar": 51,
    "speed": 0.004316808351650472,
    "if_vehicle": true,
    "motion_state": false,
    "pose": [
      [
        -0.13945450825706712,
        -0.9902103697470391,
        -0.0059886369243555195,
        -13.227610785092565
      ],
      [
        0.9901870339919592,
        -0.13939079016570952,
        -0.009992263566684333,
        118.1237387375968
      ],
      [
        0.009059682168074902,
        -0.0073233368358492906,
        0.9999321431460247,
        2.11878954544288
      ],
      [
        0.0,
        0.0,
        0.0,
        1.0
      ]
    ],
    "location": [
      -13.227610785092565,
      118.1237387375968,
      2.11878954544288
    ],
    "rotation": [
      -0.007323702865796408,
      -0.009059806105844666,
      1.7107126253762512
    ]
  },
  {
    "label_id": "YMb2DQvXVMNwYg9V1LLfjg",
    "size": [
      2.0355511694656414,
      3.7736514423989274,
      1.8000000000000007
    ],
    "obj_class": "vehicle",
    "point_num_in_lidar": 1072,
    "speed": 1.1595229555401971,
    "if_vehicle": true,
    "motion_state": true,
    "pose": [
      [
        -0.1643485076360926,
        -0.9863841565361731,
        -0.0059886369243555195,
        -9.83957726687754
      ],
      [
        0.9863624329091447,
        -0.16428422204937096,
        -0.009992263566684333,
        62.167160670906014
      ],
      [
        0.008872371911857175,
        -0.007549180091607917,
        0.9999321431460247,
        1.7971182223624282
      ],
      [
        0.0,
        0.0,
        0.0,
        1.0
      ]
    ],
    "location": [
      -9.83957726687754,
      62.167160670906014,
      1.7971182223624282
    ],
    "rotation": [
      -0.007549548956129363,
      -0.008872488319996935,
      1.735900386690162
    ]
  },
  {
    "label_id": "_GARc9fieIJDt4ZaybG5VQ",
    "size": [
      0.5164380593014506,
      0.07716136710051658,
      0.5800000000000027
    ],
    "obj_class": "sign",
    "point_num_in_lidar": 57,
    "speed": 0.01215075756843538,
    "if_vehicle": false,
    "motion_state": false,
    "pose": [
      [
        0.08632012138979063,
        0.9962494531346254,
        -0.0059886369243555195,
        -19.07643959381471
      ],
      [
        -0.9962227444859335,
        0.08625774190024106,
        -0.009992263566684333,
        70.26790876249106
      ],
      [
        -0.009438220815730997,
        0.006828549716546228,
        0.9999321431460247,
        3.5038028864377155
      ],
      [
        0.0,
        0.0,
        0.0,
        1.0
      ]
    ],
    "location": [
      -19.07643959381471,
      70.26790876249106,
      3.5038028864377155
    ],
    "rotation": [
      0.006828906956897017,
      0.009438360947485909,
      -1.4843647874511314
    ]
  },
  {
    "label_id": "hENofIehdn8fsrjnf9OVYw",
    "size": [
      1.8337093556879256,
      4.543457418889727,
      1.770000000000004
    ],
    "obj_class": "vehicle",
    "point_num_in_lidar": 376,
    "speed": 1.4228607195221901e-12,
    "if_vehicle": true,
    "motion_state": false,
    "pose": [
      [
        -0.186931203823376,
        -0.9823547532663197,
        -0.0059886369243555195,
        -5.906904503537135
      ],
      [
        0.9823345099548197,
        -0.1868664368489914,
        -0.009992263566684333,
        71.92859316587601
      ],
      [
        0.008696872366985606,
        -0.007750710575824881,
        0.9999321431460247,
        1.7499273914302025
      ],
      [
        0.0,
        0.0,
        0.0,
        1.0
      ]
    ],
    "location": [
      -5.906904503537135,
      71.92859316587601,
      1.7499273914302025
    ],
    "rotation": [
      -0.007751081320206969,
      -0.008696982002894493,
      1.7588408753792553
    ]
  },
  {
    "label_id": "kNtdgBIGtz-619syo5GotQ",
    "size": [
      2.309682721811679,
      5.064638733456315,
      1.9400000000000048
    ],
    "obj_class": "vehicle",
    "point_num_in_lidar": 410,
    "speed": 2.1234396250242598,
    "if_vehicle": true,
    "motion_state": true,
    "pose": [
      [
        -0.16351805519308713,
        -0.9865221649074383,
        -0.0059886369243555195,
        -11.083351085974755
      ],
      [
        0.9865003871688499,
        -0.16345378791732884,
        -0.009992263566684333,
        69.36494113425942
      ],
      [
        0.008878724096383657,
        -0.007541708149891352,
        0.9999321431460247,
        1.918520725842332
      ],
      [
        0.0,
        0.0,
        0.0,
        1.0
      ]
    ],
    "location": [
      -11.083351085974755,
      69.36494113425942,
      1.918520725842332
    ],
    "rotation": [
      -0.007542076932823842,
      -0.008878840754735997,
      1.7350585206036169
    ]
  },
  {
    "label_id": "n9y7gH82HbnQHbvHXTnzjg",
    "size": [
      0.49199639610138035,
      0.10373152161804433,
      0.5200000000000031
    ],
    "obj_class": "sign",
    "point_num_in_lidar": 28,
    "speed": 0.008900601198096039,
    "if_vehicle": false,
    "motion_state": false,
    "pose": [
      [
        0.13231095530984488,
        0.9911901670884273,
        -0.0059886369243555195,
        -5.11015453188179
      ],
      [
        -0.9911663724996715,
        0.13224740713774402,
        -0.009992263566684333,
        81.15348106241436
      ],
      [
        -0.009112251688718077,
        0.0072578214747468115,
        0.9999321431460247,
        4.274220059799039
      ],
      [
        0.0,
        0.0,
        0.0,
        1.0
      ]
    ],
    "location": [
      -5.11015453188179,
      81.15348106241436,
      4.274220059799039
    ],
    "rotation": [
      0.0072581865415813655,
      0.00911237779656126,
      -1.438090712650116
    ]
  },
  {
    "label_id": "ovWWa3NMo85PAccMFBiTGA",
    "size": [
      1.9597807102898206,
      4.73755135825663,
      1.4905366848378785
    ],
    "obj_class": "vehicle",
    "point_num_in_lidar": 4451,
    "speed": 0.0028877473285269842,
    "if_vehicle": true,
    "motion_state": false,
    "pose": [
      [
        -0.1646460554783451,
        -0.986334533838905,
        -0.0059886369243555195,
        -12.774561384891967
      ],
      [
        0.9863128296054297,
        -0.16458176334134017,
        -0.009992263566684333,
        43.56747562014243
      ],
      [
        0.008870094202019577,
        -0.007551856211895204,
        0.9999321431460247,
        1.3056952104950676
      ],
      [
        0.0,
        0.0,
        0.0,
        1.0
      ]
    ],
    "location": [
      -12.774561384891967,
      43.56747562014243,
      1.3056952104950676
    ],
    "rotation": [
      -0.0075522251054332265,
      -0.008870210520527557,
      1.7362020526780118
    ]
  },
  {
    "label_id": "pd5EtGL863Dl-vNVRvaEcQ",
    "size": [
      0.9767614703230314,
      0.9087334607547355,
      1.7000000000000046
    ],
    "obj_class": "pedestrian",
    "point_num_in_lidar": 32,
    "speed": 1.8827929796737133,
    "if_vehicle": false,
    "motion_state": true,
    "pose": [
      [
        0.05752489363425613,
        0.9983261104669936,
        -0.0059886369243555195,
        -5.4499030546396625
      ],
      [
        -0.9982976122079126,
        0.05746331115411146,
        -0.009992263566684333,
        95.77690716638062
      ],
      [
        -0.009631410714315778,
        0.0065532458408032205,
        0.9999321431460247,
        2.131626383767667
      ],
      [
        0.0,
        0.0,
        0.0,
        1.0
      ]
    ],
    "location": [
      -5.4499030546396625,
      95.77690716638062,
      2.131626383767667
    ],
    "rotation": [
      0.006553596727162522,
      0.009631559628678838,
      -1.5132369870247162
    ]
  },
  {
    "label_id": "qnu6SQHMaFWFVIC9hoAG7A",
    "size": [
      0.8868804989482338,
      0.9229548055295895,
      1.7000000000000046
    ],
    "obj_class": "pedestrian",
    "point_num_in_lidar": 28,
    "speed": 1.4792387282869393,
    "if_vehicle": false,
    "motion_state": true,
    "pose": [
      [
        -0.016636668640103675,
        0.9998436665220958,
        -0.0059886369243555195,
        -4.596712049127291
      ],
      [
        -0.9998106817200697,
        -0.01669596919209708,
        -0.009992263566684333,
        98.96584677094688
      ],
      [
        -0.010090687538960513,
        0.0058212651879903645,
        0.9999321431460247,
        2.210768162478188
      ],
      [
        0.0,
        0.0,
        0.0,
        1.0
      ]
    ],
    "location": [
      -4.596712049127291,
      98.96584677094688,
      2.210768162478188
    ],
    "rotation": [
      0.00582159446016776,
      0.01009085878909636,
      -1.5874346101478118
    ]
  },
  {
    "label_id": "sJGK7DedDoxQEYAD87bVIw",
    "size": [
      0.9550852724592775,
      0.8830833140800468,
      1.7000000000000037
    ],
    "obj_class": "pedestrian",
    "point_num_in_lidar": 48,
    "speed": 1.5126481222277546,
    "if_vehicle": false,
    "motion_state": true,
    "pose": [
      [
        0.19113424531372233,
        0.9815456364816372,
        -0.0059886369243555195,
        -7.7300656706538575
      ],
      [
        -0.9815256705763904,
        0.19106939228558106,
        -0.009992263566684333,
        98.48509163841845
      ],
      [
        -0.008663617484697848,
        0.007787864628810596,
        0.9999321431460247,
        2.341123709191887
      ],
      [
        0.0,
        0.0,
        0.0,
        1.0
      ]
    ],
    "location": [
      -7.7300656706538575,
      98.48509163841845,
      2.341123709191887
    ],
    "rotation": [
      0.007788235651508827,
      0.008663725867712378,
      -1.3784714526105915
    ]
  },
  {
    "label_id": "t1qXUyb9x438EQc-bc_4uA",
    "size": [
      0.9815463408690516,
      0.9385322933989074,
      1.7315044247787643
    ],
    "obj_class": "pedestrian",
    "point_num_in_lidar": 143,
    "speed": 0.19987066394344563,
    "if_vehicle": false,
    "motion_state": false,
    "pose": [
      [
        0.9538300866810856,
        0.30028703263667766,
        -0.0059886369243555195,
        -18.462355105436018
      ],
      [
        -0.30033450446076904,
        0.9537815997906011,
        -0.009992263566684333,
        70.30162567556181
      ],
      [
        0.002711304530513648,
        0.01132951592702255,
        0.9999321431460247,
        1.8892828214791244
      ],
      [
        0.0,
        0.0,
        0.0,
        1.0
      ]
    ],
    "location": [
      -18.462355105436018,
      70.30162567556181,
      1.8892828214791244
    ],
    "rotation": [
      0.01132979995874154,
      -0.0027113078524024113,
      -0.3050444866547841
    ]
  },
  {
    "label_id": "vs9s9qzlH4_rx8JAdIwCTA",
    "size": [
      2.072182431382238,
      4.541388680750847,
      1.8900000000000041
    ],
    "obj_class": "vehicle",
    "point_num_in_lidar": 298,
    "speed": 0.023808809276371332,
    "if_vehicle": true,
    "motion_state": false,
    "pose": [
      [
        -0.13806273616643389,
        -0.9904053801903674,
        -0.0059886369243555195,
        -18.10738000201013
      ],
      [
        0.990381954909396,
        -0.13799905093390052,
        -0.009992263566684333,
        76.01171025972144
      ],
      [
        0.009069965384775579,
        -0.00731059719289842,
        0.9999321431460247,
        1.955963552913981
      ],
      [
        0.0,
        0.0,
        0.0,
        1.0
      ]
    ],
    "location": [
      -18.10738000201013,
      76.01171025972144,
      1.955963552913981
    ],
    "rotation": [
      -0.0073109630404723765,
      -0.00907008974506268,
      1.7093072121502337
    ]
  }
]