[
  {
    "label_id": "--vdK0N2LIZSbUVEuUiisw",
    "size": [
      3.106018149533812,
      7.585705537180848,
      3.429999999999974
    ],
    "obj_class": "vehicle",
    "point_num_in_lidar": 746,
    "speed": 1.3421878737500785,
    "if_vehicle": true,
    "motion_state": true,
    "pose": [
      [
        -0.15519840380448416,
        -0.9878572491116789,
        -0.007177104851286768,
        -12.524563602730495
      ],
      [
        0.9878347718986,
        -0.15511465485020878,
        -0.01104116292524433,
        78.15324235519802
      ],
      [
        0.009793818692494615,
        -0.008803364595806367,
        0.9999132871840497,
        2.869509066693145
      ],
      [
        0.0,
        0.0,
        0.0,
        1.0
      ]
    ],
    "location": [
      -12.524563602730495,
      78.15324235519802,
      2.869509066693145
    ],
    "rotation": [
      -0.008803900559960677,
      -0.009793975267947183,
      1.7266321493263903
    ]
  },
  {
    "label_id": "-roDyLaSj9Ly7YWd600gHw",
    "size": [
      2.3762110385414386,
      5.77472060364153,
      2.21
    ],
    "obj_class": "vehicle",
    "point_num_in_lidar": 16150,
    "speed": 2.826354017365813,
    "if_vehicle": true,
    "motion_state": true,
    "pose": [
      [
        -0.14654848755491418,
        -0.9891774511993895,
        -0.007177104851286768,
        -4.568480550166669
      ],
      [
        0.9891542420245116,
        -0.14646493848758538,
        -0.01104116292524433,
        48.26768415734114
      ],
      [
        0.009870475180107715,
        -0.008717329436646954,
        0.9999132871840497,
        1.8302952083943298
      ],
      [
        0.0,
        0.0,
        0.0,
        1.0
      ]
    ],
    "location": [
      -4.568480550166669,
      48.26768415734114,
      1.8302952083943298
    ],
    "rotation": [
      -0.008717864543722156,
      -0.009870635461081726,
      1.7178817240387285
    ]
  },
  {
    "label_id": "-zhYPi8CMwbI1aAs9RnqlQ",
    "size": [
      0.7984243850319634,
      0.7222198577336507,
      1.7400000000000047
    ],
    "obj_class": "pedestrian",
    "point_num_in_lidar": 21,
    "speed": 1.2283342691346555,
    "if_vehicle": false,
    "motion_state": true,
    "pose": [
      [
        0.4947077675702417,
        0.8690297543074238,
        -0.007177104851286768,
        -7.359543245933992
      ],
      [
        -0.8690383655978458,
        0.49462148339946116,
        -0.01104116292524433,
        110.03242020608559
      ],
      [
        -0.006045148856136386,
        0.011699328531813562,
        0.9999132871840497,
        2.113062753965967
      ],
      [
        0.0,
        0.0,
        0.0,
        1.0
      ]
    ],
    "location": [
      -7.359543245933992,
      110.03242020608559,
      2.113062753965967
    ],
    "rotation": [
      0.011699809227394038,
      0.006045185675551881,
      -1.0532873887448497
    ]
  },
  {
    "label_id": "0DOzd3WNjt66gPEDui60ug",
    "size": [
      0.8818837264838574,
      0.8195920853035972,
      1.9100000000000046
    ],
    "obj_class": "pedestrian",
    "point_num_in_lidar": 29,
    "speed": 0.01466239381023877,
    "if_vehicle": false,
    "motion_state": false,
    "pose": [
      [
        -0.947197770906388,
        0.32056960547738,
        -0.007177104851286768,
        -10.539884965736746
      ],
      [
        -0.32048325699792857,
        -0.9471898303430301,
        -0.01104116292524433,
        109.44840139620283
      ],
      [
        -0.010337541969401499,
        -0.008158022972449667,
        0.9999132871840497,
        2.1280741598506463
      ],
      [
        0.0,
        0.0,
        0.0,
        1.0
      ]
    ],
    "location": [
      -10.539884965736746,
      109.44840139620283,
      2.1280741598506463
    ],
    "rotation": [
      -0.008158549417859673,
      0.010337726098103888,
      -2.815334964951848
    ]
  },
  {
    "label_id": "8aVX3NatEzhiT9gQ6KW5mQ",
    "size": [
      1.681062027366753,
      4.580293545298149,
      1.540657427030581
    ],
    "obj_class": "vehicle",
    "point_num_in_lidar": 133,
    "speed": 0.0050096405737827115,
    "if_vehicle": true,
    "motion_state": false,
    "pose": [
      [
        -0.2084081690881677,
        -0.9780156053066185,
        -0.007177104851286768,
        -7.021970030069724
      ],
      [
        0.9779976913064661,
        -0.20832332687551056,
        -0.01104116292524433,
        78.71703958131548
      ],
      [
        0.0093032712816674,
        -0.009320260524677222,
        0.9999132871840497,
        1.7045986779149356
      ],
      [
        0.0,
        0.0,
        0.0,
        1.0
      ]
    ],
    "location": [
      -7.021970030069724,
      78.71703958131548,
      1.7045986779149356
    ],
    "rotation": [
      -0.009320798849499908,
      -0.009303405487910857,
      1.7807526563748088
    ]
  },
  {
    "label_id": "AE5mG59C1GJKWSHeZyrOug",
    "size": [
      2.3096827218120923,
      5.064638733456315,
      1.7500000000000044
    ],
    "obj_class": "vehicle",
    "point_num_in_lidar": 58,
    "speed": 10.010244418737386,
    "if_vehicle": true,
    "motion_state": true,
    "pose": [
      [
        -0.18406109991336908,
        -0.9828886003330359,
        -0.007177104851286768,
        -12.94479734819447
      ],
      [
        0.9828685853365555,
        -0.18397672863646805,
        -0.01104116292524433,
        99.03505099468748
      ],
      [
        0.009531812902021743,
        -0.009086399484339536,
        0.9999132871840497,
        2.2068535665233675
      ],
      [
        0.0,
        0.0,
        0.0,
        1.0
      ]
    ],
    "location": [
      -12.94479734819447,
      99.03505099468748,
      2.2068535665233675
    ],
    "rotation": [
      -0.009086937341525495,
      -0.009531957244126433,
      1.7559213907261764
    ]
  },
  {
    "label_id": "CxbtD4PgRVqlo5t1DPk9WA",
    "size": [
      1.8418395196122688,
      3.7532901285724676,
      1.650000000000004
    ],
    "obj_class": "vehicle",
    "point_num_in_lidar": 3459,
    "speed": 3.552713678800501e-13,
    "if_vehicle": true,
    "motion_state": false,
    "pose": [
      [
        -0.0969969702471575,
        -0.9952587989708132,
        -0.007177104851286768,
        -0.7426739788338637
      ],
      [
        0.9952314488673146,
        -0.09691468364868217,
        -0.01104116292524433,
        40.65368443454827
      ],
      [
        0.010293247706043862,
        -0.008213839811572702,
        0.9999132871840497,
        1.349927391430219
      ],
      [
        0.0,
        0.0,
        0.0,
        1.0
      ]
    ],
    "location": [
      -0.7426739788338637,
      40.65368443454827,
      1.349927391430219
    ],
    "rotation": [
      -0.008214367356443857,
      -0.010293429477936492,
      1.6679512057515393
    ]
  },
  {
    "label_id": "KUCYq08RlyE439QAxBXN-A",
    "size": [
      1.90643559180507,
      5.176931607263873,
      1.7600000000000042
    ],
    "obj_class": "vehicle",
    "point_num_in_lidar": 575,
    "speed": 1.4250766696571006e-12,
    "if_vehicle": true,
    "motion_state": false,
    "pose": [
      [
        -0.18692974130307174,
        -0.9823470674778442,
        -0.007177104851286768,
        -4.814882455660836
      ],
      [
        0.9823272988785106,
        -0.18684531195432139,
        -0.01104116292524433,
        65.65835042278013
      ],
      [
        0.009505245626291313,
        -0.009114187751633373,
        0.9999132871840497,
        1.6721497964978047
      ],
      [
        0.0,
        0.0,
        0.0,
        1.0
      ]
    ],
    "location": [
      -4.814882455660836,
      65.65835042278013,
      1.6721497964978047
    ],
    "rotation": [
      -0.00911472571692239,
      -0.00950538876478397,
      1.7588407866629014
    ]
  },
  {
    "label_id": "NnGgR0GOLz3FLRk6bJzEUA",
    "size": [
      2.0953168346725946,
      4.499693689025667,
      1.650000000000004
    ],
    "obj_class": "vehicle",
    "point_num_in_lidar": 165,
    "speed": 4.462565382764228,
    "if_vehicle": true,
    "motion_state": true,
    "pose": [
      [
        -0.17067927577108047,
        -0.9853004993341945,
        -0.007177104851286768,
        -17.270282635498916
      ],
      [
        0.9852793389513839,
        -0.17059518444781024,
        -0.01104116292524433,
        89.76756241646399
      ],
      [
        0.009654483817566893,
        -0.008955950815211802,
        0.9999132871840497,
        1.9807887865150091
      ],
      [
        0.0,
        0.0,
        0.0,
        1.0
      ]
    ],
    "location": [
      -17.270282635498916,
      89.76756241646399,
      1.9807887865150091
    ],
    "rotation": [
      -0.008956487978049757,
      -0.009654633804748056,
      1.7423234197356687
    ]
  },
  {
    "label_id": "Som4G6CQqwI4RBhc5tHGQA",
    "size": [
      0.4552420911052279,
      0.1100422796945836,
      0.5600000000000032
    ],
    "obj_class": "sign",
    "point_num_in_lidar": 38,
    "speed": 0.013700087598077473,
    "if_vehicle": false,
    "motion_state": false,
    "pose": [
      [
        -0.019278726470138206,
        0.9997883875459063,
        -0.007177104851286768,
        -14.317890183565169
      ],
      [
        -0.9997516634061089,
        -0.019357278682113184,
        -0.01104116292524433,
        39.58186851205028
      ],
      [
        -0.011177755696398773,
        0.0069624629535659805,
        0.9999132871840497,
        3.2626536561804773
      ],
      [
        0.0,
        0.0,
        0.0,
        1.0
      ]
    ],
    "location": [
      -14.317890183565169,
      39.58186851205028,
      3.2626536561804773
    ],
    "rotation": [
      0.006962954210828963,
      0.011177988471759614,
      -1.5900774523835008
    ]
  },
  {
    "label_id": "Vph9lRXCtQfcwKVMJY5wfw",
    "size": [
      1.8247667660245643,
      4.541368818290325,
      1.563181648906676
    ],
    "obj_class": "vehicle",
    "point_num_in_lidar": 339,
    "speed": 0.021246523118272735,
    "if_vehicle": true,
    "motion_state": false,
    "pose": [
      [
        -0.16362032358702083,
        -0.986497277682626,
        -0.007177104851286768,
        -17.20663632233527
      ],
      [
        0.9864755157631897,
        -0.16353638592376726,
        -0.01104116292524433,
        70.6700485367237
      ],
      [
        0.009718359379428493,
        -0.008886596860465097,
        0.9999132871840497,
        1.659372728460701
      ],
      [
        0.0,
        0.0,
        0.0,
        1.0
      ]
    ],
    "location": [
      -17.20663632233527,
      70.6700485367237,
      1.659372728460701
    ],
    "rotation": [
      -0.008887133529750004,
      -0.009718512363450022,
      1.7351634844318813
    ]
  },
  {
    "label_id": "W7smyXncdDt6gb7dmd9G4Q",
    "size": [
      2.574531979678762,
      5.894976476344226,
      1.9000000000000048
    ],
    "obj_class": "vehicle",
    "point_num_in_lidar": 1095,
    "speed": 2.864289338439558e-13,
    "if_vehicle": true,
    "motion_state": false,
    "pose": [
      [
        -0.17556053396272947,
        -0.9844424757600999,
        -0.007177104851286768,
        -3.6034822888000235
      ],
      [
        0.9844217324112949,
        -0.1754763387970109,
        -0.01104116292524433,
        58.6427904297816
      ],
      [
        0.009609977682932086,
        -0.009003690450126613,
        0.9999132871840497,
        1.6949273914302436
      ],
      [
        0.0,
        0.0,
        0.0,
        1.0
      ]
    ],
    "location": [
      -3.6034822888000235,
      58.6427904297816,
      1.6949273914302436
    ],
    "rotation": [
      -0.009004227902672133,
      -0.009610125605329221,
      1.747279678376058
    ]
  },
  {
    "label_id": "Wapj6SbPm34CXWWQe7JzYA",
    "size": [
      1.9834396728584889,
      4.228772219860718,
      1.4900000000000038
    ],
    "obj_class": "vehicle",
    "point_num_in_lidar": 26,
    "speed": 0.0043168083500699705,
    "if_vehicle": true,
    "motion_state": false,
    "pose": [
      [
        -0.1394534171870126,
        -0.9902026224974456,
        -0.007177104851286768,
        -13.230170638491245
      ],
      [
        0.9901788149648797,
        -0.13937003665065578,
        -0.01104116292524433,
        118.12968824203563
      ],
      [
        0.009932715117829066,
        -0.008646345076169692,
        0.9999132871840497,
        2.118789545442878
      ],
      [
        0.0,
        0.0,
        0.0,
        1.0
      ]
    ],
    "location": [
      -13.230170638491245,
      118.12968824203563,
      2.118789545442878
    ],
    "rotation": [
      -0.008646879378872133,
      -0.009932878450088611,
      1.7107126911991581
    ]
  },
  {
    "label_id": "YMb2DQvXVMNwYg9V1LLfjg",
    "size": [
      2.035551169466881,
      3.7736514423989274,
      1.8000000000000007
    ],
    "obj_class": "vehicle",
    "point_num_in_lidar": 736,
    "speed": 0.2620119016491163,
    "if_vehicle": true,
    "motion_state": false,
    "pose": [
      [
        -0.18415713840286974,
        -0.9828706107831386,
        -0.007177104851286768,
        -9.714094622225275
      ],
      [
        0.9828506040307848,
        -0.18407276517067922,
        -0.01104116292524433,
        61.40137300190145
      ],
      [
        0.009530925012194788,
        -0.009087330807232327,
        0.9999132871840497,
        1.7637850267522381
      ],
      [
        0.0,
        0.0,
        0.0,
        1.0
      ]
    ],
    "location": [
      -9.714094622225275,
      61.40137300190145,
      1.7637850267522381
    ],
    "rotation": [
      -0.009087868668268892,
      -0.009531069313965669,
      1.756019102476382
    ]
  },
  {
    "label_id": "_GARc9fieIJDt4ZaybG5VQ",
    "size": [
      0.5164380593014499,
      0.07716136710051658,
      0.5800000000000036
    ],
    "obj_class": "sign",
    "point_num_in_lidar": 35,
    "speed": 0.013127477766496904,
    "if_vehicle": false,
    "motion_state": false,
    "pose": [
      [
        0.0863194460348035,
        0.9962416586361957,
        -0.007177104851286768,
        -19.081176394296108
      ],
      [
        -0.996213427763433,
        0.08623745743637007,
        -0.01104116292524433,
        70.28582113219272
      ],
      [
        -0.010380731191788674,
        0.008102995292605055,
        0.9999132871840497,
        3.5159924902643915
      ],
      [
        0.0,
        0.0,
        0.0,
        1.0
      ]
    ],
    "location": [
      -19.081176394296108,
      70.28582113219272,
      3.5159924902643915
    ],
    "rotation": [
      0.008103520604330582,
      0.010380917638035617,
      -1.4843646560215777
    ]
  },
  {
    "label_id": "hENofIehdn8fsrjnf9OVYw",
    "size": [
      1.8337093556879251,
      4.543457418889727,
      1.770000000000004
    ],
    "obj_class": "vehicle",
    "point_num_in_lidar": 190,
    "speed": 1.4228607195221901e-12,
    "if_vehicle": true,
    "motion_state": false,
    "pose": [
      [
        -0.1869297413031503,
        -0.9823470674778293,
        -0.007177104851286768,
        -5.906904503537589
      ],
      [
        0.9823272988784957,
        -0.18684531195439993,
        -0.01104116292524433,
        71.92859316587601
      ],
      [
        0.009505245626290584,
        -0.009114187751634133,
        0.9999132871840497,
        1.7499273914302202
      ],
      [
        0.0,
        0.0,
        0.0,
        1.0
      ]
    ],
    "location": [
      -5.906904503537589,
      71.92859316587601,
      1.7499273914302202
    ],
    "rotation": [
      -0.00911472571692315,
      -0.009505388764783242,
      1.7588407866629814
    ]
  },
  {
    "label_id": "kNtdgBIGtz-619syo5GotQ",
    "size": [
      2.3096827218117597,
      5.064638733456315,
      1.9400000000000048
    ],
    "obj_class": "vehicle",
    "point_num_in_lidar": 238,
    "speed": 0.3644344512528596,
    "if_vehicle": true,
    "motion_state": false,
    "pose": [
      [
        -0.16389067071046498,
        -0.9864523998754464,
        -0.007177104851286768,
        -10.806057656170424
      ],
      [
        0.9864306609602577,
        -0.1638067270864281,
        -0.01104116292524433,
        67.67041056864764
      ],
      [
        0.009715923609377662,
        -0.008889259879477689,
        0.9999132871840497,
        1.9185207258423844
      ],
      [
        0.0,
        0.0,
        0.0,
        1.0
      ]
    ],
    "location": [
      -10.806057656170424,
      67.67041056864764,
      1.9185207258423844
    ],
    "rotation": [
      -0.00888979656929648,
      -0.009716076478394885,
      1.7354375402878488
    ]
  },
  {
    "label_id": "ovWWa3NMo85PAccMFBiTGA",
    "size": [
      1.95978071028982,
      4.73755135825663,
      1.4905366848378785
    ],
    "obj_class": "vehicle",
    "point_num_in_lidar": 5203,
    "speed": 0.006530758825283941,
    "if_vehicle": true,
    "motion_state": false,
    "pose": [
      [
        -0.16464476731360153,
        -0.9863268169132398,
        -0.007177104851286768,
        -12.7842262555464
      ],
      [
        0.9863051421794438,
        -0.1645608070946589,
        -0.01104116292524433,
        43.565862290408404
      ],
      [
        0.009709124916145971,
        -0.008896685121483585,
        0.9999132871840497,
        1.3056952104950987
      ],
      [
        0.0,
        0.0,
        0.0,
        1.0
      ]
    ],
    "location": [
      -12.7842262555464,
      43.565862290408404,
      1.3056952104950987
    ],
    "rotation": [
      -0.008897221867890525,
      -0.009709277464469495,
      1.7362020478485463
    ]
  },
  {
    "label_id": "pd5EtGL863Dl-vNVRvaEcQ",
    "size": [
      0.976761470325871,
      0.9087334607547355,
      1.7000000000000046
    ],
    "obj_class": "pedestrian",
    "point_num_in_lidar": 22,
    "speed": 1.7850283683292176,
    "if_vehicle": false,
    "motion_state": true,
    "pose": [
      [
        0.13377059910332553,
        0.9909863349115824,
        -0.007177104851286768,
        -5.684645566946074
      ],
      [
        -0.990962049439295,
        0.13368735651635344,
        -0.01104116292524433,
        98.45486431091012
      ],
      [
        -0.009982153405440298,
        0.0085892215117792,
        0.9999132871840497,
        2.2121951280114853
      ],
      [
        0.0,
        0.0,
        0.0,
        1.0
      ]
    ],
    "location": [
      -5.684645566946074,
      98.45486431091012,
      2.2121951280114853
    ],
    "rotation": [
      0.008589755103860527,
      0.00998231918880255,
      -1.4366167934679999
    ]
  },
  {
    "label_id": "sJGK7DedDoxQEYAD87bVIw",
    "size": [
      0.9550852724576988,
      0.8830833140800468,
      1.7000000000000037
    ],
    "obj_class": "pedestrian",
    "point_num_in_lidar": 36,
    "speed": 1.5705123257265414,
    "if_vehicle": false,
    "motion_state": true,
    "pose": [
      [
        0.1812752195081943,
        0.9834062151309648,
        -0.007177104851286768,
        -8.18965543870604
      ],
      [
        -0.983385961137959,
        0.18119090528509202,
        -0.01104116292524433,
        100.70660335363027
      ],
      [
        -0.009557522117628182,
        0.009059353385269945,
        0.9999132871840497,
        2.327194733687774
      ],
      [
        0.0,
        0.0,
        0.0,
        1.0
      ]
    ],
    "location": [
      -8.18965543870604,
      100.70660335363027,
      2.327194733687774
    ],
    "rotation": [
      0.009059891123762777,
      0.009557667630877086,
      -1.3885049078946936
    ]
  },
  {
    "label_id": "t1qXUyb9x438EQc-bc_4uA",
    "size": [
      0.9815463408703232,
      0.9385322933989074,
      1.7315044247787643
    ],
    "obj_class": "pedestrian",
    "point_num_in_lidar": 106,
    "speed": 0.02771236697832428,
    "if_vehicle": false,
    "motion_state": false,
    "pose": [
      [
        0.969653109910928,
        0.2443794909684923,
        -0.007177104851286768,
        -18.54704286148126
      ],
      [
        -0.24444773062881625,
        0.9695996079370496,
        -0.01104116292524433,
        70.16576890408396
      ],
      [
        0.0042606842745593464,
        0.012460524960878521,
        0.9999132871840497,
        1.885623769081496
      ],
      [
        0.0,
        0.0,
        0.0,
        1.0
      ]
    ],
    "location": [
      -18.54704286148126,
      70.16576890408396,
      1.885623769081496
    ],
    "rotation": [
      0.012460960540942792,
      -0.004260697165670622,
      -0.24695239178980585
    ]
  },
  {
    "label_id": "vs9s9qzlH4_rx8JAdIwCTA",
    "size": [
      2.0721824313822386,
      4.541388680750847,
      1.8900000000000041
    ],
    "obj_class": "vehicle",
    "point_num_in_lidar": 189,
    "speed": 0.02380880927412554,
    "if_vehicle": true,
    "motion_state": false,
    "pose": [
      [
        -0.13806165598538264,
        -0.9903976314150431,
        -0.007177104851286768,
        -18.11154582165659
      ],
      [
        0.9903737067235961,
        -0.13797830899030067,
        -0.01104116292524433,
        76.04718871392288
      ],
      [
        0.00994485681840294,
        -0.008632377172576422,
        0.9999132871840497,
        1.9559635529140298
      ],
      [
        0.0,
        0.0,
        0.0,
        1.0
      ]
    ],
    "location": [
      -18.11154582165659,
      76.04718871392288,
      1.9559635529140298
    ],
    "rotation": [
      -0.008632911306715431,
      -0.009945020750382342,
      1.709307281131761
    ]
  }
]