[
  {
    "label_id": "--vdK0N2LIZSbUVEuUiisw",
    "size": [
      3.1060181495327153,
      7.585705537180848,
      3.429999999999974
    ],
    "obj_class": "vehicle",
    "point_num_in_lidar": 574,
    "speed": 0.3054320482337857,
    "if_vehicle": true,
    "motion_state": false,
    "pose": [
      [
        -0.1578331283148511,
        -0.9874655915396405,
        0.0006396339698522336,
        -12.385667616178807
      ],
      [
        0.9874162996268474,
        -0.1578316691379189,
        -0.009910370747970293,
        77.29783184559528
      ],
      [
        0.009887104610120727,
        -0.000932599810285019,
        0.9999506864941002,
        2.8695090666931726
      ],
      [
        0.0,
        0.0,
        0.0,
        1.0
      ]
    ],
    "location": [
      -12.385667616178807,
      77.29783184559528,
      2.8695090666931726
    ],
    "rotation": [
      -0.0009326455319055644,
      -0.009887265702591437,
      1.729300029554368
    ]
  },
  {
    "label_id": "-roDyLaSj9Ly7YWd600gHw",
    "size": [
      2.376211038540745,
      5.77472060364153,
      2.21
    ],
    "obj_class": "vehicle",
    "point_num_in_lidar": 11730,
    "speed": 3.737751033389216,
    "if_vehicle": true,
    "motion_state": true,
    "pose": [
      [
        -0.1263568520767857,
        -0.9919846454465059,
        0.0006396339698522336,
        -4.018196343082536
      ],
      [
        0.9919353320606233,
        -0.12635696087441614,
        -0.009910370747970293,
        44.26163214978078
      ],
      [
        0.0099117578171713,
        -0.0006177677163447559,
        0.9999506864941002,
        1.7693118075173118
      ],
      [
        0.0,
        0.0,
        0.0,
        1.0
      ]
    ],
    "location": [
      -4.018196343082536,
      44.26163214978078,
      1.7693118075173118
    ],
    "rotation": [
      -0.0006177981035397836,
      -0.00991192011772302,
      1.6974981120215022
    ]
  },
  {
    "label_id": "0DOzd3WNjt66gPEDui60ug",
    "size": [
      0.881883726483853,
      0.8195920853035972,
      1.9100000000000046
    ],
    "obj_class": "pedestrian",
    "point_num_in_lidar": 23,
    "speed": 0.014662393933477881,
    "if_vehicle": false,
    "motion_state": false,
    "pose": [
      [
        -0.9472219735532049,
        0.32057779662096997,
        0.0006396339698522336,
        -10.522996346278433
      ],
      [
        -0.32056812340981733,
        -0.9471736180897068,
        -0.009910370747970293,
        109.4533463082189
      ],
      [
        -0.002571200396603208,
        -0.009592367199921074,
        0.9999506864941002,
        2.1247837699824004
      ],
      [
        0.0,
        0.0,
        0.0,
        1.0
      ]
    ],
    "location": [
      -10.522996346278433,
      109.4533463082189,
      2.1247837699824004
    ],
    "rotation": [
      -0.009592546020101293,
      0.0025712032296765714,
      -2.81526233209757
    ]
  },
  {
    "label_id": "8aVX3NatEzhiT9gQ6KW5mQ",
    "size": [
      1.6810620273667523,
      4.580293545298149,
      1.540657427030581
    ],
    "obj_class": "vehicle",
    "point_num_in_lidar": 84,
    "speed": 0.005009640615486363,
    "if_vehicle": true,
    "motion_state": false,
    "pose": [
      [
        -0.20841349430056372,
        -0.9780405954058418,
        0.0006396339698522336,
        -7.016089539338054
      ],
      [
        0.9779914437872097,
        -0.2084095017763027,
        -0.009910370747970293,
        78.7182926720634
      ],
      [
        0.009826050704013605,
        -0.001439898447727449,
        0.9999506864941002,
        1.7045986779148912
      ],
      [
        0.0,
        0.0,
        0.0,
        1.0
      ]
    ],
    "location": [
      -7.016089539338054,
      78.7182926720634,
      1.7045986779148912
    ],
    "rotation": [
      -0.0014399684624063647,
      -0.009826208830500411,
      1.7807591670503469
    ]
  },
  {
    "label_id": "AE5mG59C1GJKWSHeZyrOug",
    "size": [
      2.3096827218112836,
      5.064638733456315,
      1.7500000000000044
    ],
    "obj_class": "vehicle",
    "point_num_in_lidar": 81,
    "speed": 6.487645356264387,
    "if_vehicle": true,
    "motion_state": true,
    "pose": [
      [
        -0.17203566258433783,
        -0.9850905144541553,
        0.0006396339698522336,
        -11.149044504533776
      ],
      [
        0.9850412486630279,
        -0.1720334937854267,
        -0.009910370747970293,
        89.085055489144
      ],
      [
        0.00987265068512699,
        -0.0010748713537329752,
        0.9999506864941002,
        2.0768537346161837
      ],
      [
        0.0,
        0.0,
        0.0,
        1.0
      ]
    ],
    "location": [
      -11.149044504533776,
      89.085055489144,
      2.0768537346161837
    ],
    "rotation": [
      -0.0010749239480105752,
      -0.009872811072107789,
      1.7437006084516784
    ]
  },
  {
    "label_id": "CxbtD4PgRVqlo5t1DPk9WA",
    "size": [
      1.8418395196122688,
      3.7532901285724676,
      1.650000000000004
    ],
    "obj_class": "vehicle",
    "point_num_in_lidar": 3719,
    "speed": 3.552713678800501e-13,
    "if_vehicle": true,
    "motion_state": false,
    "pose": [
      [
        -0.09699944869831638,
        -0.9952842296653791,
        0.0006396339698522336,
        -0.7426739788331815
      ],
      [
        0.9952349410122723,
        -0.09700101411808226,
        -0.009910370747970293,
        40.65368443454645
      ],
      [
        0.00992568085933196,
        -0.00032471442269370624,
        0.9999506864941002,
        1.349927391430188
      ],
      [
        0.0,
        0.0,
        0.0,
        1.0
      ]
    ],
    "location": [
      -0.7426739788331815,
      40.65368443454645,
      1.349927391430188
    ],
    "rotation": [
      -0.0003247304248757335,
      -0.009925843844815692,
      1.6679533338741652
    ]
  },
  {
    "label_id": "HAwzx47-xhwNNgj0RAxUNQ",
    "size": [
      1.0428727676031466,
      0.9653574371278288,
      2.0400000000000036
    ],
    "obj_class": "pedestrian",
    "point_num_in_lidar": 93,
    "speed": 0.364155409381604,
    "if_vehicle": false,
    "motion_state": false,
    "pose": [
      [
        0.6693280730604202,
        -0.7429667028081469,
        0.0006396339698522336,
        -16.622635839132272
      ],
      [
        0.7429346113505064,
        0.6692906303012988,
        -0.009910370747970293,
        31.6691658387972
      ],
      [
        0.006934974455381274,
        0.007108495570852062,
        0.9999506864941002,
        1.5662242144711662
      ],
      [
        0.0,
        0.0,
        0.0,
        1.0
      ]
    ],
    "location": [
      -16.622635839132272,
      31.6691658387972,
      1.5662242144711662
    ],
    "rotation": [
      0.00710872638645258,
      -0.006935030044878488,
      0.8374706269781532
    ]
  },
  {
    "label_id": "KUCYq08RlyE439QAxBXN-A",
    "size": [
      1.9064355918050697,
      5.176931607263873,
      1.7600000000000042
    ],
    "obj_class": "vehicle",
    "point_num_in_lidar": 307,
    "speed": 1.4250766696571006e-12,
    "if_vehicle": true,
    "motion_state": false,
    "pose": [
      [
        -0.18693451770209912,
        -0.9823721682538996,
        0.0006396339698522336,
        -4.814882455660609
      ],
      [
        0.9823229409578196,
        -0.1869316030520726,
        -0.009910370747970293,
        65.65835042278013
      ],
      [
        0.009855240203234635,
        -0.0012242632536190463,
        0.9999506864941002,
        1.6749273914302165
      ],
      [
        0.0,
        0.0,
        0.0,
        1.0
      ]
    ],
    "location": [
      -4.814882455660609,
      65.65835042278013,
      1.6749273914302165
    ],
    "rotation": [
      -0.0012243230175693239,
      -0.00985539974315592,
      1.7588462937912694
    ]
  },
  {
    "label_id": "LacRQQUbE3NsCQg5nU1DZQ",
    "size": [
      0.8611163993970796,
      0.8724931554822942,
      1.8200000000000047
    ],
    "obj_class": "pedestrian",
    "point_num_in_lidar": 28,
    "speed": 1.6362938412562578,
    "if_vehicle": false,
    "motion_state": true,
    "pose": [
      [
        -0.1475915386036918,
        -0.9890481932651105,
        0.0006396339698522336,
        -22.606442725161514
      ],
      [
        0.9889988888777025,
        -0.14759059031763297,
        -0.009910370747970293,
        84.95015461240655
      ],
      [
        0.009896238238065121,
        -0.0008300895813536626,
        0.9999506864941002,
        2.225931047477376
      ],
      [
        0.0,
        0.0,
        0.0,
        1.0
      ]
    ],
    "location": [
      -22.606442725161514,
      84.95015461240655,
      2.225931047477376
    ],
    "rotation": [
      -0.0008301303273143437,
      -0.009896399777409316,
      1.7189363323875455
    ]
  },
  {
    "label_id": "MNZBjj1xxAIsDzI0_MwKWQ",
    "size": [
      2.0034397093937812,
      4.503939814433242,
      1.480000000000004
    ],
    "obj_class": "vehicle",
    "point_num_in_lidar": 3971,
    "speed": 0.05043873684404072,
    "if_vehicle": true,
    "motion_state": false,
    "pose": [
      [
        -0.15299742310784378,
        -0.9882263806389424,
        0.0006396339698522336,
        0.4102711741220446
      ],
      [
        0.9881770821738144,
        -0.1529962052407972,
        -0.009910370747970293,
        34.62023579652123
      ],
      [
        0.009891551385187228,
        -0.0008841895564949753,
        0.9999506864941002,
        1.1549273914301992
      ],
      [
        0.0,
        0.0,
        0.0,
        1.0
      ]
    ],
    "location": [
      0.4102711741220446,
      34.62023579652123,
      1.1549273914301992
    ],
    "rotation": [
      -0.0008842329306810037,
      -0.009891712695118543,
      1.7244046004048534
    ]
  },
  {
    "label_id": "N4I-49kxgwvW7coUEefmjQ",
    "size": [
      0.634336283186157,
      0.09248778741724578,
      0.6327728613569175
    ],
    "obj_class": "sign",
    "point_num_in_lidar": 116,
    "speed": 0.04241752018332051,
    "if_vehicle": false,
    "motion_state": false,
    "pose": [
      [
        0.9960354892418445,
        -0.08895445485833857,
        0.0006396339698522336,
        -16.61286981833291
      ],
      [
        0.08895641847589905,
        0.9959862148461586,
        -0.009910370747970293,
        30.753592274399125
      ],
      [
        0.0002445050108095742,
        0.00992798052361623,
        0.9999506864941002,
        2.1323999702143244
      ],
      [
        0.0,
        0.0,
        0.0,
        1.0
      ]
    ],
    "location": [
      -16.61286981833291,
      30.753592274399125,
      2.1323999702143244
    ],
    "rotation": [
      0.00992814391919044,
      -0.00024450501324576923,
      0.08907416321730052
    ]
  },
  {
    "label_id": "NnGgR0GOLz3FLRk6bJzEUA",
    "size": [
      2.0953168346719893,
      4.499693689025667,
      1.650000000000004
    ],
    "obj_class": "vehicle",
    "point_num_in_lidar": 141,
    "speed": 2.3665544114933916,
    "if_vehicle": true,
    "motion_state": true,
    "pose": [
      [
        -0.16593445698147677,
        -0.9861365761671387,
        0.0006396339698522336,
        -16.572465525066264
      ],
      [
        0.9860872978946147,
        -0.16593259318932826,
        -0.009910370747970293,
        85.57541860038691
      ],
      [
        0.009879115201259956,
        -0.0010137370555763675,
        0.9999506864941002,
        1.8787895454429009
      ],
      [
        0.0,
        0.0,
        0.0,
        1.0
      ]
    ],
    "location": [
      -16.572465525066264,
      85.57541860038691,
      1.8787895454429009
    ],
    "rotation": [
      -0.0010137867016588636,
      -0.009879275903515861,
      1.7375100681753468
    ]
  },
  {
    "label_id": "R90qG22qnE5vElvAMK05mw",
    "size": [
      0.7771872958974817,
      1.0217405783919278,
      1.1200000000000037
    ],
    "obj_class": "sign",
    "point_num_in_lidar": 185,
    "speed": 1.1390866590859189e-12,
    "if_vehicle": false,
    "motion_state": false,
    "pose": [
      [
        0.9910570318957285,
        -0.1334374400174616,
        0.0006396339698522336,
        -20.19413893839078
      ],
      [
        0.13343719666307383,
        0.99100771899029,
        -0.009910370747970293,
        35.78255872450973
      ],
      [
        0.0006885323007811261,
        0.009907093582297244,
        0.9999506864941002,
        1.2926041596489704
      ],
      [
        0.0,
        0.0,
        0.0,
        1.0
      ]
    ],
    "location": [
      -20.19413893839078,
      35.78255872450973,
      1.2926041596489704
    ],
    "rotation": [
      0.009907258002303167,
      -0.0006885323551839946,
      0.13383642111839988
    ]
  },
  {
    "label_id": "Vph9lRXCtQfcwKVMJY5wfw",
    "size": [
      1.8247667660245641,
      4.541368818290325,
      1.563181648906676
    ],
    "obj_class": "vehicle",
    "point_num_in_lidar": 222,
    "speed": 0.02124652329745119,
    "if_vehicle": true,
    "motion_state": false,
    "pose": [
      [
        -0.16362450438751203,
        -0.9865224845041929,
        0.0006396339698522336,
        -17.211064785071358
      ],
      [
        0.9864732020018734,
        -0.1636227560084737,
        -0.009910370747970293,
        70.6951609220232
      ],
      [
        0.009881462245629193,
        -0.0009905977315838334,
        0.9999506864941002,
        1.6593727284606814
      ],
      [
        0.0,
        0.0,
        0.0,
        1.0
      ]
    ],
    "location": [
      -17.211064785071358,
      70.6951609220232,
      1.6593727284606814
    ],
    "rotation": [
      -0.0009906462597730503,
      -0.009881623062452846,
      1.7351679877000934
    ]
  },
  {
    "label_id": "W7smyXncdDt6gb7dmd9G4Q",
    "size": [
      2.574531979678764,
      5.894976476344226,
      1.9000000000000048
    ],
    "obj_class": "vehicle",
    "point_num_in_lidar": 747,
    "speed": 2.864289338439558e-13,
    "if_vehicle": true,
    "motion_state": false,
    "pose": [
      [
        -0.1755650198575775,
        -0.9844676300776948,
        0.0006396339698522336,
        -3.603482288799114
      ],
      [
        0.9844183723757111,
        -0.17556267450911492,
        -0.009910370747970293,
        58.64279042977978
      ],
      [
        0.009868735053899767,
        -0.0011102470056452089,
        0.9999506864941002,
        1.694927391430209
      ],
      [
        0.0,
        0.0,
        0.0,
        1.0
      ]
    ],
    "location": [
      -3.603482288799114,
      58.64279042977978,
      1.694927391430209
    ],
    "rotation": [
      -0.0011103013022689678,
      -0.009868895250115518,
      1.747284684753041
    ]
  },
  {
    "label_id": "YMb2DQvXVMNwYg9V1LLfjg",
    "size": [
      2.0355511694656947,
      3.7736514423989274,
      1.8000000000000007
    ],
    "obj_class": "vehicle",
    "point_num_in_lidar": 443,
    "speed": 0.18728172250818437,
    "if_vehicle": true,
    "motion_state": false,
    "pose": [
      [
        -0.17370230552316976,
        -0.9847979995533702,
        0.0006396339698522336,
        -9.692185710722242
      ],
      [
        0.9847487375026366,
        -0.17370005336383962,
        -0.009910370747970293,
        61.276078905006216
      ],
      [
        0.009870817742130038,
        -0.0010915755032360334,
        0.9999506864941002,
        1.7971182223624709
      ],
      [
        0.0,
        0.0,
        0.0,
        1.0
      ]
    ],
    "location": [
      -9.692185710722242,
      61.276078905006216,
      1.7971182223624709
    ],
    "rotation": [
      -0.0010916289016909687,
      -0.00987097803979312,
      1.7453928085588721
    ]
  },
  {
    "label_id": "_GARc9fieIJDt4ZaybG5VQ",
    "size": [
      0.5164380593014501,
      0.07716136710051658,
      0.5800000000000036
    ],
    "obj_class": "sign",
    "point_num_in_lidar": 31,
    "speed": 0.013640356934743414,
    "if_vehicle": false,
    "motion_state": false,
    "pose": [
      [
        0.08632165165555944,
        0.9962671144446356,
        0.0006396339698522336,
        -19.08567048593568
      ],
      [
        -0.9962178454108316,
        0.08632374549704086,
        -0.009910370747970293,
        70.30156322450603
      ],
      [
        -0.009928592068181674,
        0.00021826479618596836,
        0.9999506864941002,
        3.5159924902643773
      ],
      [
        0.0,
        0.0,
        0.0,
        1.0
      ]
    ],
    "location": [
      -19.08567048593568,
      70.30156322450603,
      3.5159924902643773
    ],
    "rotation": [
      0.00021827555665256723,
      0.00992875519712297,
      -1.4843628398940736
    ]
  },
  {
    "label_id": "hENofIehdn8fsrjnf9OVYw",
    "size": [
      1.833709355687925,
      4.543457418889727,
      1.770000000000004
    ],
    "obj_class": "vehicle",
    "point_num_in_lidar": 120,
    "speed": 1.4228607195221901e-12,
    "if_vehicle": true,
    "motion_state": false,
    "pose": [
      [
        -0.1869345177021698,
        -0.9823721682538862,
        0.0006396339698522336,
        -5.906904503537135
      ],
      [
        0.9823229409578063,
        -0.18693160305214326,
        -0.009910370747970293,
        71.92859316587783
      ],
      [
        0.009855240203234548,
        -0.0012242632536197554,
        0.9999506864941002,
        1.7499273914302051
      ],
      [
        0.0,
        0.0,
        0.0,
        1.0
      ]
    ],
    "location": [
      -5.906904503537135,
      71.92859316587783,
      1.7499273914302051
    ],
    "rotation": [
      -0.001224323017570033,
      -0.009855399743155833,
      1.7588462937913414
    ]
  },
  {
    "label_id": "kNtdgBIGtz-619syo5GotQ",
    "size": [
      2.3096827218111544,
      5.064638733456315,
      1.9400000000000048
    ],
    "obj_class": "vehicle",
    "point_num_in_lidar": 120,
    "speed": 0.05252088590038067,
    "if_vehicle": true,
    "motion_state": false,
    "pose": [
      [
        -0.16419393721827344,
        -0.9864278695622636,
        0.0006396339698522336,
        -10.790043212617547
      ],
      [
        0.9863785880773888,
        -0.16419216039170215,
        -0.009910370747970293,
        67.53134609934568
      ],
      [
        0.009880888786862472,
        -0.0009963015403328663,
        0.9999506864941002,
        1.9185207258423471
      ],
      [
        0.0,
        0.0,
        0.0,
        1.0
      ]
    ],
    "location": [
      -10.790043212617547,
      67.53134609934568,
      1.9185207258423471
    ],
    "rotation": [
      -0.0009963503441805886,
      -0.009881049575688498,
      1.7357452554795973
    ]
  },
  {
    "label_id": "kqCTeFWUmg4ZB7MzI0k53Q",
    "size": [
      2.2250825138557966,
      4.938817659304747,
      2.170000000000001
    ],
    "obj_class": "vehicle",
    "point_num_in_lidar": 3779,
    "speed": 0.04945938551598184,
    "if_vehicle": true,
    "motion_state": false,
    "pose": [
      [
        -0.9998812162196339,
        0.015399490885429417,
        0.0006396339698522336,
        -15.616981808566607
      ],
      [
        -0.015405076042061122,
        -0.9998322200168266,
        -0.009910370747970293,
        33.42643246897205
      ],
      [
        0.0004869119880709401,
        -0.009919047166612679,
        0.9999506864941002,
        1.6295198507274566
      ],
      [
        0.0,
        0.0,
        0.0,
        1.0
      ]
    ],
    "location": [
      -15.616981808566607,
      33.42643246897205,
      1.6295198507274566
    ],
    "rotation": [
      -0.009919211001395983,
      -0.0004869120073107244,
      -3.1261869663435107
    ]
  },
  {
    "label_id": "ovWWa3NMo85PAccMFBiTGA",
    "size": [
      1.9597807102898217,
      4.73755135825663,
      1.4905366848378785
    ],
    "obj_class": "vehicle",
    "point_num_in_lidar": 3420,
    "speed": 0.006530758661173321,
    "if_vehicle": true,
    "motion_state": false,
    "pose": [
      [
        -0.16464897429051378,
        -0.9863520193792206,
        0.0006396339698522336,
        -12.791957433926655
      ],
      [
        0.9863027387192674,
        -0.16464717472981483,
        -0.009910370747970293,
        43.56457174649768
      ],
      [
        0.00988042812605464,
        -0.001000859642248885,
        0.9999506864941002,
        1.3056952104950632
      ],
      [
        0.0,
        0.0,
        0.0,
        1.0
      ]
    ],
    "location": [
      -12.791957433926655,
      43.56457174649768,
      1.3056952104950632
    ],
    "rotation": [
      -0.0010009086663378306,
      -0.009880588892392458,
      1.7362065933647688
    ]
  },
  {
    "label_id": "sJGK7DedDoxQEYAD87bVIw",
    "size": [
      0.9550852724576661,
      0.8830833140800468,
      1.7000000000000046
    ],
    "obj_class": "pedestrian",
    "point_num_in_lidar": 27,
    "speed": 1.5765427320770946,
    "if_vehicle": false,
    "motion_state": true,
    "pose": [
      [
        0.16678793436966707,
        0.985992584057854,
        0.0006396339698522336,
        -8.520055640534792
      ],
      [
        -0.985943307416973,
        0.1667860279259561,
        -0.009910370747970293,
        102.60501132082209
      ],
      [
        -0.00987823407192076,
        0.0010222874341191777,
        0.9999506864941002,
        2.289456447244918
      ],
      [
        0.0,
        0.0,
        0.0,
        1.0
      ]
    ],
    "location": [
      -8.520055640534792,
      102.60501132082209,
      2.289456447244918
    ],
    "rotation": [
      0.001022337493009081,
      0.0098783947311796,
      -1.4032170046426373
    ]
  },
  {
    "label_id": "t1qXUyb9x438EQc-bc_4uA",
    "size": [
      0.9815463408667235,
      0.9385322933989074,
      1.7315044247787643
    ],
    "obj_class": "pedestrian",
    "point_num_in_lidar": 87,
    "speed": 0.004077410729134762,
    "if_vehicle": false,
    "motion_state": false,
    "pose": [
      [
        0.6625406314682373,
        0.7490257021772043,
        0.0006396339698522336,
        -18.528587836110546
      ],
      [
        -0.748984871675666,
        0.6625129784031583,
        -0.009910370747970293,
        70.15724307938763
      ],
      [
        -0.007846888214789514,
        0.006086947126615413,
        0.9999506864941002,
        1.8524873870691518
      ],
      [
        0.0,
        0.0,
        0.0,
        1.0
      ]
    ],
    "location": [
      -18.528587836110546,
      70.15724307938763,
      1.8524873870691518
    ],
    "rotation": [
      0.006087172124996018,
      0.007846968743951691,
      -0.846563485232603
    ]
  },
  {
    "label_id": "vs9s9qzlH4_rx8JAdIwCTA",
    "size": [
      2.072182431382237,
      4.541388680750847,
      1.8900000000000041
    ],
    "obj_class": "vehicle",
    "point_num_in_lidar": 127,
    "speed": 0.023808809875050192,
    "if_vehicle": true,
    "motion_state": false,
    "pose": [
      [
        -0.13806518371486629,
        -0.990422937897828,
        0.0006396339698522336,
        -18.114878167833695
      ],
      [
        0.990373626667048,
        -0.1380647100239463,
        -0.009910370747970293,
        76.0755688410718
      ],
      [
        0.009903769390430547,
        -0.0007348005435389571,
        0.9999506864941002,
        1.9559635529139783
      ],
      [
        0.0,
        0.0,
        0.0,
        1.0
      ]
    ],
    "location": [
      -18.114878167833695,
      76.0755688410718,
      1.9559635529139783
    ],
    "rotation": [
      -0.0007348366486499615,
      -0.009903931298866298,
      1.7093107863002581
    ]
  },
  {
    "label_id": "ykbUDUYn_3QzQTLWd6PCXA",
    "size": [
      0.5956583529638201,
      0.08191283221453073,
      0.49955255331049564
    ],
    "obj_class": "sign",
    "point_num_in_lidar": 93,
    "speed": 0.009945317715420126,
    "if_vehicle": false,
    "motion_state": false,
    "pose": [
      [
        0.9910131740514573,
        -0.1337627740622952,
        0.0006396339698522336,
        -16.735680682666725
      ],
      [
        0.13376251451962756,
        0.9909638612285637,
        -0.009910370747970293,
        29.925786759396942
      ],
      [
        0.0006917845346966053,
        0.00990686701915236,
        0.9999506864941002,
        1.6011069962361528
      ],
      [
        0.0,
        0.0,
        0.0,
        1.0
      ]
    ],
    "location": [
      -16.735680682666725,
      29.925786759396942,
      1.6011069962361528
    ],
    "rotation": [
      0.009907031450222994,
      -0.0006917845898740254,
      0.13416468209778293
    ]
  }
]