[
  {
    "label_id": "--vdK0N2LIZSbUVEuUiisw",
    "size": [
      3.106018149532469,
      7.585705537180848,
      3.429999999999974
    ],
    "obj_class": "vehicle",
    "point_num_in_lidar": 800,
    "speed": 4.032761591800043,
    "if_vehicle": true,
    "motion_state": true,
    "pose": [
      [
        -0.15160046887729547,
        -0.9884359430476055,
        -0.0034182345991653302,
        -13.47804424593869
      ],
      [
        0.9883502596793391,
        -0.1515384369173689,
        -0.01413740882989999,
        84.42260607877324
      ],
      [
        0.013455929100857357,
        -0.00552165086105281,
        0.9998942190770989,
        2.869509066693122
      ],
      [
        0.0,
        0.0,
        0.0,
        1.0
      ]
    ],
    "location": [
      -13.47804424593869,
      84.42260607877324,
      2.869509066693122
    ],
    "rotation": [
      -0.005522178875530338,
      -0.013456335193581012,
      1.7229974698440382
    ]
  },
  {
    "label_id": "-roDyLaSj9Ly7YWd600gHw",
    "size": [
      2.376211038541761,
      5.77472060364153,
      2.21
    ],
    "obj_class": "vehicle",
    "point_num_in_lidar": 22249,
    "speed": 0.7835904603187233,
    "if_vehicle": true,
    "motion_state": false,
    "pose": [
      [
        -0.15173311916224685,
        -0.9884155888195615,
        -0.0034182345991653302,
        -5.087545791475804
      ],
      [
        0.9883299137769783,
        -0.15167107570386348,
        -0.01413740882989999,
        51.971335025551525
      ],
      [
        0.013455187954324896,
        -0.00552345664529517,
        0.9998942190770989,
        1.8677846455123364
      ],
      [
        0.0,
        0.0,
        0.0,
        1.0
      ]
    ],
    "location": [
      -5.087545791475804,
      51.971335025551525,
      1.8677846455123364
    ],
    "rotation": [
      -0.0055239847957207384,
      -0.013455593979946386,
      1.7231316835360218
    ]
  },
  {
    "label_id": "0DOzd3WNjt66gPEDui60ug",
    "size": [
      0.8818837264838433,
      0.8195920853035972,
      1.9100000000000046
    ],
    "obj_class": "pedestrian",
    "point_num_in_lidar": 32,
    "speed": 0.014662393933419516,
    "if_vehicle": false,
    "motion_state": false,
    "pose": [
      [
        -0.9472166334791879,
        0.32057598932636666,
        -0.0034182345991653302,
        -10.572253758979286
      ],
      [
        -0.3205000491051082,
        -0.947142994586984,
        -0.01413740882989999,
        109.43892395874536
      ],
      [
        -0.007769670776610789,
        -0.012295644441091547,
        0.9998942190770989,
        2.1212873326630577
      ],
      [
        0.0,
        0.0,
        0.0,
        1.0
      ]
    ],
    "location": [
      -10.572253758979286,
      109.43892395874536,
      2.1212873326630577
    ],
    "rotation": [
      -0.012296325452578685,
      0.007769748951702309,
      -2.8153251038195712
    ]
  },
  {
    "label_id": "7ep-aTN1FvIoU5SAK9txkw",
    "size": [
      0.8295246805397084,
      0.8192758753607412,
      1.7400000000000047
    ],
    "obj_class": "pedestrian",
    "point_num_in_lidar": 34,
    "speed": 1.0104302060818033,
    "if_vehicle": false,
    "motion_state": true,
    "pose": [
      [
        -0.06173594745229755,
        0.9980866638044976,
        -0.0034182345991653302,
        -7.933449694059391
      ],
      [
        -0.9979897627271427,
        -0.061778371323611365,
        -0.01413740882989999,
        103.12611080086936
      ],
      [
        -0.014321532180213578,
        0.0025385768079323632,
        0.9998942190770989,
        2.093062753965931
      ],
      [
        0.0,
        0.0,
        0.0,
        1.0
      ]
    ],
    "location": [
      -7.933449694059391,
      103.12611080086936,
      2.093062753965931
    ],
    "rotation": [
      0.0025388399144508945,
      0.014322021798113345,
      -1.6325779019344588
    ]
  },
  {
    "label_id": "8aVX3NatEzhiT9gQ6KW5mQ",
    "size": [
      1.6810620273667536,
      4.580293545298149,
      1.540657427030581
    ],
    "obj_class": "vehicle",
    "point_num_in_lidar": 235,
    "speed": 0.0050096406154271295,
    "if_vehicle": true,
    "motion_state": false,
    "pose": [
      [
        -0.20841231934525606,
        -0.9780350815882609,
        -0.0034182345991653302,
        -7.033240601302168
      ],
      [
        0.9779531223806964,
        -0.20834544414846973,
        -0.01413740882989999,
        78.71463790274902
      ],
      [
        0.013114708192631068,
        -0.006289283363055021,
        0.9998942190770989,
        1.704598677914884
      ],
      [
        0.0,
        0.0,
        0.0,
        1.0
      ]
    ],
    "location": [
      -7.033240601302168,
      78.71463790274902,
      1.704598677914884
    ],
    "rotation": [
      -0.006289865770903797,
      -0.013115084167018762,
      1.7807660055705834
    ]
  },
  {
    "label_id": "9S1ZjF-IIBz1PL5BOzf8cQ",
    "size": [
      0.9999999999995007,
      1.0,
      1.8200000000000038
    ],
    "obj_class": "pedestrian",
    "point_num_in_lidar": 20,
    "speed": 0.2075501724327168,
    "if_vehicle": false,
    "motion_state": false,
    "pose": [
      [
        -0.8176879376203607,
        -0.5756515893684183,
        -0.0034182345991653302,
        -27.790244367736477
      ],
      [
        0.5756369370959136,
        -0.8175831763939444,
        -0.01413740882989999,
        121.81543048259846
      ],
      [
        0.005343530761237768,
        -0.013527650764355609,
        0.9998942190770989,
        2.7088519515151415
      ],
      [
        0.0,
        0.0,
        0.0,
        1.0
      ]
    ],
    "location": [
      -27.790244367736477,
      121.81543048259846,
      2.7088519515151415
    ],
    "rotation": [
      -0.013528256537163054,
      -0.005343556190822694,
      2.528199736130267
    ]
  },
  {
    "label_id": "EFrFyBj_ApId8RpLISrLcA",
    "size": [
      0.9767614703256856,
      0.9087334607547355,
      1.7000000000000037
    ],
    "obj_class": "pedestrian",
    "point_num_in_lidar": 36,
    "speed": 1.1583810239726995,
    "if_vehicle": false,
    "motion_state": true,
    "pose": [
      [
        0.03338578912237245,
        -0.999436693721469,
        -0.0034182345991653302,
        -6.637194650835454
      ],
      [
        0.9993410356462535,
        0.033430945919157545,
        -0.01413740882989999,
        101.82827040876327
      ],
      [
        0.014243719954767637,
        -0.002943993554479929,
        0.9998942190770989,
        2.1352920080214535
      ],
      [
        0.0,
        0.0,
        0.0,
        1.0
      ]
    ],
    "location": [
      -6.637194650835454,
      101.82827040876327,
      2.1352920080214535
    ],
    "rotation": [
      -0.002944296497831734,
      -0.014244201634842786,
      1.5374009434134261
    ]
  },
  {
    "label_id": "It8cF6tiEaQxgBFxXxgK-g",
    "size": [
      1.9255668128063799,
      4.237264612076182,
      1.770000000000004
    ],
    "obj_class": "vehicle",
    "point_num_in_lidar": 47,
    "speed": 2.8421709430404007e-13,
    "if_vehicle": true,
    "motion_state": false,
    "pose": [
      [
        -0.1390654137299371,
        -0.9902772977183444,
        -0.0034182345991653302,
        -26.2767044074144
      ],
      [
        0.9901908353194813,
        -0.13900447230533416,
        -0.01413740882989999,
        121.91523581118963
      ],
      [
        0.01352480511614001,
        -0.005350729181064777,
        0.9998942190770989,
        2.608789545442841
      ],
      [
        0.0,
        0.0,
        0.0,
        1.0
      ]
    ],
    "location": [
      -26.2767044074144,
      121.91523581118963,
      2.608789545442841
    ],
    "rotation": [
      -0.005351244166351767,
      -0.013525217477106043,
      1.7103267677723812
    ]
  },
  {
    "label_id": "KUCYq08RlyE439QAxBXN-A",
    "size": [
      1.9064355918050697,
      5.176931607263873,
      1.7600000000000042
    ],
    "obj_class": "vehicle",
    "point_num_in_lidar": 1416,
    "speed": 1.4250766696571006e-12,
    "if_vehicle": true,
    "motion_state": false,
    "pose": [
      [
        -0.1869334638370178,
        -0.9823666300165735,
        -0.0034182345991653302,
        -4.814882455660609
      ],
      [
        0.9822832252428969,
        -0.18686840042658034,
        -0.01413740882989999,
        65.65835042278195
      ],
      [
        0.013249358637566584,
        -0.006000429308958226,
        0.9998942190770989,
        1.6402040973367313
      ],
      [
        0.0,
        0.0,
        0.0,
        1.0
      ]
    ],
    "location": [
      -4.814882455660609,
      65.65835042278195,
      1.6402040973367313
    ],
    "rotation": [
      -0.0060009920702997505,
      -0.013249746312415886,
      1.7588526836646101
    ]
  },
  {
    "label_id": "NnGgR0GOLz3FLRk6bJzEUA",
    "size": [
      2.09531683467161,
      4.499693689025667,
      1.650000000000004
    ],
    "obj_class": "vehicle",
    "point_num_in_lidar": 119,
    "speed": 6.51364649995614,
    "if_vehicle": true,
    "motion_state": true,
    "pose": [
      [
        -0.16383831408635924,
        -0.9864812834056025,
        -0.0034182345991653302,
        -19.278385106974838
      ],
      [
        0.9863963753668372,
        -0.16377522503340353,
        -0.01413740882989999,
        101.77330346095187
      ],
      [
        0.01338646706585417,
        -0.0056879834470106175,
        0.9998942190770989,
        2.0827911134882724
      ],
      [
        0.0,
        0.0,
        0.0,
        1.0
      ]
    ],
    "location": [
      -19.278385106974838,
      101.77330346095187,
      2.0827911134882724
    ],
    "rotation": [
      -0.005688523831118407,
      -0.013386866901670453,
      1.7353915069000794
    ]
  },
  {
    "label_id": "Vph9lRXCtQfcwKVMJY5wfw",
    "size": [
      1.8247667660245634,
      4.541368818290325,
      1.563181648906676
    ],
    "obj_class": "vehicle",
    "point_num_in_lidar": 529,
    "speed": 0.0203260885322868,
    "if_vehicle": true,
    "motion_state": false,
    "pose": [
      [
        -0.16362358193534124,
        -0.9865169228689763,
        -0.0034182345991653302,
        -17.17687950159757
      ],
      [
        0.9864320010995716,
        -0.16356051136588942,
        -0.01413740882989999,
        70.65343969452078
      ],
      [
        0.013387704857205576,
        -0.005685069467915005,
        0.9998942190770989,
        1.6593727284606832
      ],
      [
        0.0,
        0.0,
        0.0,
        1.0
      ]
    ],
    "location": [
      -17.17687950159757,
      70.65343969452078,
      1.6593727284606832
    ],
    "rotation": [
      -0.005685609638001777,
      -0.013388104803951582,
      1.7351738200103786
    ]
  },
  {
    "label_id": "W7smyXncdDt6gb7dmd9G4Q",
    "size": [
      2.574531979678763,
      5.894976476344226,
      1.9000000000000048
    ],
    "obj_class": "vehicle",
    "point_num_in_lidar": 4002,
    "speed": 2.864289338439558e-13,
    "if_vehicle": true,
    "motion_state": false,
    "pose": [
      [
        -0.1755640300893623,
        -0.984462080026959,
        -0.0034182345991653302,
        -3.6034822887993414
      ],
      [
        0.984377928642189,
        -0.1754999352526663,
        -0.01413740882989999,
        58.6427904297816
      ],
      [
        0.0133178429520429,
        -0.005846855163537608,
        0.9998942190770989,
        1.6949273914301886
      ],
      [
        0.0,
        0.0,
        0.0,
        1.0
      ]
    ],
    "location": [
      -3.6034822887993414,
      58.6427904297816,
      1.6949273914301886
    ],
    "rotation": [
      -0.005847407068614548,
      -0.013318236669872665,
      1.7472908117536272
    ]
  },
  {
    "label_id": "Wapj6SbPm34CXWWQe7JzYA",
    "size": [
      1.9834396728584889,
      4.228772219860718,
      1.4900000000000038
    ],
    "obj_class": "vehicle",
    "point_num_in_lidar": 57,
    "speed": 0.0043168083154879345,
    "if_vehicle": true,
    "motion_state": false,
    "pose": [
      [
        -0.13945619427359882,
        -0.9902223414723328,
        -0.0034182345991653302,
        -13.226246023121348
      ],
      [
        0.9901359031294084,
        -0.13939521873323815,
        -0.01413740882989999,
        118.12056681477225
      ],
      [
        0.013522692514263027,
        -0.005356066034260578,
        0.9998942190770989,
        2.118789545442824
      ],
      [
        0.0,
        0.0,
        0.0,
        1.0
      ]
    ],
    "location": [
      -13.226246023121348,
      118.12056681477225,
      2.118789545442824
    ],
    "rotation": [
      -0.005356581431152214,
      -0.013523104682013795,
      1.7107214264431472
    ]
  },
  {
    "label_id": "YMb2DQvXVMNwYg9V1LLfjg",
    "size": [
      2.0355511694670514,
      3.7736514423989274,
      1.8000000000000007
    ],
    "obj_class": "vehicle",
    "point_num_in_lidar": 1241,
    "speed": 2.3513635749702146,
    "if_vehicle": true,
    "motion_state": true,
    "pose": [
      [
        -0.15738305375657108,
        -0.9875317159780141,
        -0.0034182345991653302,
        -10.056668550909762
      ],
      [
        0.9874463971419942,
        -0.15732052136600422,
        -0.01413740882989999,
        63.53186214424022
      ],
      [
        0.013423381151981863,
        -0.0056003120133866855,
        0.9998942190770989,
        1.7971182223624407
      ],
      [
        0.0,
        0.0,
        0.0,
        1.0
      ]
    ],
    "location": [
      -10.056668550909762,
      63.53186214424022,
      1.7971182223624407
    ],
    "rotation": [
      -0.005600845916298415,
      -0.013423784304830086,
      1.7288508057699379
    ]
  },
  {
    "label_id": "_GARc9fieIJDt4ZaybG5VQ",
    "size": [
      0.516438059301451,
      0.07716136710051658,
      0.5800000000000036
    ],
    "obj_class": "sign",
    "point_num_in_lidar": 62,
    "speed": 0.01215075726187916,
    "if_vehicle": false,
    "motion_state": false,
    "pose": [
      [
        0.08632116500721743,
        0.9962614978729338,
        -0.0034182345991653302,
        -19.073986500069623
      ],
      [
        -0.9961719234800852,
        0.08626489750509062,
        -0.01413740882989999,
        70.25850388516301
      ],
      [
        -0.013789682439572853,
        0.004625506935936993,
        0.9998942190770989,
        3.496304320185578
      ],
      [
        0.0,
        0.0,
        0.0,
        1.0
      ]
    ],
    "location": [
      -19.073986500069623,
      70.25850388516301,
      3.496304320185578
    ],
    "rotation": [
      0.004625963279987175,
      0.013790119507269959,
      -1.484359360142565
    ]
  },
  {
    "label_id": "hENofIehdn8fsrjnf9OVYw",
    "size": [
      1.8337093556879251,
      4.543457418889727,
      1.770000000000004
    ],
    "obj_class": "vehicle",
    "point_num_in_lidar": 447,
    "speed": 1.4228607195221901e-12,
    "if_vehicle": true,
    "motion_state": false,
    "pose": [
      [
        -0.18693346383709283,
        -0.9823666300165592,
        -0.0034182345991653302,
        -5.906904503537589
      ],
      [
        0.9822832252428825,
        -0.18686840042665537,
        -0.01413740882989999,
        71.92859316587783
      ],
      [
        0.013249358637566126,
        -0.006000429308959238,
        0.9998942190770989,
        1.7499273914302291
      ],
      [
        0.0,
        0.0,
        0.0,
        1.0
      ]
    ],
    "location": [
      -5.906904503537589,
      71.92859316587783,
      1.7499273914302291
    ],
    "rotation": [
      -0.006000992070300763,
      -0.013249746312415428,
      1.7588526836646865
    ]
  },
  {
    "label_id": "kNtdgBIGtz-619syo5GotQ",
    "size": [
      2.309682721811271,
      5.064638733456315,
      1.9400000000000048
    ],
    "obj_class": "vehicle",
    "point_num_in_lidar": 404,
    "speed": 3.0447175513330955,
    "if_vehicle": true,
    "motion_state": true,
    "pose": [
      [
        -0.1633206800094286,
        -0.9865671143685477,
        -0.0034182345991653302,
        -11.458866490192804
      ],
      [
        0.986482173238338,
        -0.16325763551681813,
        -0.01413740882989999,
        71.42349507435756
      ],
      [
        0.013389449735661347,
        -0.0056809587196936595,
        0.9998942190770989,
        1.918520725842356
      ],
      [
        0.0,
        0.0,
        0.0,
        1.0
      ]
    ],
    "location": [
      -11.458866490192804,
      71.42349507435756,
      1.918520725842356
    ],
    "rotation": [
      -0.005681498587696936,
      -0.013389849838816604,
      1.7348667634664665
    ]
  },
  {
    "label_id": "n9y7gH82HbnQHbvHXTnzjg",
    "size": [
      0.49199639610137946,
      0.10373152161804433,
      0.5200000000000031
    ],
    "obj_class": "sign",
    "point_num_in_lidar": 29,
    "speed": 0.003625867125159495,
    "if_vehicle": false,
    "motion_state": false,
    "pose": [
      [
        0.13231255496022956,
        0.9912021506595521,
        -0.0034182345991653302,
        -5.112342374693071
      ],
      [
        -0.9911152748985813,
        0.13225220427004666,
        -0.01413740882989999,
        81.15157698355688
      ],
      [
        -0.013560960976498457,
        0.005258421207220964,
        0.9998942190770989,
        4.27422005979904
      ],
      [
        0.0,
        0.0,
        0.0,
        1.0
      ]
    ],
    "location": [
      -5.112342374693071,
      81.15157698355688,
      4.27422005979904
    ],
    "rotation": [
      0.005258929025278747,
      0.013561376653590035,
      -1.4380823652439236
    ]
  },
  {
    "label_id": "pd5EtGL863Dl-vNVRvaEcQ",
    "size": [
      0.9767614703232536,
      0.9087334607547355,
      1.7000000000000037
    ],
    "obj_class": "pedestrian",
    "point_num_in_lidar": 36,
    "speed": 1.920602841673137,
    "if_vehicle": false,
    "motion_state": true,
    "pose": [
      [
        0.040898418694839865,
        0.9991574625755876,
        -0.0034182345991653302,
        -5.386362980910462
      ],
      [
        -0.9990654206001813,
        0.04084628541935163,
        -0.01413740882989999,
        94.17249886142235
      ],
      [
        -0.01398587534780877,
        0.003993237653110578,
        0.9998942190770989,
        2.0658480330961133
      ],
      [
        0.0,
        0.0,
        0.0,
        1.0
      ]
    ],
    "location": [
      -5.386362980910462,
      94.17249886142235,
      2.0658480330961133
    ],
    "rotation": [
      0.003993638874309817,
      0.013986331338460663,
      -1.5298824939448863
    ]
  },
  {
    "label_id": "qnu6SQHMaFWFVIC9hoAG7A",
    "size": [
      0.886880498949606,
      0.9229548055295895,
      1.7000000000000037
    ],
    "obj_class": "pedestrian",
    "point_num_in_lidar": 35,
    "speed": 1.4020509038555997,
    "if_vehicle": false,
    "motion_state": true,
    "pose": [
      [
        -0.023456517730535278,
        0.9997190142475946,
        -0.0034182345991653302,
        -4.601691754659896
      ],
      [
        -0.9996238094441166,
        -0.023502622492160515,
        -0.01413740882989999,
        97.81976091324759
      ],
      [
        -0.01421377389681668,
        0.0030853343107089537,
        0.9998942190770989,
        2.1736262355407936
      ],
      [
        0.0,
        0.0,
        0.0,
        1.0
      ]
    ],
    "location": [
      -4.601691754659896,
      97.81976091324759,
      2.1736262355407936
    ],
    "rotation": [
      0.0030856509216338392,
      0.014214252545032231,
      -1.594257366540572
    ]
  },
  {
    "label_id": "sJGK7DedDoxQEYAD87bVIw",
    "size": [
      0.9550852724573952,
      0.8830833140800468,
      1.7000000000000037
    ],
    "obj_class": "pedestrian",
    "point_num_in_lidar": 54,
    "speed": 1.4178440746429122,
    "if_vehicle": false,
    "motion_state": true,
    "pose": [
      [
        0.17092613805855708,
        0.9852779156160013,
        -0.0034182345991653302,
        -7.486689119501989
      ],
      [
        -0.9851934633343247,
        0.17086244021110977,
        -0.01413740882989999,
        97.30784648693407
      ],
      [
        -0.01334522879930768,
        0.005784075076690657,
        0.9998942190770989,
        2.351124737841066
      ],
      [
        0.0,
        0.0,
        0.0,
        1.0
      ]
    ],
    "location": [
      -7.486689119501989,
      97.30784648693407,
      2.351124737841066
    ],
    "rotation": [
      0.005784622463951812,
      0.013345624951103995,
      -1.3990113133640352
    ]
  },
  {
    "label_id": "t1qXUyb9x438EQc-bc_4uA",
    "size": [
      0.9815463408687396,
      0.9385322933989074,
      1.7315044247787643
    ],
    "obj_class": "pedestrian",
    "point_num_in_lidar": 139,
    "speed": 0.03194994131602417,
    "if_vehicle": false,
    "motion_state": false,
    "pose": [
      [
        0.8979144594889669,
        0.4401567210810959,
        -0.0034182345991653302,
        -18.379835234076154
      ],
      [
        -0.4401586955536916,
        0.8978086969951056,
        -0.01413740882989999,
        70.37785633151543
      ],
      [
        -0.0031537547636515005,
        0.014198749490339304,
        0.9998942190770989,
        1.8912336111477241
      ],
      [
        0.0,
        0.0,
        0.0,
        1.0
      ]
    ],
    "location": [
      -18.379835234076154,
      70.37785633151543,
      1.8912336111477241
    ],
    "rotation": [
      0.014199297241455822,
      0.0031537599916379344,
      -0.45577784040975206
    ]
  },
  {
    "label_id": "vs9s9qzlH4_rx8JAdIwCTA",
    "size": [
      2.072182431382239,
      4.541388680750847,
      1.8900000000000041
    ],
    "obj_class": "vehicle",
    "point_num_in_lidar": 329,
    "speed": 0.02380880987278783,
    "if_vehicle": true,
    "motion_state": false,
    "pose": [
      [
        -0.1380644053563377,
        -0.9904173542733518,
        -0.0034182345991653302,
        -18.105159034107828
      ],
      [
        0.9903308303212147,
        -0.1380035513560057,
        -0.01413740882989999,
        75.99279525266684
      ],
      [
        0.01353020653553748,
        -0.0053370560522036856,
        0.9998942190770989,
        1.955963552913996
      ],
      [
        0.0,
        0.0,
        0.0,
        1.0
      ]
    ],
    "location": [
      -18.105159034107828,
      75.99279525266684,
      1.955963552913996
    ],
    "rotation": [
      -0.005337569981560582,
      -0.013530619390783446,
      1.7093159248422072
    ]
  }
]