[
  {
    "label_id": "--vdK0N2LIZSbUVEuUiisw",
    "size": [
      3.1060181495329267,
      7.585705537180848,
      3.429999999999974
    ],
    "obj_class": "vehicle",
    "point_num_in_lidar": 747,
    "speed": 4.441853142095707,
    "if_vehicle": true,
    "motion_state": true,
    "pose": [
      [
        -0.14470234006757107,
        -0.9894730764886611,
        -0.0020648687690617107,
        -13.784472849686153
      ],
      [
        0.9893846543096682,
        -0.14466054325659053,
        -0.013832318722699116,
        86.52861670631137
      ],
      [
        0.013388001923634764,
        -0.004044518361007989,
        0.9999021968551326,
        2.869509066693123
      ],
      [
        0.0,
        0.0,
        0.0,
        1.0
      ]
    ],
    "location": [
      -13.784472849686153,
      86.52861670631137,
      2.869509066693123
    ],
    "rotation": [
      -0.004044891906475116,
      -0.013388401897006644,
      1.716021574455147
    ]
  },
  {
    "label_id": "-roDyLaSj9Ly7YWd600gHw",
    "size": [
      2.37621103854176,
      5.77472060364153,
      2.21
    ],
    "obj_class": "vehicle",
    "point_num_in_lidar": 21007,
    "speed": 0.47535119273194254,
    "if_vehicle": true,
    "motion_state": false,
    "pose": [
      [
        -0.15173368214656666,
        -0.9884192561960796,
        -0.0020648687690617107,
        -5.140546871042943
      ],
      [
        0.988331133420797,
        -0.15169125772409012,
        -0.013832318722699116,
        52.38221484741189
      ],
      [
        0.0133589076427432,
        -0.004139602743311996,
        0.9999021968551326,
        1.8713321741069135
      ],
      [
        0.0,
        0.0,
        0.0,
        1.0
      ]
    ],
    "location": [
      -5.140546871042943,
      52.38221484741189,
      1.8713321741069135
    ],
    "rotation": [
      -0.004139983996543986,
      -0.013359305014019229,
      1.7231320549566684
    ]
  },
  {
    "label_id": "0DOzd3WNjt66gPEDui60ug",
    "size": [
      0.8818837264838437,
      0.8195920853035972,
      1.9100000000000046
    ],
    "obj_class": "pedestrian",
    "point_num_in_lidar": 35,
    "speed": 0.014662393933497561,
    "if_vehicle": false,
    "motion_state": false,
    "pose": [
      [
        -0.9472201479928006,
        0.32057717877831443,
        -0.0020648687690617107,
        -10.579288784300843
      ],
      [
        -0.3205201374894605,
        -0.947140701491859,
        -0.013832318722699116,
        109.43686413489013
      ],
      [
        -0.00639004696650308,
        -0.01244041896584129,
        0.9999021968551326,
        2.100834711117244
      ],
      [
        0.0,
        0.0,
        0.0,
        1.0
      ]
    ],
    "location": [
      -10.579288784300843,
      109.43686413489013,
      2.100834711117244
    ],
    "rotation": [
      -0.012440993891793007,
      0.00639009045444754,
      -2.815307201263683
    ]
  },
  {
    "label_id": "7ep-aTN1FvIoU5SAK9txkw",
    "size": [
      0.8295246805389479,
      0.8192758753607412,
      1.7400000000000047
    ],
    "obj_class": "pedestrian",
    "point_num_in_lidar": 40,
    "speed": 1.0735907259612825,
    "if_vehicle": false,
    "motion_state": true,
    "pose": [
      [
        -0.02032627532874931,
        0.9997912676395141,
        -0.0020648687690617107,
        -7.974775235490142
      ],
      [
        -0.9996971667436667,
        -0.020352930094678024,
        -0.013832318722699116,
        102.62221973122541
      ],
      [
        -0.013871457599872529,
        0.0017830839393358792,
        0.9999021968551326,
        2.0930627539659783
      ],
      [
        0.0,
        0.0,
        0.0,
        1.0
      ]
    ],
    "location": [
      -7.974775235490142,
      102.62221973122541,
      2.0930627539659783
    ],
    "rotation": [
      0.0017832564573540019,
      0.013871902489881826,
      -1.5911259582930128
    ]
  },
  {
    "label_id": "8aVX3NatEzhiT9gQ6KW5mQ",
    "size": [
      1.6810620273667523,
      4.580293545298149,
      1.540657427030581
    ],
    "obj_class": "vehicle",
    "point_num_in_lidar": 267,
    "speed": 0.005009640615301815,
    "if_vehicle": true,
    "motion_state": false,
    "pose": [
      [
        -0.20841309262974556,
        -0.9780387104493726,
        -0.0020648687690617107,
        -7.035690144397904
      ],
      [
        0.9779531775487491,
        -0.20836566291272202,
        -0.013832318722699116,
        78.71411592253571
      ],
      [
        0.013098295416180034,
        -0.0049021812971631286,
        0.9999021968551326,
        1.7045986779149267
      ],
      [
        0.0,
        0.0,
        0.0,
        1.0
      ]
    ],
    "location": [
      -7.035690144397904,
      78.71411592253571,
      1.7045986779149267
    ],
    "rotation": [
      -0.004902621513119694,
      -0.013098669980689334,
      1.780766750436816
    ]
  },
  {
    "label_id": "9S1ZjF-IIBz1PL5BOzf8cQ",
    "size": [
      1.0000000000014866,
      1.0,
      1.8200000000000047
    ],
    "obj_class": "pedestrian",
    "point_num_in_lidar": 24,
    "speed": 0.16603955682747532,
    "if_vehicle": false,
    "motion_state": false,
    "pose": [
      [
        -0.55848336743885,
        -0.829513149149023,
        -0.0020648687690617107,
        -27.73137369767028
      ],
      [
        0.8294515080315499,
        -0.5584074343908231,
        -0.013832318722699116,
        121.75196916500681
      ],
      [
        0.010321052192013647,
        -0.009437828454125939,
        0.9999021968551326,
        2.694089966832772
      ],
      [
        0.0,
        0.0,
        0.0,
        1.0
      ]
    ],
    "location": [
      -27.73137369767028,
      121.75196916500681,
      2.694089966832772
    ],
    "rotation": [
      -0.00943847130913821,
      -0.010321235440962176,
      2.1633885269081827
    ]
  },
  {
    "label_id": "EFrFyBj_ApId8RpLISrLcA",
    "size": [
      0.9767614703253068,
      0.9087334607547355,
      1.7000000000000037
    ],
    "obj_class": "pedestrian",
    "point_num_in_lidar": 42,
    "speed": 1.1601662445030612,
    "if_vehicle": false,
    "motion_state": true,
    "pose": [
      [
        0.03596000277652048,
        -0.9993510967209069,
        -0.0020648687690617107,
        -6.617854112305167
      ],
      [
        0.9992565904673636,
        0.035985182593580696,
        -0.013832318722699116,
        102.42517259723718
      ],
      [
        0.013897647565408962,
        -0.0015659235062611709,
        0.9999021968551326,
        2.113625222129235
      ],
      [
        0.0,
        0.0,
        0.0,
        1.0
      ]
    ],
    "location": [
      -6.617854112305167,
      102.42517259723718,
      2.113625222129235
    ],
    "rotation": [
      -0.0015660753931689534,
      -0.013898094980245327,
      1.5348250939029755
    ]
  },
  {
    "label_id": "It8cF6tiEaQxgBFxXxgK-g",
    "size": [
      1.9255668128063792,
      4.237264612076182,
      1.770000000000004
    ],
    "obj_class": "vehicle",
    "point_num_in_lidar": 55,
    "speed": 8.445242857660191e-29,
    "if_vehicle": true,
    "motion_state": false,
    "pose": [
      [
        -0.13906592971252363,
        -0.9902809720024707,
        -0.0020648687690617107,
        -26.276704407414627
      ],
      [
        0.9901923132656395,
        -0.1390246370554345,
        -0.013832318722699116,
        121.91523581118963
      ],
      [
        0.013410814398576547,
        -0.003968221446279288,
        0.9999021968551326,
        2.608789545442871
      ],
      [
        0.0,
        0.0,
        0.0,
        1.0
      ]
    ],
    "location": [
      -26.276704407414627,
      121.91523581118963,
      2.608789545442871
    ],
    "rotation": [
      -0.003968588753956833,
      -0.013411216420147818,
      1.710327073217819
    ]
  },
  {
    "label_id": "KUCYq08RlyE439QAxBXN-A",
    "size": [
      1.906435591805069,
      5.176931607263873,
      1.7600000000000042
    ],
    "obj_class": "vehicle",
    "point_num_in_lidar": 1675,
    "speed": 1.3935033585742479e-28,
    "if_vehicle": true,
    "motion_state": false,
    "pose": [
      [
        -0.1869341574272481,
        -0.9823702749492839,
        -0.0020648687690617107,
        -4.814882455660836
      ],
      [
        0.982283723392413,
        -0.18688861312849153,
        -0.013832318722699116,
        65.65835042278013
      ],
      [
        0.013202558286261776,
        -0.004614019828483553,
        0.9999021968551326,
        1.63326102717582
      ],
      [
        0.0,
        0.0,
        0.0,
        1.0
      ]
    ],
    "location": [
      -4.814882455660836,
      65.65835042278013,
      1.63326102717582
    ],
    "rotation": [
      -0.004614438386184283,
      -0.013202941867271115,
      1.7588532719487504
    ]
  },
  {
    "label_id": "LacRQQUbE3NsCQg5nU1DZQ",
    "size": [
      0.8611163993982195,
      0.8724931554822942,
      1.8200000000000038
    ],
    "obj_class": "pedestrian",
    "point_num_in_lidar": 22,
    "speed": 1.6128945172153655,
    "if_vehicle": false,
    "motion_state": true,
    "pose": [
      [
        -0.08271741681678399,
        -0.9965709032839184,
        -0.0020648687690617107,
        -23.24208620574791
      ],
      [
        0.9964800467590467,
        -0.08268121533844097,
        -0.013832318722699116,
        91.5105992424651
      ],
      [
        0.0136141605046509,
        -0.0032017742008740168,
        0.9999021968551326,
        2.1759370462528276
      ],
      [
        0.0,
        0.0,
        0.0,
        1.0
      ]
    ],
    "location": [
      -23.24208620574791,
      91.5105992424651,
      2.1759370462528276
    ],
    "rotation": [
      -0.003202076431101435,
      -0.013614581093325362,
      1.653616056095869
    ]
  },
  {
    "label_id": "NnGgR0GOLz3FLRk6bJzEUA",
    "size": [
      2.0953168346720936,
      4.499693689025667,
      1.650000000000004
    ],
    "obj_class": "vehicle",
    "point_num_in_lidar": 103,
    "speed": 7.303021732467,
    "if_vehicle": true,
    "motion_state": true,
    "pose": [
      [
        -0.16577181120323334,
        -0.9861619760097052,
        -0.0020648687690617107,
        -19.84678577828231
      ],
      [
        0.9860744653377664,
        -0.16572813812865853,
        -0.013832318722699116,
        105.19188449567082
      ],
      [
        0.013298699907796387,
        -0.004329122895247405,
        0.9999021968551326,
        2.0587895454429095
      ],
      [
        0.0,
        0.0,
        0.0,
        1.0
      ]
    ],
    "location": [
      -19.84678577828231,
      105.19188449567082,
      2.0587895454429095
    ],
    "rotation": [
      -0.004329519286391843,
      -0.013299091930187516,
      1.73735179288242
    ]
  },
  {
    "label_id": "S4UxYfTxHm_nD4ZGUfJIRA",
    "size": [
      0.9076042070071123,
      0.7511979520837815,
      2.110000000000002
    ],
    "obj_class": "pedestrian",
    "point_num_in_lidar": 39,
    "speed": 0.9980046747881917,
    "if_vehicle": false,
    "motion_state": false,
    "pose": [
      [
        0.8198139341909368,
        0.5726262739547889,
        -0.0020648687690617107,
        -25.263189404836112
      ],
      [
        -0.5725961261351592,
        0.8197208935325259,
        -0.013832318722699116,
        85.82995767244938
      ],
      [
        -0.006228133057931587,
        0.012522263489181125,
        0.9999021968551326,
        1.896724177810281
      ],
      [
        0.0,
        0.0,
        0.0,
        1.0
      ]
    ],
    "location": [
      -25.263189404836112,
      85.82995767244938,
      1.896724177810281
    ],
    "rotation": [
      0.012522833668709802,
      0.006228173323142405,
      -0.6096825474154108
    ]
  },
  {
    "label_id": "Vph9lRXCtQfcwKVMJY5wfw",
    "size": [
      1.824766766024563,
      4.541368818290325,
      1.563181648906676
    ],
    "obj_class": "vehicle",
    "point_num_in_lidar": 585,
    "speed": 0.020326088532675056,
    "if_vehicle": true,
    "motion_state": false,
    "pose": [
      [
        -0.1636241890375447,
        -0.9865205832007625,
        -0.0020648687690617107,
        -17.166854546574996
      ],
      [
        0.9864329776442766,
        -0.16358070660869342,
        -0.013832318722699116,
        70.6551024323926
      ],
      [
        0.01330809444103862,
        -0.004300156581820704,
        0.9999021968551326,
        1.659372728460709
      ],
      [
        0.0,
        0.0,
        0.0,
        1.0
      ]
    ],
    "location": [
      -17.166854546574996,
      70.6551024323926,
      1.659372728460709
    ],
    "rotation": [
      -0.004300550679081975,
      -0.013308487294864163,
      1.7351742591679211
    ]
  },
  {
    "label_id": "W7smyXncdDt6gb7dmd9G4Q",
    "size": [
      2.574531979678763,
      5.894976476344226,
      1.9000000000000048
    ],
    "obj_class": "vehicle",
    "point_num_in_lidar": 5673,
    "speed": 3.3780903394620005e-28,
    "if_vehicle": true,
    "motion_state": false,
    "pose": [
      [
        -0.17556468149491314,
        -0.9844657327345409,
        -0.0020648687690617107,
        -3.6034822887995688
      ],
      [
        0.9843786604333608,
        -0.1755201408447921,
        -0.013832318722699116,
        58.6427904297816
      ],
      [
        0.013255017729587967,
        -0.004461079383746443,
        0.9999021968551326,
        1.6949273914302232
      ],
      [
        0.0,
        0.0,
        0.0,
        1.0
      ]
    ],
    "location": [
      -3.6034822887995688,
      58.6427904297816,
      1.6949273914302232
    ],
    "rotation": [
      -0.004461486132030354,
      -0.013255405901429,
      1.747291324597199
    ]
  },
  {
    "label_id": "Wapj6SbPm34CXWWQe7JzYA",
    "size": [
      1.983439672858489,
      4.228772219860718,
      1.4900000000000038
    ],
    "obj_class": "vehicle",
    "point_num_in_lidar": 61,
    "speed": 0.004316808351218572,
    "if_vehicle": true,
    "motion_state": false,
    "pose": [
      [
        -0.1394567117061218,
        -0.9902260155525517,
        -0.0020648687690617107,
        -13.225393048211572
      ],
      [
        0.9901373731178719,
        -0.13941538406500809,
        -0.013832318722699116,
        118.11858436608236
      ],
      [
        0.013409247382148725,
        -0.003973513423170537,
        0.9999021968551326,
        2.118789545442894
      ],
      [
        0.0,
        0.0,
        0.0,
        1.0
      ]
    ],
    "location": [
      -13.225393048211572,
      118.11858436608236,
      2.118789545442894
    ],
    "rotation": [
      -0.003973881165004736,
      -0.013409649262803549,
      1.7107217338284086
    ]
  },
  {
    "label_id": "YMb2DQvXVMNwYg9V1LLfjg",
    "size": [
      2.035551169466532,
      3.7736514423989274,
      1.8000000000000007
    ],
    "obj_class": "vehicle",
    "point_num_in_lidar": 1300,
    "speed": 3.0500228389927417,
    "if_vehicle": true,
    "motion_state": true,
    "pose": [
      [
        -0.16036451291754547,
        -0.9870557022345218,
        -0.0020648687690617107,
        -10.275975720941915
      ],
      [
        0.9869679535200612,
        -0.1603213201142505,
        -0.013832318722699116,
        64.89938478176555
      ],
      [
        0.013322226583446837,
        -0.004256172357774213,
        0.9999021968551326,
        1.7971182223625037
      ],
      [
        0.0,
        0.0,
        0.0,
        1.0
      ]
    ],
    "location": [
      -10.275975720941915,
      64.89938478176555,
      1.7971182223625037
    ],
    "rotation": [
      -0.00425656295807755,
      -0.013322620690207593,
      1.7318706804417476
    ]
  },
  {
    "label_id": "_GARc9fieIJDt4ZaybG5VQ",
    "size": [
      0.5164380593014498,
      0.07716136710051658,
      0.5800000000000027
    ],
    "obj_class": "sign",
    "point_num_in_lidar": 73,
    "speed": 0.012150757363253094,
    "if_vehicle": false,
    "motion_state": false,
    "pose": [
      [
        0.08632148528969492,
        0.9962651943605917,
        -0.0020648687690617107,
        -19.07245331885497
      ],
      [
        -0.9961744693712549,
        0.08628495541896108,
        -0.013832318722699116,
        70.25262584594566
      ],
      [
        -0.01360249059104299,
        0.0032509958474851697,
        0.9999021968551326,
        3.4916177235417862
      ],
      [
        0.0,
        0.0,
        0.0,
        1.0
      ]
    ],
    "location": [
      -19.07245331885497,
      70.25262584594566,
      3.4916177235417862
    ],
    "rotation": [
      0.003251302379684627,
      0.013602910099011916,
      -1.4843592608318152
    ]
  },
  {
    "label_id": "hENofIehdn8fsrjnf9OVYw",
    "size": [
      1.8337093556879247,
      4.543457418889727,
      1.770000000000004
    ],
    "obj_class": "vehicle",
    "point_num_in_lidar": 525,
    "speed": 1.3538737751834703e-27,
    "if_vehicle": true,
    "motion_state": false,
    "pose": [
      [
        -0.1869341574273253,
        -0.9823702749492691,
        -0.0020648687690617107,
        -5.906904503537589
      ],
      [
        0.9822837233923982,
        -0.18688861312856875,
        -0.013832318722699116,
        71.92859316587783
      ],
      [
        0.013202558286261414,
        -0.00461401982848459,
        0.9999021968551326,
        1.7499273914302078
      ],
      [
        0.0,
        0.0,
        0.0,
        1.0
      ]
    ],
    "location": [
      -5.906904503537589,
      71.92859316587783,
      1.7499273914302078
    ],
    "rotation": [
      -0.00461443838618532,
      -0.013202941867270751,
      1.758853271948829
    ]
  },
  {
    "label_id": "kNtdgBIGtz-619syo5GotQ",
    "size": [
      2.309682721812466,
      5.064638733456315,
      1.9400000000000048
    ],
    "obj_class": "vehicle",
    "point_num_in_lidar": 400,
    "speed": 3.575988748229008,
    "if_vehicle": true,
    "motion_state": true,
    "pose": [
      [
        -0.16466363807365483,
        -0.9863476175331469,
        -0.0020648687690617107,
        -11.75078330508245
      ],
      [
        0.9862600578446354,
        -0.16462006335513868,
        -0.013832318722699116,
        73.04621922391743
      ],
      [
        0.013303555789510427,
        -0.004314177515490351,
        0.9999021968551326,
        1.9345206400015202
      ],
      [
        0.0,
        0.0,
        0.0,
        1.0
      ]
    ],
    "location": [
      -11.75078330508245,
      73.04621922391743,
      1.9345206400015202
    ],
    "rotation": [
      -0.0043145727239934355,
      -0.013303948241509869,
      1.7362280866075916
    ]
  },
  {
    "label_id": "kdJS5qAlkLpSFClhCrGL3g",
    "size": [
      2.0848739881623755,
      4.58010592450172,
      1.4300000000000042
    ],
    "obj_class": "vehicle",
    "point_num_in_lidar": 3585,
    "speed": 7.844793445191082,
    "if_vehicle": true,
    "motion_state": true,
    "pose": [
      [
        -0.2788727932445599,
        -0.9603258309058148,
        -0.0020648687690617107,
        -10.749041008104314
      ],
      [
        0.9602439673385952,
        -0.27881927865301626,
        -0.013832318722699116,
        49.70518497518424
      ],
      [
        0.012707807750027156,
        -0.005840235138085503,
        0.9999021968551326,
        1.4516284764001801
      ],
      [
        0.0,
        0.0,
        0.0,
        1.0
      ]
    ],
    "location": [
      -10.749041008104314,
      49.70518497518424,
      1.4516284764001801
    ],
    "rotation": [
      -0.00584073996893747,
      -0.012708149802094433,
      1.8534399135076345
    ]
  },
  {
    "label_id": "n9y7gH82HbnQHbvHXTnzjg",
    "size": [
      0.49199639610138046,
      0.10373152161804433,
      0.5200000000000031
    ],
    "obj_class": "sign",
    "point_num_in_lidar": 37,
    "speed": 0.0036258671273454463,
    "if_vehicle": false,
    "motion_state": false,
    "pose": [
      [
        0.13231304588728857,
        0.9912058283752143,
        -0.0020648687690617107,
        -5.1137097743314825
      ],
      [
        -0.9911168902512771,
        0.13227235847822247,
        -0.013832318722699116,
        81.15038693611496
      ],
      [
        -0.013437549875851147,
        0.003876722535053514,
        0.9999021968551326,
        4.274220059799086
      ],
      [
        0.0,
        0.0,
        0.0,
        1.0
      ]
    ],
    "location": [
      -5.1137097743314825,
      81.15038693611496,
      4.274220059799086
    ],
    "rotation": [
      0.0038770823012125063,
      0.013437954306731201,
      -1.4380820923603304
    ]
  },
  {
    "label_id": "pd5EtGL863Dl-vNVRvaEcQ",
    "size": [
      0.9767614703259629,
      0.9087334607547355,
      1.7000000000000046
    ],
    "obj_class": "pedestrian",
    "point_num_in_lidar": 42,
    "speed": 1.7862352029233795,
    "if_vehicle": false,
    "motion_state": true,
    "pose": [
      [
        0.03834414205249108,
        0.9992624595606626,
        -0.0020648687690617107,
        -5.350869837770006
      ],
      [
        -0.9991700838765339,
        0.03831201436773576,
        -0.013832318722699116,
        93.24753448316551
      ],
      [
        -0.013743007546323538,
        0.002593543495195932,
        0.9999021968551326,
        2.0636217307450258
      ],
      [
        0.0,
        0.0,
        0.0,
        1.0
      ]
    ],
    "location": [
      -5.350869837770006,
      93.24753448316551,
      2.0636217307450258
    ],
    "rotation": [
      0.002593791359904907,
      0.01374344019065556,
      -1.5324391582468764
    ]
  },
  {
    "label_id": "qnu6SQHMaFWFVIC9hoAG7A",
    "size": [
      0.8868804989475542,
      0.9229548055295895,
      1.7000000000000037
    ],
    "obj_class": "pedestrian",
    "point_num_in_lidar": 29,
    "speed": 1.3817399751712471,
    "if_vehicle": false,
    "motion_state": true,
    "pose": [
      [
        -0.012149444940276588,
        0.9999240607689215,
        -0.0020648687690617107,
        -4.610096099037037
      ],
      [
        -0.9998301809986185,
        -0.012176868358623782,
        -0.013832318722699116,
        97.12806625564372
      ],
      [
        -0.013856411942229977,
        0.0018964631203915749,
        0.9999021968551326,
        2.123625222129192
      ],
      [
        0.0,
        0.0,
        0.0,
        1.0
      ]
    ],
    "location": [
      -4.610096099037037,
      97.12806625564372,
      2.123625222129192
    ],
    "rotation": [
      0.001896646344339916,
      0.013856855386077603,
      -1.5829472372513536
    ]
  },
  {
    "label_id": "sJGK7DedDoxQEYAD87bVIw",
    "size": [
      0.9550852724587044,
      0.8830833140800468,
      1.7000000000000046
    ],
    "obj_class": "pedestrian",
    "point_num_in_lidar": 58,
    "speed": 1.344548836833888,
    "if_vehicle": false,
    "motion_state": true,
    "pose": [
      [
        0.17300466890886804,
        0.9849188397287868,
        -0.0020648687690617107,
        -7.369190927867294
      ],
      [
        -0.9848316519248477,
        0.17296035478030533,
        -0.013832318722699116,
        96.64872480830309
      ],
      [
        -0.0132665708722479,
        0.004426603841705568,
        0.9999021968551326,
        2.313628893778125
      ],
      [
        0.0,
        0.0,
        0.0,
        1.0
      ]
    ],
    "location": [
      -7.369190927867294,
      96.64872480830309,
      2.313628893778125
    ],
    "rotation": [
      0.004427007898846637,
      0.013266960060025349,
      -1.396901340197103
    ]
  },
  {
    "label_id": "t1qXUyb9x438EQc-bc_4uA",
    "size": [
      0.9815463408694748,
      0.9385322933989074,
      1.7315044247787643
    ],
    "obj_class": "pedestrian",
    "point_num_in_lidar": 153,
    "speed": 0.10139421211457243,
    "if_vehicle": false,
    "motion_state": false,
    "pose": [
      [
        0.9406007197563014,
        0.33950850108781405,
        -0.0020648687690617107,
        -18.39287454843634
      ],
      [
        -0.33950360898974535,
        0.9405030390390515,
        -0.013832318722699116,
        70.33145690793208
      ],
      [
        -0.0027541744435931187,
        0.013711719345656015,
        0.9999021968551326,
        1.8924528528009725
      ],
      [
        0.0,
        0.0,
        0.0,
        1.0
      ]
    ],
    "location": [
      -18.39287454843634,
      70.33145690793208,
      1.8924528528009725
    ],
    "rotation": [
      0.013712201051738154,
      0.002754177925559425,
      -0.34639048017491025
    ]
  },
  {
    "label_id": "vs9s9qzlH4_rx8JAdIwCTA",
    "size": [
      2.072182431382238,
      4.541388680750847,
      1.8900000000000041
    ],
    "obj_class": "vehicle",
    "point_num_in_lidar": 364,
    "speed": 0.02380880947597327,
    "if_vehicle": true,
    "motion_state": false,
    "pose": [
      [
        -0.13806491762482437,
        -0.990421029077138,
        -0.0020648687690617107,
        -18.103770931321378
      ],
      [
        0.9903323286484356,
        -0.13802371460195006,
        -0.013832318722699116,
        75.98097339158267
      ],
      [
        0.013414818486187165,
        -0.003954664241428082,
        0.9999021968551326,
        1.9559635529140387
      ],
      [
        0.0,
        0.0,
        0.0,
        1.0
      ]
    ],
    "location": [
      -18.103770931321378,
      75.98097339158267,
      1.9559635529140387
    ],
    "rotation": [
      -0.003955030435851581,
      -0.013415220867982023,
      1.7093162253463714
    ]
  },
  {
    "label_id": "xT3npWPGQpvgIylUA_K_9A",
    "size": [
      2.214152979527418,
      5.110641623638559,
      1.900000000000004
    ],
    "obj_class": "vehicle",
    "point_num_in_lidar": 23,
    "speed": 1.900313863156969e-27,
    "if_vehicle": true,
    "motion_state": false,
    "pose": [
      [
        -0.170278386691018,
        -0.9853938336233238,
        -0.0020648687690617107,
        -2.5226186907329975
      ],
      [
        0.9853065235203274,
        -0.17023431401171726,
        -0.013832318722699116,
        52.18511015077638
      ],
      [
        0.01327877005563472,
        -0.00438987358466706,
        0.9999021968551326,
        1.6217821570696547
      ],
      [
        0.0,
        0.0,
        0.0,
        1.0
      ]
    ],
    "location": [
      -2.5226186907329975,
      52.18511015077638,
      1.6217821570696547
    ],
    "rotation": [
      -0.00439027476308506,
      -0.01327916031808137,
      1.7419237382903199
    ]
  }
]