[
  {
    "label_id": "-jGx5h2KM1RTCWtkALlTPg",
    "size": [
      1.9723911586518936,
      4.593513203435377,
      1.6999999999999886
    ],
    "obj_class": "vehicle",
    "point_num_in_lidar": 140,
    "speed": 9.454083426803045,
    "if_vehicle": true,
    "motion_state": true,
    "pose": [
      [
        -0.9995017740071467,
        -0.028768616881051916,
        0.012983467923399572,
        -27.018163152301923
      ],
      [
        0.029087085612737682,
        -0.9992630605082622,
        0.02504550566905375,
        0.7176952556837932
      ],
      [
        0.012253375335961885,
        0.025410678590163428,
        0.999601996899998,
        0.9357731598153123
      ],
      [
        0.0,
        0.0,
        0.0,
        1.0
      ]
    ],
    "location": [
      -27.018163152301923,
      0.7176952556837932,
      0.9357731598153123
    ],
    "rotation": [
      0.025415322485484223,
      -0.01225368198761099,
      3.112499280038105
    ]
  },
  {
    "label_id": "1TgdkR2yKNOStoZEkzKJmA",
    "size": [
      0.720471976407323,
      0.08233187211947524,
      0.640884955752199
    ],
    "obj_class": "sign",
    "point_num_in_lidar": 92,
    "speed": 0.010668653019167024,
    "if_vehicle": false,
    "motion_state": false,
    "pose": [
      [
        -0.9998803250576038,
        0.008412200864378813,
        0.012983467923399572,
        -4.786785812615477
      ],
      [
        -0.008085077083474272,
        -0.99965361709661,
        0.02504550566905375,
        -10.859527521486598
      ],
      [
        0.013189658496522209,
        0.024937536010634018,
        0.999601996899998,
        2.6413345862484903
      ],
      [
        0.0,
        0.0,
        0.0,
        1.0
      ]
    ],
    "location": [
      -4.786785812615477,
      -10.859527521486598,
      2.6413345862484903
    ],
    "rotation": [
      0.024942291542923746,
      -0.01319004095421762,
      -3.133506785035437
    ]
  },
  {
    "label_id": "1YQ_kpgKHcSW4kqTyRAkOQ",
    "size": [
      2.113992752620125,
      4.388851756526188,
      1.6100000000000136
    ],
    "obj_class": "vehicle",
    "point_num_in_lidar": 4441,
    "speed": 8.175236407301087,
    "if_vehicle": true,
    "motion_state": true,
    "pose": [
      [
        -0.9997345245677971,
        -0.019034441097200875,
        0.012983467923399572,
        7.704185834809465
      ],
      [
        0.019355219241284926,
        -0.9994989235281364,
        0.02504550566905375,
        3.1321184303287737
      ],
      [
        0.012500235010692744,
        0.025290154570781105,
        0.999601996899998,
        0.6975241856809475
      ],
      [
        0.0,
        0.0,
        0.0,
        1.0
      ]
    ],
    "location": [
      7.704185834809465,
      3.1321184303287737,
      0.6975241856809475
    ],
    "rotation": [
      0.025294827974918915,
      -0.012500560572779096,
      3.1222347130108212
    ]
  },
  {
    "label_id": "2geLnJ4dNoqnnCkA3l0v-Q",
    "size": [
      2.3405198330205397,
      5.096364475401939,
      2.0
    ],
    "obj_class": "vehicle",
    "point_num_in_lidar": 56,
    "speed": 10.697415678638803,
    "if_vehicle": true,
    "motion_state": true,
    "pose": [
      [
        0.9996572862155411,
        -0.02273190878175192,
        0.012983467923399572,
        -44.60245825870388
      ],
      [
        0.022401571577688927,
        0.9994352866677418,
        0.02504550566905375,
        -16.99481959894547
      ],
      [
        -0.01354546813622606,
        -0.024746072143009553,
        0.999601996899998,
        1.2137314830055175
      ],
      [
        0.0,
        0.0,
        0.0,
        1.0
      ]
    ],
    "location": [
      -44.60245825870388,
      -16.99481959894547,
      1.2137314830055175
    ],
    "rotation": [
      -0.0247508696657726,
      0.013545882390184411,
      0.022405501548279225
    ]
  },
  {
    "label_id": "97LGRvZi3-yunSqGxMM_Jw",
    "size": [
      2.7330119442255185,
      6.870703637231516,
      2.9699999999999704
    ],
    "obj_class": "vehicle",
    "point_num_in_lidar": 125,
    "speed": 0.03369186228035245,
    "if_vehicle": true,
    "motion_state": false,
    "pose": [
      [
        -0.9999084410829445,
        0.0038130056068381274,
        0.012983467923399572,
        -55.25853387836656
      ],
      [
        -0.0034869280652041635,
        -0.9996802308630744,
        0.02504550566905375,
        12.077979091784073
      ],
      [
        0.013074814864609602,
        0.024997940110991802,
        0.999601996899998,
        1.7815683295571603
      ],
      [
        0.0,
        0.0,
        0.0,
        1.0
      ]
    ],
    "location": [
      -55.25853387836656,
      12.077979091784073,
      1.7815683295571603
    ],
    "rotation": [
      0.02500268201717613,
      -0.0130751874182448,
      -3.13810542037191
    ]
  },
  {
    "label_id": "AaB0H-SNWGrrmu6BOxOx3g",
    "size": [
      1.9255438066377386,
      4.384545949004037,
      1.8999999999999773
    ],
    "obj_class": "vehicle",
    "point_num_in_lidar": 53,
    "speed": 5.687116766346677e-13,
    "if_vehicle": true,
    "motion_state": false,
    "pose": [
      [
        -0.017600919858412396,
        0.999760789979693,
        0.012983467923399572,
        11.563095583817642
      ],
      [
        -0.9995256491403457,
        -0.01792203549690148,
        0.02504550566905375,
        -59.95454349215834
      ],
      [
        0.025272204706130102,
        -0.012536485266134384,
        0.999601996899998,
        1.6020919378460121
      ],
      [
        0.0,
        0.0,
        0.0,
        1.0
      ]
    ],
    "location": [
      11.563095583817642,
      -59.95454349215834,
      1.6020919378460121
    ],
    "rotation": [
      -0.012540819330885498,
      -0.025274895639788967,
      -1.5884037798330461
    ]
  },
  {
    "label_id": "CdIAj2TP02AxBW6VHBBocw",
    "size": [
      1.8965519759303247,
      4.537302319258558,
      1.5199999999999818
    ],
    "obj_class": "vehicle",
    "point_num_in_lidar": 43,
    "speed": 2.8435583831733384e-13,
    "if_vehicle": true,
    "motion_state": false,
    "pose": [
      [
        0.9969704952001978,
        -0.07668938167017808,
        0.012983467923399572,
        24.669207025113906
      ],
      [
        0.07634753660369882,
        0.9967666609093265,
        0.02504550566905375,
        -43.0008246297366
      ],
      [
        -0.014862212312407008,
        -0.02397837439689118,
        0.999601996899998,
        1.3676578405525674
      ],
      [
        0.0,
        0.0,
        0.0,
        1.0
      ]
    ],
    "location": [
      24.669207025113906,
      -43.0008246297366,
      1.3676578405525674
    ],
    "rotation": [
      -0.023983322205565816,
      0.014862759507639094,
      0.0764303608960036
    ]
  },
  {
    "label_id": "E-3eMFrCvL5KnRE05weLVQ",
    "size": [
      1.0757764199166766,
      1.0782595092493514,
      1.1000000000000227
    ],
    "obj_class": "sign",
    "point_num_in_lidar": 149,
    "speed": 0.04100128081191603,
    "if_vehicle": false,
    "motion_state": false,
    "pose": [
      [
        -0.9999065982287156,
        0.004269002150383774,
        0.012983467923399572,
        14.256681706498654
      ],
      [
        -0.003942820569966468,
        -0.9996785367365525,
        0.02504550566905375,
        10.281876614013527
      ],
      [
        0.013086213532988687,
        0.024991974890063665,
        0.999601996899998,
        0.33735425737683045
      ],
      [
        0.0,
        0.0,
        0.0,
        1.0
      ]
    ],
    "location": [
      14.256681706498654,
      10.281876614013527,
      0.33735425737683045
    ],
    "rotation": [
      0.024996718150007396,
      -0.013086587061904336,
      -3.137649485156015
    ]
  },
  {
    "label_id": "Ga0feveMqrXZh2Y0ZZ4I6A",
    "size": [
      1.7461204438912303,
      4.004460509402721,
      1.5300000000000296
    ],
    "obj_class": "vehicle",
    "point_num_in_lidar": 39,
    "speed": 0.02788087971403877,
    "if_vehicle": true,
    "motion_state": false,
    "pose": [
      [
        0.03647141003419798,
        0.9992503519192772,
        0.012983467923399572,
        -12.585683604115502
      ],
      [
        -0.9990329142814357,
        0.03613805235652866,
        0.02504550566905375,
        -60.53113402367126
      ],
      [
        0.024557533110213085,
        -0.013884356703763302,
        0.999601996899998,
        1.5793678562383775
      ],
      [
        0.0,
        0.0,
        0.0,
        1.0
      ]
    ],
    "location": [
      -12.585683604115502,
      -60.53113402367126,
      1.5793678562383775
    ],
    "rotation": [
      -0.01388899177098618,
      -0.024560002108853042,
      -1.5343058166711314
    ]
  },
  {
    "label_id": "INnnuQ2cKAjLsfMAOUpaGQ",
    "size": [
      2.1219374378637768,
      4.978723499617083,
      1.740000000000009
    ],
    "obj_class": "vehicle",
    "point_num_in_lidar": 28,
    "speed": 1.3322676295501878e-14,
    "if_vehicle": true,
    "motion_state": false,
    "pose": [
      [
        0.9999034966823078,
        -0.004942356034927192,
        0.012983467923399572,
        24.55665172811004
      ],
      [
        0.004616020947813046,
        0.999675654898323,
        0.02504550566905375,
        42.69889568769577
      ],
      [
        -0.013103040605267085,
        -0.024983156734753733,
        0.999601996899998,
        0.22251572782670337
      ],
      [
        0.0,
        0.0,
        0.0,
        1.0
      ]
    ],
    "location": [
      24.55665172811004,
      42.69889568769577,
      0.22251572782670337
    ],
    "rotation": [
      -0.024987901992649914,
      0.013103415577031288,
      0.004616433657548826
    ]
  },
  {
    "label_id": "IfcPgF5DX-ynhXlY8BCLMw",
    "size": [
      0.8861319478954511,
      0.9385848513966977,
      1.8899999999999864
    ],
    "obj_class": "pedestrian",
    "point_num_in_lidar": 76,
    "speed": 1.0889559677559737,
    "if_vehicle": false,
    "motion_state": true,
    "pose": [
      [
        -0.9953433339078916,
        0.09551480097767816,
        0.012983467923399572,
        3.6471597682983656
      ],
      [
        -0.09516916522243345,
        -0.9951459956391558,
        0.02504550566905375,
        -32.057383698554986
      ],
      [
        0.015312662602845487,
        0.023693251308082777,
        0.999601996899998,
        1.1206445872651898
      ],
      [
        0.0,
        0.0,
        0.0,
        1.0
      ]
    ],
    "location": [
      3.6471597682983656,
      -32.057383698554986,
      1.1206445872651898
    ],
    "rotation": [
      0.023698247686570934,
      -0.015313261078817092,
      -3.04626802874696
    ]
  },
  {
    "label_id": "LrTZhVUAGYTUkncIjh4pHw",
    "size": [
      1.7509685992957418,
      2.3537852381629554,
      1.7300000000000182
    ],
    "obj_class": "vehicle",
    "point_num_in_lidar": 33,
    "speed": 0.007462899233766833,
    "if_vehicle": true,
    "motion_state": false,
    "pose": [
      [
        -0.9997386449436182,
        0.018816784182749898,
        0.012983467923399572,
        -49.44813590834397
      ],
      [
        -0.018487318927095913,
        -0.9995153534011718,
        0.02504550566905375,
        12.043176152772503
      ],
      [
        0.013448451404751923,
        0.024798930387227892,
        0.999601996899998,
        1.2370527378768088
      ],
      [
        0.0,
        0.0,
        0.0,
        1.0
      ]
    ],
    "location": [
      -49.44813590834397,
      12.043176152772503,
      1.2370527378768088
    ],
    "rotation": [
      0.02480371649939279,
      -0.013448856820796455,
      -3.1231026090697167
    ]
  },
  {
    "label_id": "N0xEeDcPODmUZyZL7O9KhQ",
    "size": [
      1.9987228837198867,
      4.597254965828016,
      1.920000000000016
    ],
    "obj_class": "vehicle",
    "point_num_in_lidar": 30,
    "speed": 0.007175455466094797,
    "if_vehicle": true,
    "motion_state": false,
    "pose": [
      [
        0.9999157112280425,
        -1.13613130462361e-15,
        0.012983467923399572,
        -34.97468565285877
      ],
      [
        -0.00032520493060257026,
        0.9996862592271311,
        0.02504550566905375,
        -41.13968143398961
      ],
      [
        -0.012979394480138792,
        -0.025047616901922858,
        0.999601996899998,
        1.732613490211861
      ],
      [
        0.0,
        0.0,
        0.0,
        1.0
      ]
    ],
    "location": [
      -34.97468565285877,
      -41.13968143398961,
      1.732613490211861
    ],
    "rotation": [
      -0.025052347465221416,
      0.01297975893602714,
      -0.0003252323325701836
    ]
  },
  {
    "label_id": "NXvHjeEjHAm4M20-7kGTYQ",
    "size": [
      2.1901589706560918,
      4.47866627860887,
      1.8899999999999864
    ],
    "obj_class": "vehicle",
    "point_num_in_lidar": 52,
    "speed": 0.04328962223505802,
    "if_vehicle": true,
    "motion_state": false,
    "pose": [
      [
        0.986626540411381,
        -0.16247922733860964,
        0.012983467923399572,
        -49.71613899518934
      ],
      [
        0.1621210601497115,
        0.986452981394306,
        0.02504550566905375,
        -4.279067865332763
      ],
      [
        -0.016876955051287466,
        -0.022605667026950816,
        0.999601996899998,
        1.4252770213113877
      ],
      [
        0.0,
        0.0,
        0.0,
        1.0
      ]
    ],
    "location": [
      -49.71613899518934,
      -4.279067865332763,
      1.4252770213113877
    ],
    "rotation": [
      -0.022610813695483914,
      0.016877756335713992,
      0.16286317447493875
    ]
  },
  {
    "label_id": "Sv6Kp_7Yn7_dppLzJAxahA",
    "size": [
      2.287879586002563,
      4.83846683002856,
      2.0
    ],
    "obj_class": "vehicle",
    "point_num_in_lidar": 709,
    "speed": 8.60816251306964,
    "if_vehicle": true,
    "motion_state": true,
    "pose": [
      [
        -0.9996712514762767,
        -0.02210924088558313,
        0.012983467923399572,
        -9.523713795328035
      ],
      [
        0.022429292872775126,
        -0.9994346649316347,
        0.02504550566905375,
        3.9418581319787336
      ],
      [
        0.012422390795735129,
        0.02532848200059735,
        0.999601996899998,
        0.9339529488513563
      ],
      [
        0.0,
        0.0,
        0.0,
        1.0
      ]
    ],
    "location": [
      -9.523713795328035,
      3.9418581319787336,
      0.9339529488513563
    ],
    "rotation": [
      0.025333146100570778,
      -0.012422710313104855,
      3.1191597484622764
    ]
  },
  {
    "label_id": "Z8b5TrwhAlTvaTb_rzuxvw",
    "size": [
      2.3234524510073564,
      5.794250754513302,
      1.8100000000000023
    ],
    "obj_class": "vehicle",
    "point_num_in_lidar": 33,
    "speed": 2.8421709430404007e-13,
    "if_vehicle": true,
    "motion_state": false,
    "pose": [
      [
        0.9994511150930996,
        0.030477829644543385,
        0.012983467923399572,
        45.82580012146951
      ],
      [
        -0.030795889684963877,
        0.9992118573277107,
        0.02504550566905375,
        63.50234641180941
      ],
      [
        -0.012209902443151972,
        -0.025431596014903596,
        0.999601996899998,
        0.19117700261648451
      ],
      [
        0.0,
        0.0,
        0.0,
        1.0
      ]
    ],
    "location": [
      45.82580012146951,
      63.50234641180941,
      0.19117700261648451
    ],
    "rotation": [
      -0.02543623471377691,
      0.012210205842377959,
      -0.030803056397829622
    ]
  },
  {
    "label_id": "aPFh9SBjb7NjHyWpykds8w",
    "size": [
      2.2085640567783233,
      4.902919926976072,
      1.670000000000016
    ],
    "obj_class": "vehicle",
    "point_num_in_lidar": 30,
    "speed": 2.8591206918129106e-13,
    "if_vehicle": true,
    "motion_state": false,
    "pose": [
      [
        -0.9998160478475379,
        -0.014117366157042727,
        0.012983467923399572,
        33.60237051255251
      ],
      [
        0.014439299142923159,
        -0.9995820272924293,
        0.02504550566905375,
        71.5179093194165
      ],
      [
        0.012624464614039647,
        0.025228370671634935,
        0.999601996899998,
        0.08958208037842041
      ],
      [
        0.0,
        0.0,
        0.0,
        1.0
      ]
    ],
    "location": [
      33.60237051255251,
      71.5179093194165,
      0.08958208037842041
    ],
    "rotation": [
      0.025233058917740928,
      -0.0126247999798667,
      3.127151701745711
    ]
  },
  {
    "label_id": "f9LO_SBU-nxCvq-zh5GVTA",
    "size": [
      2.0574054757387183,
      4.4591210438329645,
      1.6100000000000136
    ],
    "obj_class": "vehicle",
    "point_num_in_lidar": 121,
    "speed": 15.942704835265413,
    "if_vehicle": true,
    "motion_state": true,
    "pose": [
      [
        0.99938937559733,
        0.03243925868235914,
        0.012983467923399572,
        -13.571643050337457
      ],
      [
        -0.03275684855134364,
        0.9991494940792224,
        0.02504550566905375,
        -16.472290666721165
      ],
      [
        -0.012159967769829565,
        -0.02545550976455304,
        0.999601996899998,
        0.861354551629347
      ],
      [
        0.0,
        0.0,
        0.0,
        1.0
      ]
    ],
    "location": [
      -13.571643050337457,
      -16.472290666721165,
      0.861354551629347
    ],
    "rotation": [
      -0.025460142495348576,
      0.012160267461671046,
      -0.03276513282081046
    ]
  },
  {
    "label_id": "h7gzaFA1gz_CpoUKNE1ZyQ",
    "size": [
      2.1510946734488243,
      4.879489668807226,
      1.660000000000025
    ],
    "obj_class": "vehicle",
    "point_num_in_lidar": 95,
    "speed": 2.842202167891446e-12,
    "if_vehicle": true,
    "motion_state": false,
    "pose": [
      [
        0.9999157112280426,
        1.9578150350893998e-16,
        0.012983467923399572,
        23.93426978228638
      ],
      [
        -0.000325204930603905,
        0.9996862592271312,
        0.02504550566905375,
        47.88248961583122
      ],
      [
        -0.01297939448013876,
        -0.025047616901922875,
        0.999601996899998,
        0.015315870012784671
      ],
      [
        0.0,
        0.0,
        0.0,
        1.0
      ]
    ],
    "location": [
      23.93426978228638,
      47.88248961583122,
      0.015315870012784671
    ],
    "rotation": [
      -0.025052347465221433,
      0.01297975893602711,
      -0.0003252323325715184
    ]
  },
  {
    "label_id": "iHup_TyQroYLLb9o9b4nUQ",
    "size": [
      1.9549742437232536,
      4.55316170265996,
      1.6100000000000136
    ],
    "obj_class": "vehicle",
    "point_num_in_lidar": 96,
    "speed": 0.015005733660557713,
    "if_vehicle": true,
    "motion_state": false,
    "pose": [
      [
        0.01314749327716813,
        0.9998292719165652,
        0.012983467923399572,
        0.25964207983304277
      ],
      [
        -0.9996041157410555,
        0.012819299486487952,
        0.02504550566905375,
        -60.13830043081725
      ],
      [
        0.024874790734188947,
        -0.013307613590229346,
        0.999601996899998,
        1.5190793332939165
      ],
      [
        0.0,
        0.0,
        0.0,
        1.0
      ]
    ],
    "location": [
      0.25964207983304277,
      -60.13830043081725,
      1.5190793332939165
    ],
    "rotation": [
      -0.01331212575558376,
      -0.024877356683126545,
      -1.557644384936017
    ]
  },
  {
    "label_id": "iXTQZojLqoKlsbwX2uyUog",
    "size": [
      2.0153231307297323,
      4.453522781562739,
      1.4499999999999886
    ],
    "obj_class": "vehicle",
    "point_num_in_lidar": 117,
    "speed": 5.687116766346677e-13,
    "if_vehicle": true,
    "motion_state": false,
    "pose": [
      [
        0.01853061907205785,
        -0.9997439900882067,
        0.012983467923399572,
        1.044120580205231
      ],
      [
        0.9995085507356986,
        0.018851515907351922,
        0.02504550566905375,
        39.29491860755661
      ],
      [
        -0.025283851823447154,
        0.012512978482620233,
        0.999601996899998,
        0.35972752987424883
      ],
      [
        0.0,
        0.0,
        0.0,
        1.0
      ]
    ],
    "location": [
      1.044120580205231,
      39.29491860755661,
      0.35972752987424883
    ],
    "rotation": [
      0.012517306879184967,
      0.02528654648002034,
      1.5522587201166254
    ]
  },
  {
    "label_id": "ijjnSXQKMTGVXZdwniRX4Q",
    "size": [
      2.9725772655692553,
      7.057856682623538,
      3.2299999999999613
    ],
    "obj_class": "vehicle",
    "point_num_in_lidar": 632,
    "speed": 2.8452917319372777e-13,
    "if_vehicle": true,
    "motion_state": false,
    "pose": [
      [
        -0.19967650284672883,
        -0.9797758538418786,
        0.012983467923399572,
        -24.06149262842237
      ],
      [
        0.979615964618155,
        -0.19931202801392375,
        0.02504550566905375,
        -39.58155445169905
      ],
      [
        -0.02195122037933225,
        0.017719811437894518,
        0.999601996899998,
        1.994964199801018
      ],
      [
        0.0,
        0.0,
        0.0,
        1.0
      ]
    ],
    "location": [
      -24.06149262842237,
      -39.58155445169905,
      1.994964199801018
    ],
    "rotation": [
      0.017725010294970173,
      0.021952983649851276,
      1.7718732051778945
    ]
  },
  {
    "label_id": "iv0I_4_Nh3wHEqvc0NFULA",
    "size": [
      1.2962183796179574,
      1.252317971597332,
      1.0500000000000114
    ],
    "obj_class": "sign",
    "point_num_in_lidar": 493,
    "speed": 3.552713678800501e-14,
    "if_vehicle": false,
    "motion_state": false,
    "pose": [
      [
        -0.9999065982287119,
        0.00426900215125677,
        0.012983467923399572,
        10.590795298632514
      ],
      [
        -0.003942820570839263,
        -0.999678536736549,
        0.02504550566905375,
        7.810942993110075
      ],
      [
        0.013086213533010508,
        0.02499197489005224,
        0.999601996899998,
        0.330240738691316
      ],
      [
        0.0,
        0.0,
        0.0,
        1.0
      ]
    ],
    "location": [
      10.590795298632514,
      7.810942993110075,
      0.330240738691316
    ],
    "rotation": [
      0.024996718149995975,
      -0.013086587061926159,
      -3.1376494851551424
    ]
  },
  {
    "label_id": "sNxEFUZvJYSpMezg8nREBQ",
    "size": [
      1.9736366122024815,
      4.746781675608078,
      1.6200000000000045
    ],
    "obj_class": "vehicle",
    "point_num_in_lidar": 312,
    "speed": 8.881784197001252e-15,
    "if_vehicle": true,
    "motion_state": false,
    "pose": [
      [
        0.9993470598827912,
        -0.03371770253595032,
        0.012983467923399572,
        24.644846187634727
      ],
      [
        0.03338494530268055,
        0.999128704458499,
        0.02504550566905375,
        -40.169947968255656
      ],
      [
        -0.013816632395696301,
        -0.02459570008718484,
        0.999601996899998,
        1.2770270338625664
      ],
      [
        0.0,
        0.0,
        0.0,
        1.0
      ]
    ],
    "location": [
      24.644846187634727,
      -40.169947968255656,
      1.2770270338625664
    ],
    "rotation": [
      -0.02460052931578721,
      0.013817072031110374,
      0.03339433878826343
    ]
  },
  {
    "label_id": "slzRePUL32VlVCupH5t8lw",
    "size": [
      2.9216232952623677,
      10.613183625004126,
      3.6399999999999864
    ],
    "obj_class": "vehicle",
    "point_num_in_lidar": 689,
    "speed": 9.712499882554608,
    "if_vehicle": true,
    "motion_state": true,
    "pose": [
      [
        -0.999880662068585,
        -0.008372047656943127,
        0.012983467923399572,
        -32.18356303390442
      ],
      [
        0.008695320043408986,
        -0.9996484952497674,
        0.02504550566905375,
        3.939535428831732
      ],
      [
        0.012769222005696445,
        0.025155412199083252,
        0.999601996899998,
        1.8211880210624258
      ],
      [
        0.0,
        0.0,
        0.0,
        1.0
      ]
    ],
    "location": [
      -32.18356303390442,
      3.939535428831732,
      1.8211880210624258
    ],
    "rotation": [
      0.025160117723603072,
      -0.01276956904121819,
      3.1328965149565215
    ]
  },
  {
    "label_id": "sxF7chq_MPJ-F1tXt3y3Jg",
    "size": [
      2.054410519587695,
      4.689719715929437,
      1.7300000000000182
    ],
    "obj_class": "vehicle",
    "point_num_in_lidar": 33,
    "speed": 8.526512829121202e-13,
    "if_vehicle": true,
    "motion_state": false,
    "pose": [
      [
        0.9999157112280425,
        1.0839599232090652e-15,
        0.012983467923399572,
        24.69176830480717
      ],
      [
        -0.0003252049306047926,
        0.9996862592271312,
        0.02504550566905375,
        55.33201447860483
      ],
      [
        -0.012979394480138738,
        -0.02504761690192289,
        0.999601996899998,
        0.4326965404009684
      ],
      [
        0.0,
        0.0,
        0.0,
        1.0
      ]
    ],
    "location": [
      24.69176830480717,
      55.33201447860483,
      0.4326965404009684
    ],
    "rotation": [
      -0.025052347465221447,
      0.012979758936027087,
      -0.0003252323325724061
    ]
  },
  {
    "label_id": "wxDxWDc0d93MCnaT-wm0MQ",
    "size": [
      2.0489062492030965,
      4.776309384975827,
      1.5900000000000318
    ],
    "obj_class": "vehicle",
    "point_num_in_lidar": 778,
    "speed": 12.131607476662728,
    "if_vehicle": true,
    "motion_state": true,
    "pose": [
      [
        0.9928868423993497,
        -0.11835179656824447,
        0.012983467923399572,
        -1.4156915306650717
      ],
      [
        0.11800171930744821,
        0.9926974951546256,
        0.02504550566905375,
        -13.211363182877903
      ],
      [
        -0.015852836677871844,
        -0.02333528150250753,
        0.999601996899998,
        0.8564871017455857
      ],
      [
        0.0,
        0.0,
        0.0,
        1.0
      ]
    ],
    "location": [
      -1.4156915306650717,
      -13.211363182877903,
      0.8564871017455857
    ],
    "rotation": [
      -0.023340333410835617,
      0.01585350075546211,
      0.11829223504752163
    ]
  }
]