[
  {
    "label_id": "-jGx5h2KM1RTCWtkALlTPg",
    "size": [
      1.9723911586546077,
      4.593513203435377,
      1.6999999999999886
    ],
    "obj_class": "vehicle",
    "point_num_in_lidar": 178,
    "speed": 11.420640435777342,
    "if_vehicle": true,
    "motion_state": true,
    "pose": [
      [
        -0.9999716275193785,
        -0.001967465622482603,
        0.0072713984397455925,
        -45.54036156522642
      ],
      [
        0.0021895191788718227,
        -0.9995275584745965,
        0.030657231701143275,
        0.9290780331557471
      ],
      [
        0.007207646079722419,
        0.030672282745771974,
        0.9995035072020272,
        1.0457731598152122
      ],
      [
        0.0,
        0.0,
        0.0,
        1.0
      ]
    ],
    "location": [
      -45.54036156522642,
      0.9290780331557471,
      1.0457731598152122
    ],
    "rotation": [
      0.03067789126144841,
      -0.0072077084875783,
      3.1394030757862037
    ]
  },
  {
    "label_id": "1TgdkR2yKNOStoZEkzKJmA",
    "size": [
      0.7204719764073225,
      0.08233187211947524,
      0.640884955752199
    ],
    "obj_class": "sign",
    "point_num_in_lidar": 96,
    "speed": 0.021122598144931216,
    "if_vehicle": false,
    "motion_state": false,
    "pose": [
      [
        -0.9999381748151436,
        0.008412687566389047,
        0.0072713984397455925,
        -4.781923832178222
      ],
      [
        -0.008186036385198596,
        -0.9994964346873493,
        0.030657231701143275,
        -10.832048480280719
      ],
      [
        0.00752564652766899,
        0.030595812379927135,
        0.9995035072020272,
        2.661674665860005
      ],
      [
        0.0,
        0.0,
        0.0,
        1.0
      ]
    ],
    "location": [
      -4.781923832178222,
      -10.832048480280719,
      2.661674665860005
    ],
    "rotation": [
      0.03060145471256372,
      -0.007525717565757419,
      -3.133406293948673
    ]
  },
  {
    "label_id": "1YQ_kpgKHcSW4kqTyRAkOQ",
    "size": [
      2.11399275262168,
      4.388851756526188,
      1.6100000000000136
    ],
    "obj_class": "vehicle",
    "point_num_in_lidar": 4778,
    "speed": 8.35895218932829,
    "if_vehicle": true,
    "motion_state": true,
    "pose": [
      [
        -0.9996731927149878,
        -0.02450784633037665,
        0.0072713984397455925,
        -7.052144481810103
      ],
      [
        0.02471983347332008,
        -0.9992242310800284,
        0.030657231701143275,
        3.4055161793512525
      ],
      [
        0.0065144147913849355,
        0.030826960453033708,
        0.9995035072020272,
        0.8793816577379516
      ],
      [
        0.0,
        0.0,
        0.0,
        1.0
      ]
    ],
    "location": [
      -7.052144481810103,
      3.4055161793512525,
      0.8793816577379516
    ],
    "rotation": [
      0.030832499469521536,
      -0.006514460868286474,
      3.11686977712956
    ]
  },
  {
    "label_id": "2gBQINdyd96o4z3Zr-BlXg",
    "size": [
      0.8037584934935667,
      0.6746490747898556,
      1.8500000000000227
    ],
    "obj_class": "pedestrian",
    "point_num_in_lidar": 29,
    "speed": 0.1003867954649535,
    "if_vehicle": false,
    "motion_state": false,
    "pose": [
      [
        -0.9990940291803355,
        0.0419314633769579,
        0.0072713984397455925,
        -79.89698990734621
      ],
      [
        -0.0416901300125496,
        -0.9986601359841891,
        0.030657231701143275,
        -9.6778520738535
      ],
      [
        0.008547158342946955,
        0.030326311597484307,
        0.9995035072020272,
        1.5489746633040227
      ],
      [
        0.0,
        0.0,
        0.0,
        1.0
      ]
    ],
    "location": [
      -79.89698990734621,
      -9.6778520738535,
      1.5489746633040227
    ],
    "rotation": [
      0.030332070263915007,
      -0.008547262413599136,
      -3.099888913193497
    ]
  },
  {
    "label_id": "2geLnJ4dNoqnnCkA3l0v-Q",
    "size": [
      2.3405198330183348,
      5.096364475401939,
      2.0
    ],
    "obj_class": "vehicle",
    "point_num_in_lidar": 881,
    "speed": 11.839553930169867,
    "if_vehicle": true,
    "motion_state": true,
    "pose": [
      [
        0.9999735630329086,
        -1.3801339346908613e-15,
        0.0072713984397455925,
        -24.31507439092951
      ],
      [
        -0.00022292684026676779,
        0.9995299317419396,
        0.030657231701143275,
        -16.80767925395412
      ],
      [
        -0.0072679803861474,
        -0.030658042206796174,
        0.9995035072020272,
        1.2137314830055175
      ],
      [
        0.0,
        0.0,
        0.0,
        1.0
      ]
    ],
    "location": [
      -24.31507439092951,
      -16.80767925395412,
      1.2137314830055175
    ],
    "rotation": [
      -0.030663657047111513,
      0.007268044374409218,
      -0.00022293273023894018
    ]
  },
  {
    "label_id": "97LGRvZi3-yunSqGxMM_Jw",
    "size": [
      2.733011944225519,
      6.870703637231516,
      2.9699999999999704
    ],
    "obj_class": "vehicle",
    "point_num_in_lidar": 292,
    "speed": 0.0336918619994839,
    "if_vehicle": true,
    "motion_state": false,
    "pose": [
      [
        -0.999966292467184,
        0.003813226214684575,
        0.0072713984397455925,
        -55.21074555402896
      ],
      [
        -0.0035886092840714348,
        -0.999523514494696,
        0.030657231701143275,
        12.115333679690593
      ],
      [
        0.007384836683378222,
        0.030630104113550615,
        0.9995035072020272,
        1.7196799815446866
      ],
      [
        0.0,
        0.0,
        0.0,
        1.0
      ]
    ],
    "location": [
      -55.21074555402896,
      12.115333679690593,
      1.7196799815446866
    ],
    "rotation": [
      0.030635731325880735,
      -0.007384903808037419,
      -3.138003938744761
    ]
  },
  {
    "label_id": "AaB0H-SNWGrrmu6BOxOx3g",
    "size": [
      1.925543806637737,
      4.384545949004037,
      1.8999999999999773
    ],
    "obj_class": "vehicle",
    "point_num_in_lidar": 46,
    "speed": 5.687116766346677e-13,
    "if_vehicle": true,
    "motion_state": false,
    "pose": [
      [
        -0.017601938189228002,
        0.9998186328213298,
        0.0072713984397455925,
        11.563095583817812
      ],
      [
        -0.9993711462158646,
        -0.017817021513472406,
        0.030657231701143275,
        -59.95454349215652
      ],
      [
        0.03078122614795778,
        -0.006727199095864437,
        0.9995035072020272,
        1.6020919378459553
      ],
      [
        0.0,
        0.0,
        0.0,
        1.0
      ]
    ],
    "location": [
      11.563095583817812,
      -59.95454349215652,
      1.6020919378459553
    ],
    "rotation": [
      -0.006730439132074014,
      -0.030786089007556302,
      -1.5884075200407513
    ]
  },
  {
    "label_id": "BXDlU3DIkqaT24ZzQeHqcw",
    "size": [
      1.022061076784686,
      1.090747265971741,
      1.0500000000000114
    ],
    "obj_class": "pedestrian",
    "point_num_in_lidar": 25,
    "speed": 0.0508857240766318,
    "if_vehicle": false,
    "motion_state": false,
    "pose": [
      [
        -0.38464449324912,
        0.9230361534511301,
        0.0072713984397455925,
        -61.6540539367314
      ],
      [
        -0.9225409050563914,
        -0.38467962337789197,
        0.030657231701143275,
        18.841159125764534
      ],
      [
        0.031094892038115263,
        0.0050839728544785825,
        0.9995035072020272,
        0.787542363804107
      ],
      [
        0.0,
        0.0,
        0.0,
        1.0
      ]
    ],
    "location": [
      -61.6540539367314,
      18.841159125764534,
      0.787542363804107
    ],
    "rotation": [
      0.005086454398165881,
      -0.031099905121625193,
      -1.9658205895213183
    ]
  },
  {
    "label_id": "D5j3i75zBvzZL7edy7Vfkg",
    "size": [
      1.0822184139979385,
      1.1221680693460732,
      1.079999999999984
    ],
    "obj_class": "sign",
    "point_num_in_lidar": 37,
    "speed": 0.004385968271049537,
    "if_vehicle": false,
    "motion_state": false,
    "pose": [
      [
        0.9994397112371349,
        -0.03267094071132359,
        0.0072713984397455925,
        -59.19095048041902
      ],
      [
        0.032433638649307255,
        0.9990036002079216,
        0.030657231701143275,
        8.850156650816643
      ],
      [
        -0.008265753819133472,
        -0.03040421688925073,
        0.9995035072020272,
        0.8618886891713373
      ],
      [
        0.0,
        0.0,
        0.0,
        1.0
      ]
    ],
    "location": [
      -59.19095048041902,
      8.850156650816643,
      0.8618886891713373
    ],
    "rotation": [
      -0.03040994238099171,
      0.008265847945111487,
      0.03244043633807526
    ]
  },
  {
    "label_id": "IfcPgF5DX-ynhXlY8BCLMw",
    "size": [
      0.8861319478938112,
      0.9385848513966977,
      1.8899999999999864
    ],
    "obj_class": "pedestrian",
    "point_num_in_lidar": 42,
    "speed": 1.1888690633439092,
    "if_vehicle": false,
    "motion_state": true,
    "pose": [
      [
        -0.9826309383970583,
        0.18542806063173659,
        0.0072713984397455925,
        1.588018973039084
      ],
      [
        -0.1851267361654651,
        -0.9822363390249542,
        0.030657231701143275,
        -32.28443393283487
      ],
      [
        0.012826942801728268,
        0.02877861409464171,
        0.9995035072020272,
        1.3263923735177627
      ],
      [
        0.0,
        0.0,
        0.0,
        1.0
      ]
    ],
    "location": [
      1.588018973039084,
      -32.28443393283487,
      1.3263923735177627
    ],
    "rotation": [
      0.028784956778008935,
      -0.012827294564909745,
      -2.955376328142144
    ]
  },
  {
    "label_id": "LrTZhVUAGYTUkncIjh4pHw",
    "size": [
      1.7509685992957418,
      2.3537852381629554,
      1.7300000000000182
    ],
    "obj_class": "vehicle",
    "point_num_in_lidar": 113,
    "speed": 0.0074628994204679324,
    "if_vehicle": true,
    "motion_state": false,
    "pose": [
      [
        -0.9997964865040165,
        0.018817872859443224,
        0.0072713984397455925,
        -49.457409298580956
      ],
      [
        -0.018586637077393,
        -0.999357128891657,
        0.030657231701143275,
        12.052898085199558
      ],
      [
        0.007843627756146035,
        0.030515841696897934,
        0.9995035072020272,
        1.1332627492380425
      ],
      [
        0.0,
        0.0,
        0.0,
        1.0
      ]
    ],
    "location": [
      -49.457409298580956,
      12.052898085199558,
      1.1332627492380425
    ],
    "rotation": [
      0.03052151901180198,
      -0.007843708184966106,
      -3.1230043743065266
    ]
  },
  {
    "label_id": "N0xEeDcPODmUZyZL7O9KhQ",
    "size": [
      1.9987228837198925,
      4.597254965828016,
      1.920000000000016
    ],
    "obj_class": "vehicle",
    "point_num_in_lidar": 57,
    "speed": 0.007175455285710089,
    "if_vehicle": true,
    "motion_state": false,
    "pose": [
      [
        0.9999735630329085,
        -4.919555149907361e-16,
        0.0072713984397455925,
        -34.98723751549494
      ],
      [
        -0.00022292684026765512,
        0.9995299317419396,
        0.030657231701143275,
        -41.13662775572993
      ],
      [
        -0.007267980386147372,
        -0.03065804220679618,
        0.9995035072020272,
        1.7196959313858429
      ],
      [
        0.0,
        0.0,
        0.0,
        1.0
      ]
    ],
    "location": [
      -34.98723751549494,
      -41.13662775572993,
      1.7196959313858429
    ],
    "rotation": [
      -0.03066365704711152,
      0.00726804437440919,
      -0.00022293273023982758
    ]
  },
  {
    "label_id": "NXvHjeEjHAm4M20-7kGTYQ",
    "size": [
      2.19015897065609,
      4.47866627860887,
      1.8899999999999864
    ],
    "obj_class": "vehicle",
    "point_num_in_lidar": 163,
    "speed": 0.04328962259802526,
    "if_vehicle": true,
    "motion_state": false,
    "pose": [
      [
        0.9866836233489241,
        -0.16248862784751633,
        0.0072713984397455925,
        -49.67331207920904
      ],
      [
        0.16219657682433578,
        0.9862821120809653,
        0.030657231701143275,
        -4.21395551000569
      ],
      [
        -0.012153101723656669,
        -0.029069592521079,
        0.9995035072020272,
        1.4242246087783315
      ],
      [
        0.0,
        0.0,
        0.0,
        1.0
      ]
    ],
    "location": [
      -49.67331207920904,
      -4.21395551000569,
      1.4242246087783315
    ],
    "rotation": [
      -0.029075836150256947,
      0.012153400908105155,
      0.16292844099906378
    ]
  },
  {
    "label_id": "Sv6Kp_7Yn7_dppLzJAxahA",
    "size": [
      2.2878795860031826,
      4.83846683002856,
      2.0
    ],
    "obj_class": "vehicle",
    "point_num_in_lidar": 1250,
    "speed": 9.454541407801555,
    "if_vehicle": true,
    "motion_state": true,
    "pose": [
      [
        -0.9999322396368197,
        -0.009090814024290099,
        0.0072713984397455925,
        -25.8762124278299
      ],
      [
        0.009309698576036725,
        -0.9994866000386629,
        0.030657231701143275,
        4.180345133259834
      ],
      [
        0.006988966112173095,
        0.030722848883689403,
        0.9995035072020272,
        1.0781131032440499
      ],
      [
        0.0,
        0.0,
        0.0,
        1.0
      ]
    ],
    "location": [
      -25.8762124278299,
      4.180345133259834,
      1.0781131032440499
    ],
    "rotation": [
      0.030728434840954624,
      -0.006989023010186058,
      3.132282593141848
    ]
  },
  {
    "label_id": "c-Q-RtXcVA34W3hfnuENdg",
    "size": [
      2.9654650192369894,
      7.449051383300613,
      3.3899999999999864
    ],
    "obj_class": "vehicle",
    "point_num_in_lidar": 365,
    "speed": 10.274110975693848,
    "if_vehicle": true,
    "motion_state": true,
    "pose": [
      [
        0.9993292924223972,
        -0.03588999959990857,
        0.0072713984397455925,
        -55.44986920622486
      ],
      [
        0.03565129404085505,
        0.9988939480133189,
        0.030657231701143275,
        -17.46297430557388
      ],
      [
        -0.008363643928543697,
        -0.03037743489966941,
        0.9995035072020272,
        2.1389682358613413
      ],
      [
        0.0,
        0.0,
        0.0,
        1.0
      ]
    ],
    "location": [
      -55.44986920622486,
      -17.46297430557388,
      2.1389682358613413
    ],
    "rotation": [
      -0.03038317183764743,
      0.008363741438514321,
      0.03566009835616484
    ]
  },
  {
    "label_id": "i5j529DQ3xVIaMhN_CqDdg",
    "size": [
      1.1681500733672059,
      1.1867695902315556,
      1.839999999999975
    ],
    "obj_class": "pedestrian",
    "point_num_in_lidar": 39,
    "speed": 0.0,
    "if_vehicle": false,
    "motion_state": false,
    "pose": [
      [
        -0.9383762263686367,
        0.34553897689101226,
        0.0072713984397455925,
        -63.01984315798558
      ],
      [
        -0.34517648615833135,
        -0.9380369542549003,
        0.030657231701143275,
        20.033506547461002
      ],
      [
        0.017414108921916548,
        0.026258101631739215,
        0.9995035072020272,
        1.354704953522969
      ],
      [
        0.0,
        0.0,
        0.0,
        1.0
      ]
    ],
    "location": [
      -63.01984315798558,
      20.033506547461002,
      1.354704953522969
    ],
    "rotation": [
      0.02626510368873232,
      -0.017414989183585923,
      -2.789110052962119
    ]
  },
  {
    "label_id": "iHup_TyQroYLLb9o9b4nUQ",
    "size": [
      1.954974243723255,
      4.55316170265996,
      1.6100000000000136
    ],
    "obj_class": "vehicle",
    "point_num_in_lidar": 29,
    "speed": 0.015005733283741,
    "if_vehicle": true,
    "motion_state": false,
    "pose": [
      [
        0.013148253947499898,
        0.9998871187203395,
        0.0072713984397455925,
        0.26893652876492524
      ],
      [
        -0.9994464569559854,
        0.01291951324741567,
        0.030657231701143275,
        -60.11293481057146
      ],
      [
        0.03055982814512848,
        -0.007670462475452988,
        0.9995035072020272,
        1.5190793332939734
      ],
      [
        0.0,
        0.0,
        0.0,
        1.0
      ]
    ],
    "location": [
      0.26893652876492524,
      -60.11293481057146,
      1.5190793332939734
    ],
    "rotation": [
      -0.00767412204451427,
      -0.030564586798275253,
      -1.557641549547776
    ]
  },
  {
    "label_id": "iS--Vq4c9quQ_K-Ckea5OQ",
    "size": [
      0.9073869867057552,
      0.11923040422253371,
      0.970231929654517
    ],
    "obj_class": "sign",
    "point_num_in_lidar": 38,
    "speed": 0.02101532696037803,
    "if_vehicle": false,
    "motion_state": false,
    "pose": [
      [
        0.9991363574436325,
        0.04091046319708649,
        0.0072713984397455925,
        -59.26781732824546
      ],
      [
        -0.04111505375540002,
        0.9986839772916721,
        0.030657231701143275,
        17.273457677825718
      ],
      [
        -0.006007627565043411,
        -0.030929718748912826,
        0.9995035072020272,
        3.2974901708991524
      ],
      [
        0.0,
        0.0,
        0.0,
        1.0
      ]
    ],
    "location": [
      -59.26781732824546,
      17.273457677825718,
      3.2974901708991524
    ],
    "rotation": [
      -0.03093521077974587,
      0.006007663703101124,
      -0.04112738898556662
    ]
  },
  {
    "label_id": "iXTQZojLqoKlsbwX2uyUog",
    "size": [
      2.0153231307297306,
      4.453522781562739,
      1.4499999999999886
    ],
    "obj_class": "vehicle",
    "point_num_in_lidar": 130,
    "speed": 5.687116766346677e-13,
    "if_vehicle": true,
    "motion_state": false,
    "pose": [
      [
        0.018531691192183675,
        -0.9998018319578574,
        0.0072713984397455925,
        1.044120580205231
      ],
      [
        0.9993541455335994,
        0.01874635829253599,
        0.030657231701143275,
        39.29491860755479
      ],
      [
        -0.030787468657998814,
        0.006698571823893492,
        0.9995035072020272,
        0.3485391341948798
      ],
      [
        0.0,
        0.0,
        0.0,
        1.0
      ]
    ],
    "location": [
      1.044120580205231,
      39.29491860755479,
      0.3485391341948798
    ],
    "rotation": [
      0.006701798931701418,
      0.030792334477639995,
      1.5522547841759151
    ]
  },
  {
    "label_id": "ijjnSXQKMTGVXZdwniRX4Q",
    "size": [
      2.972577265569261,
      7.057856682623538,
      3.2299999999999613
    ],
    "obj_class": "vehicle",
    "point_num_in_lidar": 843,
    "speed": 0.0015621530586817072,
    "if_vehicle": true,
    "motion_state": false,
    "pose": [
      [
        -0.1996880554665649,
        -0.9798325404214295,
        0.0072713984397455925,
        -24.061492628422343
      ],
      [
        0.9794423615586877,
        -0.1993810285076375,
        0.030657231701143275,
        -39.58155445170087
      ],
      [
        -0.028589174320414298,
        0.013243798644047811,
        0.9995035072020272,
        2.0292520249222434
      ],
      [
        0.0,
        0.0,
        0.0,
        1.0
      ]
    ],
    "location": [
      -24.061492628422343,
      -39.58155445170087,
      2.0292520249222434
    ],
    "rotation": [
      0.013249601975364164,
      0.028593070270384026,
      1.7719192166501634
    ]
  },
  {
    "label_id": "slzRePUL32VlVCupH5t8lw",
    "size": [
      2.9216232952624006,
      10.613183625004126,
      3.6399999999999864
    ],
    "obj_class": "vehicle",
    "point_num_in_lidar": 885,
    "speed": 9.916854002332167,
    "if_vehicle": true,
    "motion_state": true,
    "pose": [
      [
        -0.9997699064658785,
        -0.020180705883071335,
        0.0072713984397455925,
        -49.736804179239584
      ],
      [
        0.0203946342923297,
        -0.9993218665857886,
        0.030657231701143275,
        4.257439601558872
      ],
      [
        0.006647782885345612,
        0.030798475182327208,
        0.9995035072020272,
        2.008677629480644
      ],
      [
        0.0,
        0.0,
        0.0,
        1.0
      ]
    ],
    "location": [
      -49.736804179239584,
      4.257439601558872,
      2.008677629480644
    ],
    "rotation": [
      0.030804027108253813,
      -0.006647831850583382,
      3.121196154446063
    ]
  },
  {
    "label_id": "wXjYVrS_dk7sP6eAi61Mlg",
    "size": [
      2.0873318631274733,
      4.614035761484056,
      1.5699999999999932
    ],
    "obj_class": "vehicle",
    "point_num_in_lidar": 22,
    "speed": 13.444096681966572,
    "if_vehicle": true,
    "motion_state": true,
    "pose": [
      [
        0.9999735630329086,
        -1.3801339346908613e-15,
        0.0072713984397455925,
        -38.15508769050544
      ],
      [
        -0.00022292684026676779,
        0.9995299317419396,
        0.030657231701143275,
        -13.90450541028622
      ],
      [
        -0.0072679803861474,
        -0.030658042206796174,
        0.9995035072020272,
        1.013473238382801
      ],
      [
        0.0,
        0.0,
        0.0,
        1.0
      ]
    ],
    "location": [
      -38.15508769050544,
      -13.90450541028622,
      1.013473238382801
    ],
    "rotation": [
      -0.030663657047111513,
      0.007268044374409218,
      -0.00022293273023894018
    ]
  },
  {
    "label_id": "ytTHEGIT_byAY5em9sU6XQ",
    "size": [
      1.931007291321607,
      4.326187674910624,
      1.5500000000000114
    ],
    "obj_class": "vehicle",
    "point_num_in_lidar": 21,
    "speed": 5.685035733124714e-13,
    "if_vehicle": true,
    "motion_state": false,
    "pose": [
      [
        -0.9980653014820171,
        0.06174771851931823,
        0.0072713984397455925,
        -26.925168692994163
      ],
      [
        -0.06149782314872075,
        -0.9976362823656683,
        0.030657231701143275,
        -68.12350003598476
      ],
      [
        0.009147225020691027,
        0.030150744025114258,
        0.9995035072020272,
        1.4640189308944969
      ],
      [
        0.0,
        0.0,
        0.0,
        1.0
      ]
    ],
    "location": [
      -26.925168692994163,
      -68.12350003598476,
      1.4640189308944969
    ],
    "rotation": [
      0.03015657610645979,
      -0.00914735258617784,
      -3.0800534225186964
    ]
  }
]