[
  {
    "label_id": "-jGx5h2KM1RTCWtkALlTPg",
    "size": [
      1.9723911586518836,
      4.593513203435377,
      1.6999999999999886
    ],
    "obj_class": "vehicle",
    "point_num_in_lidar": 123,
    "speed": 9.422352164914505,
    "if_vehicle": true,
    "motion_state": true,
    "pose": [
      [
        -0.9996179716950332,
        -0.026313692796402877,
        0.00845578120130735,
        -6.671100545812266
      ],
      [
        0.02650403873730313,
        -0.9993783434904434,
        0.02324784921038693,
        0.1344922014814074
      ],
      [
        0.007838787847580953,
        0.02346308022647257,
        0.9996939718090566,
        0.7185749872212455
      ],
      [
        0.0,
        0.0,
        0.0,
        1.0
      ]
    ],
    "location": [
      -6.671100545812266,
      0.1344922014814074,
      0.7185749872212455
    ],
    "rotation": [
      0.023465954655603846,
      -0.00783886812760438,
      3.11508469623353
    ]
  },
  {
    "label_id": "1TgdkR2yKNOStoZEkzKJmA",
    "size": [
      0.7204719764073201,
      0.08233187211947524,
      0.640884955752199
    ],
    "obj_class": "sign",
    "point_num_in_lidar": 24,
    "speed": 0.019680818638854826,
    "if_vehicle": false,
    "motion_state": false,
    "pose": [
      [
        -0.9999288613549214,
        0.008412609210337194,
        0.00845578120130735,
        -4.799439676366433
      ],
      [
        -0.008214057279811424,
        -0.9996959871731481,
        0.02324784921038693,
        -10.885089059231177
      ],
      [
        0.008648785605748931,
        0.02317673911876002,
        0.9996939718090566,
        2.5511391227236686
      ],
      [
        0.0,
        0.0,
        0.0,
        1.0
      ]
    ],
    "location": [
      -4.799439676366433,
      -10.885089059231177,
      2.5511391227236686
    ],
    "rotation": [
      0.023179681670352895,
      -0.008648893433057048,
      -3.133378196699621
    ]
  },
  {
    "label_id": "1YQ_kpgKHcSW4kqTyRAkOQ",
    "size": [
      2.113992752622043,
      4.388851756526188,
      1.6100000000000136
    ],
    "obj_class": "vehicle",
    "point_num_in_lidar": 1100,
    "speed": 8.311098251225298,
    "if_vehicle": true,
    "motion_state": true,
    "pose": [
      [
        -0.9998473367596722,
        -0.015290616039466434,
        0.00845578120130735,
        25.404057378441678
      ],
      [
        0.015483592476392064,
        -0.9996098218160505,
        0.02324784921038693,
        2.8523272179572814
      ],
      [
        0.00809700800393491,
        0.0233752259885864,
        0.9996939718090566,
        0.5572677519264744
      ],
      [
        0.0,
        0.0,
        0.0,
        1.0
      ]
    ],
    "location": [
      25.404057378441678,
      2.8523272179572814,
      0.5572677519264744
    ],
    "rotation": [
      0.023378121725729808,
      -0.008097096481929095,
      3.1261079347197915
    ]
  },
  {
    "label_id": "3A8rG2bX-CGR5WhiqeSlFg",
    "size": [
      2.366989135442173,
      5.706603960836367,
      2.089999999999975
    ],
    "obj_class": "vehicle",
    "point_num_in_lidar": 290,
    "speed": 0.015918791449438124,
    "if_vehicle": true,
    "motion_state": false,
    "pose": [
      [
        -0.9991540501101169,
        -0.04024529677894893,
        0.00845578120130735,
        51.41771309862702
      ],
      [
        0.040432283931985835,
        -0.9989117918630926,
        0.02324784921038693,
        58.33006092516189
      ],
      [
        0.007510962960455904,
        0.02357006924130539,
        0.9996939718090566,
        -0.023383093779557385
      ],
      [
        0.0,
        0.0,
        0.0,
        1.0
      ]
    ],
    "location": [
      51.41771309862702,
      58.33006092516189,
      -0.023383093779557385
    ],
    "rotation": [
      0.023572917232352955,
      -0.0075110335835329774,
      3.10114820383466
    ]
  },
  {
    "label_id": "AaB0H-SNWGrrmu6BOxOx3g",
    "size": [
      1.9255438066377386,
      4.384545949004037,
      1.8999999999999773
    ],
    "obj_class": "vehicle",
    "point_num_in_lidar": 70,
    "speed": 5.687116766346677e-13,
    "if_vehicle": true,
    "motion_state": false,
    "pose": [
      [
        -0.017601774244139137,
        0.9998093204745263,
        0.00845578120130735,
        11.563095583817727
      ],
      [
        -0.9995713600904009,
        -0.01779420113737142,
        0.02324784921038693,
        -59.95454349215834
      ],
      [
        0.023393880193000878,
        -0.008042953322554615,
        0.9996939718090566,
        1.6020919378459553
      ],
      [
        0.0,
        0.0,
        0.0,
        1.0
      ]
    ],
    "location": [
      11.563095583817727,
      -59.95454349215834,
      1.6020919378459553
    ],
    "rotation": [
      -0.008045241863443558,
      -0.023396014527629336,
      -1.5884038292880516
    ]
  },
  {
    "label_id": "CsEPiVQ6ojblTHuTloW2Zg",
    "size": [
      2.781782148964342,
      5.839150534278615,
      2.089999999999975
    ],
    "obj_class": "vehicle",
    "point_num_in_lidar": 12752,
    "speed": 9.292279028440797,
    "if_vehicle": true,
    "motion_state": true,
    "pose": [
      [
        -0.9996380933026958,
        -0.02553785782767507,
        0.00845578120130735,
        41.63965291830294
      ],
      [
        0.025728389692337723,
        -0.9993986129022445,
        0.02324784921038693,
        2.3568791026646068
      ],
      [
        0.007856995735657351,
        0.02345698929196015,
        0.9996939718090566,
        0.7976693455015607
      ],
      [
        0.0,
        0.0,
        0.0,
        1.0
      ]
    ],
    "location": [
      41.63965291830294,
      2.3568791026646068,
      0.7976693455015607
    ],
    "rotation": [
      0.023459865210043222,
      -0.007857076576413434,
      3.115860630129703
    ]
  },
  {
    "label_id": "DOZnToe-pxe0UDYzM3J2oQ",
    "size": [
      1.9432317308710487,
      4.1752021675165745,
      1.6000000000000227
    ],
    "obj_class": "vehicle",
    "point_num_in_lidar": 1218,
    "speed": 16.400339471899347,
    "if_vehicle": true,
    "motion_state": true,
    "pose": [
      [
        0.9999642492430796,
        -5.1191755452112416e-17,
        0.00845578120130735,
        37.21587230927898
      ],
      [
        -0.00019658575441349016,
        0.9997297129030088,
        0.02324784921038693,
        -16.83545868076908
      ],
      [
        -0.008453495712753658,
        -0.023248680368307503,
        0.9996939718090566,
        0.5565417709159419
      ],
      [
        0.0,
        0.0,
        0.0,
        1.0
      ]
    ],
    "location": [
      37.21587230927898,
      -16.83545868076908,
      0.5565417709159419
    ],
    "rotation": [
      -0.02325160616386109,
      0.008453596399365328,
      -0.00019659278022159216
    ]
  },
  {
    "label_id": "E-3eMFrCvL5KnRE05weLVQ",
    "size": [
      1.0757764199166766,
      1.0782595092493514,
      1.1000000000000227
    ],
    "obj_class": "sign",
    "point_num_in_lidar": 91,
    "speed": 0.03355486444379382,
    "if_vehicle": false,
    "motion_state": false,
    "pose": [
      [
        -0.9999551358013884,
        0.004269209376744555,
        0.00845578120130735,
        14.24329926970617
      ],
      [
        -0.0040716240934276955,
        -0.9997214408945789,
        0.02324784921038693,
        10.215476327397482
      ],
      [
        0.008552675702298404,
        0.023212377451794667,
        0.9996939718090566,
        0.2861437551472932
      ],
      [
        0.0,
        0.0,
        0.0,
        1.0
      ]
    ],
    "location": [
      14.24329926970617,
      10.215476327397482,
      0.2861437551472932
    ],
    "rotation": [
      0.023215311732789994,
      -0.008552779974624117,
      -3.137520869320784
    ]
  },
  {
    "label_id": "IfcPgF5DX-ynhXlY8BCLMw",
    "size": [
      0.8861319478939202,
      0.9385848513966977,
      1.8899999999999864
    ],
    "obj_class": "pedestrian",
    "point_num_in_lidar": 48,
    "speed": 1.1990357659191582,
    "if_vehicle": false,
    "motion_state": true,
    "pose": [
      [
        -0.9884863766168939,
        0.15107343580881455,
        0.00845578120130735,
        6.118464707632768
      ],
      [
        -0.15084367304383056,
        -0.9882842322984503,
        0.02324784921038693,
        -31.7436117331672
      ],
      [
        0.011868847688396094,
        0.02170468113525112,
        0.9996939718090566,
        1.0350335993455815
      ],
      [
        0.0,
        0.0,
        0.0,
        1.0
      ]
    ],
    "location": [
      6.118464707632768,
      -31.7436117331672,
      1.0350335993455815
    ],
    "rotation": [
      0.021707914937278788,
      -0.011869126365925332,
      -2.990160249107203
    ]
  },
  {
    "label_id": "NQ2WhKdluq2vlUr0oFNWQA",
    "size": [
      2.0726074213674246,
      4.149276177768584,
      1.6000000000000227
    ],
    "obj_class": "vehicle",
    "point_num_in_lidar": 356,
    "speed": 16.60763336457657,
    "if_vehicle": true,
    "motion_state": true,
    "pose": [
      [
        0.9999222809209498,
        -0.009161434501255334,
        0.00845578120130735,
        15.588431197166642
      ],
      [
        0.008962708231373288,
        0.9996895554962302,
        0.02324784921038693,
        -17.136136802531837
      ],
      [
        -0.008666139798344345,
        -0.023170255709180753,
        0.9996939718090566,
        0.6218469533610573
      ],
      [
        0.0,
        0.0,
        0.0,
        1.0
      ]
    ],
    "location": [
      15.588431197166642,
      -17.136136802531837,
      0.6218469533610573
    ],
    "rotation": [
      -0.023173199759049183,
      0.008666248276052016,
      0.008963164822684982
    ]
  },
  {
    "label_id": "Srk_vu0878FXjTrFz1vvxg",
    "size": [
      2.0593317684661963,
      4.897221917029469,
      1.6399999999999864
    ],
    "obj_class": "vehicle",
    "point_num_in_lidar": 140,
    "speed": 1.1368770508004532e-12,
    "if_vehicle": true,
    "motion_state": false,
    "pose": [
      [
        -0.9999176822607089,
        0.009650309147770415,
        0.00845578120130735,
        34.21813186114343
      ],
      [
        -0.00945146911898215,
        -0.9996850540238081,
        0.02324784921038693,
        63.94403990349929
      ],
      [
        0.008677467018943424,
        0.023166015945095528,
        0.9996939718090566,
        -0.14434773680932267
      ],
      [
        0.0,
        0.0,
        0.0,
        1.0
      ]
    ],
    "location": [
      34.21813186114343,
      63.94403990349929,
      -0.14434773680932267
    ],
    "rotation": [
      0.023168960973693746,
      -0.008677575922579662,
      -3.132140687871704
    ]
  },
  {
    "label_id": "Sv6Kp_7Yn7_dppLzJAxahA",
    "size": [
      2.2878795860028487,
      4.83846683002856,
      2.0
    ],
    "obj_class": "vehicle",
    "point_num_in_lidar": 398,
    "speed": 8.564755483776016,
    "if_vehicle": true,
    "motion_state": true,
    "pose": [
      [
        -0.9996087773701741,
        -0.0266606820764504,
        0.00845578120130735,
        9.128743437689906
      ],
      [
        0.026850944825307397,
        -0.9993690831064765,
        0.02324784921038693,
        3.525186390257659
      ],
      [
        0.007830642789340123,
        0.023465799840172222,
        0.9996939718090566,
        0.750378171304817
      ],
      [
        0.0,
        0.0,
        0.0,
        1.0
      ]
    ],
    "location": [
      9.128743437689906,
      3.525186390257659,
      0.750378171304817
    ],
    "rotation": [
      0.02346867360392165,
      -0.007830722819368925,
      3.1147376576775714
    ]
  },
  {
    "label_id": "SvD0AwZbUZS6wEKPI_DiwQ",
    "size": [
      2.5118529045355578,
      6.021860427745784,
      2.0
    ],
    "obj_class": "vehicle",
    "point_num_in_lidar": 417,
    "speed": 2.847716647714797e-13,
    "if_vehicle": true,
    "motion_state": false,
    "pose": [
      [
        0.9964264559757506,
        -0.08404057113014729,
        0.00845578120130735,
        46.55912616085723
      ],
      [
        0.08382496960769374,
        0.9962092711761723,
        0.02324784921038693,
        -35.82613785023568
      ],
      [
        -0.010377490152968037,
        -0.022455966395555603,
        0.9996939718090566,
        1.0425537233057298
      ],
      [
        0.0,
        0.0,
        0.0,
        1.0
      ]
    ],
    "location": [
      46.55912616085723,
      -35.82613785023568,
      1.0425537233057298
    ],
    "rotation": [
      -0.022459063707307797,
      0.010377676424628899,
      0.08392797905613193
    ]
  },
  {
    "label_id": "Z8b5TrwhAlTvaTb_rzuxvw",
    "size": [
      2.3234524510073613,
      5.794250754513302,
      1.8100000000000023
    ],
    "obj_class": "vehicle",
    "point_num_in_lidar": 42,
    "speed": 2.8421709430404007e-13,
    "if_vehicle": true,
    "motion_state": false,
    "pose": [
      [
        0.9994996305556614,
        0.03047930910260197,
        0.00845578120130735,
        45.82580012146951
      ],
      [
        -0.030668654755156403,
        0.9992592111772601,
        0.02324784921038693,
        63.50234641180759
      ],
      [
        -0.007740938871051825,
        -0.0234955441313435,
        0.9996939718090566,
        0.1273806499086163
      ],
      [
        0.0,
        0.0,
        0.0,
        1.0
      ]
    ],
    "location": [
      45.82580012146951,
      63.50234641180759,
      0.1273806499086163
    ],
    "rotation": [
      -0.02349841059517848,
      0.007741016182066698,
      -0.030674383781502536
    ]
  },
  {
    "label_id": "aJSPPnhj2mfCZnxhkJgFDA",
    "size": [
      2.1843405968393195,
      5.387151019713068,
      1.920000000000016
    ],
    "obj_class": "vehicle",
    "point_num_in_lidar": 85,
    "speed": 8.528363000094291e-13,
    "if_vehicle": true,
    "motion_state": false,
    "pose": [
      [
        0.9999642492430796,
        8.369866642480128e-16,
        0.00845578120130735,
        46.600495291450784
      ],
      [
        -0.00019658575441437796,
        0.9997297129030088,
        0.02324784921038693,
        -52.05103965224771
      ],
      [
        -0.008453495712753637,
        -0.02324868036830751,
        0.9996939718090566,
        1.0305595071286007
      ],
      [
        0.0,
        0.0,
        0.0,
        1.0
      ]
    ],
    "location": [
      46.600495291450784,
      -52.05103965224771,
      1.0305595071286007
    ],
    "rotation": [
      -0.023251606163861096,
      0.008453596399365307,
      -0.00019659278022247998
    ]
  },
  {
    "label_id": "aPFh9SBjb7NjHyWpykds8w",
    "size": [
      2.2085640567783384,
      4.902919926976072,
      1.670000000000016
    ],
    "obj_class": "vehicle",
    "point_num_in_lidar": 30,
    "speed": 2.8591206918129106e-13,
    "if_vehicle": true,
    "motion_state": false,
    "pose": [
      [
        -0.9998645810247044,
        -0.014118051443736153,
        0.00845578120130735,
        33.60237051255248
      ],
      [
        0.014311306289600747,
        -0.9996272925542682,
        0.02324784921038693,
        71.5179093194165
      ],
      [
        0.00812441533758568,
        0.02336571428515879,
        0.9996939718090566,
        0.047394403288876674
      ],
      [
        0.0,
        0.0,
        0.0,
        1.0
      ]
    ],
    "location": [
      33.60237051255248,
      71.5179093194165,
      0.047394403288876674
    ],
    "rotation": [
      0.02336861230758549,
      -0.008124504717102339,
      3.1272803863417065
    ]
  },
  {
    "label_id": "egz2S1wgW1U-xdUQuSz9UA",
    "size": [
      2.16471708381116,
      4.901394041058951,
      1.740000000000009
    ],
    "obj_class": "vehicle",
    "point_num_in_lidar": 63,
    "speed": 2.842517866562357e-13,
    "if_vehicle": true,
    "motion_state": false,
    "pose": [
      [
        -0.9999520024254976,
        -0.004949000860081222,
        0.00845578120130735,
        12.78172860968587
      ],
      [
        0.005144423444811963,
        -0.9997164960200025,
        0.02324784921038693,
        64.19264281136202
      ],
      [
        0.008338330327945547,
        0.023290233489068644,
        0.9996939718090566,
        0.2620433092207577
      ],
      [
        0.0,
        0.0,
        0.0,
        1.0
      ]
    ],
    "location": [
      12.78172860968587,
      64.19264281136202,
      0.2620433092207577
    ],
    "rotation": [
      0.023293149496791416,
      -0.008338426955196905,
      3.136448028601644
    ]
  },
  {
    "label_id": "iHup_TyQroYLLb9o9b4nUQ",
    "size": [
      1.9549742437232545,
      4.55316170265996,
      1.6100000000000136
    ],
    "obj_class": "vehicle",
    "point_num_in_lidar": 66,
    "speed": 0.015005733285076858,
    "if_vehicle": true,
    "motion_state": false,
    "pose": [
      [
        0.013148131484189342,
        0.999877805735656,
        0.00845578120130735,
        0.24828457738561838
      ],
      [
        -0.9996458744982104,
        0.012948478899059335,
        0.02324784921038693,
        -60.16929636142049
      ],
      [
        0.023135518952094897,
        -0.008758452571689189,
        0.9996939718090566,
        1.5190793332939165
      ],
      [
        0.0,
        0.0,
        0.0,
        1.0
      ]
    ],
    "location": [
      0.24828457738561838,
      -60.16929636142049,
      1.5190793332939165
    ],
    "rotation": [
      -0.008760909575114247,
      -0.023137583339081964,
      -1.5576442959532875
    ]
  },
  {
    "label_id": "iXTQZojLqoKlsbwX2uyUog",
    "size": [
      2.015323130729729,
      4.453522781562739,
      1.4499999999999886
    ],
    "obj_class": "vehicle",
    "point_num_in_lidar": 88,
    "speed": 5.687116766346677e-13,
    "if_vehicle": true,
    "motion_state": false,
    "pose": [
      [
        0.01853151858734425,
        -0.9997925197675379,
        0.00845578120130735,
        1.044120580205174
      ],
      [
        0.999554380542902,
        0.018723724111047294,
        0.02324784921038693,
        39.29491860755297
      ],
      [
        -0.023401349455585172,
        0.008021195190921022,
        0.9996939718090566,
        0.37339937123272193
      ],
      [
        0.0,
        0.0,
        0.0,
        1.0
      ]
    ],
    "location": [
      1.044120580205174,
      39.29491860755297,
      0.37339937123272193
    ],
    "rotation": [
      0.008023478476078462,
      0.02340348583557133,
      1.5522586702685222
    ]
  },
  {
    "label_id": "ijjnSXQKMTGVXZdwniRX4Q",
    "size": [
      2.972577265569257,
      7.057856682623538,
      3.2299999999999613
    ],
    "obj_class": "vehicle",
    "point_num_in_lidar": 275,
    "speed": 2.8452917319372777e-13,
    "if_vehicle": true,
    "motion_state": false,
    "pose": [
      [
        -0.19968619556481607,
        -0.9798234142258112,
        0.00845578120130735,
        -24.06149262842237
      ],
      [
        0.979632858677219,
        -0.19944673400933613,
        0.02324784921038693,
        -39.58155445170087
      ],
      [
        -0.02109230904262986,
        0.012925835674472488,
        0.9996939718090566,
        1.953065636412532
      ],
      [
        0.0,
        0.0,
        0.0,
        1.0
      ]
    ],
    "location": [
      -24.06149262842237,
      -39.58155445170087,
      1.953065636412532
    ],
    "rotation": [
      0.01292907209552587,
      0.021093873299557017,
      1.7718793298106175
    ]
  },
  {
    "label_id": "iv0I_4_Nh3wHEqvc0NFULA",
    "size": [
      1.2962183796179578,
      1.252317971597332,
      1.0500000000000114
    ],
    "obj_class": "sign",
    "point_num_in_lidar": 39,
    "speed": 3.552713678800501e-14,
    "if_vehicle": false,
    "motion_state": false,
    "pose": [
      [
        -0.9999551358013847,
        0.004269209377614933,
        0.00845578120130735,
        10.590795298632486
      ],
      [
        -0.004071624094297868,
        -0.9997214408945754,
        0.02324784921038693,
        7.810942993108256
      ],
      [
        0.00855267570231861,
        0.023212377451787225,
        0.9996939718090566,
        0.38741888625486354
      ],
      [
        0.0,
        0.0,
        0.0,
        1.0
      ]
    ],
    "location": [
      10.590795298632486,
      7.810942993108256,
      0.38741888625486354
    ],
    "rotation": [
      0.023215311732782552,
      -0.008552779974644324,
      -3.1375208693199137
    ]
  },
  {
    "label_id": "nNNrZsPBicV3ZcsF6SQhrg",
    "size": [
      2.1938264129260303,
      5.313072584674932,
      1.6100000000000136
    ],
    "obj_class": "vehicle",
    "point_num_in_lidar": 118,
    "speed": 0.011565805824512883,
    "if_vehicle": true,
    "motion_state": false,
    "pose": [
      [
        0.02201036913468278,
        0.999721983060706,
        0.00845578120130735,
        51.37027231224124
      ],
      [
        -0.9994918306226082,
        0.021808668592071465,
        0.02324784921038693,
        26.981051742586715
      ],
      [
        0.02305697658459791,
        -0.00896317797494698,
        0.9996939718090566,
        0.4892462292742721
      ],
      [
        0.0,
        0.0,
        0.0,
        1.0
      ]
    ],
    "location": [
      51.37027231224124,
      26.981051742586715,
      0.4892462292742721
    ],
    "rotation": [
      -0.008965681561258236,
      -0.023059020014490783,
      -1.5487783257209586
    ]
  },
  {
    "label_id": "qQuCVzjlNHld6dvtPfmdtg",
    "size": [
      1.9970526794277303,
      4.483609686188972,
      1.5600000000000023
    ],
    "obj_class": "vehicle",
    "point_num_in_lidar": 29,
    "speed": 0.0,
    "if_vehicle": true,
    "motion_state": false,
    "pose": [
      [
        0.9999642492430796,
        -4.95280965302175e-16,
        0.00845578120130735,
        46.00887031526713
      ],
      [
        -0.00019658575441304626,
        0.9997297129030088,
        0.02324784921038693,
        -41.00268375915766
      ],
      [
        -0.008453495712753669,
        -0.0232486803683075,
        0.9996939718090566,
        0.8587523143339695
      ],
      [
        0.0,
        0.0,
        0.0,
        1.0
      ]
    ],
    "location": [
      46.00887031526713,
      -41.00268375915766,
      0.8587523143339695
    ],
    "rotation": [
      -0.023251606163861085,
      0.008453596399365338,
      -0.00019659278022114823
    ]
  },
  {
    "label_id": "qVb7P62syQExYN3zGU9GUQ",
    "size": [
      2.108929284628513,
      4.762608620569526,
      1.5900000000000318
    ],
    "obj_class": "vehicle",
    "point_num_in_lidar": 218,
    "speed": 11.202630372870116,
    "if_vehicle": true,
    "motion_state": true,
    "pose": [
      [
        0.9919848019918408,
        -0.12607399565923152,
        0.00845578120130735,
        9.161979893804272
      ],
      [
        0.12584940861588842,
        0.9917769224266727,
        0.02324784921038693,
        -12.310730446739399
      ],
      [
        -0.011317197896982708,
        -0.021997358032131976,
        0.9996939718090566,
        0.7822362969996561
      ],
      [
        0.0,
        0.0,
        0.0,
        1.0
      ]
    ],
    "location": [
      9.161979893804272,
      -12.310730446739399,
      0.7822362969996561
    ],
    "rotation": [
      -0.022000541621715997,
      0.011317439493412507,
      0.12619212556824494
    ]
  },
  {
    "label_id": "qaXzT3i1eKuXd7MG3Zkv0g",
    "size": [
      2.1239292286038136,
      4.712077594084063,
      1.5
    ],
    "obj_class": "vehicle",
    "point_num_in_lidar": 236,
    "speed": 2.8435583831733384e-13,
    "if_vehicle": true,
    "motion_state": false,
    "pose": [
      [
        0.9991923525406995,
        0.03928285107343943,
        0.00845578120130735,
        46.01306375426557
      ],
      [
        -0.039470071493021286,
        0.9989502745199218,
        0.02324784921038693,
        45.54339377800716
      ],
      [
        -0.007533663154016966,
        -0.02356282343258291,
        0.9996939718090566,
        0.034863174220504334
      ],
      [
        0.0,
        0.0,
        0.0,
        1.0
      ]
    ],
    "location": [
      46.01306375426557,
      45.54339377800716,
      0.034863174220504334
    ],
    "rotation": [
      -0.023565673231148002,
      0.00753373441936921,
      -0.03948144800432709
    ]
  },
  {
    "label_id": "sNxEFUZvJYSpMezg8nREBQ",
    "size": [
      1.9736366122024893,
      4.746781675608078,
      1.6200000000000045
    ],
    "obj_class": "vehicle",
    "point_num_in_lidar": 208,
    "speed": 8.881784197001252e-15,
    "if_vehicle": true,
    "motion_state": false,
    "pose": [
      [
        0.9993955702942943,
        -0.03371933926425754,
        0.00845578120130735,
        24.64484618763467
      ],
      [
        0.03351495661485863,
        0.9991677963136099,
        0.02324784921038693,
        -40.169947968259294
      ],
      [
        -0.009232646383709653,
        -0.02295040237962385,
        0.9996939718090566,
        1.2570275627268188
      ],
      [
        0.0,
        0.0,
        0.0,
        1.0
      ]
    ],
    "location": [
      24.64484618763467,
      -40.169947968259294,
      1.2570275627268188
    ],
    "rotation": [
      -0.022953396086965165,
      0.009232777556578056,
      0.0335226634117874
    ]
  },
  {
    "label_id": "slzRePUL32VlVCupH5t8lw",
    "size": [
      2.9216232952627488,
      10.613183625004126,
      3.6399999999999864
    ],
    "obj_class": "vehicle",
    "point_num_in_lidar": 533,
    "speed": 9.46711485548908,
    "if_vehicle": true,
    "motion_state": true,
    "pose": [
      [
        -0.9997101107766603,
        -0.022543162493164095,
        0.00845578120130735,
        -10.990850871184932
      ],
      [
        0.022734410905936718,
        -0.9994712022203797,
        0.02324784921038693,
        3.6284651521691558
      ],
      [
        0.007927229760616815,
        0.02343334711379623,
        0.9996939718090566,
        1.7586776294809852
      ],
      [
        0.0,
        0.0,
        0.0,
        1.0
      ]
    ],
    "location": [
      -10.990850871184932,
      3.6284651521691558,
      1.7586776294809852
    ],
    "rotation": [
      0.023436228794816355,
      -0.007927312788768221,
      3.1188555692905564
    ]
  },
  {
    "label_id": "sxF7chq_MPJ-F1tXt3y3Jg",
    "size": [
      2.0544105195876865,
      4.689719715929437,
      1.7300000000000182
    ],
    "obj_class": "vehicle",
    "point_num_in_lidar": 55,
    "speed": 8.526512829121202e-13,
    "if_vehicle": true,
    "motion_state": false,
    "pose": [
      [
        0.9999642492430796,
        1.725165083948138e-15,
        0.00845578120130735,
        24.691768304807198
      ],
      [
        -0.00019658575441526576,
        0.9997297129030088,
        0.02324784921038693,
        55.332014478603014
      ],
      [
        -0.008453495712753617,
        -0.023248680368307517,
        0.9996939718090566,
        0.4326965404009684
      ],
      [
        0.0,
        0.0,
        0.0,
        1.0
      ]
    ],
    "location": [
      24.691768304807198,
      55.332014478603014,
      0.4326965404009684
    ],
    "rotation": [
      -0.023251606163861103,
      0.008453596399365286,
      -0.0001965927802233678
    ]
  },
  {
    "label_id": "wxDxWDc0d93MCnaT-wm0MQ",
    "size": [
      2.0489062492018904,
      4.776309384975827,
      1.5900000000000318
    ],
    "obj_class": "vehicle",
    "point_num_in_lidar": 36,
    "speed": 12.787833924392901,
    "if_vehicle": true,
    "motion_state": true,
    "pose": [
      [
        0.9998283539725893,
        -0.016485216308509167,
        0.00845578120130735,
        -29.247936830929234
      ],
      [
        0.01628479074959571,
        0.9995970903805859,
        0.02324784921038693,
        -14.090581619218938
      ],
      [
        -0.008835620108662515,
        -0.02310615818193647,
        0.9996939718090566,
        0.8564871017456994
      ],
      [
        0.0,
        0.0,
        0.0,
        1.0
      ]
    ],
    "location": [
      -29.247936830929234,
      -14.090581619218938,
      0.8564871017456994
    ],
    "rotation": [
      -0.023109116939623375,
      0.00883573507616894,
      0.016286146391626528
    ]
  }
]