[
  {
    "label_id": "-IT4cJc75DEwKy8V7tfNNA",
    "size": [
      0.6929461771466274,
      0.09590117404070153,
      0.6100000000000136
    ],
    "obj_class": "sign",
    "point_num_in_lidar": 40,
    "speed": 0.05976629284476569,
    "if_vehicle": false,
    "motion_state": false,
    "pose": [
      [
        0.9984197695798571,
        0.05562884601748782,
        0.007962110453121885,
        60.0817268797548
      ],
      [
        -0.055860036119475195,
        0.9979071802077422,
        0.03257170635020316,
        14.899529110845833
      ],
      [
        -0.006133520753695167,
        -0.032964999326491246,
        0.9994376862729204,
        2.2885955524705537
      ],
      [
        0.0,
        0.0,
        0.0,
        1.0
      ]
    ],
    "location": [
      60.0817268797548,
      14.899529110845833,
      2.2885955524705537
    ],
    "rotation": [
      -0.03297159313794683,
      0.0061335592115998976,
      -0.055890179807022704
    ]
  },
  {
    "label_id": "-jGx5h2KM1RTCWtkALlTPg",
    "size": [
      1.9723911586510772,
      4.593513203435377,
      1.6999999999999886
    ],
    "obj_class": "vehicle",
    "point_num_in_lidar": 69,
    "speed": 11.027967221779445,
    "if_vehicle": true,
    "motion_state": true,
    "pose": [
      [
        -0.9997895966565231,
        -0.018904158656733675,
        0.007962110453121885,
        33.34513805004846
      ],
      [
        0.019154027820005595,
        -0.9992858485757249,
        0.03257170635020316,
        -0.8469364425254753
      ],
      [
        0.007340683596036773,
        0.03271735963940939,
        0.9994376862729204,
        0.6607731598155056
      ],
      [
        0.0,
        0.0,
        0.0,
        1.0
      ]
    ],
    "location": [
      33.34513805004846,
      -0.8469364425254753,
      0.6607731598155056
    ],
    "rotation": [
      0.03272408137515503,
      -0.00734074952386906,
      3.1224369382026693
    ]
  },
  {
    "label_id": "0EshU3VfkF6W_p631MMCcw",
    "size": [
      1.0000000000013387,
      1.0,
      1.6000000000000227
    ],
    "obj_class": "pedestrian",
    "point_num_in_lidar": 25,
    "speed": 0.25842277216815857,
    "if_vehicle": false,
    "motion_state": false,
    "pose": [
      [
        0.39129192385306977,
        0.9202321637089717,
        0.007962110453121885,
        93.75278817061064
      ],
      [
        -0.9198744976227309,
        0.3908580209855806,
        0.03257170635020316,
        -45.46269141513585
      ],
      [
        0.026861477075764882,
        -0.020069187994030433,
        0.9994376862729204,
        0.963242092028679
      ],
      [
        0.0,
        0.0,
        0.0,
        1.0
      ]
    ],
    "location": [
      93.75278817061064,
      -45.46269141513585,
      0.963242092028679
    ],
    "rotation": [
      -0.020077781187916675,
      -0.026864708392056336,
      -1.168607809022457
    ]
  },
  {
    "label_id": "1YQ_kpgKHcSW4kqTyRAkOQ",
    "size": [
      2.113992752620205,
      4.388851756526188,
      1.6100000000000136
    ],
    "obj_class": "vehicle",
    "point_num_in_lidar": 336,
    "speed": 11.155661103743531,
    "if_vehicle": true,
    "motion_state": true,
    "pose": [
      [
        -0.9996191749211598,
        -0.02642176994586028,
        0.007962110453121885,
        64.30638397473672
      ],
      [
        0.026667843995918598,
        -0.9991135621349784,
        0.03257170635020316,
        2.18218695489486
      ],
      [
        0.00709445040500157,
        0.03277163454700651,
        0.9994376862729204,
        0.4011521671686751
      ],
      [
        0.0,
        0.0,
        0.0,
        1.0
      ]
    ],
    "location": [
      64.30638397473672,
      2.18218695489486,
      0.4011521671686751
    ],
    "rotation": [
      0.032778328589990524,
      -0.0070945099184145976,
      3.1149209762926486
    ]
  },
  {
    "label_id": "3A8rG2bX-CGR5WhiqeSlFg",
    "size": [
      2.36698913544217,
      5.706603960836367,
      2.089999999999975
    ],
    "obj_class": "vehicle",
    "point_num_in_lidar": 38,
    "speed": 0.015918791450859643,
    "if_vehicle": true,
    "motion_state": false,
    "pose": [
      [
        -0.9991580994796452,
        -0.040245459885006996,
        0.007962110453121885,
        51.41953804999258
      ],
      [
        0.040484517020157616,
        -0.9986491314906756,
        0.03257170635020316,
        58.2664107053788
      ],
      [
        0.0066404913875396715,
        0.032866626409833864,
        0.9994376862729204,
        -0.054151586047510136
      ],
      [
        0.0,
        0.0,
        0.0,
        1.0
      ]
    ],
    "location": [
      51.41953804999258,
      58.2664107053788,
      -0.054151586047510136
    ],
    "rotation": [
      0.03287327152033731,
      -0.006640540191832122,
      3.101096176043623
    ]
  },
  {
    "label_id": "4o7tLL-nnbFrIN5AD4yvcQ",
    "size": [
      2.8911536323503126,
      6.603173532656209,
      1.7699999999999818
    ],
    "obj_class": "vehicle",
    "point_num_in_lidar": 5766,
    "speed": 11.229961416398869,
    "if_vehicle": true,
    "motion_state": true,
    "pose": [
      [
        -0.9998785243685641,
        -0.013399302357778647,
        0.007962110453121885,
        89.48771911333768
      ],
      [
        0.013651941233888224,
        -0.9993761596345906,
        0.03257170635020316,
        1.65305368783811
      ],
      [
        0.007520705225532229,
        0.032676447945611066,
        0.9994376862729204,
        0.41265817065982446
      ],
      [
        0.0,
        0.0,
        0.0,
        1.0
      ]
    ],
    "location": [
      89.48771911333768,
      1.65305368783811,
      0.41265817065982446
    ],
    "rotation": [
      0.032683190428418406,
      -0.007520776123780375,
      3.1279399021196372
    ]
  },
  {
    "label_id": "6EPqae0a4HybOn0iS8MPNQ",
    "size": [
      0.6395730954100142,
      0.12297052049865521,
      0.6899999999999977
    ],
    "obj_class": "sign",
    "point_num_in_lidar": 29,
    "speed": 0.03372099218830462,
    "if_vehicle": false,
    "motion_state": false,
    "pose": [
      [
        0.9999683018961811,
        9.351188356208952e-15,
        0.007962110453121885,
        60.64499165386559
      ],
      [
        -0.0002593477444480454,
        0.9994693675566968,
        0.03257170635020316,
        4.420914005184386
      ],
      [
        -0.007957885498997992,
        -0.032572738844260776,
        0.9994376862729204,
        0.442345409146526
      ],
      [
        0.0,
        0.0,
        0.0,
        1.0
      ]
    ],
    "location": [
      60.64499165386559,
      4.420914005184386,
      0.442345409146526
    ],
    "rotation": [
      -0.032579533430268946,
      0.007957969494143048,
      -0.0002593559597251297
    ]
  },
  {
    "label_id": "73tqbCl2lxFaMhBWaL_RWQ",
    "size": [
      0.9999999999988164,
      1.0,
      1.9700000000000273
    ],
    "obj_class": "pedestrian",
    "point_num_in_lidar": 109,
    "speed": 0.025317457301491257,
    "if_vehicle": false,
    "motion_state": false,
    "pose": [
      [
        -0.622285365023226,
        -0.7827499787767755,
        0.007962110453121885,
        69.30654930982928
      ],
      [
        0.782520818975018,
        -0.6217718647672177,
        0.03257170635020316,
        13.118563576657834
      ],
      [
        -0.02054488619042474,
        0.02649941336811199,
        0.9994376862729204,
        0.5541452938820157
      ],
      [
        0.0,
        0.0,
        0.0,
        1.0
      ]
    ],
    "location": [
      69.30654930982928,
      13.118563576657834,
      0.5541452938820157
    ],
    "rotation": [
      0.026508112083316288,
      0.020546331771561403,
      2.2426230016818933
    ]
  },
  {
    "label_id": "7w2rLpTBuuffn6LTIsWgWA",
    "size": [
      1.0289849287837183,
      2.0935588602978576,
      2.0500000000000114
    ],
    "obj_class": "vehicle",
    "point_num_in_lidar": 31,
    "speed": 8.881784197001252e-15,
    "if_vehicle": true,
    "motion_state": false,
    "pose": [
      [
        0.9993020724923937,
        -0.03649620130286067,
        0.007962110453121885,
        89.6753748930052
      ],
      [
        0.03621881656368586,
        0.9988129360757009,
        0.03257170635020316,
        -46.71379404827894
      ],
      [
        -0.00914140247077638,
        -0.03226059544241025,
        0.9994376862729204,
        1.2744046386908963
      ],
      [
        0.0,
        0.0,
        0.0,
        1.0
      ]
    ],
    "location": [
      89.6753748930052,
      -46.71379404827894,
      1.2744046386908963
    ],
    "rotation": [
      -0.032267542631200644,
      0.009141529792811548,
      0.036228254304096624
    ]
  },
  {
    "label_id": "BzwaeJjv_rcqSUP3iLb76Q",
    "size": [
      2.5000000000008122,
      5.0,
      1.910000000000025
    ],
    "obj_class": "vehicle",
    "point_num_in_lidar": 34,
    "speed": 5.695433295429594e-13,
    "if_vehicle": true,
    "motion_state": false,
    "pose": [
      [
        0.0493213698483642,
        -0.9987512239158525,
        0.007962110453121885,
        67.23476109629519
      ],
      [
        0.9982401050461169,
        0.049555793031224794,
        0.03257170635020316,
        -50.73619016942757
      ],
      [
        -0.03292560027999981,
        0.006341616799622494,
        0.9994376862729204,
        1.3899629640930584
      ],
      [
        0.0,
        0.0,
        0.0,
        1.0
      ]
    ],
    "location": [
      67.23476109629519,
      -50.73619016942757,
      1.3899629640930584
    ],
    "rotation": [
      0.006345099630907167,
      0.03293155226470681,
      1.5214281496115973
    ]
  },
  {
    "label_id": "CcL8XRpGYA_fLxa8Ive3FA",
    "size": [
      0.5560049240543571,
      0.8086104486489893,
      1.75
    ],
    "obj_class": "pedestrian",
    "point_num_in_lidar": 34,
    "speed": 0.3490599843717014,
    "if_vehicle": false,
    "motion_state": false,
    "pose": [
      [
        0.9997350068304444,
        -0.021599095232525845,
        0.007962110453121885,
        91.35996767796695
      ],
      [
        0.021329031122634474,
        0.9992417907477679,
        0.03257170635020316,
        -31.75896177647155
      ],
      [
        -0.00865959289465294,
        -0.032393250968843094,
        0.9994376862729204,
        0.8997859649273892
      ],
      [
        0.0,
        0.0,
        0.0,
        1.0
      ]
    ],
    "location": [
      91.35996767796695,
      -31.75896177647155,
      0.8997859649273892
    ],
    "rotation": [
      -0.03240013407543758,
      0.008659701126689748,
      0.021331448591351408
    ]
  },
  {
    "label_id": "CnYHYFZccxWIJ0i0V__4mg",
    "size": [
      2.090798089376207,
      4.8887504448718735,
      1.6399999999999864
    ],
    "obj_class": "vehicle",
    "point_num_in_lidar": 143,
    "speed": 2.8421709430404007e-13,
    "if_vehicle": true,
    "motion_state": false,
    "pose": [
      [
        -0.9737853342951723,
        0.22732955705048935,
        0.007962110453121885,
        77.5106641198098
      ],
      [
        -0.22696357389710817,
        -0.9733584232282001,
        0.03257170635020316,
        -45.97265362180406
      ],
      [
        0.015154498853189785,
        0.029910740912592704,
        0.9994376862729204,
        0.8326581706594993
      ],
      [
        0.0,
        0.0,
        0.0,
        1.0
      ]
    ],
    "location": [
      77.5106641198098,
      -45.97265362180406,
      0.8326581706594993
    ],
    "rotation": [
      0.029918639424444348,
      -0.015155078973905063,
      -2.9126071344362856
    ]
  },
  {
    "label_id": "CsEPiVQ6ojblTHuTloW2Zg",
    "size": [
      2.7817821489627423,
      5.839150534278615,
      2.089999999999975
    ],
    "obj_class": "vehicle",
    "point_num_in_lidar": 3709,
    "speed": 11.051889948324282,
    "if_vehicle": true,
    "motion_state": true,
    "pose": [
      [
        -0.9999662983146921,
        -0.0020017572141527783,
        0.007962110453121885,
        82.66271889255609
      ],
      [
        0.0022601056618778755,
        -0.99946684580722,
        0.03257170635020316,
        1.729965827833439
      ],
      [
        0.007892664772386641,
        0.032588603839721404,
        0.9994376862729204,
        0.6294297883475792
      ],
      [
        0.0,
        0.0,
        0.0,
        1.0
      ]
    ],
    "location": [
      82.66271889255609,
      1.729965827833439,
      0.6294297883475792
    ],
    "rotation": [
      0.032595390500624745,
      -0.00789274671916718,
      3.1393324756046206
    ]
  },
  {
    "label_id": "Dj8cdNUlibv1r9l6q-5sPg",
    "size": [
      2.183327160412386,
      4.754323627050555,
      1.8899999999999864
    ],
    "obj_class": "vehicle",
    "point_num_in_lidar": 130,
    "speed": 2.8421709430404007e-13,
    "if_vehicle": true,
    "motion_state": false,
    "pose": [
      [
        -0.9990306149717434,
        0.04329474732935188,
        0.007962110453121885,
        74.56333009327955
      ],
      [
        -0.04301404085870899,
        -0.9985433772422916,
        0.03257170635020316,
        -41.02799027625406
      ],
      [
        0.009360696458354372,
        0.032197649281370366,
        0.9994376862729204,
        0.995250856718144
      ],
      [
        0.0,
        0.0,
        0.0,
        1.0
      ]
    ],
    "location": [
      74.56333009327955,
      -41.02799027625406,
      0.995250856718144
    ],
    "rotation": [
      0.032204626480368384,
      -0.009360833165231307,
      -3.0985634511518843
    ]
  },
  {
    "label_id": "EdejuZc2PvFVXU-tGX6hpA",
    "size": [
      1.9756668497276775,
      4.805468001690314,
      2.1299999999999955
    ],
    "obj_class": "vehicle",
    "point_num_in_lidar": 621,
    "speed": 5.685035733124714e-13,
    "if_vehicle": true,
    "motion_state": false,
    "pose": [
      [
        0.9990734939311448,
        -0.04229371727984107,
        0.007962110453121885,
        91.94868537838215
      ],
      [
        0.04201349915238288,
        0.9985859751841144,
        0.03257170635020316,
        -32.98551718093586
      ],
      [
        -0.009328430371051846,
        -0.03220701234582331,
        0.9994376862729204,
        0.8906505535253473
      ],
      [
        0.0,
        0.0,
        0.0,
        1.0
      ]
    ],
    "location": [
      91.94868537838215,
      -32.98551718093586,
      0.8906505535253473
    ],
    "rotation": [
      -0.03221398509704674,
      0.00932856566908378,
      0.0420276986245761
    ]
  },
  {
    "label_id": "H3DwwpYuUX_SQkr7Z22XQg",
    "size": [
      2.222821323529516,
      4.832844050403539,
      2.0
    ],
    "obj_class": "vehicle",
    "point_num_in_lidar": 44,
    "speed": 8.766649976794401,
    "if_vehicle": true,
    "motion_state": true,
    "pose": [
      [
        0.9905781628144806,
        -0.13671689051547495,
        0.007962110453121885,
        32.83771831493624
      ],
      [
        0.13639176324587515,
        0.990119372027493,
        0.03257170635020316,
        -9.884475780503635
      ],
      [
        -0.012336542212841506,
        -0.03117885475225729,
        0.9994376862729204,
        0.8803781713044145
      ],
      [
        0.0,
        0.0,
        0.0,
        1.0
      ]
    ],
    "location": [
      32.83771831493624,
      -9.884475780503635,
      0.8803781713044145
    ],
    "rotation": [
      -0.03118628255087501,
      0.012336855151229882,
      0.13682869693477945
    ]
  },
  {
    "label_id": "IMKR4aMQEtTekwIF2oeIrw",
    "size": [
      2.083444582981471,
      4.910359915471906,
      1.5199999999999818
    ],
    "obj_class": "vehicle",
    "point_num_in_lidar": 5277,
    "speed": 0.05448411542398981,
    "if_vehicle": true,
    "motion_state": false,
    "pose": [
      [
        0.9997069495591516,
        0.02286087925404423,
        0.007962110453121885,
        90.11869751610249
      ],
      [
        -0.02310875277594207,
        0.9992022165160447,
        0.03257170635020316,
        -6.672587713685061
      ],
      [
        -0.0072111405669347765,
        -0.03274615563933399,
        0.9994376862729204,
        0.4107011017803188
      ],
      [
        0.0,
        0.0,
        0.0,
        1.0
      ]
    ],
    "location": [
      90.11869751610249,
      -6.672587713685061,
      0.4107011017803188
    ],
    "rotation": [
      -0.032752862706470244,
      0.0072112030656078015,
      -0.023111411022857967
    ]
  },
  {
    "label_id": "LbUGWTzSUC9dY1cvhbjrJA",
    "size": [
      0.7737949986985752,
      0.13591550750410678,
      0.8299999999999841
    ],
    "obj_class": "sign",
    "point_num_in_lidar": 28,
    "speed": 0.03304701414946695,
    "if_vehicle": false,
    "motion_state": false,
    "pose": [
      [
        0.9999683018961812,
        2.2675394692063293e-14,
        0.007962110453121885,
        41.905677402946736
      ],
      [
        -0.000259347744461363,
        0.9994693675566968,
        0.03257170635020316,
        15.196817709012976
      ],
      [
        -0.007957885498997558,
        -0.03257273884426089,
        0.9994376862729204,
        2.3106769907920466
      ],
      [
        0.0,
        0.0,
        0.0,
        1.0
      ]
    ],
    "location": [
      41.905677402946736,
      15.196817709012976,
      2.3106769907920466
    ],
    "rotation": [
      -0.03257953343026906,
      0.007957969494142614,
      -0.0002593559597384477
    ]
  },
  {
    "label_id": "MMWfi1EgQ-6UTECcGNIkdg",
    "size": [
      2.195173351859336,
      4.959542589896838,
      1.6000000000000227
    ],
    "obj_class": "vehicle",
    "point_num_in_lidar": 20,
    "speed": 5.685035733124714e-13,
    "if_vehicle": true,
    "motion_state": false,
    "pose": [
      [
        -0.9998580056232593,
        0.014851713308928309,
        0.007962110453121885,
        99.08853892537684
      ],
      [
        -0.014584983905824625,
        -0.9993629781965625,
        0.03257170635020316,
        -41.04927404743103
      ],
      [
        0.008440784059857686,
        0.0324509540982454,
        0.9994376862729204,
        0.6826581706594652
      ],
      [
        0.0,
        0.0,
        0.0,
        1.0
      ]
    ],
    "location": [
      99.08853892537684,
      -41.04927404743103,
      0.6826581706594652
    ],
    "rotation": [
      0.032457808974665735,
      -0.008440884292930263,
      -3.1270066328938855
    ]
  },
  {
    "label_id": "Oo2USO6YnuEzZLMIL5TMzQ",
    "size": [
      2.229589303275773,
      4.839846654173083,
      1.420000000000016
    ],
    "obj_class": "vehicle",
    "point_num_in_lidar": 388,
    "speed": 4.440892098500626e-14,
    "if_vehicle": true,
    "motion_state": false,
    "pose": [
      [
        -0.9998607348095616,
        0.014666825942098134,
        0.007962110453121885,
        98.68133455528226
      ],
      [
        -0.014400188080744091,
        -0.9993656580694953,
        0.03257170635020316,
        -33.38335056083997
      ],
      [
        0.008434783300281723,
        0.03245251435727078,
        0.9994376862729204,
        0.5689590274062084
      ],
      [
        0.0,
        0.0,
        0.0,
        1.0
      ]
    ],
    "location": [
      98.68133455528226,
      -33.38335056083997,
      0.5689590274062084
    ],
    "rotation": [
      0.032459368467366,
      -0.008434883319727264,
      -3.1271914554438522
    ]
  },
  {
    "label_id": "R8nuVKEeg-Wlk6S0XJIx_w",
    "size": [
      1.9735952159834496,
      4.385877720304702,
      1.5300000000000296
    ],
    "obj_class": "vehicle",
    "point_num_in_lidar": 24,
    "speed": 2.9093775129778977e-13,
    "if_vehicle": true,
    "motion_state": false,
    "pose": [
      [
        -0.006829994428669178,
        0.9999449764728241,
        0.007962110453121885,
        114.86745008929233
      ],
      [
        -0.9994442823717636,
        -0.007085928296739584,
        0.03257170635020316,
        -49.17703410791728
      ],
      [
        0.03262633308379517,
        -0.007735221195080986,
        0.9994376862729204,
        0.5903679023381301
      ],
      [
        0.0,
        0.0,
        0.0,
        1.0
      ]
    ],
    "location": [
      114.86745008929233,
      -49.17703410791728,
      0.5903679023381301
    ],
    "rotation": [
      -0.007739418732877954,
      -0.03263212419176479,
      -1.5776300125042866
    ]
  },
  {
    "label_id": "Sv6Kp_7Yn7_dppLzJAxahA",
    "size": [
      2.2878795860039705,
      4.83846683002856,
      2.0
    ],
    "obj_class": "vehicle",
    "point_num_in_lidar": 146,
    "speed": 10.593624052720246,
    "if_vehicle": true,
    "motion_state": true,
    "pose": [
      [
        -0.99986347255637,
        -0.014478986312911807,
        0.007962110453121885,
        46.77838223988863
      ],
      [
        0.014731082576767054,
        -0.9993608353100258,
        0.03257170635020316,
        2.719622257265655
      ],
      [
        0.007485416062829802,
        0.032684549924970774,
        0.9994376862729204,
        0.6605149624891737
      ],
      [
        0.0,
        0.0,
        0.0,
        1.0
      ]
    ],
    "location": [
      46.77838223988863,
      2.719622257265655,
      0.6605149624891737
    ],
    "rotation": [
      0.03269128830780407,
      -0.007485485967716251,
      3.12686062541095
    ]
  },
  {
    "label_id": "SvD0AwZbUZS6wEKPI_DiwQ",
    "size": [
      2.5118529045355595,
      6.021860427745784,
      2.0
    ],
    "obj_class": "vehicle",
    "point_num_in_lidar": 55,
    "speed": 2.847716647714797e-13,
    "if_vehicle": true,
    "motion_state": false,
    "pose": [
      [
        0.9964304942908906,
        -0.0840409117296078,
        0.007962110453121885,
        46.559126160857204
      ],
      [
        0.08374054931072092,
        0.9959551216528659,
        0.03257170635020316,
        -35.82613785023386
      ],
      [
        -0.010667260583212693,
        -0.03178868995541362,
        0.9994376862729204,
        0.9047360248998757
      ],
      [
        0.0,
        0.0,
        0.0,
        1.0
      ]
    ],
    "location": [
      46.559126160857204,
      -35.82613785023386,
      0.9047360248998757
    ],
    "rotation": [
      -0.03179585594056874,
      0.010667462898966655,
      0.08384351257312772
    ]
  },
  {
    "label_id": "Ur7CjvsdRoHiW7R9ugWg7Q",
    "size": [
      3.4923126404545024,
      10.8614142068209,
      3.359999999999957
    ],
    "obj_class": "vehicle",
    "point_num_in_lidar": 1518,
    "speed": 0.048347507334643575,
    "if_vehicle": true,
    "motion_state": false,
    "pose": [
      [
        0.9984146358331012,
        -0.05572090946303853,
        0.007962110453121885,
        67.77326509957601
      ],
      [
        0.055434162714734024,
        0.9979309282458142,
        0.03257170635020316,
        28.248646115564043
      ],
      [
        -0.009760561375875972,
        -0.032078695407689754,
        0.9994376862729204,
        1.259871029332487
      ],
      [
        0.0,
        0.0,
        0.0,
        1.0
      ]
    ],
    "location": [
      67.77326509957601,
      28.248646115564043,
      1.259871029332487
    ],
    "rotation": [
      -0.03208572862311716,
      0.009760716361622299,
      0.05546523790373055
    ]
  },
  {
    "label_id": "VUjZyEqPXEFZ0eQiYlhg0w",
    "size": [
      2.1829943438460755,
      5.029293833566353,
      1.5600000000000023
    ],
    "obj_class": "vehicle",
    "point_num_in_lidar": 4816,
    "speed": 0.04236686817367224,
    "if_vehicle": true,
    "motion_state": false,
    "pose": [
      [
        0.9999683018961812,
        2.715201439536997e-17,
        0.007962110453121885,
        96.75515046561418
      ],
      [
        -0.0002593477444387255,
        0.9994693675566968,
        0.03257170635020316,
        -6.680450465397371
      ],
      [
        -0.007957885498998295,
        -0.03257273884426071,
        0.9994376862729204,
        0.37591189109258494
      ],
      [
        0.0,
        0.0,
        0.0,
        1.0
      ]
    ],
    "location": [
      96.75515046561418,
      -6.680450465397371,
      0.37591189109258494
    ],
    "rotation": [
      -0.03257953343026888,
      0.007957969494143352,
      -0.00025935595971580944
    ]
  },
  {
    "label_id": "W-H_9qMoWYzKHr_v15Tfcw",
    "size": [
      2.2964108165069774,
      4.88926908299579,
      1.5300000000000296
    ],
    "obj_class": "vehicle",
    "point_num_in_lidar": 425,
    "speed": 0.015189537501829482,
    "if_vehicle": true,
    "motion_state": false,
    "pose": [
      [
        0.9999683018961811,
        1.3594196439455578e-15,
        0.007962110453121885,
        69.18345036019969
      ],
      [
        -0.00025934774444005696,
        0.9994693675566968,
        0.03257170635020316,
        -6.423244989233353
      ],
      [
        -0.007957885498998252,
        -0.032572738844260714,
        0.9994376862729204,
        0.5348883210330087
      ],
      [
        0.0,
        0.0,
        0.0,
        1.0
      ]
    ],
    "location": [
      69.18345036019969,
      -6.423244989233353,
      0.5348883210330087
    ],
    "rotation": [
      -0.032579533430268884,
      0.007957969494143308,
      -0.000259355959717141
    ]
  },
  {
    "label_id": "XeKqDUCwf7e6iNPvqmuHhg",
    "size": [
      2.317212140509274,
      5.562277938287438,
      1.8799999999999955
    ],
    "obj_class": "vehicle",
    "point_num_in_lidar": 329,
    "speed": 1.4224448445550967e-12,
    "if_vehicle": true,
    "motion_state": false,
    "pose": [
      [
        0.012109230767973853,
        0.9998949801490855,
        0.007962110453121885,
        77.76222411883197
      ],
      [
        -0.9993992229947359,
        0.01184386013739593,
        0.03257170635020316,
        26.534995088391952
      ],
      [
        0.03247398355185296,
        -0.008351745308949568,
        0.9994376862729204,
        -0.01869057775206784
      ],
      [
        0.0,
        0.0,
        0.0,
        1.0
      ]
    ],
    "location": [
      77.76222411883197,
      26.534995088391952,
      -0.01869057775206784
    ],
    "rotation": [
      -0.008356249749796846,
      -0.03247969388734429,
      -1.5586804095949285
    ]
  },
  {
    "label_id": "Z67WmbNwGB3yYF5YWXBMcA",
    "size": [
      1.984629966713198,
      5.00387483608972,
      1.910000000000025
    ],
    "obj_class": "vehicle",
    "point_num_in_lidar": 313,
    "speed": 8.526975409500173e-13,
    "if_vehicle": true,
    "motion_state": false,
    "pose": [
      [
        -0.9984411300192013,
        0.055244137092658796,
        0.007962110453121885,
        74.25944343685984
      ],
      [
        -0.05495762135857729,
        -0.9979572855588777,
        0.03257170635020316,
        -38.14790694630028
      ],
      [
        0.009745241946069932,
        0.0320833526434526,
        0.9994376862729204,
        0.9665478530805558
      ],
      [
        0.0,
        0.0,
        0.0,
        1.0
      ]
    ],
    "location": [
      74.25944343685984,
      -38.14790694630028,
      0.9665478530805558
    ],
    "rotation": [
      0.032090383682837745,
      -0.009745396203179012,
      -3.0866047156521406
    ]
  },
  {
    "label_id": "bv6utmH2mDG5LayJdwK50g",
    "size": [
      2.1660262936511425,
      4.81404639732027,
      1.6100000000000136
    ],
    "obj_class": "vehicle",
    "point_num_in_lidar": 25,
    "speed": 8.881784197001252e-15,
    "if_vehicle": true,
    "motion_state": false,
    "pose": [
      [
        -0.9998953014439995,
        0.012082671366286843,
        0.007962110453121885,
        98.83145989172351
      ],
      [
        -0.011817313904196762,
        -0.9993995372410005,
        0.03257170635020316,
        -35.82597880838148
      ],
      [
        0.008350882725980448,
        0.0324742053810174,
        0.9994376862729204,
        0.6405864848701412
      ],
      [
        0.0,
        0.0,
        0.0,
        1.0
      ]
    ],
    "location": [
      98.83145989172351,
      -35.82597880838148,
      0.6405864848701412
    ],
    "rotation": [
      0.032481048821148516,
      -0.008350979790281878,
      -3.129774652518709
    ]
  },
  {
    "label_id": "dM2tqKBMT_wzaESv06rCuQ",
    "size": [
      0.5497223721213228,
      0.07779209689879754,
      0.6999999999999886
    ],
    "obj_class": "sign",
    "point_num_in_lidar": 32,
    "speed": 0.04048291471606058,
    "if_vehicle": false,
    "motion_state": false,
    "pose": [
      [
        0.9999683018961812,
        1.1129177577523422e-14,
        0.007962110453121885,
        74.5916546793872
      ],
      [
        -0.00025934774444982237,
        0.9994693675566969,
        0.03257170635020316,
        14.068487770447973
      ],
      [
        -0.007957885498997935,
        -0.0325727388442608,
        0.9994376862729204,
        2.3024934533711416
      ],
      [
        0.0,
        0.0,
        0.0,
        1.0
      ]
    ],
    "location": [
      74.5916546793872,
      14.068487770447973,
      2.3024934533711416
    ],
    "rotation": [
      -0.03257953343026897,
      0.007957969494142991,
      -0.0002593559597269067
    ]
  },
  {
    "label_id": "efswYipYN6Gj-H0yoVmYIA",
    "size": [
      2.0777634728031487,
      5.055615872536725,
      2.180000000000007
    ],
    "obj_class": "vehicle",
    "point_num_in_lidar": 255,
    "speed": 15.922216461727645,
    "if_vehicle": true,
    "motion_state": true,
    "pose": [
      [
        0.9999681515662855,
        0.0005483158200656662,
        0.007962110453121885,
        48.87209535864724
      ],
      [
        -0.0008073899432518577,
        0.9994690750928292,
        0.03257170635020316,
        -20.081575302752753
      ],
      [
        -0.007940023588490329,
        -0.03257709752027941,
        0.9994376862729204,
        0.6857223769518441
      ],
      [
        0.0,
        0.0,
        0.0,
        1.0
      ]
    ],
    "location": [
      48.87209535864724,
      -20.081575302752753,
      0.6857223769518441
    ],
    "rotation": [
      -0.03258388993061389,
      0.007940107019298152,
      -0.0008074154827191785
    ]
  },
  {
    "label_id": "f2hTpLkH2Z9Bk9sAi0pFQA",
    "size": [
      0.8511380701016045,
      0.7466152022602033,
      1.6800000000000068
    ],
    "obj_class": "pedestrian",
    "point_num_in_lidar": 69,
    "speed": 0.08533319192756895,
    "if_vehicle": false,
    "motion_state": false,
    "pose": [
      [
        -0.4717222797708274,
        0.8817112313932183,
        0.007962110453121885,
        69.63097449710108
      ],
      [
        -0.8811489574500894,
        -0.4717155909338345,
        0.03257170635020316,
        15.723081965474194
      ],
      [
        0.03247469095209079,
        0.008348994250672963,
        0.9994376862729204,
        0.4244946735666417
      ],
      [
        0.0,
        0.0,
        0.0,
        1.0
      ]
    ],
    "location": [
      69.63097449710108,
      15.723081965474194,
      0.4244946735666417
    ],
    "rotation": [
      0.008353497335830249,
      -0.032480401660883396,
      -2.062321688795133
    ]
  },
  {
    "label_id": "fkrkuGRK25Xb0AGKMZRdlQ",
    "size": [
      2.084448294863251,
      4.759121630873889,
      1.5299999999999727
    ],
    "obj_class": "vehicle",
    "point_num_in_lidar": 121,
    "speed": 0.06562410590903284,
    "if_vehicle": true,
    "motion_state": false,
    "pose": [
      [
        0.9999683018961811,
        1.8035088537956206e-15,
        0.007962110453121885,
        60.07767311962988
      ],
      [
        -0.0002593477444405007,
        0.9994693675566968,
        0.03257170635020316,
        -6.662163845641771
      ],
      [
        -0.007957885498998236,
        -0.03257273884426072,
        0.9994376862729204,
        0.5446552690468138
      ],
      [
        0.0,
        0.0,
        0.0,
        1.0
      ]
    ],
    "location": [
      60.07767311962988,
      -6.662163845641771,
      0.5446552690468138
    ],
    "rotation": [
      -0.03257953343026889,
      0.007957969494143293,
      -0.00025935595971758477
    ]
  },
  {
    "label_id": "iPSgV7kGE1SGsuGMHfK0jA",
    "size": [
      0.6929461771466274,
      0.09590117404070153,
      0.37000000000000455
    ],
    "obj_class": "sign",
    "point_num_in_lidar": 21,
    "speed": 0.04196002862510989,
    "if_vehicle": false,
    "motion_state": false,
    "pose": [
      [
        0.9984197695798571,
        0.05562884601748782,
        0.007962110453121885,
        60.08182122157558
      ],
      [
        -0.055860036119475195,
        0.9979071802077422,
        0.03257170635020316,
        14.869670523343302
      ],
      [
        -0.006133520753695167,
        -0.032964999326491246,
        0.9994376862729204,
        1.7876581706620982
      ],
      [
        0.0,
        0.0,
        0.0,
        1.0
      ]
    ],
    "location": [
      60.08182122157558,
      14.869670523343302,
      1.7876581706620982
    ],
    "rotation": [
      -0.03297159313794683,
      0.0061335592115998976,
      -0.055890179807022704
    ]
  },
  {
    "label_id": "javxMm1GpVekTaCgtDUMew",
    "size": [
      0.5441998650931043,
      0.08514420865730105,
      0.6800000000000068
    ],
    "obj_class": "sign",
    "point_num_in_lidar": 27,
    "speed": 0.03285517766238147,
    "if_vehicle": false,
    "motion_state": false,
    "pose": [
      [
        0.9999683018961812,
        -4.1693719545469266e-16,
        0.007962110453121885,
        60.175550971019845
      ],
      [
        -0.00025934774443828174,
        0.9994693675566968,
        0.03257170635020316,
        14.068208890894311
      ],
      [
        -0.00795788549899831,
        -0.0325727388442607,
        0.9994376862729204,
        1.0580029460941773
      ],
      [
        0.0,
        0.0,
        0.0,
        1.0
      ]
    ],
    "location": [
      60.175550971019845,
      14.068208890894311,
      1.0580029460941773
    ],
    "rotation": [
      -0.03257953343026887,
      0.007957969494143366,
      -0.0002593559597153657
    ]
  },
  {
    "label_id": "m0p_qfENj6RIon_eLe6kYQ",
    "size": [
      1.9882259384585057,
      4.626955878718765,
      1.4300000000000068
    ],
    "obj_class": "vehicle",
    "point_num_in_lidar": 625,
    "speed": 13.144319837282497,
    "if_vehicle": true,
    "motion_state": true,
    "pose": [
      [
        0.9998738453072173,
        -0.013744026618529357,
        0.007962110453121885,
        79.28881194317165
      ],
      [
        0.0134778457877553,
        0.9993785226921567,
        0.03257170635020316,
        -19.729861429936136
      ],
      [
        -0.008404828581240843,
        -0.0324602851797629,
        0.9994376862729204,
        0.17356756464545242
      ],
      [
        0.0,
        0.0,
        0.0,
        1.0
      ]
    ],
    "location": [
      79.28881194317165,
      -19.729861429936136,
      0.17356756464545242
    ],
    "rotation": [
      -0.03246713547084699,
      0.00840492753883688,
      0.013478729981811566
    ]
  },
  {
    "label_id": "n6g_U3nt6-5jLn4VDhDt1Q",
    "size": [
      2.244946695886409,
      5.2661979118912425,
      1.5300000000000296
    ],
    "obj_class": "vehicle",
    "point_num_in_lidar": 83,
    "speed": 3.3797387229595247e-28,
    "if_vehicle": true,
    "motion_state": false,
    "pose": [
      [
        -0.9989478700660954,
        -0.045163676638904596,
        0.007962110453121885,
        69.49060121369581
      ],
      [
        0.04540022530478973,
        -0.9984377314022694,
        0.03257170635020316,
        47.209363421261514
      ],
      [
        0.0064786134848113805,
        0.03289891829142712,
        0.9994376862729204,
        -0.2927750229706021
      ],
      [
        0.0,
        0.0,
        0.0,
        1.0
      ]
    ],
    "location": [
      69.49060121369581,
      47.209363421261514,
      -0.2927750229706021
    ],
    "rotation": [
      0.03290554663270409,
      -0.006478658806195462,
      3.096175863665832
    ]
  },
  {
    "label_id": "nNNrZsPBicV3ZcsF6SQhrg",
    "size": [
      2.193826412926034,
      5.313072584674932,
      1.6100000000000136
    ],
    "obj_class": "vehicle",
    "point_num_in_lidar": 132,
    "speed": 0.011565805823172147,
    "if_vehicle": true,
    "motion_state": false,
    "pose": [
      [
        0.022010458338262092,
        0.9997260347319519,
        0.007962110453121885,
        51.386732856208766
      ],
      [
        -0.9992329298153808,
        0.02174019130565251,
        0.03257170635020316,
        26.937814979144605
      ],
      [
        0.03238968502949454,
        -0.008672921141213905,
        0.9994376862729204,
        0.3769633677361526
      ],
      [
        0.0,
        0.0,
        0.0,
        1.0
      ]
    ],
    "location": [
      51.386732856208766,
      26.937814979144605,
      0.3769633677361526
    ],
    "rotation": [
      -0.00867758297253368,
      -0.03239535099635752,
      -1.5487725334822375
    ]
  },
  {
    "label_id": "pZojx94TxaR2wEPZLIIxLA",
    "size": [
      0.6845569119124428,
      0.09590117404086086,
      0.37073664084454094
    ],
    "obj_class": "sign",
    "point_num_in_lidar": 20,
    "speed": 0.022998176759714672,
    "if_vehicle": false,
    "motion_state": false,
    "pose": [
      [
        0.9984197695798649,
        0.05562884601734593,
        0.007962110453121885,
        60.0695688458855
      ],
      [
        -0.055860036119333385,
        0.99790718020775,
        0.03257170635020316,
        14.831416486249509
      ],
      [
        -0.006133520753699852,
        -0.03296499932649037,
        0.9994376862729204,
        2.8246240063937194
      ],
      [
        0.0,
        0.0,
        0.0,
        1.0
      ]
    ],
    "location": [
      60.0695688458855,
      14.831416486249509,
      2.8246240063937194
    ],
    "rotation": [
      -0.032971593137945954,
      0.006133559211604582,
      -0.05589017980688068
    ]
  },
  {
    "label_id": "qNByNU2wKM_P8PSNExYl8Q",
    "size": [
      2.213594446318894,
      4.8252520117720366,
      1.5400000000000205
    ],
    "obj_class": "vehicle",
    "point_num_in_lidar": 1583,
    "speed": 0.03415563985635648,
    "if_vehicle": true,
    "motion_state": false,
    "pose": [
      [
        0.9999683018961812,
        -4.1693719545469266e-16,
        0.007962110453121885,
        80.835975850377
      ],
      [
        -0.00025934774443828174,
        0.9994693675566968,
        0.03257170635020316,
        -6.7846066998718015
      ],
      [
        -0.00795788549899831,
        -0.0325727388442607,
        0.9994376862729204,
        0.4170546843014904
      ],
      [
        0.0,
        0.0,
        0.0,
        1.0
      ]
    ],
    "location": [
      80.835975850377,
      -6.7846066998718015,
      0.4170546843014904
    ],
    "rotation": [
      -0.03257953343026887,
      0.007957969494143366,
      -0.0002593559597153657
    ]
  },
  {
    "label_id": "ra7t9L9zfrnQymzKE1K3nw",
    "size": [
      2.4162175365089245,
      5.165251407556188,
      2.0500000000000114
    ],
    "obj_class": "vehicle",
    "point_num_in_lidar": 136,
    "speed": 2.5579538487363607e-12,
    "if_vehicle": true,
    "motion_state": false,
    "pose": [
      [
        0.997922083140186,
        -0.06393841394876684,
        0.007962110453121885,
        74.73326513536011
      ],
      [
        0.0636476948218026,
        0.9974407525709518,
        0.03257170635020316,
        -43.655569427017326
      ],
      [
        -0.010024316686051903,
        -0.03199725507616737,
        0.9994376862729204,
        1.112019186726286
      ],
      [
        0.0,
        0.0,
        0.0,
        1.0
