[
  {
    "label_id": "-CKZFiwpXBMmQvTH0OIoPA",
    "size": [
      2.203080858513335,
      4.563030098574334,
      1.8600000000000136
    ],
    "obj_class": "vehicle",
    "point_num_in_lidar": 125,
    "speed": 3.552713678800501e-14,
    "if_vehicle": true,
    "motion_state": false,
    "pose": [
      [
        -0.0039706631388549745,
        0.9999726671625536,
        0.006236887208083829,
        117.72616466665545
      ],
      [
        -0.9995353831392902,
        -0.004157254437310077,
        0.030194951368330936,
        -49.61225729867692
      ],
      [
        0.03022005438165429,
        -0.006114095464750857,
        0.999524570058094,
        0.812658170659347
      ],
      [
        0.0,
        0.0,
        0.0,
        1.0
      ]
    ],
    "location": [
      117.72616466665545,
      -49.61225729867692,
      0.812658170659347
    ],
    "rotation": [
      -0.006116927378358586,
      -0.03022465602561853,
      -1.574768814732042
    ]
  },
  {
    "label_id": "-IT4cJc75DEwKy8V7tfNNA",
    "size": [
      0.6929461771466267,
      0.09590117404070153,
      0.6100000000000136
    ],
    "obj_class": "sign",
    "point_num_in_lidar": 41,
    "speed": 0.05976629234551665,
    "if_vehicle": false,
    "motion_state": false,
    "pose": [
      [
        0.9984319991456566,
        0.05562952741091141,
        0.006236887208083829,
        60.07561708937408
      ],
      [
        -0.05579327697341862,
        0.9979856587929667,
        0.030194951368330936,
        14.889255180472901
      ],
      [
        -0.004544593114361263,
        -0.030495582034241124,
        0.999524570058094,
        2.288461663128487
      ],
      [
        0.0,
        0.0,
        0.0,
        1.0
      ]
    ],
    "location": [
      60.07561708937408,
      14.889255180472901,
      2.288461663128487
    ],
    "rotation": [
      -0.030500625798675976,
      0.004544608758000945,
      -0.05582284104972966
    ]
  },
  {
    "label_id": "-jGx5h2KM1RTCWtkALlTPg",
    "size": [
      1.9723911586538572,
      4.593513203435377,
      1.6999999999999886
    ],
    "obj_class": "vehicle",
    "point_num_in_lidar": 64,
    "speed": 11.152215772111347,
    "if_vehicle": true,
    "motion_state": true,
    "pose": [
      [
        -0.9998277850118511,
        -0.01747860281170497,
        0.006236887208083829,
        35.535458169233834
      ],
      [
        0.01765926995830535,
        -0.9993880202886185,
        0.030194951368330936,
        -0.8907634960360156
      ],
      [
        0.005705304797764502,
        0.030299890220045932,
        0.999524570058094,
        0.6607731598154487
      ],
      [
        0.0,
        0.0,
        0.0,
        1.0
      ]
    ],
    "location": [
      35.535458169233834,
      -0.8907634960360156,
      0.6607731598154487
    ],
    "rotation": [
      0.030305021817537456,
      -0.005705335749974549,
      3.1239321782017466
    ]
  },
  {
    "label_id": "0EshU3VfkF6W_p631MMCcw",
    "size": [
      0.999999999999744,
      1.0,
      1.6000000000000227
    ],
    "obj_class": "pedestrian",
    "point_num_in_lidar": 32,
    "speed": 0.4338391151924792,
    "if_vehicle": false,
    "motion_state": false,
    "pose": [
      [
        0.20864824927822181,
        0.9779708632219503,
        0.006236887208083829,
        93.64654852360542
      ],
      [
        -0.977583226529736,
        0.20837298318058217,
        0.030194951368330936,
        -45.443832097776976
      ],
      [
        0.02823018386132217,
        -0.012397200060423922,
        0.999524570058094,
        0.9632420920287359
      ],
      [
        0.0,
        0.0,
        0.0,
        1.0
      ]
    ],
    "location": [
      93.64654852360542,
      -45.443832097776976,
      0.9632420920287359
    ],
    "rotation": [
      -0.012402460905118672,
      -0.028233934849231552,
      -1.3605186795311632
    ]
  },
  {
    "label_id": "1YQ_kpgKHcSW4kqTyRAkOQ",
    "size": [
      2.1139927526223086,
      4.388851756526188,
      1.6100000000000136
    ],
    "obj_class": "vehicle",
    "point_num_in_lidar": 304,
    "speed": 11.280091197585314,
    "if_vehicle": true,
    "motion_state": true,
    "pose": [
      [
        -0.9996225701697576,
        -0.02675478359399607,
        0.006236887208083829,
        66.55622270033933
      ],
      [
        0.026931362592857763,
        -0.9991811480511211,
        0.030194951368330936,
        2.12589440557349
      ],
      [
        0.005423920731347622,
        0.03035152276381347,
        0.999524570058094,
        0.3678115737955636
      ],
      [
        0.0,
        0.0,
        0.0,
        1.0
      ]
    ],
    "location": [
      66.55622270033933,
      2.12589440557349,
      0.3678115737955636
    ],
    "rotation": [
      0.030356631412778997,
      -0.005423947326011185,
      3.1146576380904722
    ]
  },
  {
    "label_id": "3A8rG2bX-CGR5WhiqeSlFg",
    "size": [
      2.3669891354421644,
      5.706603960836367,
      2.089999999999975
    ],
    "obj_class": "vehicle",
    "point_num_in_lidar": 102,
    "speed": 0.015918791318928392,
    "if_vehicle": true,
    "motion_state": false,
    "pose": [
      [
        -0.9991703380891919,
        -0.040245952848501285,
        0.006236887208083829,
        51.41962929671786
      ],
      [
        0.04041655713344297,
        -0.9987265726020027,
        0.030194951368330936,
        58.263228223791884
      ],
      [
        0.005013720396002199,
        0.030421973275462283,
        0.999524570058094,
        -0.055689996448109014
      ],
      [
        0.0,
        0.0,
        0.0,
        1.0
      ]
    ],
    "location": [
      51.41962929671786,
      58.263228223791884,
      -0.055689996448109014
    ],
    "rotation": [
      0.030427050351102165,
      -0.0050137414015491485,
      3.1011645765569305
    ]
  },
  {
    "label_id": "4o7tLL-nnbFrIN5AD4yvcQ",
    "size": [
      2.891153632351396,
      6.603173532656209,
      1.7699999999999818
    ],
    "obj_class": "vehicle",
    "point_num_in_lidar": 6308,
    "speed": 11.262508397175125,
    "if_vehicle": true,
    "motion_state": true,
    "pose": [
      [
        -0.9998891189672782,
        -0.013522241263705699,
        0.006236887208083829,
        91.75480443744283
      ],
      [
        0.013704647103677785,
        -0.9994500725697247,
        0.030194951368330936,
        1.6230901621056546
      ],
      [
        0.005825153955380138,
        0.030277077659152458,
        0.999524570058094,
        0.4126581706597676
      ],
      [
        0.0,
        0.0,
        0.0,
        1.0
      ]
    ],
    "location": [
      91.75480443744283,
      1.6230901621056546,
      0.4126581706597676
    ],
    "rotation": [
      0.030282219344428988,
      -0.005825186899476924,
      3.127887344911097
    ]
  },
  {
    "label_id": "6EPqae0a4HybOn0iS8MPNQ",
    "size": [
      0.6395730954100138,
      0.12297052049865521,
      0.6899999999999977
    ],
    "obj_class": "sign",
    "point_num_in_lidar": 27,
    "speed": 0.03827235021763791,
    "if_vehicle": false,
    "motion_state": false,
    "pose": [
      [
        0.999980550429834,
        5.644160674333467e-15,
        0.006236887208083829,
        60.63797238194661
      ],
      [
        -0.00018832616880652925,
        0.9995440107594655,
        0.030194951368330936,
        4.417390192344101
      ],
      [
        -0.006234043254622344,
        -0.03019553865857881,
        0.999524570058094,
        0.4350119910175181
      ],
      [
        0.0,
        0.0,
        0.0,
        1.0
      ]
    ],
    "location": [
      60.63797238194661,
      4.417390192344101,
      0.4350119910175181
    ],
    "rotation": [
      -0.03020071614330531,
      0.006234083634572518,
      -0.00018832982951423737
    ]
  },
  {
    "label_id": "73tqbCl2lxFaMhBWaL_RWQ",
    "size": [
      0.999999999998818,
      1.0,
      1.9700000000000273
    ],
    "obj_class": "pedestrian",
    "point_num_in_lidar": 95,
    "speed": 0.025317457087513373,
    "if_vehicle": false,
    "motion_state": false,
    "pose": [
      [
        -0.622292987348075,
        -0.7827595666201481,
        0.006236887208083829,
        69.30541256132642
      ],
      [
        0.7825350507043989,
        -0.6218739095113479,
        0.030194951368330936,
        13.113629283408955
      ],
      [
        -0.019756829615918764,
        0.023670689337443998,
        0.999524570058094,
        0.5530642198714872
      ],
      [
        0.0,
        0.0,
        0.0,
        1.0
      ]
    ],
    "location": [
      69.30541256132642,
      13.113629283408955,
      0.5530642198714872
    ],
    "rotation": [
      0.02367752271464084,
      0.019758115129909867,
      2.2426201089377953
    ]
  },
  {
    "label_id": "7w2rLpTBuuffn6LTIsWgWA",
    "size": [
      1.0289849287837178,
      2.0935588602978576,
      2.0500000000000114
    ],
    "obj_class": "vehicle",
    "point_num_in_lidar": 20,
    "speed": 8.881784197001252e-15,
    "if_vehicle": true,
    "motion_state": false,
    "pose": [
      [
        0.9993143128654545,
        -0.03649664834198319,
        0.006236887208083829,
        89.6753748930052
      ],
      [
        0.0362925151008728,
        0.9988849374475107,
        0.030194951368330936,
        -46.71379404827894
      ],
      [
        -0.007331947210507252,
        -0.029947894755467615,
        0.999524570058094,
        1.2791896649674186
      ],
      [
        0.0,
        0.0,
        0.0,
        1.0
      ]
    ],
    "location": [
      89.6753748930052,
      -46.71379404827894,
      1.2791896649674186
    ],
    "rotation": [
      -0.0299531785114259,
      0.0073320129032272315,
      0.036301463099908504
    ]
  },
  {
    "label_id": "BzwaeJjv_rcqSUP3iLb76Q",
    "size": [
      2.5000000000008136,
      5.0,
      1.910000000000025
    ],
    "obj_class": "vehicle",
    "point_num_in_lidar": 21,
    "speed": 5.695433295429594e-13,
    "if_vehicle": true,
    "motion_state": false,
    "pose": [
      [
        0.04932197398197253,
        -0.9987634575416119,
        0.006236887208083829,
        67.23476109629519
      ],
      [
        0.9983181603918447,
        0.04948853951883376,
        0.030194951368330936,
        -50.73619016942757
      ],
      [
        -0.03046626846800679,
        0.004737123158369932,
        0.999524570058094,
        1.3899629640931153
      ],
      [
        0.0,
        0.0,
        0.0,
        1.0
      ]
    ],
    "location": [
      67.23476109629519,
      -50.73619016942757,
      1.3899629640931153
    ],
    "rotation": [
      0.004739340915495545,
      0.03047098353649542,
      1.521431399607751
    ]
  },
  {
    "label_id": "CcL8XRpGYA_fLxa8Ive3FA",
    "size": [
      0.5560049240543584,
      0.8086104486489893,
      1.75
    ],
    "obj_class": "pedestrian",
    "point_num_in_lidar": 36,
    "speed": 0.4112208767258265,
    "if_vehicle": false,
    "motion_state": false,
    "pose": [
      [
        0.9997472525064839,
        -0.0215993597981615,
        0.006236887208083829,
        91.30556656668074
      ],
      [
        0.021401648405519676,
        0.9993148824856912,
        0.030194951368330936,
        -31.76259669275896
      ],
      [
        -0.0068848058261153705,
        -0.030053840002883452,
        0.999524570058094,
        0.8997859649273892
      ],
      [
        0.0,
        0.0,
        0.0,
        1.0
      ]
    ],
    "location": [
      91.30556656668074,
      -31.76259669275896,
      0.8997859649273892
    ],
    "rotation": [
      -0.030059078745825397,
      0.0068848602178741515,
      0.021403789869709252
    ]
  },
  {
    "label_id": "CnYHYFZccxWIJ0i0V__4mg",
    "size": [
      2.0907980893762166,
      4.8887504448718735,
      1.6399999999999864
    ],
    "obj_class": "vehicle",
    "point_num_in_lidar": 137,
    "speed": 2.8421709430404007e-13,
    "if_vehicle": true,
    "motion_state": false,
    "pose": [
      [
        -0.9737972621156995,
        0.22733234159248267,
        0.006236887208083829,
        77.51066411980986
      ],
      [
        -0.2270497050022966,
        -0.9734149661733348,
        0.030194951368330936,
        -45.97265362180406
      ],
      [
        0.012935368349517634,
        0.027987677571469326,
        0.999524570058094,
        0.8326581706593856
      ],
      [
        0.0,
        0.0,
        0.0,
        1.0
      ]
    ],
    "location": [
      77.51066411980986,
      -45.97265362180406,
      0.8326581706593856
    ],
    "rotation": [
      0.027993675411728036,
      -0.012935729109081265,
      -2.9125259522959253
    ]
  },
  {
    "label_id": "CsEPiVQ6ojblTHuTloW2Zg",
    "size": [
      2.781782148961334,
      5.839150534278615,
      2.089999999999975
    ],
    "obj_class": "vehicle",
    "point_num_in_lidar": 3306,
    "speed": 11.060087335744536,
    "if_vehicle": true,
    "motion_state": true,
    "pose": [
      [
        -0.9999804233589826,
        -0.0005041197709703589,
        0.006236887208083829,
        84.87552203146305
      ],
      [
        0.0006922258432810518,
        -0.9995437888032951,
        0.030194951368330936,
        1.7194904064144794
      ],
      [
        0.006218819998338651,
        0.03019867758711452,
        0.999524570058094,
        0.6141361200483288
      ],
      [
        0.0,
        0.0,
        0.0,
        1.0
      ]
    ],
    "location": [
      84.87552203146305,
      1.7194904064144794,
      0.6141361200483288
    ],
    "rotation": [
      0.03020385370113885,
      -0.006218860083189067,
      3.1409004143053627
    ]
  },
  {
    "label_id": "Dj8cdNUlibv1r9l6q-5sPg",
    "size": [
      2.183327160412392,
      4.754323627050555,
      1.8899999999999864
    ],
    "obj_class": "vehicle",
    "point_num_in_lidar": 131,
    "speed": 2.8421709430404007e-13,
    "if_vehicle": true,
    "motion_state": false,
    "pose": [
      [
        -0.9990428520197421,
        0.04329527764333208,
        0.006236887208083829,
        74.5633300932796
      ],
      [
        -0.04308822759727796,
        -0.9986148754922437,
        0.030194951368330936,
        -41.02799027625406
      ],
      [
        0.007535547145678597,
        0.029897313916094282,
        0.999524570058094,
        0.9932218448849994
      ],
      [
        0.0,
        0.0,
        0.0,
        1.0
      ]
    ],
    "location": [
      74.5633300932796,
      -41.02799027625406,
      0.9932218448849994
    ],
    "rotation": [
      0.029902618925199607,
      -0.0075356184645104796,
      -3.0984898573799042
    ]
  },
  {
    "label_id": "EdejuZc2PvFVXU-tGX6hpA",
    "size": [
      1.9756668497276741,
      4.805468001690314,
      2.1299999999999955
    ],
    "obj_class": "vehicle",
    "point_num_in_lidar": 654,
    "speed": 5.685035733124714e-13,
    "if_vehicle": true,
    "motion_state": false,
    "pose": [
      [
        0.9990857315043644,
        -0.04229423533228368,
        0.006236887208083829,
        91.94868537838215
      ],
      [
        0.04208761421392345,
        0.998657547731776,
        0.030194951368330936,
        -32.985517180939496
      ],
      [
        -0.007505586863723727,
        -0.029904849372858033,
        0.999524570058094,
        0.8853495312030191
      ],
      [
        0.0,
        0.0,
        0.0,
        1.0
      ]
    ],
    "location": [
      91.94868537838215,
      -32.985517180939496,
      0.8853495312030191
    ],
    "rotation": [
      -0.029910151225402175,
      0.007505657335257831,
      0.04210123614579379
    ]
  },
  {
    "label_id": "H3DwwpYuUX_SQkr7Z22XQg",
    "size": [
      2.2228213235300385,
      4.832844050403539,
      2.0
    ],
    "obj_class": "vehicle",
    "point_num_in_lidar": 35,
    "speed": 9.230097017841016,
    "if_vehicle": true,
    "motion_state": true,
    "pose": [
      [
        0.9908925798665773,
        -0.13451020929027085,
        0.006236887208083829,
        31.024425355126482
      ],
      [
        0.13426487447292984,
        0.9904853398181281,
        0.030194951368330936,
        -10.130623971019304
      ],
      [
        -0.01023907457376999,
        -0.029082558382216076,
        0.999524570058094,
        0.8803781713045282
      ],
      [
        0.0,
        0.0,
        0.0,
        1.0
      ]
    ],
    "location": [
      31.024425355126482,
      -10.130623971019304,
      0.8803781713045282
    ],
    "rotation": [
      -0.029088184844545506,
      0.010239253490667018,
      0.1346786855010624
    ]
  },
  {
    "label_id": "IMKR4aMQEtTekwIF2oeIrw",
    "size": [
      2.083444582981471,
      4.910359915471906,
      1.5199999999999818
    ],
    "obj_class": "vehicle",
    "point_num_in_lidar": 4365,
    "speed": 0.05832836990210449,
    "if_vehicle": true,
    "motion_state": false,
    "pose": [
      [
        0.9997191948915201,
        0.02286115927516953,
        0.006236887208083829,
        90.12505299391387
      ],
      [
        -0.023039456225884988,
        0.9992784638771516,
        0.030194951368330936,
        -6.683078308406039
      ],
      [
        -0.005542095476131653,
        -0.03033016696155283,
        0.999524570058094,
        0.40955230334463977
      ],
      [
        0.0,
        0.0,
        0.0,
        1.0
      ]
    ],
    "location": [
      90.12505299391387,
      -6.683078308406039,
      0.40955230334463977
    ],
    "rotation": [
      -0.030335285121888423,
      0.005542123847270046,
      -0.02304184892883984
    ]
  },
  {
    "label_id": "LbUGWTzSUC9dY1cvhbjrJA",
    "size": [
      0.7737949986985758,
      0.13591550750410678,
      0.8299999999999841
    ],
    "obj_class": "sign",
    "point_num_in_lidar": 27,
    "speed": 0.033047013872720986,
    "if_vehicle": false,
    "motion_state": false,
    "pose": [
      [
        0.9999805504298339,
        9.637494116032077e-15,
        0.006236887208083829,
        41.899293580577506
      ],
      [
        -0.00018832616881052022,
        0.9995440107594654,
        0.030194951368330936,
        15.19510543807155
      ],
      [
        -0.006234043254622223,
        -0.03019553865857883,
        0.999524570058094,
        2.3103945404917
      ],
      [
        0.0,
        0.0,
        0.0,
        1.0
      ]
    ],
    "location": [
      41.899293580577506,
      15.19510543807155,
      2.3103945404917
    ],
    "rotation": [
      -0.030200716143305332,
      0.006234083634572398,
      -0.00018832982951822846
    ]
  },
  {
    "label_id": "MMWfi1EgQ-6UTECcGNIkdg",
    "size": [
      2.1951733518593266,
      4.959542589896838,
      1.6000000000000227
    ],
    "obj_class": "vehicle",
    "point_num_in_lidar": 24,
    "speed": 5.685035733124714e-13,
    "if_vehicle": true,
    "motion_state": false,
    "pose": [
      [
        -0.9998702528059016,
        0.014851895226406496,
        0.006236887208083829,
        99.0885389253769
      ],
      [
        -0.014657106262389483,
        -0.999436558340687,
        0.030194951368330936,
        -41.04927404743103
      ],
      [
        0.006681825340095248,
        0.03009961893955953,
        0.999524570058094,
        0.6826581706594652
      ],
      [
        0.0,
        0.0,
        0.0,
        1.0
      ]
    ],
    "location": [
      99.0885389253769,
      -41.04927404743103,
      0.6826581706594652
    ],
    "rotation": [
      0.03010483802385022,
      -0.006681875061436199,
      -3.126934695234625
    ]
  },
  {
    "label_id": "Oo2USO6YnuEzZLMIL5TMzQ",
    "size": [
      2.2295893032757697,
      4.839846654173083,
      1.420000000000016
    ],
    "obj_class": "vehicle",
    "point_num_in_lidar": 393,
    "speed": 4.440892098500626e-14,
    "if_vehicle": true,
    "motion_state": false,
    "pose": [
      [
        -0.9998729820256334,
        0.01466700559490363,
        0.006236887208083829,
        98.68133455528238
      ],
      [
        -0.01447229683012175,
        -0.9994392515487498,
        0.030194951368330936,
        -33.38335056083815
      ],
      [
        0.0066762594038984255,
        0.030100853983800652,
        0.999524570058094,
        0.5611020263797286
      ],
      [
        0.0,
        0.0,
        0.0,
        1.0
      ]
    ],
    "location": [
      98.68133455528238,
      -33.38335056083815,
      0.5611020263797286
    ],
    "rotation": [
      0.03010607253598544,
      -0.006676309001088103,
      -3.1271195289372637
    ]
  },
  {
    "label_id": "R8nuVKEeg-Wlk6S0XJIx_w",
    "size": [
      1.9735952159834451,
      4.385877720304702,
      1.5300000000000296
    ],
    "obj_class": "vehicle",
    "point_num_in_lidar": 35,
    "speed": 2.9093775129778977e-13,
    "if_vehicle": true,
    "motion_state": false,
    "pose": [
      [
        -0.006830078088735275,
        0.9999572247207654,
        0.006236887208083829,
        114.86745008929233
      ],
      [
        -0.9995194089257353,
        -0.007015418206579887,
        0.030194951368330936,
        -49.17703410791546
      ],
      [
        0.030237414142926657,
        -0.006027655940029163,
        0.999524570058094,
        0.5903679023381301
      ],
      [
        0.0,
        0.0,
        0.0,
        1.0
      ]
    ],
    "location": [
      114.86745008929233,
      -49.17703410791546,
      0.5903679023381301
    ],
    "rotation": [
      -0.0060304499284101545,
      -0.030242023723800818,
      -1.5776295825785511
    ]
  },
  {
    "label_id": "SB3IWQ3OLd3pPl3HixU_Yw",
    "size": [
      2.1966887682582326,
      4.979975887518041,
      1.7900000000000205
    ],
    "obj_class": "vehicle",
    "point_num_in_lidar": 25,
    "speed": 8.526975409500173e-13,
    "if_vehicle": true,
    "motion_state": false,
    "pose": [
      [
        0.9991285935751153,
        -0.04126929534854885,
        0.006236887208083829,
        91.75994395482587
      ],
      [
        0.04106311359364712,
        0.9987001980643939,
        0.030194951368330936,
        -38.0893581019518
      ],
      [
        -0.007474904856073323,
        -0.029912533285813177,
        0.999524570058094,
        0.9444942696052863
      ],
      [
        0.0,
        0.0,
        0.0,
        1.0
      ]
    ],
    "location": [
      91.75994395482587,
      -38.0893581019518,
      0.9444942696052863
    ],
    "rotation": [
      -0.029917831916112716,
      0.007474974466881655,
      0.04107581052166671
    ]
  },
  {
    "label_id": "Sv6Kp_7Yn7_dppLzJAxahA",
    "size": [
      2.28787958600307,
      4.83846683002856,
      2.0
    ],
    "obj_class": "vehicle",
    "point_num_in_lidar": 119,
    "speed": 10.691619864678449,
    "if_vehicle": true,
    "motion_state": true,
    "pose": [
      [
        -0.9998816768540535,
        -0.01406177547394451,
        0.006236887208083829,
        48.88123684370504
      ],
      [
        0.014243944379677366,
        -0.9994425320949539,
        0.030194951368330936,
        2.694512431498879
      ],
      [
        0.005808815717049786,
        0.0302802164811876,
        0.999524570058094,
        0.6290830188078758
      ],
      [
        0.0,
        0.0,
        0.0,
        1.0
      ]
    ],
    "location": [
      48.88123684370504,
      2.694512431498879,
      0.6290830188078758
    ],
    "rotation": [
      0.030285356780336763,
      -0.005808848384718336,
      3.1273479871647987
    ]
  },
  {
    "label_id": "SvD0AwZbUZS6wEKPI_DiwQ",
    "size": [
      2.511852904535567,
      6.021860427745784,
      2.0
    ],
    "obj_class": "vehicle",
    "point_num_in_lidar": 37,
    "speed": 2.847716647714797e-13,
    "if_vehicle": true,
    "motion_state": false,
    "pose": [
      [
        0.9964426994902141,
        -0.08404194114017341,
        0.006236887208083829,
        46.55912616085726
      ],
      [
        0.0838175928993895,
        0.9960235318668011,
        0.030194951368330936,
        -35.82613785023386
      ],
      [
        -0.008749728750478193,
        -0.02956477797946883,
        0.999524570058094,
        0.8978452036412818
      ],
      [
        0.0,
        0.0,
        0.0,
        1.0
      ]
    ],
    "location": [
      46.55912616085726,
      -35.82613785023386,
      0.8978452036412818
    ],
    "rotation": [
      -0.029570218918500143,
      0.008749840397586974,
      0.08391926629404874
    ]
  },
  {
    "label_id": "Ur7CjvsdRoHiW7R9ugWg7Q",
    "size": [
      3.4923126404544975,
      10.8614142068209,
      3.359999999999957
    ],
    "obj_class": "vehicle",
    "point_num_in_lidar": 1175,
    "speed": 0.04834750693026885,
    "if_vehicle": true,
    "motion_state": false,
    "pose": [
      [
        0.9984268653360197,
        -0.05572159198410891,
        0.006236887208083829,
        67.7637137377294
      ],
      [
        0.0555092332620493,
        0.998001497962064,
        0.030194951368330936,
        28.247138609862304
      ],
      [
        -0.007906933536414243,
        -0.02980124581679359,
        0.999524570058094,
        1.2543798601703884
      ],
      [
        0.0,
        0.0,
        0.0,
        1.0
      ]
    ],
    "location": [
      67.7637137377294,
      28.247138609862304,
      1.2543798601703884
    ],
    "rotation": [
      -0.02980659077112707,
      0.007907015928449885,
      0.05553951736492329
    ]
  },
  {
    "label_id": "VUjZyEqPXEFZ0eQiYlhg0w",
    "size": [
      2.182994343846076,
      5.029293833566353,
      1.5600000000000023
    ],
    "obj_class": "vehicle",
    "point_num_in_lidar": 4543,
    "speed": 0.058000827672566854,
    "if_vehicle": true,
    "motion_state": false,
    "pose": [
      [
        0.999980550429834,
        -1.3076702205939416e-16,
        0.006236887208083829,
        96.76972859739828
      ],
      [
        -0.00018832616880075945,
        0.9995440107594655,
        0.030194951368330936,
        -6.68515525476505
      ],
      [
        -0.006234043254622518,
        -0.030195538658578772,
        0.999524570058094,
        0.36830548618831926
      ],
      [
        0.0,
        0.0,
        0.0,
        1.0
      ]
    ],
    "location": [
      96.76972859739828,
      -6.68515525476505,
      0.36830548618831926
    ],
    "rotation": [
      -0.030200716143305273,
      0.006234083634572693,
      -0.00018832982950846747
    ]
  },
  {
    "label_id": "W-H_9qMoWYzKHr_v15Tfcw",
    "size": [
      2.296410816506978,
      4.88926908299579,
      1.5300000000000296
    ],
    "obj_class": "vehicle",
    "point_num_in_lidar": 355,
    "speed": 0.015189537376256303,
    "if_vehicle": true,
    "motion_state": false,
    "pose": [
      [
        0.999980550429834,
        3.1332218779066845e-16,
        0.006236887208083829,
        69.1827066882957
      ],
      [
        -0.0001883261688012033,
        0.9995440107594655,
        0.030194951368330936,
        -6.4261904967479495
      ],
      [
        -0.006234043254622504,
        -0.030195538658578776,
        0.999524570058094,
        0.5357216185227571
      ],
      [
        0.0,
        0.0,
        0.0,
        1.0
      ]
    ],
    "location": [
      69.1827066882957,
      -6.4261904967479495,
      0.5357216185227571
    ],
    "rotation": [
      -0.030200716143305276,
      0.006234083634572679,
      -0.0001883298295089113
    ]
  },
  {
    "label_id": "XeKqDUCwf7e6iNPvqmuHhg",
    "size": [
      2.317212140509276,
      5.562277938287438,
      1.8799999999999955
    ],
    "obj_class": "vehicle",
    "point_num_in_lidar": 310,
    "speed": 1.4224448445550967e-12,
    "if_vehicle": true,
    "motion_state": false,
    "pose": [
      [
        0.01210937909299398,
        0.9999072277846259,
        0.006236887208083829,
        77.76222411883202
      ],
      [
        -0.9994730006804504,
        0.011915780405860114,
        0.030194951368330936,
        26.534995088391952
      ],
      [
        0.030117832737411736,
        -0.006599242485582697,
        0.999524570058094,
        -0.024795538544367446
      ],
      [
        0.0,
        0.0,
        0.0,
        1.0
      ]
    ],
    "location": [
      77.76222411883202,
      26.534995088391952,
      -0.024795538544367446
    ],
    "rotation": [
      -0.0066022855221499616,
      -0.03012238783026264,
      -1.5586811554816242
    ]
  },
  {
    "label_id": "Z67WmbNwGB3yYF5YWXBMcA",
    "size": [
      1.984629966713198,
      5.00387483608972,
      1.910000000000025
    ],
    "obj_class": "vehicle",
    "point_num_in_lidar": 289,
    "speed": 8.526975409500173e-13,
    "if_vehicle": true,
    "motion_state": false,
    "pose": [
      [
        -0.9984533598466447,
        0.055244813773784304,
        0.006236887208083829,
        74.25944343685984
      ],
      [
        -0.05503265819866889,
        -0.9980278911149992,
        0.030194951368330936,
        -38.14790694630028
      ],
      [
        0.007892701852657934,
        0.029805018162169933,
        0.999524570058094,
        0.9595647781495131
      ],
      [
        0.0,
        0.0,
        0.0,
        1.0
      ]
    ],
    "location": [
      74.25944343685984,
      -38.14790694630028,
      0.9595647781495131
    ],
    "rotation": [
      0.029810361558341634,
      -0.007892783800593474,
      -3.0865304620681484
    ]
  },
  {
    "label_id": "bv6utmH2mDG5LayJdwK50g",
    "size": [
      2.1660262936511354,
      4.81404639732027,
      1.6100000000000136
    ],
    "obj_class": "vehicle",
    "point_num_in_lidar": 42,
    "speed": 8.881784197001252e-15,
    "if_vehicle": true,
    "motion_state": false,
    "pose": [
      [
        -0.9999075490834752,
        0.012082819365983821,
        0.006236887208083829,
        98.83145989172357
      ],
      [
        -0.011889232212939782,
        -0.9994733168370484,
        0.030194951368330936,
        -35.82597880838148
      ],
      [
        0.006598442487750312,
        0.030118008017099688,
        0.999524570058094,
        0.630169892708011
      ],
      [
        0.0,
        0.0,
        0.0,
        1.0
      ]
    ],
    "location": [
      98.83145989172357,
      -35.82597880838148,
      0.630169892708011
    ],
    "rotation": [
      0.030123219169155332,
      -0.006598490370773866,
      -3.1297028824089015
    ]
  },
  {
    "label_id": "dM2tqKBMT_wzaESv06rCuQ",
    "size": [
      0.5497223721213239,
      0.07779209689879754,
      0.6999999999999886
    ],
    "obj_class": "sign",
    "point_num_in_lidar": 37,
    "speed": 0.045467328590117304,
    "if_vehicle": false,
    "motion_state": false,
    "pose": [
      [
        0.999980550429834,
        -2.8105050775125664e-14,
        0.006236887208083829,
        74.58455790402229
      ],
      [
        -0.00018832616877279476,
        0.9995440107594655,
        0.030194951368330936,
        14.066459286239478
      ],
      [
        -0.006234043254623363,
        -0.0301955386585786,
        0.999524570058094,
        2.3169293459177425
      ],
      [
        0.0,
        0.0,
        0.0,
        1.0
      ]
    ],
    "location": [
      74.58455790402229,
      14.066459286239478,
      2.3169293459177425
    ],
    "rotation": [
      -0.0302007161433051,
      0.0062340836345735375,
      -0.00018832982948050223
    ]
  },
  {
    "label_id": "efswYipYN6Gj-H0yoVmYIA",
    "size": [
      2.0777634728030465,
      5.055615872536725,
      2.180000000000007
    ],
    "obj_class": "vehicle",
    "point_num_in_lidar": 205,
    "speed": 15.984987874886928,
    "if_vehicle": true,
    "motion_state": true,
    "pose": [
      [
        0.9999739376693191,
        0.0036366495666168186,
        0.006236887208083829,
        45.682853932157485
      ],
      [
        -0.003823386917356969,
        0.9995367159961381,
        0.030194951368330936,
        -20.07737079177423
      ],
      [
        -0.0061241893011987755,
        -0.030218010450479893,
        0.999524570058094,
        0.685722376951901
      ],
      [
        0.0,
        0.0,
        0.0,
        1.0
      ]
    ],
    "location": [
      45.682853932157485,
      -20.07737079177423,
      0.685722376951901
    ],
    "rotation": [
      -0.03022317810914439,
      0.006124227583840494,
      -0.0038234679345784867
    ]
  },
  {
    "label_id": "f2hTpLkH2Z9Bk9sAi0pFQA",
    "size": [
      0.8511380701015167,
      0.7466152022602033,
      1.6800000000000068
    ],
    "obj_class": "pedestrian",
    "point_num_in_lidar": 55,
    "speed": 0.10032524731667757,
    "if_vehicle": false,
    "motion_state": false,
    "pose": [
      [
        -0.7151349140934875,
        0.6989586224394502,
        0.006236887208083829,
        69.6019935316358
      ],
      [
        -0.6985188121001403,
        -0.7149543580215965,
        0.030194951368330936,
        15.671750844625421
      ],
      [
        0.025564111302943462,
        0.017236880909055095,
        0.999524570058094,
        0.40449055765532194
      ],
      [
        0.0,
        0.0,
        0.0,
        1.0
      ]
    ],
    "location": [
      69.6019935316358,
      15.671750844625421,
      0.40449055765532194
    ],
    "rotation": [
      0.017243370520580375,
      -0.025566896581268865,
      -2.367947960324271
    ]
  },
  {
    "label_id": "fkrkuGRK25Xb0AGKMZRdlQ",
    "size": [
      2.08444829486325,
      4.759121630873889,
      1.5299999999999727
    ],
    "obj_class": "vehicle",
    "point_num_in_lidar": 94,
    "speed": 0.06562410536129056,
    "if_vehicle": true,
    "motion_state": false,
    "pose": [
      [
        0.9999805504298339,
        2.9778574468910442e-15,
        0.006236887208083829,
        60.08954390194725
      ],
      [
        -0.00018832616880386626,
        0.9995440107594654,
        0.030194951368330936,
        -6.667762847871927
      ],
      [
        -0.006234043254622424,
        -0.03019553865857879,
        0.999524570058094,
        0.5426551734374243
      ],
      [
        0.0,
        0.0,
        0.0,
        1.0
      ]
    ],
    "location": [
      60.08954390194725,
      -6.667762847871927,
      0.5426551734374243
    ],
    "rotation": [
      -0.03020071614330529,
      0.006234083634572598,
      -0.00018832982951157436
    ]
  },
  {
    "label_id": "hiYNFf2z5j5p07OXAMqSMg",
    "size": [
      2.0783179884697116,
      5.074564979926786,
      1.759999999999991
    ],
    "obj_class": "vehicle",
    "point_num_in_lidar": 29,
    "speed": 1.4082236270265485e-27,
    "if_vehicle": true,
    "motion_state": false,
    "pose": [
      [
        0.9978334884996514,
        0.06549374372083086,
        0.006236887208083829,
        69.55830036354996
      ],
      [
        -0.0656530743604386,
        0.9973855516994855,
        0.030194951368330936,
        42.13208642207428
      ],
      [
        -0.004243000782341735,
        -0.03053900447858897,
        0.999524570058094,
        -0.279705692167056
      ],
      [
        0.0,
        0.0,
        0.0,
        1.0
      ]
    ],
    "location": [
      69.55830036354996,
      42.13208642207428,
      -0.279705692167056
    ],
    "rotation": [
      -0.03054402843760179,
      0.00424301351360807,
      -0.06570092270260487
    ]
  },
  {
    "label_id": "iPSgV7kGE1SGsuGMHfK0jA",
    "size": [
      0.6929461771466267,
      0.09590117404070153,
      0.37000000000000455
    ],
    "obj_class": "sign",
    "point_num_in_lidar": 20,
    "speed": 0.0419600282756035,
    "if_vehicle": false,
    "motion_state": false,
    "pose": [
      [
        0.9984319991456566,
        0.05562952741091141,
        0.006236887208083829,
        60.07594977825687
      ],
      [
        -0.05579327697341862,
        0.9979856587929667,
        0.030194951368330936,
        14.863674417079892
      ],
      [
        -0.004544593114361263,
        -0.030495582034241124,
        0.999524570058094,
        1.7876581706620982
      ],
      [
        0.0,
        0.0,
        0.0,
        1.0
      ]
    ],
    "location": [
      60.07594977825687,
      14.863674417079892,
      1.7876581706620982
    ],
    "rotation": [
      -0.030500625798675976,
      0.004544608758000945,
      -0.05582284104972966
    ]
  },
  {
    "label_id": "javxMm1GpVekTaCgtDUMew",
    "size": [
      0.544199865093104,
      0.08514420865730105,
      0.6800000000000068
    ],
    "obj_class": "sign",
    "point_num_in_lidar": 24,
    "speed": 0.036695704090543395,
    "if_vehicle": false,
    "motion_state": false,
    "pose": [
      [
        0.999980550429834,
        4.311893044783279e-15,
        0.006236887208083829,
        60.17141091485183
      ],
      [
        -0.00018832616880519774,
        0.9995440107594655,
        0.030194951368330936,
        14.063874021992888
      ],
      [
        -0.006234043254622385,
        -0.030195538658578804,
        0.999524570058094,
        1.054808171815523
      ],
      [
        0.0,
        0.0,
        0.0,
        1.0
      ]
    ],
    "location": [
      60.17141091485183,
      14.063874021992888,
      1.054808171815523
    ],
    "rotation": [
      -0.030200716143305304,
      0.006234083634572559,
      -0.00018832982951290584
    ]
  },
  {
    "label_id": "m0p_qfENj6RIon_eLe6kYQ",
    "size": [
      1.9882259384575418,
      4.626955878718765,
      1.4300000000000068
    ],
    "obj_class": "vehicle",
    "point_num_in_lidar": 446,
    "speed": 13.449389658226263,
    "if_vehicle": true,
    "motion_state": true,
    "pose": [
      [
        0.9999073259738394,
        -0.012101268602907448,
        0.006236887208083829,
        76.56814683348716
      ],
      [
        0.011907673437901157,
        0.9994730972993523,
        0.030194951368330936,
        -19.76917197549119
      ],
      [
        -0.0065989981923301536,
        -0.030117886264475018,
        0.999524570058094,
        0.17356756464545242
      ],
      [
        0.0,
        0.0,
        0.0,
        1.0
      ]
    ],
    "location": [
      76.56814683348716,
      -19.76917197549119,
      0.17356756464545242
    ],
    "rotation": [
      -0.030123097469116306,
      0.006599046087452655,
      0.01190821415661275
    ]
  },
  {
    "label_id": "n6g_U3nt6-5jLn4VDhDt1Q",
    "size": [
      2.244946695886409,
      5.2661979118912425,
      1.5300000000000296
    ],
    "obj_class": "vehicle",
    "point_num_in_lidar": 88,
    "speed": 5.069609091680277e-28,
    "if_vehicle": true,
    "motion_state": false,
    "pose": [
      [
        -0.9989601061005583,
        -0.04516422984525411,
        0.006236887208083829,
        69.49060121369581
      ],
      [
        0.04533264747246232,
        -0.9985155061314781,
        0.030194951368330936,
        47.209363421261514
      ],
      [
        0.004863896863499197,
        0.03044628643173864,
        0.999524570058094,
        -0.2960307598436316
      ],
      [
        0.0,
        0.0,
        0.0,
        1.0
      ]
    ],
    "location": [
      69.49060121369581,
      47.209363421261514,
      -0.2960307598436316
    ],
    "rotation": [
      0.030451352541089726,
      -0.004863916041637455,
      3.0962439281498098
    ]
  },
  {
    "label_id": "nNNrZsPBicV3ZcsF6SQhrg",
    "size": [
      2.1938264129260348,
      5.313072584674932,
      1.6100000000000136
    ],
    "obj_class": "vehicle",
    "point_num_in_lidar": 114,
    "speed": 0.011565805726478877,
    "if_vehicle": true,
    "motion_state": false,
    "pose": [
      [
        0.022010727942647426,
        0.999738280298093,
        0.006236887208083829,
        51.387555875803685
      ],
      [
        -0.9993059916669949,
        0.021812838657733112,
        0.030194951368330936,
        26.93565316094646
      ],
      [
        0.030051004540263302,
        -0.006897171616199207,
        0.999524570058094,
        0.37134927652573424
      ],
      [
        0.0,
        0.0,
