[
  {
    "label_id": "-IT4cJc75DEwKy8V7tfNNA",
    "size": [
      0.692946177146626,
      0.09590117404070153,
      0.6100000000000136
    ],
    "obj_class": "sign",
    "point_num_in_lidar": 59,
    "speed": 0.023378419774339108,
    "if_vehicle": false,
    "motion_state": false,
    "pose": [
      [
        0.9984442289256543,
        0.05563020881620497,
        0.0037949429667706856,
        60.11532657897192
      ],
      [
        -0.05572481124881448,
        0.99790972037089,
        0.03272514935911062,
        14.95602875302211
      ],
      [
        -0.001966503582404791,
        -0.032885708998857385,
        0.9994571841791438,
        2.2893318529553426
      ],
      [
        0.0,
        0.0,
        0.0,
        1.0
      ]
    ],
    "location": [
      60.11532657897192,
      14.95602875302211,
      2.2893318529553426
    ],
    "rotation": [
      -0.03289170299058095,
      0.001966504849863241,
      -0.055753799493414725
    ]
  },
  {
    "label_id": "-jGx5h2KM1RTCWtkALlTPg",
    "size": [
      1.9723911586527532,
      4.593513203435377,
      1.6999999999999886
    ],
    "obj_class": "vehicle",
    "point_num_in_lidar": 91,
    "speed": 10.320547484018178,
    "if_vehicle": true,
    "motion_state": true,
    "pose": [
      [
        -0.9996565671893983,
        -0.025929637154941607,
        0.0037949429667706856,
        21.615583134455477
      ],
      [
        0.026040084580792006,
        -0.9991251065779745,
        0.03272514935911062,
        -0.5802891766852554
      ],
      [
        0.0029430715474090883,
        0.032812731104922846,
        0.9994571841791438,
        0.6607731598155056
      ],
      [
        0.0,
        0.0,
        0.0,
        1.0
      ]
    ],
    "location": [
      21.615583134455477,
      -0.5802891766852554,
      0.6607731598155056
    ],
    "rotation": [
      0.032818764253219265,
      -0.0029430757960781356,
      3.115549512393525
    ]
  },
  {
    "label_id": "1YQ_kpgKHcSW4kqTyRAkOQ",
    "size": [
      2.1139927526197457,
      4.388851756526188,
      1.6100000000000136
    ],
    "obj_class": "vehicle",
    "point_num_in_lidar": 516,
    "speed": 10.3056890441522,
    "if_vehicle": true,
    "motion_state": true,
    "pose": [
      [
        -0.9998823803744458,
        -0.014860142146396216,
        0.0037949429667706856,
        52.524212165540575
      ],
      [
        0.014976466979314545,
        -0.9993521751796217,
        0.03272514935911062,
        2.4160942027319834
      ],
      [
        0.003306184137286461,
        0.03277813507732701,
        0.9994571841791438,
        0.511809337234638
      ],
      [
        0.0,
        0.0,
        0.0,
        1.0
      ]
    ],
    "location": [
      52.524212165540575,
      2.4160942027319834,
      0.511809337234638
    ],
    "rotation": [
      0.032784186666156546,
      -0.0033061901605518575,
      3.126615544834641
    ]
  },
  {
    "label_id": "4o7tLL-nnbFrIN5AD4yvcQ",
    "size": [
      2.891153632352144,
      6.603173532656209,
      1.7699999999999818
    ],
    "obj_class": "vehicle",
    "point_num_in_lidar": 6523,
    "speed": 10.709392504398261,
    "if_vehicle": true,
    "motion_state": true,
    "pose": [
      [
        -0.9999262765049789,
        -0.011534295070254092,
        0.0037949429667706856,
        77.28232991313791
      ],
      [
        0.011652382804942404,
        -0.9993964611576284,
        0.03272514935911062,
        1.8143694043446885
      ],
      [
        0.003415191042359536,
        0.03276695687489651,
        0.9994571841791438,
        0.5026581706597426
      ],
      [
        0.0,
        0.0,
        0.0,
        1.0
      ]
    ],
    "location": [
      77.28232991313791,
      1.8143694043446885,
      0.5026581706597426
    ],
    "rotation": [
      0.03277301440521576,
      -0.003415197681258162,
      3.129939939119985
    ]
  },
  {
    "label_id": "6op4sOifQPDRFwp7m8RASw",
    "size": [
      0.23127971834264344,
      0.05598672701632175,
      0.6200000000000045
    ],
    "obj_class": "sign",
    "point_num_in_lidar": 43,
    "speed": 0.06750994466589522,
    "if_vehicle": false,
    "motion_state": false,
    "pose": [
      [
        -0.02444153110730973,
        0.9996940581823067,
        0.0037949429667706856,
        71.49104065942026
      ],
      [
        -0.9991627625704874,
        -0.02455276953697052,
        0.03272514935911062,
        14.720402904522416
      ],
      [
        0.032808313727500475,
        -0.0029919129424239807,
        0.9994571841791438,
        0.8673812601167583
      ],
      [
        0.0,
        0.0,
        0.0,
        1.0
      ]
    ],
    "location": [
      71.49104065942026,
      14.720402904522416,
      0.8673812601167583
    ],
    "rotation": [
      -0.0029935289402286945,
      -0.032814202312141286,
      -1.5952534608905329
    ]
  },
  {
    "label_id": "73tqbCl2lxFaMhBWaL_RWQ",
    "size": [
      0.9999999999988173,
      1.0,
      1.9700000000000273
    ],
    "obj_class": "pedestrian",
    "point_num_in_lidar": 328,
    "speed": 0.02531745772332593,
    "if_vehicle": false,
    "motion_state": false,
    "pose": [
      [
        -0.622300609806423,
        -0.7827691546314488,
        0.0037949429667706856,
        69.3128006562228
      ],
      [
        0.7824328069880363,
        -0.6218745590135089,
        0.03272514935911062,
        13.145698845561128
      ],
      [
        -0.02325625901507698,
        0.023334168280030702,
        0.9994571841791438,
        0.5600904682979149
      ],
      [
        0.0,
        0.0,
        0.0,
        1.0
      ]
    ],
    "location": [
      69.3128006562228,
      13.145698845561128,
      0.5600904682979149
    ],
    "rotation": [
      0.023342600775119297,
      0.023258355897302272,
      2.2426897317424586
    ]
  },
  {
    "label_id": "7w2rLpTBuuffn6LTIsWgWA",
    "size": [
      1.0289849287837203,
      2.0935588602978576,
      2.0500000000000114
    ],
    "obj_class": "vehicle",
    "point_num_in_lidar": 130,
    "speed": 0.008154083602346127,
    "if_vehicle": true,
    "motion_state": false,
    "pose": [
      [
        0.9993265534528991,
        -0.036497095388931845,
        0.0037949429667706856,
        89.67537489300526
      ],
      [
        0.03635370129929821,
        0.9988030201202163,
        0.03272514935911062,
        -46.71379404827894
      ],
      [
        -0.004984773394171037,
        -0.03256515049720951,
        0.9994571841791438,
        1.248090236973951
      ],
      [
        0.0,
        0.0,
        0.0,
        1.0
      ]
    ],
    "location": [
      89.67537489300526,
      -46.71379404827894,
      1.248090236973951
    ],
    "rotation": [
      -0.03257131388765754,
      0.004984794037981664,
      0.036362165487852004
    ]
  },
  {
    "label_id": "ALTrTMUBSUahdXBNgwPAiw",
    "size": [
      2.0301715079675566,
      4.1760626304186,
      1.5500000000000114
    ],
    "obj_class": "vehicle",
    "point_num_in_lidar": 74,
    "speed": 10.58616965388715,
    "if_vehicle": true,
    "motion_state": true,
    "pose": [
      [
        0.931386738734164,
        -0.36401145767409204,
        0.0037949429667706856,
        27.528368010273425
      ],
      [
        0.3637034354151164,
        0.9309397809024309,
        0.03272514935911062,
        -15.035756646720984
      ],
      [
        -0.015445192694834959,
        -0.02909953634195152,
        0.9994571841791438,
        0.550194623300456
      ],
      [
        0.0,
        0.0,
        0.0,
        1.0
      ]
    ],
    "location": [
      27.528368010273425,
      -15.035756646720984,
      0.550194623300456
    ],
    "rotation": [
      -0.02910711773696052,
      0.015445806846124075,
      0.3722871154848045
    ]
  },
  {
    "label_id": "BzwaeJjv_rcqSUP3iLb76Q",
    "size": [
      2.5000000000008096,
      5.0,
      1.910000000000025
    ],
    "obj_class": "vehicle",
    "point_num_in_lidar": 119,
    "speed": 5.695433295429594e-13,
    "if_vehicle": true,
    "motion_state": false,
    "pose": [
      [
        0.049322578126162635,
        -0.9987756913816372,
        0.0037949429667706856,
        67.23476109629524
      ],
      [
        0.998241791031285,
        0.0494205548135204,
        0.03272514935911062,
        -50.736190169425754
      ],
      [
        -0.032872631863616525,
        0.0021741819280556734,
        0.9994571841791438,
        1.3899629640930584
      ],
      [
        0.0,
        0.0,
        0.0,
        1.0
      ]
    ],
    "location": [
      67.23476109629524,
      -50.736190169425754,
      1.3899629640930584
    ],
    "rotation": [
      0.002175359317962434,
      0.03287855515979547,
      1.521427025398544
    ]
  },
  {
    "label_id": "CnYHYFZccxWIJ0i0V__4mg",
    "size": [
      2.0907980893762206,
      4.8887504448718735,
      1.6399999999999864
    ],
    "obj_class": "vehicle",
    "point_num_in_lidar": 156,
    "speed": 2.8421709430404007e-13,
    "if_vehicle": true,
    "motion_state": false,
    "pose": [
      [
        -0.9738091901451363,
        0.22733512618324678,
        0.0037949429667706856,
        77.51066411980992
      ],
      [
        -0.2270940581593706,
        -0.9733228412752535,
        0.03272514935911062,
        -45.97265362180406
      ],
      [
        0.011133280629813794,
        0.031006242195966822,
        0.9994571841791438,
        0.8326581706593856
      ],
      [
        0.0,
        0.0,
        0.0,
        1.0
      ]
    ],
    "location": [
      77.51066411980992,
      -45.97265362180406,
      0.8326581706593856
    ],
    "rotation": [
      0.031013135227256728,
      -0.0111335106375498,
      -2.912485463671909
    ]
  },
  {
    "label_id": "CsEPiVQ6ojblTHuTloW2Zg",
    "size": [
      2.781782148964396,
      5.839150534278615,
      2.089999999999975
    ],
    "obj_class": "vehicle",
    "point_num_in_lidar": 8685,
    "speed": 10.87677947064713,
    "if_vehicle": true,
    "motion_state": true,
    "pose": [
      [
        -0.9999403905111512,
        -0.010237862681493624,
        0.0037949429667706856,
        70.54576758929596
      ],
      [
        0.010356637232213485,
        -0.9994107287120065,
        0.03272514935911062,
        1.7939893464044872
      ],
      [
        0.003457671130470852,
        0.03276250147730861,
        0.9994571841791438,
        0.6958726678770972
      ],
      [
        0.0,
        0.0,
        0.0,
        1.0
      ]
    ],
    "location": [
      70.54576758929596,
      1.7939893464044872,
      0.6958726678770972
    ],
    "rotation": [
      0.032768561373500024,
      -0.003457678020199819,
      3.1312357692933936
    ]
  },
  {
    "label_id": "Dj8cdNUlibv1r9l6q-5sPg",
    "size": [
      2.183327160412381,
      4.754323627050555,
      1.8899999999999864
    ],
    "obj_class": "vehicle",
    "point_num_in_lidar": 75,
    "speed": 2.8421709430404007e-13,
    "if_vehicle": true,
    "motion_state": false,
    "pose": [
      [
        -0.9990550892820668,
        0.043295807966598696,
        0.0037949429667706856,
        74.56333009327972
      ],
      [
        -0.04314885500240432,
        -0.9985325437417678,
        0.03272514935911062,
        -41.02799027625224
      ],
      [
        0.005206235836294777,
        0.032530479570919646,
        0.9994571841791438,
        1.0064090467421352
      ],
      [
        0.0,
        0.0,
        0.0,
        1.0
      ]
    ],
    "location": [
      74.56333009327972,
      -41.02799027625224,
      1.0064090467421352
    ],
    "rotation": [
      0.03253666088112669,
      -0.005206259355657965,
      -3.0984298127675256
    ]
  },
  {
    "label_id": "E-3eMFrCvL5KnRE05weLVQ",
    "size": [
      1.0757764199166777,
      1.0782595092493514,
      1.1000000000000227
    ],
    "obj_class": "sign",
    "point_num_in_lidar": 32,
    "speed": 0.021171375131147706,
    "if_vehicle": false,
    "motion_state": false,
    "pose": [
      [
        -0.9999836854761249,
        0.004269331266758157,
        0.0037949429667706856,
        14.211995880223753
      ],
      [
        -0.004142885421053191,
        -0.9994558024744324,
        0.03272514935911062,
        10.172271131070374
      ],
      [
        0.003932592271566681,
        0.03270889344998932,
        0.9994571841791438,
        0.4256293351720615
      ],
      [
        0.0,
        0.0,
        0.0,
        1.0
      ]
    ],
    "location": [
      14.211995880223753,
      10.172271131070374,
      0.4256293351720615
    ],
    "rotation": [
      0.03271498171084252,
      -0.00393260240807862,
      -3.137449724281488
    ]
  },
  {
    "label_id": "EdejuZc2PvFVXU-tGX6hpA",
    "size": [
      1.9756668497276755,
      4.805468001690314,
      2.1299999999999955
    ],
    "obj_class": "vehicle",
    "point_num_in_lidar": 508,
    "speed": 5.685035733124714e-13,
    "if_vehicle": true,
    "motion_state": false,
    "pose": [
      [
        0.9990979692919193,
        -0.04229475339379662,
        0.0037949429667706856,
        91.94868537838215
      ],
      [
        0.04214832408335205,
        0.9985752767700533,
        0.03272514935911062,
        -32.98551718093768
      ],
      [
        -0.00517363834528835,
        -0.03253567978342088,
        0.9994571841791438,
        0.9198025838053354
      ],
      [
        0.0,
        0.0,
        0.0,
        1.0
      ]
    ],
    "location": [
      91.94868537838215,
      -32.98551718093768,
      0.9198025838053354
    ],
    "rotation": [
      -0.03254185841086949,
      0.00517366142562723,
      0.0421613779497658
    ]
  },
  {
    "label_id": "H3DwwpYuUX_SQkr7Z22XQg",
    "size": [
      2.222821323529191,
      4.832844050403539,
      2.0
    ],
    "obj_class": "vehicle",
    "point_num_in_lidar": 246,
    "speed": 6.0938462070739545,
    "if_vehicle": true,
    "motion_state": true,
    "pose": [
      [
        0.9898151441059436,
        -0.14230804231106983,
        0.0037949429667706856,
        40.86622146508242
      ],
      [
        0.1421099166459487,
        0.9893097776684032,
        0.03272514935911062,
        -8.85118441114173
      ],
      [
        -0.008411426122352572,
        -0.03185254940009269,
        0.9994571841791438,
        0.8803781713043577
      ],
      [
        0.0,
        0.0,
        0.0,
        1.0
      ]
    ],
    "location": [
      40.86622146508242,
      -8.85118441114173,
      0.8803781713043577
    ],
    "rotation": [
      -0.03185906549579234,
      0.008411525313172867,
      0.1425977193728752
    ]
  },
  {
    "label_id": "IfcPgF5DX-ynhXlY8BCLMw",
    "size": [
      0.8861319478942705,
      0.9385848513966977,
      1.8899999999999864
    ],
    "obj_class": "pedestrian",
    "point_num_in_lidar": 24,
    "speed": 1.1205725180627626,
    "if_vehicle": false,
    "motion_state": true,
    "pose": [
      [
        -0.9546839735765318,
        0.2975972261362712,
        0.0037949429667706856,
        9.462368879548194
      ],
      [
        -0.29732140528063056,
        -0.9542164568699153,
        0.03272514935911062,
        -31.11789090599632
      ],
      [
        0.013360110705941822,
        0.03011385785020111,
        0.9994571841791438,
        1.1113923735179583
      ],
      [
        0.0,
        0.0,
        0.0,
        1.0
      ]
    ],
    "location": [
      9.462368879548194,
      -31.11789090599632,
      1.1113923735179583
    ],
    "rotation": [
      0.03012110026857613,
      -0.013360508184591469,
      -2.8396788993235718
    ]
  },
  {
    "label_id": "LbUGWTzSUC9dY1cvhbjrJA",
    "size": [
      0.7737949986985764,
      0.13591550750410678,
      0.8299999999999841
    ],
    "obj_class": "sign",
    "point_num_in_lidar": 48,
    "speed": 0.03304701470226762,
    "if_vehicle": false,
    "motion_state": false,
    "pose": [
      [
        0.9999927991780135,
        -2.5609159546573588e-14,
        0.0037949429667706856,
        41.94078409967281
      ],
      [
        -0.00012419096964834937,
        0.9994643811442341,
        0.03272514935911062,
        15.20623403877471
      ],
      [
        -0.003792910323761965,
        -0.03272538500878241,
        0.9994571841791438,
        2.2789030005817494
      ],
      [
        0.0,
        0.0,
        0.0,
        1.0
      ]
    ],
    "location": [
      41.94078409967281,
      15.20623403877471,
      2.2789030005817494
    ],
    "rotation": [
      -0.032731464563775875,
      0.003792919418062152,
      -0.0001241918632933577
    ]
  },
  {
    "label_id": "SB3IWQ3OLd3pPl3HixU_Yw",
    "size": [
      2.1966887682582343,
      4.979975887518041,
      1.7900000000000205
    ],
    "obj_class": "vehicle",
    "point_num_in_lidar": 140,
    "speed": 8.526975409500173e-13,
    "if_vehicle": true,
    "motion_state": false,
    "pose": [
      [
        0.999140831887687,
        -0.041269800855587624,
        0.0037949429667706856,
        91.75994395482587
      ],
      [
        0.04112390782926237,
        0.9986179894255232,
        0.03272514935911062,
        -38.08935810194998
      ],
      [
        -0.005140258712480928,
        -0.0325409700695278,
        0.9994571841791438,
        0.9444942696052294
      ],
      [
        0.0,
        0.0,
        0.0,
        1.0
      ]
    ],
    "location": [
      91.75994395482587,
      -38.08935810194998,
      0.9444942696052294
    ],
    "rotation": [
      -0.03254714596594478,
      0.005140281348958457,
      0.04113605171643669
    ]
  },
  {
    "label_id": "Sv6Kp_7Yn7_dppLzJAxahA",
    "size": [
      2.2878795860028736,
      4.83846683002856,
      2.0
    ],
    "obj_class": "vehicle",
    "point_num_in_lidar": 207,
    "speed": 9.84557986943827,
    "if_vehicle": true,
    "motion_state": true,
    "pose": [
      [
        -0.9998274622504191,
        -0.018183622789908253,
        0.0037949429667706856,
        35.48196864322583
      ],
      [
        0.01829818460268936,
        -0.9992968733262751,
        0.03272514935911062,
        2.9013104955847666
      ],
      [
        0.00319721286945601,
        0.03278894360244815,
        0.9994571841791438,
        0.787630918803643
      ],
      [
        0.0,
        0.0,
        0.0,
        1.0
      ]
    ],
    "location": [
      35.48196864322583,
      2.9013104955847666,
      0.787630918803643
    ],
    "rotation": [
      0.032794989438495105,
      -0.0031972183165567165,
      3.1232933541827146
    ]
  },
  {
    "label_id": "SvD0AwZbUZS6wEKPI_DiwQ",
    "size": [
      2.5118529045355684,
      6.021860427745784,
      2.0
    ],
    "obj_class": "vehicle",
    "point_num_in_lidar": 25,
    "speed": 2.847716647714797e-13,
    "if_vehicle": true,
    "motion_state": false,
    "pose": [
      [
        0.996454904903306,
        -0.08404297056876465,
        0.0037949429667706856,
        46.55912616085729
      ],
      [
        0.0838748088357247,
        0.9959387938232923,
        0.03272514935911062,
        -35.82613785023386
      ],
      [
        -0.006529849685399944,
        -0.03229083547669869,
        0.9994571841791438,
        0.9426308719247345
      ],
      [
        0.0,
        0.0,
        0.0,
        1.0
      ]
    ],
    "location": [
      46.55912616085729,
      -35.82613785023386,
      0.9426308719247345
    ],
    "rotation": [
      -0.03229713851461061,
      0.006529896090598482,
      0.08397525900486896
    ]
  },
  {
    "label_id": "Ur7CjvsdRoHiW7R9ugWg7Q",
    "size": [
      3.4923126404544975,
      10.8614142068209,
      3.359999999999957
    ],
    "obj_class": "vehicle",
    "point_num_in_lidar": 2865,
    "speed": 0.048347508143552716,
    "if_vehicle": true,
    "motion_state": false,
    "pose": [
      [
        0.9984390950531316,
        -0.0557222745171311,
        0.0037949429667706856,
        67.82579111679212
      ],
      [
        0.05556883163810316,
        0.9979184182836791,
        0.03272514935911062,
        28.256936375293662
      ],
      [
        -0.005610563239079054,
        -0.03246318796479229,
        0.9994571841791438,
        1.2900687383677791
      ],
      [
        0.0,
        0.0,
        0.0,
        1.0
      ]
    ],
    "location": [
      67.82579111679212,
      28.256936375293662,
      1.2900687383677791
    ],
    "rotation": [
      -0.032469403831826546,
      0.00561059267477357,
      0.055598345887409244
    ]
  },
  {
    "label_id": "VAu1HvOu0mnP4qGoOCH20A",
    "size": [
      2.0963389605203737,
      4.859404279943998,
      1.7099999999999795
    ],
    "obj_class": "vehicle",
    "point_num_in_lidar": 68,
    "speed": 8.526975409500173e-13,
    "if_vehicle": true,
    "motion_state": false,
    "pose": [
      [
        0.9999927991780135,
        1.4830456832629574e-16,
        0.0037949429667706856,
        92.08413216295565
      ],
      [
        -0.00012419096967409275,
        0.9994643811442341,
        0.03272514935911062,
        -40.72520655112021
      ],
      [
        -0.003792910323761123,
        -0.032725385008782505,
        0.9994571841791438,
        0.8482057637639286
      ],
      [
        0.0,
        0.0,
        0.0,
        1.0
      ]
    ],
    "location": [
      92.08413216295565,
      -40.72520655112021,
      0.8482057637639286
    ],
    "rotation": [
      -0.03273146456377597,
      0.0037929194180613096,
      -0.00012419186331910127
    ]
  },
  {
    "label_id": "W-H_9qMoWYzKHr_v15Tfcw",
    "size": [
      2.2964108165069774,
      4.88926908299579,
      1.5300000000000296
    ],
    "obj_class": "vehicle",
    "point_num_in_lidar": 3402,
    "speed": 0.03271241200488461,
    "if_vehicle": true,
    "motion_state": false,
    "pose": [
      [
        0.9999927991780135,
        -2.957846415237669e-16,
        0.0037949429667706856,
        69.18243067487242
      ],
      [
        -0.00012419096967364895,
        0.9994643811442341,
        0.03272514935911062,
        -6.406129615612372
      ],
      [
        -0.0037929103237611373,
        -0.032725385008782505,
        0.9994571841791438,
        0.5312487639491223
      ],
      [
        0.0,
        0.0,
        0.0,
        1.0
      ]
    ],
    "location": [
      69.18243067487242,
      -6.406129615612372,
      0.5312487639491223
    ],
    "rotation": [
      -0.03273146456377597,
      0.003792919418061324,
      -0.00012419186331865748
    ]
  },
  {
    "label_id": "XeKqDUCwf7e6iNPvqmuHhg",
    "size": [
      2.317212140509273,
      5.562277938287438,
      1.8799999999999955
    ],
    "obj_class": "vehicle",
    "point_num_in_lidar": 274,
    "speed": 1.4224448445550967e-12,
    "if_vehicle": true,
    "motion_state": false,
    "pose": [
      [
        0.012109527420615062,
        0.9999194756346775,
        0.0037949429667706856,
        77.76222411883208
      ],
      [
        -0.9993926002514416,
        0.011978946618381416,
        0.03272514935911062,
        26.534995088390133
      ],
      [
        0.032677054768009646,
        -0.00418892401287475,
        0.9994571841791438,
        0.014882569285248337
      ],
      [
        0.0,
        0.0,
        0.0,
        1.0
      ]
    ],
    "location": [
      77.76222411883208,
      26.534995088390133,
      0.014882569285248337
    ],
    "rotation": [
      -0.004191174521216087,
      -0.032682872935657185,
      -1.5586800325240442
    ]
  },
  {
    "label_id": "Z67WmbNwGB3yYF5YWXBMcA",
    "size": [
      1.9846299667131917,
      5.00387483608972,
      1.910000000000025
    ],
    "obj_class": "vehicle",
    "point_num_in_lidar": 206,
    "speed": 8.526975409500173e-13,
    "if_vehicle": true,
    "motion_state": false,
    "pose": [
      [
        -0.9984655898882879,
        0.05524549046675445,
        0.0037949429667706856,
        74.2594434368599
      ],
      [
        -0.05509229624038818,
        -0.9979448399056859,
        0.03272514935911062,
        -38.14790694630028
      ],
      [
        0.005595060678367042,
        0.032465863436886004,
        0.9994571841791438,
        0.9851099338166591
      ],
      [
        0.0,
        0.0,
        0.0,
        1.0
      ]
    ],
    "location": [
      74.2594434368599,
      -38.14790694630028,
      0.9851099338166591
    ],
    "rotation": [
      0.03247207793557598,
      -0.005595089870731341,
      -3.086471586561322
    ]
  },
  {
    "label_id": "efswYipYN6Gj-H0yoVmYIA",
    "size": [
      2.077763472806252,
      5.055615872536725,
      2.180000000000007
    ],
    "obj_class": "vehicle",
    "point_num_in_lidar": 1483,
    "speed": 15.113003997368795,
    "if_vehicle": true,
    "motion_state": true,
    "pose": [
      [
        0.9998528003975593,
        -0.016732481735755114,
        0.0037949429667706856,
        66.13979885958179
      ],
      [
        0.016599466344023314,
        0.9993265343802883,
        0.03272514935911062,
        -20.09253368186546
      ],
      [
        -0.004339960167104976,
        -0.03265733820208075,
        0.9994571841791438,
        0.6357223769518328
      ],
      [
        0.0,
        0.0,
        0.0,
        1.0
      ]
    ],
    "location": [
      66.13979885958179,
      -20.09253368186546,
      0.6357223769518328
    ],
    "rotation": [
      -0.03266345356419376,
      0.004339973791262651,
      0.016600385099037804
    ]
  },
  {
    "label_id": "f2hTpLkH2Z9Bk9sAi0pFQA",
    "size": [
      0.8511380701020419,
      0.7466152022602033,
      1.6800000000000068
    ],
    "obj_class": "pedestrian",
    "point_num_in_lidar": 221,
    "speed": 0.08568692592879391,
    "if_vehicle": false,
    "motion_state": false,
    "pose": [
      [
        -0.18471491091630837,
        0.9827848188149119,
        0.0037949429667706856,
        69.58295273885017
      ],
      [
        -0.9822425537646714,
        -0.18473935740193648,
        0.03272514935911062,
        15.769986734849226
      ],
      [
        0.03286285530864268,
        0.002317268577518887,
        0.9994571841791438,
        0.4662172694650053
      ],
      [
        0.0,
        0.0,
        0.0,
        1.0
      ]
    ],
    "location": [
      69.58295273885017,
      15.769986734849226,
      0.4662172694650053
    ],
    "rotation": [
      0.002318522956262381,
      -0.032868773319788894,
      -1.756679673153972
    ]
  },
  {
    "label_id": "fkrkuGRK25Xb0AGKMZRdlQ",
    "size": [
      2.084448294863251,
      4.759121630873889,
      1.5299999999999727
    ],
    "obj_class": "vehicle",
    "point_num_in_lidar": 901,
    "speed": 0.0656241070082431,
    "if_vehicle": true,
    "motion_state": false,
    "pose": [
      [
        0.9999927991780135,
        5.923937781763584e-16,
        0.0037949429667706856,
        60.012391861692436
      ],
      [
        -0.00012419096967453654,
        0.9994643811442341,
        0.03272514935911062,
        -6.6313731277896295
      ],
      [
        -0.0037929103237611082,
        -0.032725385008782505,
        0.9994571841791438,
        0.5556544394378307
      ],
      [
        0.0,
        0.0,
        0.0,
        1.0
      ]
    ],
    "location": [
      60.012391861692436,
      -6.6313731277896295,
      0.5556544394378307
    ],
    "rotation": [
      -0.03273146456377597,
      0.003792919418061295,
      -0.00012419186331954506
    ]
  },
  {
    "label_id": "hiYNFf2z5j5p07OXAMqSMg",
    "size": [
      2.078317988469719,
      5.074564979926786,
      1.759999999999991
    ],
    "obj_class": "vehicle",
    "point_num_in_lidar": 42,
    "speed": 1.7763568394002505e-14,
    "if_vehicle": true,
    "motion_state": false,
    "pose": [
      [
        0.9978457109484986,
        0.06549454595280883,
        0.0037949429667706856,
        69.55830036354996
      ],
      [
        -0.06558386152318638,
        0.9973102935932886,
        0.03272514935911062,
        42.13208642207428
      ],
      [
        -0.0016414168858470556,
        -0.03290353694215861,
        0.9994571841791438,
        -0.25335688025620584
      ],
      [
        0.0,
        0.0,
        0.0,
        1.0
      ]
    ],
    "location": [
      69.55830036354996,
      42.13208642207428,
      -0.25335688025620584
    ],
    "rotation": [
      -0.0329095213150499,
      0.0016414176229123574,
      -0.06563105665133911
    ]
  },
  {
    "label_id": "iPSgV7kGE1SGsuGMHfK0jA",
    "size": [
      0.692946177146626,
      0.09590117404070153,
      0.37000000000000455
    ],
    "obj_class": "sign",
    "point_num_in_lidar": 38,
    "speed": 0.049347599640757155,
    "if_vehicle": false,
    "motion_state": false,
    "pose": [
      [
        0.9984442289256543,
        0.05563020881620497,
        0.0037949429667706856,
        60.11411017376281
      ],
      [
        -0.05572481124881448,
        0.99790972037089,
        0.03272514935911062,
        14.902645037083857
      ],
      [
        -0.001966503582404791,
        -0.032885708998857385,
        0.9994571841791438,
        1.7876581706620414
      ],
      [
        0.0,
        0.0,
        0.0,
        1.0
      ]
    ],
    "location": [
      60.11411017376281,
      14.902645037083857,
      1.7876581706620414
    ],
    "rotation": [
      -0.03289170299058095,
      0.001966504849863241,
      -0.055753799493414725
    ]
  },
  {
    "label_id": "iv0I_4_Nh3wHEqvc0NFULA",
    "size": [
      1.2962183796179578,
      1.252317971597332,
      1.0500000000000114
    ],
    "obj_class": "sign",
    "point_num_in_lidar": 22,
    "speed": 3.552713678800501e-14,
    "if_vehicle": false,
    "motion_state": false,
    "pose": [
      [
        -0.9999836854761213,
        0.004269331267628557,
        0.0037949429667706856,
        10.590795298632543
      ],
      [
        -0.004142885421923134,
        -0.9994558024744289,
        0.03272514935911062,
        7.810942993111894
      ],
      [
        0.003932592271595151,
        0.0327088934499859,
        0.9994571841791438,
        0.49122575133526425
      ],
      [
        0.0,
        0.0,
        0.0,
        1.0
      ]
    ],
    "location": [
      10.590795298632543,
      7.810942993111894,
      0.49122575133526425
    ],
    "rotation": [
      0.03271498171083911,
      -0.00393260240810709,
      -3.137449724280618
    ]
  },
  {
    "label_id": "javxMm1GpVekTaCgtDUMew",
    "size": [
      0.5441998650931049,
      0.08514420865730105,
      0.6800000000000068
    ],
    "obj_class": "sign",
    "point_num_in_lidar": 59,
    "speed": 0.0251421113975852,
    "if_vehicle": false,
    "motion_state": false,
    "pose": [
      [
        0.9999927991780135,
        -1.761374655989742e-14,
        0.0037949429667706856,
        60.198318474235805
      ],
      [
        -0.00012419096965634108,
        0.9994643811442341,
        0.03272514935911062,
        14.092047732112405
      ],
      [
        -0.0037929103237617037,
        -0.032725385008782436,
        0.9994571841791438,
        1.0755720395334833
      ],
      [
        0.0,
        0.0,
        0.0,
        1.0
      ]
    ],
    "location": [
      60.198318474235805,
      14.092047732112405,
      1.0755720395334833
    ],
    "rotation": [
      -0.0327314645637759,
      0.0037929194180618903,
      -0.0001241918633013495
    ]
  },
  {
    "label_id": "n6g_U3nt6-5jLn4VDhDt1Q",
    "size": [
      2.24494669588641,
      5.2661979118912425,
      1.5300000000000296
    ],
    "obj_class": "vehicle",
    "point_num_in_lidar": 71,
    "speed": 3.552713678800501e-14,
    "if_vehicle": true,
    "motion_state": false,
    "pose": [
      [
        -0.9989723423493293,
        -0.045164783061292305,
        0.0037949429667706856,
        69.49060121369587
      ],
      [
        0.04526498124081405,
        -0.99843885444863,
        0.03272514935911062,
        47.20936342126333
      ],
      [
        0.0023109942369877894,
        0.03286329713120322,
        0.9994571841791438,
        -0.2748706765761426
      ],
      [
        0.0,
        0.0,
        0.0,
        1.0
      ]
    ],
    "location": [
      69.49060121369587,
      47.20936342126333,
      -0.2748706765761426
    ],
    "rotation": [
      0.03286930318531444,
      -0.0023109962940450492,
      3.0963120797054997
    ]
  },
  {
    "label_id": "nNNrZsPBicV3ZcsF6SQhrg",
    "size": [
      2.193826412926032,
      5.313072584674932,
      1.6100000000000136
    ],
    "obj_class": "vehicle",
    "point_num_in_lidar": 369,
    "speed": 0.01156580601635311,
    "if_vehicle": true,
    "motion_state": false,
    "pose": [
      [
        0.022010997551753408,
        0.9997505260787091,
        0.0037949429667706856,
        51.38220680619628
      ],
      [
        -0.9992249696541398,
        0.021875205578626006,
        0.03272514935911062,
        26.949703514184876
      ],
      [
        0.032633970130217904,
        -0.004512314953234778,
        0.9994571841791438,
        0.4078370647338829
      ],
      [
        0.0,
        0.0,
        0.0,
        1.0
      ]
    ],
    "location": [
      51.38220680619628,
      26.949703514184876,
      0.4078370647338829
    ],
    "rotation": [
      -0.004514734964840096,
      -0.03263976530712104,
      -1.5487718187200357
    ]
  },
  {
    "label_id": "qNByNU2wKM_P8PSNExYl8Q",
    "size": [
      2.213594446318893,
      4.8252520117720366,
      1.5400000000000205
    ],
    "obj_class": "vehicle",
    "point_num_in_lidar": 4565,
    "speed": 0.08123043657729417,
    "if_vehicle": true,
    "motion_state": false,
    "pose": [
      [
        0.9999927991780135,
        1.4830456832629574e-16,
        0.0037949429667706856,
        80.72373950681032
      ],
      [
        -0.00012419096967409275,
        0.9994643811442341,
        0.03272514935911062,
        -6.759144966157692
      ],
      [
        -0.003792910323761123,
        -0.032725385008782505,
        0.9994571841791438,
        0.49512761837860353
      ],
      [
        0.0,
        0.0,
        0.0,
        1.0
      ]
    ],
    "location": [
      80.72373950681032,
      -6.759144966157692,
      0.49512761837860353
    ],
    "rotation": [
      -0.03273146456377597,
      0.0037929194180613096,
      -0.00012419186331910127
    ]
  },
  {
    "label_id": "qQuCVzjlNHld6dvtPfmdtg",
    "size": [
      1.9970526794277272,
      4.483609686188972,
      1.5600000000000023
    ],
    "obj_class": "vehicle",
    "point_num_in_lidar": 75,
    "speed": 0.0,
    "if_vehicle": true,
    "motion_state": false,
    "pose": [
      [
        0.9999927991780135,
        -2.5127612438221265e-15,
        0.0037949429667706856,
        46.00887031526722
      ],
      [
        -0.00012419096967143347,
        0.9994643811442342,
        0.03272514935911062,
        -41.002683759154024
      ],
      [
        -0.00379291032376121,
        -0.0327253850087825,
        0.9994571841791438,
        0.851251797161126
      ],
      [
        0.0,
        0.0,
        0.0,
        1.0
      ]
    ],
    "location": [
      46.00887031526722,
      -41.002683759154024,
      0.851251797161126
    ],
    "rotation": [
      -0.032731464563775965,
      0.0037929194180613968,
      -0.000124191863316442
    ]
  },
  {
    "label_id": "qaXzT3i1eKuXd7MG3Zkv0g",
    "size": [
      2.123929228603809,
      4.712077594084063,
      1.5
    ],
    "obj_class": "vehicle",
    "point_num_in_lidar": 177,
    "speed": 2.8435583831733384e-13,
    "if_vehicle": true,
    "motion_state": false,
    "pose": [
      [
        0.999220880437245,
        0.03928397263638163,
        0.0037949429667706856,
        46.0130637542656
      ],
      [
        -0.039387309230970446,
        0.9986879915524006,
        0.03272514935911062,
        45.54339377800716
      ],
      [
        -0.002504390097595322,
        -0.03284912514719695,
        0.9994571841791438,
        -0.039885653303656454
      ],
      [
        0.0,
        0.0,
        0.0,
        1.0
      ]
    ],
    "location": [
      46.0130637542656,
      45.54339377800716,
      -0.039885653303656454
    ],
    "rotation": [
      -0.032855138811841766,
      0.0025043927155125375,
      -0.039397623945132354
    ]
  },
  {
    "label_id": "ra7t9L9zfrnQymzKE1K3nw",
    "size": [
      2.416217536508914,
      5.165251407556188,
      2.0500000000000114
    ],
    "obj_class": "vehicle",
    "point_num_in_lidar": 110,
    "speed": 2.5579538487363607e-12,
    "if_vehicle": true,
    "motion_state": false,
    "pose": [
      [
        0.9979465302936319,
        -0.06393998031576313,
        0.0037949429667706856,
        74.73326513536023
      ],
      [
        0.06378225619406153,
        0.9974271343783558,
        0.03272514935911062,
        -43.65556942701551
      ],
      [
        -0.005877624494327323,
        -0.032415899231716894,
        0.9994571841791438,
        1.1232995692612917
      ],
      [
        0.0,
        0.0,
        0.0,
        1.0
      ]
    ],
    "location": [
      74.73326513536023,
      -43.65556942701551,
      1.1232995692612917
    ],
    "rotation": [
      -0.03242213920748516,
      0.005877658336716183,
      0.06382668580153744
    ]
  },
  {
    "label_id": "slzRePUL32VlVCupH5t8lw",
    "size": [
      2.9216232952628896,
      10.613183625004126,
      3.6399999999999864
    ],
    "obj_class": "vehicle",
    "point_num_in_lidar": 344,
    "speed": 9.525597083542511,
    "if_vehicle": true,
    "motion_state": true,
    "pose": [
      [
        -0.999767975895645,
        -0.02120360302881975,
        0.0037949429667706856,
        15.821639612887793
      ],
      [
        0.021316561630368443,
        -0.9992370433484151,
        0.03272514935911062,
        2.9797140839909844
      ],
      [
        0.0030981565137223866,
        0.032798451471275594,
        0.9994571841791438,
        1.7586776294808146
      ],
      [
        0.0,
        0.0,
        0.0,
        1.0
      ]
    ],
    "location": [
      15.821639612887793,
      2.9797140839909844,
      1.7586776294808146
    ],
    "rotation": [
      0.03280449224047737,
      -0.0030981614700577764,
      3.1202743749416064
    ]
  }
]