[
  {
    "label_id": "-jGx5h2KM1RTCWtkALlTPg",
    "size": [
      1.9723911586533778,
      4.593513203435377,
      1.6999999999999886
    ],
    "obj_class": "vehicle",
    "point_num_in_lidar": 121,
    "speed": 9.484243634548367,
    "if_vehicle": true,
    "motion_state": true,
    "pose": [
      [
        -0.9996920139617637,
        -0.02471390272187985,
        0.002258369616873171,
        -2.905858778961999
      ],
      [
        0.02476186863269478,
        -0.9993929967393627,
        0.024504855235918492,
        0.033955577740925946
      ],
      [
        0.0016513881706377673,
        0.02455322953441391,
        0.9996971600622562,
        0.6896779045086419
      ],
      [
        0.0,
        0.0,
        0.0,
        1.0
      ]
    ],
    "location": [
      -2.905858778961999,
      0.033955577740925946,
      0.6896779045086419
    ],
    "rotation": [
      0.024555730724521118,
      -0.0016513889212174259,
      3.116828220027191
    ]
  },
  {
    "label_id": "1YQ_kpgKHcSW4kqTyRAkOQ",
    "size": [
      2.113992752620962,
      4.388851756526188,
      1.6100000000000136
    ],
    "obj_class": "vehicle",
    "point_num_in_lidar": 929,
    "speed": 8.569350474712515,
    "if_vehicle": true,
    "motion_state": true,
    "pose": [
      [
        -0.9998368469979121,
        -0.017921471813088247,
        0.002258369616873171,
        28.778391031403032
      ],
      [
        0.01797146812583779,
        -0.9995381625547214,
        0.024504855235918492,
        2.7929168568625755
      ],
      [
        0.0018181635448244987,
        0.024541443412807017,
        0.9996971600622562,
        0.5518105056539184
      ],
      [
        0.0,
        0.0,
        0.0,
        1.0
      ]
    ],
    "location": [
      28.778391031403032,
      2.7929168568625755,
      0.5518105056539184
    ],
    "rotation": [
      0.02454394813668128,
      -0.0018181645465488532,
      3.123620188228991
    ]
  },
  {
    "label_id": "3A8rG2bX-CGR5WhiqeSlFg",
    "size": [
      2.3669891354421697,
      5.706603960836367,
      2.089999999999975
    ],
    "obj_class": "vehicle",
    "point_num_in_lidar": 283,
    "speed": 0.0159187917175657,
    "if_vehicle": true,
    "motion_state": false,
    "pose": [
      [
        -0.9991872238470336,
        -0.04024663299620865,
        0.002258369616873171,
        51.417895654622384
      ],
      [
        0.0402899462371731,
        -0.9988874973199295,
        0.024504855235918492,
        58.32369378056865
      ],
      [
        0.001269619259316577,
        0.024575927864398328,
        0.9996971600622562,
        -0.026460969079209917
      ],
      [
        0.0,
        0.0,
        0.0,
        1.0
      ]
    ],
    "location": [
      51.417895654622384,
      58.32369378056865,
      -0.026460969079209917
    ],
    "rotation": [
      0.02457842222977605,
      -0.0012696196004070347,
      3.1012917665746342
    ]
  },
  {
    "label_id": "AaB0H-SNWGrrmu6BOxOx3g",
    "size": [
      1.9255438066377328,
      4.384545949004037,
      1.8999999999999773
    ],
    "obj_class": "vehicle",
    "point_num_in_lidar": 27,
    "speed": 5.687116766346677e-13,
    "if_vehicle": true,
    "motion_state": false,
    "pose": [
      [
        -0.017602358655148555,
        0.9998425159676143,
        0.002258369616873171,
        11.563095583817756
      ],
      [
        -0.9995438474966756,
        -0.017652450294768175,
        0.024504855235918492,
        -59.95454349215834
      ],
      [
        0.02454086186991198,
        -0.0018259962052638707,
        0.9996971600622562,
        1.6020919378459553
      ],
      [
        0.0,
        0.0,
        0.0,
        1.0
      ]
    ],
    "location": [
      11.563095583817756,
      -59.95454349215834,
      1.6020919378459553
    ],
    "rotation": [
      -0.0018265473260666862,
      -0.024543325842709306,
      -1.5884048983334718
    ]
  },
  {
    "label_id": "CsEPiVQ6ojblTHuTloW2Zg",
    "size": [
      2.7817821489617964,
      5.839150534278615,
      2.089999999999975
    ],
    "obj_class": "vehicle",
    "point_num_in_lidar": 13956,
    "speed": 9.556540645922244,
    "if_vehicle": true,
    "motion_state": true,
    "pose": [
      [
        -0.9996976460000333,
        -0.024485022945985594,
        0.002258369616873171,
        45.39157579719577
      ],
      [
        0.02453305731542925,
        -0.9993986397672474,
        0.024504855235918492,
        2.2764842133437924
      ],
      [
        0.0016570095804552079,
        0.024552850806169483,
        0.9996971600622562,
        0.7826188516486354
      ],
      [
        0.0,
        0.0,
        0.0,
        1.0
      ]
    ],
    "location": [
      45.39157579719577,
      2.2764842133437924,
      0.7826188516486354
    ],
    "rotation": [
      0.0245553521099347,
      -0.0016570103387260292,
      3.1170571009618615
    ]
  },
  {
    "label_id": "DOZnToe-pxe0UDYzM3J2oQ",
    "size": [
      1.9432317308710483,
      4.1752021675165745,
      1.6000000000000227
    ],
    "obj_class": "vehicle",
    "point_num_in_lidar": 759,
    "speed": 16.359588530663302,
    "if_vehicle": true,
    "motion_state": true,
    "pose": [
      [
        0.9999974498800851,
        -1.1041652683235694e-15,
        0.002258369616873171,
        30.67010336522125
      ],
      [
        -5.534116165616811e-05,
        0.9996997094163939,
        0.024504855235918492,
        -16.901011843405286
      ],
      [
        -0.0022576914497429495,
        -0.02450491772639719,
        0.9996971600622562,
        0.5565417709158282
      ],
      [
        0.0,
        0.0,
        0.0,
        1.0
      ]
    ],
    "location": [
      30.67010336522125,
      -16.901011843405286,
      0.5565417709158282
    ],
    "rotation": [
      -0.0245074333582851,
      0.0022576933677204603,
      -5.534130272662926e-05
    ]
  },
  {
    "label_id": "E-3eMFrCvL5KnRE05weLVQ",
    "size": [
      1.0757764199166762,
      1.0782595092493514,
      1.1000000000000227
    ],
    "obj_class": "sign",
    "point_num_in_lidar": 81,
    "speed": 0.02849560517718999,
    "if_vehicle": false,
    "motion_state": false,
    "pose": [
      [
        -0.9999883361358112,
        0.004269351122281275,
        0.002258369616873171,
        14.249905195943825
      ],
      [
        -0.004212739303166061,
        -0.9996908346571104,
        0.024504855235918492,
        10.203787127346004
      ],
      [
        0.002362291238459008,
        0.024495055492168974,
        0.9996971600622562,
        0.276829079112872
      ],
      [
        0.0,
        0.0,
        0.0,
        1.0
      ]
    ],
    "location": [
      14.249905195943825,
      10.203787127346004,
      0.276829079112872
    ],
    "rotation": [
      0.02449757405809834,
      -0.0023622934355606966,
      -3.1373798900712453
    ]
  },
  {
    "label_id": "H3DwwpYuUX_SQkr7Z22XQg",
    "size": [
      2.222821323532121,
      4.832844050403539,
      2.0
    ],
    "obj_class": "vehicle",
    "point_num_in_lidar": 5547,
    "speed": 2.143260722355947,
    "if_vehicle": true,
    "motion_state": true,
    "pose": [
      [
        0.9937912298998788,
        -0.1112379932431344,
        0.002258369616873171,
        50.4191057797139
      ],
      [
        0.11114987540562757,
        0.9935014933391796,
        0.024504855235918492,
        -7.434521896604565
      ],
      [
        -0.004969564508032414,
        -0.024101692721886614,
        0.9996971600622562,
        0.8470444990240367
      ],
      [
        0.0,
        0.0,
        0.0,
        1.0
      ]
    ],
    "location": [
      50.4191057797139,
      -7.434521896604565,
      0.8470444990240367
    ],
    "rotation": [
      -0.02410432445041186,
      0.004969584963460528,
      0.11138140133864172
    ]
  },
  {
    "label_id": "IfcPgF5DX-ynhXlY8BCLMw",
    "size": [
      0.8861319478944227,
      0.9385848513966977,
      1.8899999999999864
    ],
    "obj_class": "pedestrian",
    "point_num_in_lidar": 54,
    "speed": 1.22574393331897,
    "if_vehicle": false,
    "motion_state": true,
    "pose": [
      [
        -0.9867745015462932,
        0.16208325905144597,
        0.002258369616873171,
        6.60257914937489
      ],
      [
        -0.16198039079720364,
        -0.9864896679981254,
        0.024504855235918492,
        -31.664093214651075
      ],
      [
        0.006199685092787827,
        0.023814954717781896,
        0.9996971600622562,
        1.0350335993455246
      ],
      [
        0.0,
        0.0,
        0.0,
        1.0
      ]
    ],
    "location": [
      6.60257914937489,
      -31.664093214651075,
      1.0350335993455246
    ],
    "rotation": [
      0.023817664229281717,
      -0.006199724808755892,
      -2.9788922811637915
    ]
  },
  {
    "label_id": "LbUGWTzSUC9dY1cvhbjrJA",
    "size": [
      0.773794998698577,
      0.13591550750410678,
      0.8299999999999841
    ],
    "obj_class": "sign",
    "point_num_in_lidar": 42,
    "speed": 0.06978855194483344,
    "if_vehicle": false,
    "motion_state": false,
    "pose": [
      [
        0.9999974498800851,
        -6.600760584735068e-16,
        0.002258369616873171,
        41.9769712188758
      ],
      [
        -5.5341161656612e-05,
        0.9996997094163939,
        0.024504855235918492,
        15.24484277384181
      ],
      [
        -0.0022576914497429382,
        -0.02450491772639719,
        0.9996971600622562,
        2.2511780183511405
      ],
      [
        0.0,
        0.0,
        0.0,
        1.0
      ]
    ],
    "location": [
      41.9769712188758,
      15.24484277384181,
      2.2511780183511405
    ],
    "rotation": [
      -0.0245074333582851,
      0.002257693367720449,
      -5.534130272707315e-05
    ]
  },
  {
    "label_id": "NQ2WhKdluq2vlUr0oFNWQA",
    "size": [
      2.072607421368003,
      4.149276177768584,
      1.6000000000000227
    ],
    "obj_class": "vehicle",
    "point_num_in_lidar": 203,
    "speed": 16.492648701881876,
    "if_vehicle": true,
    "motion_state": true,
    "pose": [
      [
        0.9999615332352081,
        -0.008475365276217017,
        0.002258369616873171,
        8.908711179408073
      ],
      [
        0.008417502636611228,
        0.9996642725031385,
        0.024504855235918492,
        -17.21444758839425
      ],
      [
        -0.002465299019259939,
        -0.024484902781211397,
        0.9996971600622562,
        0.6218469533609436
      ],
      [
        0.0,
        0.0,
        0.0,
        1.0
      ]
    ],
    "location": [
      8.908711179408073,
      -17.21444758839425,
      0.6218469533609436
    ],
    "rotation": [
      -0.024487424362623765,
      0.0024653015164911043,
      0.00841762762310893
    ]
  },
  {
    "label_id": "Srk_vu0878FXjTrFz1vvxg",
    "size": [
      2.0593317684661883,
      4.897221917029469,
      1.6399999999999864
    ],
    "obj_class": "vehicle",
    "point_num_in_lidar": 117,
    "speed": 1.1368770508004532e-12,
    "if_vehicle": true,
    "motion_state": false,
    "pose": [
      [
        -0.9999508813516058,
        0.009650629555636406,
        0.002258369616873171,
        34.21813186114352
      ],
      [
        -0.009592417580895872,
        -0.9996536888316975,
        0.024504855235918492,
        63.944039903502926
      ],
      [
        0.0024940747984490397,
        0.024481988366133155,
        0.9996971600622562,
        -0.1443477368093795
      ],
      [
        0.0,
        0.0,
        0.0,
        1.0
      ]
    ],
    "location": [
      34.21813186114352,
      63.944039903502926,
      -0.1443477368093795
    ],
    "rotation": [
      0.024484510812231217,
      -0.00249407738415054,
      -3.132000059060035
    ]
  },
  {
    "label_id": "Sv6Kp_7Yn7_dppLzJAxahA",
    "size": [
      2.2878795860036543,
      4.83846683002856,
      2.0
    ],
    "obj_class": "vehicle",
    "point_num_in_lidar": 383,
    "speed": 8.677619382851372,
    "if_vehicle": true,
    "motion_state": true,
    "pose": [
      [
        -0.9997856241896822,
        -0.020581677053172272,
        0.002258369616873171,
        12.615466706319864
      ],
      [
        0.020630878478423348,
        -0.9994868077784094,
        0.024504855235918492,
        3.4050429361941497
      ],
      [
        0.0017528596224519034,
        0.024546194136845643,
        0.9996971600622562,
        0.7364201489281754
      ],
      [
        0.0,
        0.0,
        0.0,
        1.0
      ]
    ],
    "location": [
      12.615466706319864,
      3.4050429361941497,
      0.7364201489281754
    ],
    "rotation": [
      0.02454869743715703,
      -0.0017528605200682673,
      3.1209602795988456
    ]
  },
  {
    "label_id": "SvD0AwZbUZS6wEKPI_DiwQ",
    "size": [
      2.511852904535558,
      6.021860427745784,
      2.0
    ],
    "obj_class": "vehicle",
    "point_num_in_lidar": 336,
    "speed": 2.847716647714797e-13,
    "if_vehicle": true,
    "motion_state": false,
    "pose": [
      [
        0.9964595391515669,
        -0.08404336143039776,
        0.002258369616873171,
        46.55912616085729
      ],
      [
        0.08396319288811477,
        0.9961675031388546,
        0.024504855235918492,
        -35.826137850232044
      ],
      [
        -0.004309184827797071,
        -0.02422847683160502,
        0.9996971600622562,
        1.028767357497827
      ],
      [
        0.0,
        0.0,
        0.0,
        1.0
      ]
    ],
    "location": [
      46.55912616085729,
      -35.826137850232044,
      1.028767357497827
    ],
    "rotation": [
      -0.024231072907105217,
      0.004309198164170416,
      0.08406294371432331
    ]
  },
  {
    "label_id": "Z8b5TrwhAlTvaTb_rzuxvw",
    "size": [
      2.323452451007353,
      5.794250754513302,
      1.8100000000000023
    ],
    "obj_class": "vehicle",
    "point_num_in_lidar": 28,
    "speed": 2.8421709430404007e-13,
    "if_vehicle": true,
    "motion_state": false,
    "pose": [
      [
        0.9995328157664791,
        0.030480321071257265,
        0.002258369616873171,
        45.82580012146951
      ],
      [
        -0.030526561271385186,
        0.9992335268228397,
        0.024504855235918492,
        63.50234641180759
      ],
      [
        -0.001509722781742249,
        -0.024562347212390475,
        0.9996971600622562,
        0.11577673407560951
      ],
      [
        0.0,
        0.0,
        0.0,
        1.0
      ]
    ],
    "location": [
      45.82580012146951,
      63.50234641180759,
      0.11577673407560951
    ],
    "rotation": [
      -0.02456484566411705,
      0.0015097233552520193,
      -0.03053133920186169
    ]
  },
  {
    "label_id": "aJSPPnhj2mfCZnxhkJgFDA",
    "size": [
      2.184340596839322,
      5.387151019713068,
      1.920000000000016
    ],
    "obj_class": "vehicle",
    "point_num_in_lidar": 28,
    "speed": 8.528363000094291e-13,
    "if_vehicle": true,
    "motion_state": false,
    "pose": [
      [
        0.9999974498800851,
        -6.600760584735068e-16,
        0.002258369616873171,
        46.60049529145084
      ],
      [
        -5.5341161656612e-05,
        0.9996997094163939,
        0.024504855235918492,
        -52.05103965224589
      ],
      [
        -0.0022576914497429382,
        -0.02450491772639719,
        0.9996971600622562,
        1.021032874674404
      ],
      [
        0.0,
        0.0,
        0.0,
        1.0
      ]
    ],
    "location": [
      46.60049529145084,
      -52.05103965224589,
      1.021032874674404
    ],
    "rotation": [
      -0.0245074333582851,
      0.002257693367720449,
      -5.534130272707315e-05
    ]
  },
  {
    "label_id": "aPFh9SBjb7NjHyWpykds8w",
    "size": [
      2.208564056778335,
      4.902919926976072,
      1.670000000000016
    ],
    "obj_class": "vehicle",
    "point_num_in_lidar": 22,
    "speed": 2.8591206918129106e-13,
    "if_vehicle": true,
    "motion_state": false,
    "pose": [
      [
        -0.9998977783525435,
        -0.014118520188789863,
        0.002258369616873171,
        33.602370512552454
      ],
      [
        0.014169652169027453,
        -0.9995992862278741,
        0.024504855235918492,
        71.51790931941468
      ],
      [
        0.0019114923636934513,
        0.024534350621185787,
        0.9996971600622562,
        0.03972088852873412
      ],
      [
        0.0,
        0.0,
        0.0,
        1.0
      ]
    ],
    "location": [
      33.602370512552454,
      71.51790931941468,
      0.03972088852873412
    ],
    "rotation": [
      0.024536857468366733,
      -0.001911493527731472,
      3.1274225013271577
    ]
  },
  {
    "label_id": "egz2S1wgW1U-xdUQuSz9UA",
    "size": [
      2.1647170838111616,
      4.901394041058951,
      1.740000000000009
    ],
    "obj_class": "vehicle",
    "point_num_in_lidar": 37,
    "speed": 2.842517866562357e-13,
    "if_vehicle": true,
    "motion_state": false,
    "pose": [
      [
        -0.9999852026558868,
        -0.00494916517593746,
        0.002258369616873171,
        12.781728609685956
      ],
      [
        0.005003032089325241,
        -0.9996871919454504,
        0.024504855235918492,
        64.19264281136384
      ],
      [
        0.0021363846044918666,
        0.024515791324805893,
        0.9996971600622562,
        0.2708462080756817
      ],
      [
        0.0,
        0.0,
        0.0,
        1.0
      ]
    ],
    "location": [
      12.781728609685956,
      64.19264281136384,
      0.2708462080756817
    ],
    "rotation": [
      0.024518303716245103,
      -0.0021363862296213164,
      3.136589589211526
    ]
  },
  {
    "label_id": "iHup_TyQroYLLb9o9b4nUQ",
    "size": [
      1.9549742437232611,
      4.55316170265996,
      1.6100000000000136
    ],
    "obj_class": "vehicle",
    "point_num_in_lidar": 86,
    "speed": 0.015005733410680391,
    "if_vehicle": true,
    "motion_state": false,
    "pose": [
      [
        0.013148568026137812,
        0.9999110035025794,
        0.002258369616873171,
        0.2462187617569782
      ],
      [
        -0.9996140164364226,
        0.013089316777811324,
        0.024504855235918492,
        -60.174934209891944
      ],
      [
        0.024473113874316058,
        -0.0025797016793607094,
        0.9996971600622562,
        1.5190793332938597
      ],
      [
        0.0,
        0.0,
        0.0,
        1.0
      ]
    ],
    "location": [
      0.2462187617569782,
      -60.174934209891944,
      1.5190793332938597
    ],
    "rotation": [
      -0.0025804774250202515,
      -0.02447555749346427,
      -1.5576434402066563
    ]
  },
  {
    "label_id": "iXTQZojLqoKlsbwX2uyUog",
    "size": [
      2.0153231307297292,
      4.453522781562739,
      1.4499999999999886
    ],
    "obj_class": "vehicle",
    "point_num_in_lidar": 68,
    "speed": 5.687116766346677e-13,
    "if_vehicle": true,
    "motion_state": false,
    "pose": [
      [
        0.018532133867560825,
        -0.9998257147028117,
        0.002258369616873171,
        1.044120580205231
      ],
      [
        0.9995269997793305,
        0.018581947744967735,
        0.024504855235918492,
        39.29491860755661
      ],
      [
        -0.024542549306150702,
        0.0018031741499087968,
        0.9996971600622562,
        0.3758861418658057
      ],
      [
        0.0,
        0.0,
        0.0,
        1.0
      ]
    ],
    "location": [
      1.044120580205231,
      39.29491860755661,
      0.3758861418658057
    ],
    "rotation": [
      0.0018037184324037792,
      0.024545013787345162,
      1.5522575472096205
    ]
  },
  {
    "label_id": "iv0I_4_Nh3wHEqvc0NFULA",
    "size": [
      1.2962183796179583,
      1.252317971597332,
      1.0500000000000114
    ],
    "obj_class": "sign",
    "point_num_in_lidar": 36,
    "speed": 3.552713678800501e-14,
    "if_vehicle": false,
    "motion_state": false,
    "pose": [
      [
        -0.9999883361358074,
        0.004269351123157449,
        0.002258369616873171,
        10.590795298632514
      ],
      [
        -0.004212739304041975,
        -0.9996908346571067,
        0.024504855235918492,
        7.810942993110075
      ],
      [
        0.0023622912384804705,
        0.024495055492166906,
        0.9996971600622562,
        0.4017411298216871
      ],
      [
        0.0,
        0.0,
        0.0,
        1.0
      ]
    ],
    "location": [
      10.590795298632514,
      7.810942993110075,
      0.4017411298216871
    ],
    "rotation": [
      0.024497574058096272,
      -0.0023622934355821586,
      -3.137379890070369
    ]
  },
  {
    "label_id": "mj1CAQrlPFF_8h2g6gCkwg",
    "size": [
      0.46453528072743294,
      0.07207623213645241,
      0.6200000000000045
    ],
    "obj_class": "sign",
    "point_num_in_lidar": 39,
    "speed": 0.0339104873074177,
    "if_vehicle": false,
    "motion_state": false,
    "pose": [
      [
        0.9999974498800851,
        6.887945195923611e-15,
        0.002258369616873171,
        40.18023399044537
      ],
      [
        -5.534116166415805e-05,
        0.9996997094163939,
        0.024504855235918492,
        15.032402832181106
      ],
      [
        -0.0022576914497427535,
        -0.024504917726397207,
        0.9996971600622562,
        1.1146958690429187
      ],
      [
        0.0,
        0.0,
        0.0,
        1.0
      ]
    ],
    "location": [
      40.18023399044537,
      15.032402832181106,
      1.1146958690429187
    ],
    "rotation": [
      -0.02450743335828512,
      0.0022576933677202642,
      -5.5341302734619224e-05
    ]
  },
  {
    "label_id": "nNNrZsPBicV3ZcsF6SQhrg",
    "size": [
      2.19382641292603,
      5.313072584674932,
      1.6100000000000136
    ],
    "obj_class": "vehicle",
    "point_num_in_lidar": 291,
    "speed": 0.011565806017921544,
    "if_vehicle": true,
    "motion_state": false,
    "pose": [
      [
        0.022011099919082372,
        0.9997551756540326,
        0.002258369616873171,
        51.371918915566994
      ],
      [
        -0.9994587254483109,
        0.021949218553387644,
        0.024504855235918492,
        26.97672662437799
      ],
      [
        0.02444928640246725,
        -0.0027965260359717006,
        0.9996971600622562,
        0.4780141986929607
      ],
      [
        0.0,
        0.0,
        0.0,
        1.0
      ]
    ],
    "location": [
      51.371918915566994,
      26.97672662437799,
      0.4780141986929607
    ],
    "rotation": [
      -0.0027973658955708857,
      -0.02445172288982665,
      -1.5487768658264174
    ]
  },
  {
    "label_id": "qVb7P62syQExYN3zGU9GUQ",
    "size": [
      2.1089292846289602,
      4.762608620569526,
      1.5900000000000318
    ],
    "obj_class": "vehicle",
    "point_num_in_lidar": 133,
    "speed": 11.840482276618118,
    "if_vehicle": true,
    "motion_state": true,
    "pose": [
      [
        0.9952855523345803,
        -0.09696168872664601,
        0.002258369616873171,
        4.510486770685418
      ],
      [
        0.09687773883575507,
        0.9949945807832009,
        0.024504855235918492,
        -12.8562935902537
      ],
      [
        -0.004623097675870889,
        -0.024170542636422022,
        0.9996971600622562,
        0.7889034457013508
      ],
      [
        0.0,
        0.0,
        0.0,
        1.0
      ]
    ],
    "location": [
      4.510486770685418,
      -12.8562935902537,
      0.7889034457013508
    ],
    "rotation": [
      -0.02417315509999825,
      0.004623114144298468,
      0.09703096034458414
    ]
  },
  {
    "label_id": "qaXzT3i1eKuXd7MG3Zkv0g",
    "size": [
      2.123929228603813,
      4.712077594084063,
      1.5
    ],
    "obj_class": "vehicle",
    "point_num_in_lidar": 272,
    "speed": 2.8435583831733384e-13,
    "if_vehicle": true,
    "motion_state": false,
    "pose": [
      [
        0.9992255275493267,
        0.039284155335748444,
        0.002258369616873171,
        46.01306375426557
      ],
      [
        -0.03932775726576539,
        0.9989258428823992,
        0.024504855235918492,
        45.54339377800716
      ],
      [
        -0.001293291233507183,
        -0.0245746935127393,
        0.9996971600622562,
        0.02455007100417106
      ],
      [
        0.0,
        0.0,
        0.0,
        1.0
      ]
    ],
    "location": [
      46.01306375426557,
      45.54339377800716,
      0.02455007100417106
    ],
    "rotation": [
      -0.024577188249901478,
      0.001293291594034418,
      -0.039337935103651044
    ]
  },
  {
    "label_id": "r4wwsWiKAZswTekkzLzBIA",
    "size": [
      2.4237895353289725,
      5.319976989004658,
      1.7099999999999795
    ],
    "obj_class": "vehicle",
    "point_num_in_lidar": 231,
    "speed": 1.4210854715202004e-12,
    "if_vehicle": true,
    "motion_state": false,
    "pose": [
      [
        0.9999974498800851,
        -6.600760584735068e-16,
        0.002258369616873171,
        62.93466584040209
      ],
      [
        -5.5341161656612e-05,
        0.9996997094163939,
        0.024504855235918492,
        40.13185039699965
      ],
      [
        -0.0022576914497429382,
        -0.02450491772639719,
        0.9996971600622562,
        -0.035721775981755854
      ],
      [
        0.0,
        0.0,
        0.0,
        1.0
      ]
    ],
    "location": [
      62.93466584040209,
      40.13185039699965,
      -0.035721775981755854
    ],
    "rotation": [
      -0.0245074333582851,
      0.002257693367720449,
      -5.534130272707315e-05
    ]
  },
  {
    "label_id": "sNxEFUZvJYSpMezg8nREBQ",
    "size": [
      1.973636612202486,
      4.746781675608078,
      1.6200000000000045
    ],
    "obj_class": "vehicle",
    "point_num_in_lidar": 100,
    "speed": 8.881784197001252e-15,
    "if_vehicle": true,
    "motion_state": false,
    "pose": [
      [
        0.9994287520501214,
        -0.033720458807826995,
        0.002258369616873171,
        24.6448461876347
      ],
      [
        0.03365510914800406,
        0.9991330470453385,
        0.024504855235918492,
        -40.169947968257475
      ],
      [
        -0.003082726678235658,
        -0.0244148512116505,
        0.9996971600622562,
        1.253389859787319
      ],
      [
        0.0,
        0.0,
        0.0,
        1.0
      ]
    ],
    "location": [
      24.6448461876347,
      -40.169947968257475,
      1.253389859787319
    ],
    "rotation": [
      -0.02441739346184615,
      0.0030827315608865052,
      0.03366162573100828
    ]
  },
  {
    "label_id": "slzRePUL32VlVCupH5t8lw",
    "size": [
      2.921623295263857,
      10.613183625004126,
      3.6399999999999864
    ],
    "obj_class": "vehicle",
    "point_num_in_lidar": 514,
    "speed": 9.347216902306789,
    "if_vehicle": true,
    "motion_state": true,
    "pose": [
      [
        -0.9997408767594754,
        -0.02265124947699265,
        0.002258369616873171,
        -7.197096310817244
      ],
      [
        0.022699832228838153,
        -0.9994419591385231,
        0.024504855235918492,
        3.542509598086326
      ],
      [
        0.0017020437650002588,
        0.0245497700698349,
        0.9996971600622562,
        1.7586776294809852
      ],
      [
        0.0,
        0.0,
        0.0,
        1.0
      ]
    ],
    "location": [
      -7.197096310817244,
      3.542509598086326,
      1.7586776294809852
    ],
    "rotation": [
      0.024552272297880984,
      -0.0017020445867914557,
      3.118890838549451
    ]
  },
  {
    "label_id": "sxF7chq_MPJ-F1tXt3y3Jg",
    "size": [
      2.0544105195876954,
      4.689719715929437,
      1.7300000000000182
    ],
    "obj_class": "vehicle",
    "point_num_in_lidar": 36,
    "speed": 8.526512829121202e-13,
    "if_vehicle": true,
    "motion_state": false,
    "pose": [
      [
        0.9999974498800852,
        -1.548254478173632e-15,
        0.002258369616873171,
        24.691768304807283
      ],
      [
        -5.534116165572423e-05,
        0.9996997094163939,
        0.024504855235918492,
        55.33201447860665
      ],
      [
        -0.0022576914497429604,
        -0.02450491772639719,
        0.9996971600622562,
        0.43269654040091154
      ],
      [
        0.0,
        0.0,
        0.0,
        1.0
      ]
    ],
    "location": [
      24.691768304807283,
      55.33201447860665,
      0.43269654040091154
    ],
    "rotation": [
      -0.0245074333582851,
      0.002257693367720471,
      -5.534130272618537e-05
    ]
  }
]