[
  {
    "label_id": "-IT4cJc75DEwKy8V7tfNNA",
    "size": [
      0.692946177146628,
      0.09590117404070153,
      0.6100000000000136
    ],
    "obj_class": "sign",
    "point_num_in_lidar": 47,
    "speed": 0.05807316184944817,
    "if_vehicle": false,
    "motion_state": false,
    "pose": [
      [
        0.9984409236951274,
        0.05563002465905506,
        0.004585002426777355,
        60.09088925285715
      ],
      [
        -0.05575375411531595,
        0.9978697959524481,
        0.033873134308306345,
        14.914936117869729
      ],
      [
        -0.002690872139199233,
        -0.03407595460515517,
        0.9994156235145005,
        2.288796335808172
      ],
      [
        0.0,
        0.0,
        0.0,
        1.0
      ]
    ],
    "location": [
      60.09088925285715,
      14.914936117869729,
      2.288796335808172
    ],
    "rotation": [
      -0.03408267616082858,
      0.0026908753865511137,
      -0.055782881676314476
    ]
  },
  {
    "label_id": "-jGx5h2KM1RTCWtkALlTPg",
    "size": [
      1.9723911586542942,
      4.593513203435377,
      1.6999999999999886
    ],
    "obj_class": "vehicle",
    "point_num_in_lidar": 72,
    "speed": 10.832991223964644,
    "if_vehicle": true,
    "motion_state": true,
    "pose": [
      [
        -0.9997680653621408,
        -0.021042652750750086,
        0.004585002426777355,
        30.060477738660097
      ],
      [
        0.02118607367977718,
        -0.9992015617752839,
        0.033873134308306345,
        -0.7812122673385602
      ],
      [
        0.0038685609827501907,
        0.033962416154403055,
        0.9994156235145005,
        0.6607731598153919
      ],
      [
        0.0,
        0.0,
        0.0,
        1.0
      ]
    ],
    "location": [
      30.060477738660097,
      -0.7812122673385602,
      0.6607731598153919
    ],
    "rotation": [
      0.03396920279910659,
      -0.0038685706321436733,
      3.1204048361256826
    ]
  },
  {
    "label_id": "1YQ_kpgKHcSW4kqTyRAkOQ",
    "size": [
      2.1139927526224294,
      4.388851756526188,
      1.6100000000000136
    ],
    "obj_class": "vehicle",
    "point_num_in_lidar": 356,
    "speed": 10.926846461611458,
    "if_vehicle": true,
    "motion_state": true,
    "pose": [
      [
        -0.9997624392490991,
        -0.02130828053686478,
        0.004585002426777355,
        61.005236984603926
      ],
      [
        0.02145155094640588,
        -0.999195897576709,
        0.033873134308306345,
        2.26288480679068
      ],
      [
        0.003859537366710898,
        0.03396344279423211,
        0.9994156235145005,
        0.46781157379558636
      ],
      [
        0.0,
        0.0,
        0.0,
        1.0
      ]
    ],
    "location": [
      61.005236984603926,
      2.26288480679068,
      0.46781157379558636
    ],
    "rotation": [
      0.03397022885431139,
      -0.0038595469487383493,
      3.1201392972693287
    ]
  },
  {
    "label_id": "4o7tLL-nnbFrIN5AD4yvcQ",
    "size": [
      2.891153632350622,
      6.603173532656209,
      1.7699999999999818
    ],
    "obj_class": "vehicle",
    "point_num_in_lidar": 6989,
    "speed": 11.158219553304619,
    "if_vehicle": true,
    "motion_state": true,
    "pose": [
      [
        -0.9999021597896137,
        -0.013215468240373238,
        0.004585002426777355,
        86.08794378167056
      ],
      [
        0.013363319566096061,
        -0.9993367963115868,
        0.033873134308306345,
        1.6979877071153169
      ],
      [
        0.004134312305603214,
        0.03393109100635953,
        0.9994156235145005,
        0.41265817065965393
      ],
      [
        0.0,
        0.0,
        0.0,
        1.0
      ]
    ],
    "location": [
      86.08794378167056,
      1.6979877071153169,
      0.41265817065965393
    ],
    "rotation": [
      0.033937895454907704,
      -0.004134324083342335,
      3.128228822040373
    ]
  },
  {
    "label_id": "6EPqae0a4HybOn0iS8MPNQ",
    "size": [
      0.639573095410015,
      0.12297052049865521,
      0.6899999999999977
    ],
    "obj_class": "sign",
    "point_num_in_lidar": 40,
    "speed": 0.02217303413339139,
    "if_vehicle": false,
    "motion_state": false,
    "pose": [
      [
        0.9999894888211308,
        -3.19411079040389e-16,
        0.004585002426777355,
        60.65551790504958
      ],
      [
        -0.00015531003549738436,
        0.9994261286613055,
        0.033873134308306345,
        4.426198390732679
      ],
      [
        -0.004582371225296794,
        -0.03387349035862243,
        0.9994156235145005,
        0.4533427607449312
      ],
      [
        0.0,
        0.0,
        0.0,
        1.0
      ]
    ],
    "location": [
      60.65551790504958,
      4.426198390732679,
      0.4533427607449312
    ],
    "rotation": [
      -0.03388032737119951,
      0.0045823872623164275,
      -0.0001553116667573127
    ]
  },
  {
    "label_id": "6op4sOifQPDRFwp7m8RASw",
    "size": [
      0.23127971834264177,
      0.05598672701632175,
      0.6200000000000045
    ],
    "obj_class": "sign",
    "point_num_in_lidar": 24,
    "speed": 0.06570710197138865,
    "if_vehicle": false,
    "motion_state": false,
    "pose": [
      [
        -0.024441450196555446,
        0.9996907488143699,
        0.004585002426777355,
        71.43268557711053
      ],
      [
        -0.9991237609121331,
        -0.024582944350221795,
        0.033873134308306345,
        14.710271161527999
      ],
      [
        0.03397537186086359,
        -0.0037530763432353452,
        0.9994156235145005,
        0.8673812601166446
      ],
      [
        0.0,
        0.0,
        0.0,
        1.0
      ]
    ],
    "location": [
      71.43268557711053,
      14.710271161527999,
      0.8673812601166446
    ],
    "rotation": [
      -0.0037552531830071316,
      -0.03398191170044225,
      -1.5952543342819088
    ]
  },
  {
    "label_id": "73tqbCl2lxFaMhBWaL_RWQ",
    "size": [
      0.9999999999988171,
      1.0,
      1.9700000000000273
    ],
    "obj_class": "pedestrian",
    "point_num_in_lidar": 161,
    "speed": 0.02531745708668448,
    "if_vehicle": false,
    "motion_state": false,
    "pose": [
      [
        -0.6222985497544797,
        -0.7827665633675328,
        0.004585002426777355,
        69.30825400234039
      ],
      [
        0.7824222294617854,
        -0.6218263950783857,
        0.033873134308306345,
        13.125963148968367
      ],
      [
        -0.023663681402531212,
        0.024666610176544583,
        0.9994156235145005,
        0.5557664957265729
      ],
      [
        0.0,
        0.0,
        0.0,
        1.0
      ]
    ],
    "location": [
      69.30825400234039,
      13.125963148968367,
      0.5557664957265729
    ],
    "rotation": [
      0.024676023511094138,
      0.02366589045045271,
      2.2426947050286254
    ]
  },
  {
    "label_id": "7w2rLpTBuuffn6LTIsWgWA",
    "size": [
      1.0289849287837283,
      2.0935588602978576,
      2.0500000000000114
    ],
    "obj_class": "vehicle",
    "point_num_in_lidar": 77,
    "speed": 8.881784197001252e-15,
    "if_vehicle": true,
    "motion_state": false,
    "pose": [
      [
        0.9993232453015434,
        -0.036496974569653166,
        0.004585002426777355,
        89.6753748930052
      ],
      [
        0.036321206851999084,
        0.9987659288867166,
        0.033873134308306345,
        -46.71379404827712
      ],
      [
        -0.005815611129172837,
        -0.03368367768395185,
        0.9994156235145005,
        1.2672289103406342
      ],
      [
        0.0,
        0.0,
        0.0,
        1.0
      ]
    ],
    "location": [
      89.6753748930052,
      -46.71379404827712,
      1.2672289103406342
    ],
    "rotation": [
      -0.03369062041763463,
      0.005815643911625021,
      0.03632981223829525
    ]
  },
  {
    "label_id": "ALTrTMUBSUahdXBNgwPAiw",
    "size": [
      2.030171507968787,
      4.1760626304186,
      1.5500000000000114
    ],
    "obj_class": "vehicle",
    "point_num_in_lidar": 63,
    "speed": 8.674810992101614,
    "if_vehicle": true,
    "motion_state": true,
    "pose": [
      [
        0.8544514585250576,
        -0.5195110035188363,
        0.004585002426777355,
        20.385259177167768
      ],
      [
        0.5190856223592507,
        0.8540507756755688,
        0.033873134308306345,
        -17.967830486459206
      ],
      [
        -0.021513290875900114,
        -0.026562940176325125,
        0.9994156235145005,
        0.5501946233003423
      ],
      [
        0.0,
        0.0,
        0.0,
        1.0
      ]
    ],
    "location": [
      20.385259177167768,
      -17.967830486459206,
      0.5501946233003423
    ],
    "rotation": [
      -0.026572216183054432,
      0.02151495069119906,
      0.5459214017512092
    ]
  },
  {
    "label_id": "BzwaeJjv_rcqSUP3iLb76Q",
    "size": [
      2.5000000000008114,
      5.0,
      1.910000000000025
    ],
    "obj_class": "vehicle",
    "point_num_in_lidar": 38,
    "speed": 5.695433295429594e-13,
    "if_vehicle": true,
    "motion_state": false,
    "pose": [
      [
        0.0493224148496509,
        -0.9987723850538447,
        0.004585002426777355,
        67.23476109629519
      ],
      [
        0.998202050222479,
        0.04944974927915004,
        0.033873134308306345,
        -50.73619016942757
      ],
      [
        -0.03405827836280477,
        0.002906054040071969,
        0.9994156235145005,
        1.3899629640930584
      ],
      [
        0.0,
        0.0,
        0.0,
        1.0
      ]
    ],
    "location": [
      67.23476109629519,
      -50.73619016942757,
      1.3899629640930584
    ],
    "rotation": [
      0.002907745067699812,
      0.03406486621147321,
      1.521425226253272
    ]
  },
  {
    "label_id": "CcL8XRpGYA_fLxa8Ive3FA",
    "size": [
      0.5560049240543524,
      0.8086104486489893,
      1.75
    ],
    "obj_class": "pedestrian",
    "point_num_in_lidar": 38,
    "speed": 0.32091418050810777,
    "if_vehicle": false,
    "motion_state": false,
    "pose": [
      [
        0.9997561888124321,
        -0.021599552865442847,
        0.004585002426777355,
        91.44154875484838
      ],
      [
        0.021432110608699397,
        0.9991963147485022,
        0.033873134308306345,
        -31.75351077780215
      ],
      [
        -0.005312962083159381,
        -0.03376660938005214,
        0.9994156235145005,
        0.8997859649273323
      ],
      [
        0.0,
        0.0,
        0.0,
        1.0
      ]
    ],
    "location": [
      91.44154875484838,
      -31.75351077780215,
      0.8997859649273323
    ],
    "rotation": [
      -0.033773506221983496,
      0.005312987078808283,
      0.02143405426639121
    ]
  },
  {
    "label_id": "CnYHYFZccxWIJ0i0V__4mg",
    "size": [
      2.090798089376221,
      4.8887504448718735,
      1.6399999999999864
    ],
    "obj_class": "vehicle",
    "point_num_in_lidar": 160,
    "speed": 2.8421709430404007e-13,
    "if_vehicle": true,
    "motion_state": false,
    "pose": [
      [
        -0.9738059664659675,
        0.22733437361743064,
        0.004585002426777355,
        77.51066411980986
      ],
      [
        -0.2270550577132166,
        -0.9732926648952921,
        0.033873134308306345,
        -45.97265362180406
      ],
      [
        0.012163077000947436,
        0.03194481230170461,
        0.9994156235145005,
        0.8326581706593288
      ],
      [
        0.0,
        0.0,
        0.0,
        1.0
      ]
    ],
    "location": [
      77.51066411980986,
      -45.97265362180406,
      0.8326581706593288
    ],
    "rotation": [
      0.03195261235797139,
      -0.01216337692274615,
      -2.9125227156506477
    ]
  },
  {
    "label_id": "CsEPiVQ6ojblTHuTloW2Zg",
    "size": [
      2.78178214896305,
      5.839150534278615,
      2.089999999999975
    ],
    "obj_class": "vehicle",
    "point_num_in_lidar": 4639,
    "speed": 11.034276524552354,
    "if_vehicle": true,
    "motion_state": true,
    "pose": [
      [
        -0.9999804670536142,
        -0.004247736336218899,
        0.004585002426777355,
        79.34435169874985
      ],
      [
        0.004400651939956001,
        -0.9994164522533311,
        0.033873134308306345,
        1.7456749951616075
      ],
      [
        0.0044384427155197215,
        0.03389264966601408,
        0.9994156235145005,
        0.6523645023602285
      ],
      [
        0.0,
        0.0,
        0.0,
        1.0
      ]
    ],
    "location": [
      79.34435169874985,
      1.7456749951616075,
      0.6523645023602285
    ],
    "rotation": [
      0.0338994758719955,
      -0.0044384572883684505,
      3.1371919440990843
    ]
  },
  {
    "label_id": "Dj8cdNUlibv1r9l6q-5sPg",
    "size": [
      2.1833271604123805,
      4.754323627050555,
      1.8899999999999864
    ],
    "obj_class": "vehicle",
    "point_num_in_lidar": 123,
    "speed": 2.8421709430404007e-13,
    "if_vehicle": true,
    "motion_state": false,
    "pose": [
      [
        -0.9990517820293607,
        0.04329566464099208,
        0.004585002426777355,
        74.5633300932796
      ],
      [
        -0.04311610893336701,
        -0.9984956744636291,
        0.033873134308306345,
        -41.02799027625406
      ],
      [
        0.006044664953894146,
        0.033643327729540644,
        0.9994156235145005,
        0.9982936065154036
      ],
      [
        0.0,
        0.0,
        0.0,
        1.0
      ]
    ],
    "location": [
      74.5633300932796,
      -41.02799027625406,
      0.9982936065154036
    ],
    "rotation": [
      0.0336502926240592,
      -0.006044701764468287,
      -3.0984623862268243
    ]
  },
  {
    "label_id": "EdejuZc2PvFVXU-tGX6hpA",
    "size": [
      1.9756668497276768,
      4.805468001690314,
      2.1299999999999955
    ],
    "obj_class": "vehicle",
    "point_num_in_lidar": 577,
    "speed": 5.685035733124714e-13,
    "if_vehicle": true,
    "motion_state": false,
    "pose": [
      [
        0.9990946618972641,
        -0.042294613382059996,
        0.004585002426777355,
        91.94868537838221
      ],
      [
        0.042115614973016205,
        0.9985383746995286,
        0.033873134308306345,
        -32.98551718093404
      ],
      [
        -0.006010951990836063,
        -0.03364936747230144,
        0.9994156235145005,
        0.8986000806472134
      ],
      [
        0.0,
        0.0,
        0.0,
        1.0
      ]
    ],
    "location": [
      91.94868537838221,
      -32.98551718093404,
      0.8986000806472134
    ],
    "rotation": [
      -0.03365632905666871,
      0.00601098818892051,
      0.04212883672179727
    ]
  },
  {
    "label_id": "H3DwwpYuUX_SQkr7Z22XQg",
    "size": [
      2.2228213235306704,
      4.832844050403539,
      2.0
    ],
    "obj_class": "vehicle",
    "point_num_in_lidar": 83,
    "speed": 8.003669359016962,
    "if_vehicle": true,
    "motion_state": true,
    "pose": [
      [
        0.9917171269926842,
        -0.12835933071702527,
        0.004585002426777355,
        35.322107915678714
      ],
      [
        0.1281329921826757,
        0.9911783629026845,
        0.033873134308306345,
        -9.55086948344433
      ],
      [
        -0.008892488048380123,
        -0.033005077358363076,
        0.9994156235145005,
        0.8803781713044145
      ],
      [
        0.0,
        0.0,
        0.0,
        1.0
      ]
    ],
    "location": [
      35.322107915678714,
      -9.55086948344433,
      0.8803781713044145
    ],
    "rotation": [
      -0.03301237831196961,
      0.008892605250124249,
      0.12849133267362062
    ]
  },
  {
    "label_id": "IMKR4aMQEtTekwIF2oeIrw",
    "size": [
      2.083444582981471,
      4.910359915471906,
      1.5199999999999818
    ],
    "obj_class": "vehicle",
    "point_num_in_lidar": 4908,
    "speed": 0.047323473921945004,
    "if_vehicle": true,
    "motion_state": false,
    "pose": [
      [
        0.9997281309466735,
        0.022861363621130438,
        0.004585002426777355,
        90.10916670484369
      ],
      [
        -0.023003753747860487,
        0.9991613673904928,
        0.033873134308306345,
        -6.656855792134593
      ],
      [
        -0.0038067712538180105,
        -0.033969397518107666,
        0.9994156235145005,
        0.4124238646296021
      ],
      [
        0.0,
        0.0,
        0.0,
        1.0
      ]
    ],
    "location": [
      90.10916670484369,
      -6.656855792134593,
      0.4124238646296021
    ],
    "rotation": [
      -0.033976180185833864,
      0.0038067804481869212,
      -0.02300594978295881
    ]
  },
  {
    "label_id": "LbUGWTzSUC9dY1cvhbjrJA",
    "size": [
      0.7737949986985767,
      0.13591550750410678,
      0.8299999999999841
    ],
    "obj_class": "sign",
    "point_num_in_lidar": 34,
    "speed": 0.033047013873036955,
    "if_vehicle": false,
    "motion_state": false,
    "pose": [
      [
        0.9999894888211307,
        2.366094811556373e-14,
        0.004585002426777355,
        41.91525072031459
      ],
      [
        -0.0001553100355213509,
        0.9994261286613054,
        0.033873134308306345,
        15.199385467351021
      ],
      [
        -0.0045823712252959815,
        -0.033873490358622534,
        0.9994156235145005,
        2.3020124760214458
      ],
      [
        0.0,
        0.0,
        0.0,
        1.0
      ]
    ],
    "location": [
      41.91525072031459,
      15.199385467351021,
      2.3020124760214458
    ],
    "rotation": [
      -0.033880327371199614,
      0.004582387262315615,
      -0.00015531166678127951
    ]
  },
  {
    "label_id": "MMWfi1EgQ-6UTECcGNIkdg",
    "size": [
      2.1951733518593333,
      4.959542589896838,
      1.6000000000000227
    ],
    "obj_class": "vehicle",
    "point_num_in_lidar": 30,
    "speed": 5.685035733124714e-13,
    "if_vehicle": true,
    "motion_state": false,
    "pose": [
      [
        -0.9998791902112959,
        0.014852027981038851,
        0.004585002426777355,
        99.0885389253769
      ],
      [
        -0.014688367947396704,
        -0.9993181988832052,
        0.033873134308306345,
        -41.04927404743103
      ],
      [
        0.0050849611055547245,
        0.0338016958994236,
        0.9994156235145005,
        0.6826581706594084
      ],
      [
        0.0,
        0.0,
        0.0,
        1.0
      ]
    ],
    "location": [
      99.0885389253769,
      -41.04927404743103,
      0.6826581706594084
    ],
    "rotation": [
      0.03380857318591306,
      -0.005084983019305044,
      -3.126903567504919
    ]
  },
  {
    "label_id": "Oo2USO6YnuEzZLMIL5TMzQ",
    "size": [
      2.2295893032757754,
      4.839846654173083,
      1.420000000000016
    ],
    "obj_class": "vehicle",
    "point_num_in_lidar": 370,
    "speed": 4.440892098500626e-14,
    "if_vehicle": true,
    "motion_state": false,
    "pose": [
      [
        -0.999881919455423,
        0.014667136696887524,
        0.004585002426777355,
        98.68133455528232
      ],
      [
        -0.01450358040084017,
        -0.9993208978739951,
        0.033873134308306345,
        -33.38335056083815
      ],
      [
        0.005078710633133553,
        0.03380263559882588,
        0.9994156235145005,
        0.5807415551823283
      ],
      [
        0.0,
        0.0,
        0.0,
        1.0
      ]
    ],
    "location": [
      98.68133455528232,
      -33.38335056083815,
      0.5807415551823283
    ],
    "rotation": [
      0.03380951236043135,
      -0.0050787324661729005,
      -3.1270883775892577
    ]
  },
  {
    "label_id": "SB3IWQ3OLd3pPl3HixU_Yw",
    "size": [
      2.196688768258229,
      4.979975887518041,
      1.7900000000000205
    ],
    "obj_class": "vehicle",
    "point_num_in_lidar": 30,
    "speed": 8.526975409500173e-13,
    "if_vehicle": true,
    "motion_state": false,
    "pose": [
      [
        0.9991375243511402,
        -0.04126966423683501,
        0.004585002426777355,
        91.75994395482587
      ],
      [
        0.041091236592335656,
        0.9985810538195906,
        0.033873134308306345,
        -38.08935810194998
      ],
      [
        -0.00597642943464973,
        -0.03365551613531973,
        0.9994156235145005,
        0.9444942696051157
      ],
      [
        0.0,
        0.0,
        0.0,
        1.0
      ]
    ],
    "location": [
      91.75994395482587,
      -38.08935810194998,
      0.9444942696051157
    ],
    "rotation": [
      -0.033662474347320226,
      0.005976465012615933,
      0.041103543558388994
    ]
  },
  {
    "label_id": "Sv6Kp_7Yn7_dppLzJAxahA",
    "size": [
      2.2878795860049848,
      4.83846683002856,
      2.0
    ],
    "obj_class": "vehicle",
    "point_num_in_lidar": 152,
    "speed": 10.426091645128883,
    "if_vehicle": true,
    "motion_state": true,
    "pose": [
      [
        -0.9998753972930965,
        -0.015105218989433027,
        0.004585002426777355,
        43.624892475543646
      ],
      [
        0.015252001537153429,
        -0.9993097553918114,
        0.033873134308306345,
        2.7572775370917952
      ],
      [
        0.004070176541988296,
        0.03393884408814128,
        0.9994156235145005,
        0.7076510376569445
      ],
      [
        0.0,
        0.0,
        0.0,
        1.0
      ]
    ],
    "location": [
      43.624892475543646,
      2.7572775370917952,
      0.7076510376569445
    ],
    "rotation": [
      0.0339456441363768,
      -0.004070187780058171,
      3.1263399343104386
    ]
  },
  {
    "label_id": "SvD0AwZbUZS6wEKPI_DiwQ",
    "size": [
      2.511852904535563,
      6.021860427745784,
      2.0
    ],
    "obj_class": "vehicle",
    "point_num_in_lidar": 52,
    "speed": 2.847716647714797e-13,
    "if_vehicle": true,
    "motion_state": false,
    "pose": [
      [
        0.9964516062582003,
        -0.08404269235453479,
        0.004585002426777355,
        46.55912616085729
      ],
      [
        0.08384058499121144,
        0.9959032920321444,
        0.033873134308306345,
        -35.826137850232044
      ],
      [
        -0.007413008416559767,
        -0.03336852980486447,
        0.9994156235145005,
        0.9150696487096752
      ],
      [
        0.0,
        0.0,
        0.0,
        1.0
      ]
    ],
    "location": [
      46.55912616085729,
      -35.826137850232044,
      0.9150696487096752
    ],
    "rotation": [
      -0.03337564271741232,
      0.007413076312369012,
      0.08394143150971943
    ]
  },
  {
    "label_id": "Ur7CjvsdRoHiW7R9ugWg7Q",
    "size": [
      3.4923126404544975,
      10.8614142068209,
      3.359999999999957
    ],
    "obj_class": "vehicle",
    "point_num_in_lidar": 1951,
    "speed": 0.04834750693037502,
    "if_vehicle": true,
    "motion_state": false,
    "pose": [
      [
        0.9984357898396011,
        -0.055722090055187884,
        0.004585002426777355,
        67.78758852729135
      ],
      [
        0.055535629391745035,
        0.997881959271834,
        0.033873134308306345,
        28.250906803550606
      ],
      [
        -0.006462773045277622,
        -0.03356551861192297,
        0.9994156235145005,
        1.2681057047457784
      ],
      [
        0.0,
        0.0,
        0.0,
        1.0
      ]
    ],
    "location": [
      67.78758852729135,
      28.250906803550606,
      1.2681057047457784
    ],
    "rotation": [
      -0.03357252593140521,
      0.0064628180350325415,
      0.05556537792606623
    ]
  },
  {
    "label_id": "W-H_9qMoWYzKHr_v15Tfcw",
    "size": [
      2.296410816506978,
      4.88926908299579,
      1.5300000000000296
    ],
    "obj_class": "vehicle",
    "point_num_in_lidar": 674,
    "speed": 0.015208992266109759,
    "if_vehicle": true,
    "motion_state": false,
    "pose": [
      [
        0.9999894888211308,
        1.4569457603598615e-15,
        0.004585002426777355,
        69.18456558658664
      ],
      [
        -0.00015531003549915952,
        0.9994261286613054,
        0.033873134308306345,
        -6.418827842793689
      ],
      [
        -0.0045823712252967335,
        -0.033873490358622436,
        0.9994156235145005,
        0.5336386901896617
      ],
      [
        0.0,
        0.0,
        0.0,
        1.0
      ]
    ],
    "location": [
      69.18456558658664,
      -6.418827842793689,
      0.5336386901896617
    ],
    "rotation": [
      -0.03388032737119952,
      0.004582387262316367,
      -0.00015531166675908787
    ]
  },
  {
    "label_id": "XeKqDUCwf7e6iNPvqmuHhg",
    "size": [
      2.317212140509273,
      5.562277938287438,
      1.8799999999999955
    ],
    "obj_class": "vehicle",
    "point_num_in_lidar": 333,
    "speed": 1.4224448445550967e-12,
    "if_vehicle": true,
    "motion_state": false,
    "pose": [
      [
        0.012109487333469426,
        0.9999161655205234,
        0.004585002426777355,
        77.76222411883197
      ],
      [
        -0.9993547274132352,
        0.011947366611508215,
        0.033873134308306345,
        26.534995088390133
      ],
      [
        0.033815515866816005,
        -0.00499223014125245,
        0.9994156235145005,
        -0.009535447204427783
      ],
      [
        0.0,
        0.0,
        0.0,
        1.0
      ]
    ],
    "location": [
      77.76222411883197,
      26.534995088390133,
      -0.009535447204427783
    ],
    "rotation": [
      -0.00499510764408801,
      -0.033821963797655716,
      -1.5586796135013798
    ]
  },
  {
    "label_id": "Z67WmbNwGB3yYF5YWXBMcA",
    "size": [
      1.9846299667131952,
      5.00387483608972,
      1.910000000000025
    ],
    "obj_class": "vehicle",
    "point_num_in_lidar": 357,
    "speed": 8.526975409500173e-13,
    "if_vehicle": true,
    "motion_state": false,
    "pose": [
      [
        -0.998462284587049,
        0.0552453075831515,
        0.004585002426777355,
        74.2594434368599
      ],
      [
        -0.055059111407838215,
        -0.9979083650431589,
        0.033873134308306345,
        -38.14790694629846
      ],
      [
        0.006446743999092092,
        0.03356860090817436,
        0.9994156235145005,
        0.9770198224820774
      ],
      [
        0.0,
        0.0,
        0.0,
        1.0
      ]
    ],
    "location": [
      74.2594434368599,
      -38.14790694629846,
      0.9770198224820774
    ],
    "rotation": [
      0.033575606554786155,
      -0.006446788654920055,
      -3.086504539578665
    ]
  },
  {
    "label_id": "bv6utmH2mDG5LayJdwK50g",
    "size": [
      2.166026293651141,
      4.81404639732027,
      1.6100000000000136
    ],
    "obj_class": "vehicle",
    "point_num_in_lidar": 39,
    "speed": 8.881784197001252e-15,
    "if_vehicle": true,
    "motion_state": false,
    "pose": [
      [
        -0.9999164868222448,
        0.012082927369052532,
        0.004585002426777355,
        98.83145989172357
      ],
      [
        -0.01192082156017249,
        -0.9993550444088737,
        0.033873134308306345,
        -35.82597880837966
      ],
      [
        0.004991331925436305,
        0.03381564845943716,
        0.9994156235145005,
        0.6562074305809915
      ],
      [
        0.0,
        0.0,
        0.0,
        1.0
      ]
    ],
    "location": [
      98.83145989172357,
      -35.82597880837966,
      0.6562074305809915
    ],
    "rotation": [
      0.0338225179463684,
      -0.00499135265083879,
      -3.1296714011674878
    ]
  },
  {
    "label_id": "dM2tqKBMT_wzaESv06rCuQ",
    "size": [
      0.5497223721213224,
      0.07779209689879754,
      0.6999999999999886
    ],
    "obj_class": "sign",
    "point_num_in_lidar": 30,
    "speed": 0.0372413099026338,
    "if_vehicle": false,
    "motion_state": false,
    "pose": [
      [
        0.9999894888211307,
        -3.8718956891912595e-15,
        0.004585002426777355,
        74.60229715640611
      ],
      [
        -0.00015531003549383227,
        0.9994261286613054,
        0.033873134308306345,
        14.071529729011672
      ],
      [
        -0.004582371225296914,
        -0.03387349035862241,
        0.9994156235145005,
        2.2808450783310263
      ],
      [
        0.0,
        0.0,
        0.0,
        1.0
      ]
    ],
    "location": [
      74.60229715640611,
      14.071529729011672,
      2.2808450783310263
    ],
    "rotation": [
      -0.03388032737119949,
      0.004582387262316547,
      -0.0001553116667537606
    ]
  },
  {
    "label_id": "efswYipYN6Gj-H0yoVmYIA",
    "size": [
      2.0777634728028276,
      5.055615872536725,
      2.180000000000007
    ],
    "obj_class": "vehicle",
    "point_num_in_lidar": 402,
    "speed": 15.803590413263086,
    "if_vehicle": true,
    "motion_state": true,
    "pose": [
      [
        0.9999879380823281,
        -0.001761091309446678,
        0.004585002426777355,
        53.63077395707029
      ],
      [
        0.0016047893756866974,
        0.9994248523141652,
        0.033873134308306345,
        -20.087848868704896
      ],
      [
        -0.004642019055696126,
        -0.03386536777016704,
        0.9994156235145005,
        0.6857223769516168
      ],
      [
        0.0,
        0.0,
        0.0,
        1.0
      ]
    ],
    "location": [
      53.63077395707029,
      -20.087848868704896,
      0.6857223769516168
    ],
    "rotation": [
      -0.03387220935669731,
      0.004642035727159309,
      0.0016048073550789155
    ]
  },
  {
    "label_id": "f2hTpLkH2Z9Bk9sAi0pFQA",
    "size": [
      0.8511380701020389,
      0.7466152022602033,
      1.6800000000000068
    ],
    "obj_class": "pedestrian",
    "point_num_in_lidar": 110,
    "speed": 0.06796082569283801,
    "if_vehicle": false,
    "motion_state": false,
    "pose": [
      [
        -0.18471429943962547,
        0.9827815654229961,
        0.004585002426777355,
        69.65139136110082
      ],
      [
        -0.9821992113375952,
        -0.18476287511277106,
        0.033873134308306345,
        15.773906323278425
      ],
      [
        0.03413703019207112,
        0.0017534665060214706,
        0.9994156235145005,
        0.44690606785263753
      ],
      [
        0.0,
        0.0,
        0.0,
        1.0
      ]
    ],
    "location": [
      69.65139136110082,
      15.773906323278425,
      0.44690606785263753
    ],
    "rotation": [
      0.0017544899895209594,
      -0.034143663861126904,
      -1.7566870868511189
    ]
  },
  {
    "label_id": "fkrkuGRK25Xb0AGKMZRdlQ",
    "size": [
      2.0844482948632503,
      4.759121630873889,
      1.5299999999999727
    ],
    "obj_class": "vehicle",
    "point_num_in_lidar": 218,
    "speed": 0.06562410536148486,
    "if_vehicle": true,
    "motion_state": false,
    "pose": [
      [
        0.9999894888211308,
        5.687673406597363e-16,
        0.004585002426777355,
        60.05987143907646
      ],
      [
        -0.00015531003549827194,
        0.9994261286613054,
        0.033873134308306345,
        -6.653767461430107
      ],
      [
        -0.004582371225296764,
        -0.03387349035862243,
        0.9994156235145005,
        0.5476546554531865
      ],
      [
        0.0,
        0.0,
        0.0,
        1.0
      ]
    ],
    "location": [
      60.05987143907646,
      -6.653767461430107,
      0.5476546554531865
    ],
    "rotation": [
      -0.03388032737119951,
      0.004582387262316397,
      -0.0001553116667582003
    ]
  },
  {
    "label_id": "hiYNFf2z5j5p07OXAMqSMg",
    "size": [
      2.078317988469707,
      5.074564979926786,
      1.759999999999991
    ],
    "obj_class": "vehicle",
    "point_num_in_lidar": 150,
    "speed": 1.7763568394002505e-14,
    "if_vehicle": true,
    "motion_state": false,
    "pose": [
      [
        0.9978424076992952,
        0.06549432914092439,
        0.004585002426777355,
        69.55830036355002
      ],
      [
        -0.06561240842610529,
        0.9972700850986443,
        0.033873134308306345,
        42.1320864220761
      ],
      [
        -0.00235398755290679,
        -0.0341008829463824,
        0.9994156235145005,
        -0.2695720114434721
      ],
      [
        0.0,
        0.0,
        0.0,
        1.0
      ]
    ],
    "location": [
      69.55830036355002,
      42.1320864220761,
      -0.2695720114434721
    ],
    "rotation": [
      -0.03410759009374754,
      0.002353989726920702,
      -0.06565975881400835
    ]
  },
  {
    "label_id": "iPSgV7kGE1SGsuGMHfK0jA",
    "size": [
      0.692946177146628,
      0.09590117404070153,
      0.37000000000000455
    ],
    "obj_class": "sign",
    "point_num_in_lidar": 25,
    "speed": 0.04284421935294871,
    "if_vehicle": false,
    "motion_state": false,
    "pose": [
      [
        0.9984409236951274,
        0.05563002465905506,
        0.004585002426777355,
        60.09062616429577
      ],
      [
        -0.05575375411531595,
        0.9978697959524481,
        0.033873134308306345,
        14.878662413293569
      ],
      [
        -0.002690872139199233,
        -0.03407595460515517,
        0.9994156235145005,
        1.7876581706620414
      ],
      [
        0.0,
        0.0,
        0.0,
        1.0
      ]
    ],
    "location": [
      60.09062616429577,
      14.878662413293569,
      1.7876581706620414
    ],
    "rotation": [
      -0.03408267616082858,
      0.0026908753865511137,
      -0.055782881676314476
    ]
  },
  {
    "label_id": "javxMm1GpVekTaCgtDUMew",
    "size": [
      0.5441998650931056,
      0.08514420865730105,
      0.6800000000000068
    ],
    "obj_class": "sign",
    "point_num_in_lidar": 24,
    "speed": 0.029972612950659342,
    "if_vehicle": false,
    "motion_state": false,
    "pose": [
      [
        0.9999894888211308,
        -5.204163318741447e-15,
        0.004585002426777355,
        60.18175948831953
      ],
      [
        -0.0001553100354925009,
        0.9994261286613054,
        0.033873134308306345,
        14.074709553560751
      ],
      [
        -0.004582371225296959,
        -0.0338734903586224,
        0.9994156235145005,
        1.062793898335201
      ],
      [
        0.0,
        0.0,
        0.0,
        1.0
      ]
    ],
    "location": [
      60.18175948831953,
      14.074709553560751,
      1.062793898335201
    ],
    "rotation": [
      -0.03388032737119948,
      0.004582387262316592,
      -0.0001553116667524292
    ]
  },
  {
    "label_id": "m0p_qfENj6RIon_eLe6kYQ",
    "size": [
      1.988225938455961,
      4.626955878718765,
      1.4300000000000068
    ],
    "obj_class": "vehicle",
    "point_num_in_lidar": 968,
    "speed": 12.667276236239102,
    "if_vehicle": true,
    "motion_state": true,
    "pose": [
      [
        0.9998404660860265,
        -0.017263259530677245,
        0.004585002426777355,
        83.143728290941
      ],
      [
        0.017098247105273957,
        0.9992798710661884,
        0.033873134308306345,
        -19.665701600799366
      ],
      [
        -0.005166461342550017,
        -0.03378933489014027,
        0.9994156235145005,
        0.17356756464545242
      ],
      [
        0.0,
        0.0,
        0.0,
        1.0
      ]
    ],
    "location": [
      83.143728290941,
      -19.665701600799366,
      0.17356756464545242
    ],
    "rotation": [
      -0.03379621907551356,
      0.005166484326968415,
      0.017099308561038466
    ]
  },
  {
    "label_id": "nNNrZsPBicV3ZcsF6SQhrg",
    "size": [
      2.1938264129260276,
      5.313072584674932,
      1.6100000000000136
    ],
    "obj_class": "vehicle",
    "point_num_in_lidar": 128,
    "speed": 0.011565805725941318,
    "if_vehicle": true,
    "motion_state": false,
    "pose": [
      [
        0.022010924686972837,
        0.9997472165238425,
        0.004585002426777355,
        51.38549863831781
      ],
      [
        -0.9991874114054394,
        0.02184325207079937,
        0.033873134308306345,
        26.94105688822674
      ],
      [
        0.03376442037591421,
        -0.00532685571427117,
        0.9994156235145005,
        0.3853823796978304
      ],
      [
        0.0,
        0.0,
        0.0,
        1.0
      ]
    ],
    "location": [
      51.38549863831781,
      26.94105688822674,
      0.3853823796978304
    ],
    "rotation": [
      -0.005329919952210013,
      -0.033770839112302574,
      -1.5487710640017416
    ]
  },
  {
    "label_id": "qNByNU2wKM_P8PSNExYl8Q",
    "size": [
      2.213594446318894,
      4.8252520117720366,
      1.5400000000000205
    ],
    "obj_class": "vehicle",
    "point_num_in_lidar": 3316,
    "speed": 0.06180180185759768,
    "if_vehicle": true,
    "motion_state": false,
    "pose": [
      [
        0.9999894888211308,
        -7.635002888904516e-16,
        0.004585002426777355,
        80.8188240291542
      ],
      [
        -0.00015531003549694057,
        0.9994261286613055,
        0.033873134308306345,
        -6.7763323433155165
      ],
      [
        -0.004582371225296809,
        -0.03387349035862242,
        0.9994156235145005,
        0.4326674058132767
      ],
      [
        0.0,
        0.0,
        0.0,
        1.0
      ]
    ],
    "location": [
      80.8188240291542,
      -6.7763323433155165,
      0.4326674058132767
    ],
    "rotation": [
      -0.0338803273711995,
      0.004582387262316442,
      -0.00015531166675686892
    ]
  },
  {
    "label_id": "qQuCVzjlNHld6dvtPfmdtg",
    "size": [
      1.9970526794277261,
      4.483609686188972,
      1.5600000000000023
    ],
    "obj_class": "vehicle",
    "point_num_in_lidar": 43,
    "speed": 0.0,
    "if_vehicle": true,
    "motion_state": false,
    "pose": [
      [
        0.9999894888211307,
        -2.5396280596410712e-15,
        0.004585002426777355,
        46.00887031526719
      ],
      [
        -0.00015531003549516367,
        0.9994261286613054,
        0.033873134308306345,
        -41.00268375915584
      ],
      [
        -0.004582371225296869,
        -0.033873490358622416,
        0.9994156235145005,
        0.8491829668067226
      ],
      [
        0.0,
        0.0,
        0.0,
        1.0
      ]
    ],
    "location": [
      46.00887031526719,
      -41.00268375915584,
      0.8491829668067226
    ],
    "rotation": [
      -0.033880327371199497,
      0.004582387262316502,
      -0.00015531166675509202
    ]
  },
  {
    "label_id": "qaXzT3i1eKuXd7MG3Zkv0g",
    "size": [
      2.123929228603818,
      4.712077594084063,
      1.5
    ],
    "obj_class": "vehicle",
    "point_num_in_lidar": 56,
    "speed": 2.6605727038359694e-27,
    "if_vehicle": true,
    "motion_state": false,
    "pose": [
      [
        0.9992175726357072,
        0.03928384259147376,
        0.004585002426777355,
        46.01306375426557
      ],
      [
        -0.039416901554915416,
        0.9986485461081598,
        0.033873134308306345,
        45.54339377800716
      ],
      [
        -0.003248139131156235,
        -0.03402735763039449,
        0.9994156235145005,
        -0.06050325069992368
      ],
      [
        0.0,
        0.0,
        0.0,
        1.0
      ]
    ],
    "location": [
      46.01306375426557,
      45.54339377800716,
      -0.06050325069992368
    ],
    "rotation": [
      -0.034034107152927574,
      0.003248144842715431,
      -0.039427323748335956
    ]
  },
  {
    "label_id": "ra7t9L9zfrnQymzKE1K3nw",
    "size": [
      2.4162175365089147,
      5.165251407556188,
      2.0500000000000114
    ],
    "obj_class": "vehicle",
    "point_num_in_lidar": 139,
    "speed": 2.5579538487363607e-12,
    "if_vehicle": true,
    "motion_state": false,
    "pose": [
      [
        0.9979432267106783,
        -0.0639397686500846,
        0.004585002426777355,
        74.73326513536017
      ],
      [
        0.06374875492605415,
        0.9973909499376407,
        0.033873134308306345,
        -43.65556942701551
      ],
      [
        -0.006738880297036206,
        -0.03351117675439542,
        0.9994156235145005,
        1.1150952574508324
      ],
      [
        0.0,
