[
  {
    "label_id": "-jGx5h2KM1RTCWtkALlTPg",
    "size": [
      1.9723911586515772,
      4.593513203435377,
      1.6999999999999886
    ],
    "obj_class": "vehicle",
    "point_num_in_lidar": 119,
    "speed": 9.503767296138887,
    "if_vehicle": true,
    "motion_state": true,
    "pose": [
      [
        -0.9997010696237303,
        -0.024313709505270953,
        0.002571949311850686,
        -1.96455114158465
      ],
      [
        0.024371552667758044,
        -0.9993763387082564,
        0.02555310256394181,
        0.008821496683594887
      ],
      [
        0.001949054573922482,
        0.02560814636349009,
        0.9996701576150475,
        0.6824536553530152
      ],
      [
        0.0,
        0.0,
        0.0,
        1.0
      ]
    ],
    "location": [
      -1.96455114158465,
      0.008821496683594887,
      0.6824536553530152
    ],
    "rotation": [
      0.025610994719059983,
      -0.0019490558079404714,
      3.1172186412992153
    ]
  },
  {
    "label_id": "1TgdkR2yKNOStoZEkzKJmA",
    "size": [
      0.7204719764073212,
      0.08233187211947524,
      0.640884955752199
    ],
    "obj_class": "sign",
    "point_num_in_lidar": 20,
    "speed": 0.01985640542754698,
    "if_vehicle": false,
    "motion_state": false,
    "pose": [
      [
        -0.9999613034966002,
        0.008412882152815432,
        0.002571949311850686,
        -4.802285529701862
      ],
      [
        -0.0083444436841854,
        -0.9996386393137062,
        0.02555310256394181,
        -10.894604295221143
      ],
      [
        0.0027859951509914913,
        0.02553065226203026,
        0.9996701576150475,
        2.556974115491869
      ],
      [
        0.0,
        0.0,
        0.0,
        1.0
      ]
    ],
    "location": [
      -4.802285529701862,
      -10.894604295221143,
      2.556974115491869
    ],
    "rotation": [
      0.025533525730568433,
      -0.0027859987550458705,
      -3.1332480806805276
    ]
  },
  {
    "label_id": "1YQ_kpgKHcSW4kqTyRAkOQ",
    "size": [
      2.1139927526218014,
      4.388851756526188,
      1.6100000000000136
    ],
    "obj_class": "vehicle",
    "point_num_in_lidar": 895,
    "speed": 8.645924899212254,
    "if_vehicle": true,
    "motion_state": true,
    "pose": [
      [
        -0.999825993338408,
        -0.018476150075235887,
        0.002571949311850686,
        29.642187624900146
      ],
      [
        0.018535888319922835,
        -0.999501605698334,
        0.02555310256394181,
        2.7788457289298094
      ],
      [
        0.002098544509110202,
        0.025596329519080314,
        0.9996701576150475,
        0.5518105056539184
      ],
      [
        0.0,
        0.0,
        0.0,
        1.0
      ]
    ],
    "location": [
      29.642187624900146,
      2.7788457289298094,
      0.5518105056539184
    ],
    "rotation": [
      0.02559918172389683,
      -0.002098546049406121,
      3.1230556628594397
    ]
  },
  {
    "label_id": "3A8rG2bX-CGR5WhiqeSlFg",
    "size": [
      2.366989135442173,
      5.706603960836367,
      2.089999999999975
    ],
    "obj_class": "vehicle",
    "point_num_in_lidar": 181,
    "speed": 0.015918791450292718,
    "if_vehicle": true,
    "motion_state": false,
    "pose": [
      [
        -0.9991864671134713,
        -0.04024660251545701,
        0.002571949311850686,
        51.41794129348523
      ],
      [
        0.040299261874750573,
        -0.9988608553956386,
        0.02555310256394181,
        58.322101999157894
      ],
      [
        0.0015405939277417287,
        0.02563596193350006,
        0.9996701576150475,
        -0.0272304356116706
      ],
      [
        0.0,
        0.0,
        0.0,
        1.0
      ]
    ],
    "location": [
      51.41794129348523,
      58.322101999157894,
      -0.0272304356116706
    ],
    "rotation": [
      0.025638801200133777,
      -0.0015405945371575974,
      3.101282428001221
    ]
  },
  {
    "label_id": "CsEPiVQ6ojblTHuTloW2Zg",
    "size": [
      2.781782148961849,
      5.839150534278615,
      2.089999999999975
    ],
    "obj_class": "vehicle",
    "point_num_in_lidar": 13981,
    "speed": 9.608756644459358,
    "if_vehicle": true,
    "motion_state": true,
    "pose": [
      [
        -0.9997033060653323,
        -0.024221579609549272,
        0.002571949311850686,
        46.35540389867322
      ],
      [
        0.024279452698128475,
        -0.9993785804819093,
        0.02555310256394181,
        2.2558316423692304
      ],
      [
        0.0019514145443252679,
        0.025607966635058214,
        0.9996701576150475,
        0.7762233474725804
      ],
      [
        0.0,
        0.0,
        0.0,
        1.0
      ]
    ],
    "location": [
      46.35540389867322,
      2.2558316423692304,
      0.7762233474725804
    ],
    "rotation": [
      0.025610815049226802,
      -0.0019514157828312438,
      3.117310768593449
    ]
  },
  {
    "label_id": "DOZnToe-pxe0UDYzM3J2oQ",
    "size": [
      1.943231730871047,
      4.1752021675165745,
      1.6000000000000227
    ],
    "obj_class": "vehicle",
    "point_num_in_lidar": 636,
    "speed": 16.360542763477273,
    "if_vehicle": true,
    "motion_state": true,
    "pose": [
      [
        0.9999966925328989,
        -1.6417873586570967e-15,
        0.002571949311850686,
        29.029514720430598
      ],
      [
        -6.5721501925042e-05,
        0.9996734640021415,
        0.02555310256394181,
        -16.917441658633834
      ],
      [
        -0.0025711094778157416,
        -0.025553187080267405,
        0.9996701576150475,
        0.5565417709158851
      ],
      [
        0.0,
        0.0,
        0.0,
        1.0
      ]
    ],
    "location": [
      29.029514720430598,
      -16.917441658633834,
      0.5565417709158851
    ],
    "rotation": [
      -0.025556053277756452,
      0.0025711123105885787,
      -6.572171920284149e-05
    ]
  },
  {
    "label_id": "E-3eMFrCvL5KnRE05weLVQ",
    "size": [
      1.0757764199166777,
      1.0782595092493514,
      1.1000000000000227
    ],
    "obj_class": "sign",
    "point_num_in_lidar": 69,
    "speed": 0.02644310532208676,
    "if_vehicle": false,
    "motion_state": false,
    "pose": [
      [
        -0.9999875787955271,
        0.004269347888894727,
        0.002571949311850686,
        14.25155667258312
      ],
      [
        -0.004202247006328876,
        -0.999664633799483,
        0.02555310256394181,
        10.200864836038818
      ],
      [
        0.0026801818514681237,
        0.0255419771973338,
        0.9996701576150475,
        0.27450041704179284
      ],
      [
        0.0,
        0.0,
        0.0,
        1.0
      ]
    ],
    "location": [
      14.25155667258312,
      10.200864836038818,
      0.27450041704179284
    ],
    "rotation": [
      0.02554484701502766,
      -0.0026801850602702726,
      -3.1373903791221647
    ]
  },
  {
    "label_id": "H3DwwpYuUX_SQkr7Z22XQg",
    "size": [
      2.222821323530433,
      4.832844050403539,
      2.0
    ],
    "obj_class": "vehicle",
    "point_num_in_lidar": 6457,
    "speed": 2.232130530755469,
    "if_vehicle": true,
    "motion_state": true,
    "pose": [
      [
        0.9940072871654712,
        -0.10928356756016701,
        0.002571949311850686,
        50.219691404539844
      ],
      [
        0.10918291600844833,
        0.9936931768917651,
        0.02555310256394181,
        -7.449637585918026
      ],
      [
        -0.005348262692915909,
        -0.025119157232551072,
        0.9996701576150475,
        0.8487110749957765
      ],
      [
        0.0,
        0.0,
        0.0,
        1.0
      ]
    ],
    "location": [
      50.219691404539844,
      -7.449637585918026,
      0.8487110749957765
    ],
    "rotation": [
      -0.025122158938149796,
      0.005348288190118308,
      0.1094025855747034
    ]
  },
  {
    "label_id": "IfcPgF5DX-ynhXlY8BCLMw",
    "size": [
      0.8861319478924409,
      0.9385848513966977,
      1.8899999999999864
    ],
    "obj_class": "pedestrian",
    "point_num_in_lidar": 51,
    "speed": 1.227914726680173,
    "if_vehicle": false,
    "motion_state": true,
    "pose": [
      [
        -0.9909452144567323,
        0.13424219538594354,
        0.002571949311850686,
        6.723607759810335
      ],
      [
        -0.1341336777116235,
        -0.9906337342594946,
        0.02555310256394181,
        -31.644213585022953
      ],
      [
        0.005978164338230515,
        0.02497673968017379,
        0.9996701576150475,
        1.0377594077218646
      ],
      [
        0.0,
        0.0,
        0.0,
        1.0
      ]
    ],
    "location": [
      6.723607759810335,
      -31.644213585022953,
      1.0377594077218646
    ],
    "rotation": [
      0.02497978378025873,
      -0.005978199947189933,
      -3.0070510465982125
    ]
  },
  {
    "label_id": "LbUGWTzSUC9dY1cvhbjrJA",
    "size": [
      0.7737949986985754,
      0.13591550750410678,
      0.8299999999999841
    ],
    "obj_class": "sign",
    "point_num_in_lidar": 42,
    "speed": 0.062140847736062425,
    "if_vehicle": false,
    "motion_state": false,
    "pose": [
      [
        0.9999966925328988,
        -1.1412290444715247e-14,
        0.002571949311850686,
        41.98467824829382
      ],
      [
        -6.572150191527337e-05,
        0.9996734640021415,
        0.02555310256394181,
        15.23968623917608
      ],
      [
        -0.002571109477815991,
        -0.025553187080267378,
        0.9996701576150475,
        2.242946243933318
      ],
      [
        0.0,
        0.0,
        0.0,
        1.0
      ]
    ],
    "location": [
      41.98467824829382,
      15.23968623917608,
      2.242946243933318
    ],
    "rotation": [
      -0.025556053277756424,
      0.002571112310588828,
      -6.572171919307284e-05
    ]
  },
  {
    "label_id": "NQ2WhKdluq2vlUr0oFNWQA",
    "size": [
      2.0726074213680157,
      4.149276177768584,
      1.6000000000000227
    ],
    "obj_class": "vehicle",
    "point_num_in_lidar": 179,
    "speed": 16.461165006694156,
    "if_vehicle": true,
    "motion_state": true,
    "pose": [
      [
        0.9999621871993969,
        -0.008307180516607659,
        0.002571949311850686,
        7.268574513737917
      ],
      [
        0.008238776155796731,
        0.9996395157839707,
        0.02555310256394181,
        -17.222927066779448
      ],
      [
        -0.002783296400477391,
        -0.025530946614905382,
        0.9996701576150475,
        0.6218469533610005
      ],
      [
        0.0,
        0.0,
        0.0,
        1.0
      ]
    ],
    "location": [
      7.268574513737917,
      -17.222927066779448,
      0.6218469533610005
    ],
    "rotation": [
      -0.025533819988635253,
      0.0027832999940683124,
      0.008238901276231421
    ]
  },
  {
    "label_id": "Srk_vu0878FXjTrFz1vvxg",
    "size": [
      2.059331768466197,
      4.897221917029469,
      1.6399999999999864
    ],
    "obj_class": "vehicle",
    "point_num_in_lidar": 126,
    "speed": 1.1368770508004532e-12,
    "if_vehicle": true,
    "motion_state": false,
    "pose": [
      [
        -0.9999501240396882,
        0.009650622246738056,
        0.002571949311850686,
        34.21813186114349
      ],
      [
        -0.009581784438605903,
        -0.9996275448167327,
        0.02555310256394181,
        63.94403990349929
      ],
      [
        0.0028175947160751424,
        0.02552718421451932,
        0.9996701576150475,
        -0.14434773680932267
      ],
      [
        0.0,
        0.0,
        0.0,
        1.0
      ]
    ],
    "location": [
      34.21813186114349,
      63.94403990349929,
      -0.14434773680932267
    ],
    "rotation": [
      0.025530058799750087,
      -0.002817598444160726,
      -3.1320106844908118
    ]
  },
  {
    "label_id": "Sv6Kp_7Yn7_dppLzJAxahA",
    "size": [
      2.2878795860029895,
      4.83846683002856,
      2.0
    ],
    "obj_class": "vehicle",
    "point_num_in_lidar": 387,
    "speed": 8.713917193195515,
    "if_vehicle": true,
    "motion_state": true,
    "pose": [
      [
        -0.9998150038126563,
        -0.019061564149753702,
        0.002571949311850686,
        13.487146484719545
      ],
      [
        0.01912111244903308,
        -0.9994905812503028,
        0.02555310256394181,
        3.375007108468708
      ],
      [
        0.0020835570089001456,
        0.025597553869397795,
        0.9996701576150475,
        0.7329306474925374
      ],
      [
        0.0,
        0.0,
        0.0,
        1.0
      ]
    ],
    "location": [
      13.487146484719545,
      3.375007108468708,
      0.7329306474925374
    ],
    "rotation": [
      0.025600405675723473,
      -0.002083558516429445,
      3.1224703342698032
    ]
  },
  {
    "label_id": "SvD0AwZbUZS6wEKPI_DiwQ",
    "size": [
      2.5118529045355635,
      6.021860427745784,
      2.0
    ],
    "obj_class": "vehicle",
    "point_num_in_lidar": 318,
    "speed": 2.847716647714797e-13,
    "if_vehicle": true,
    "motion_state": false,
    "pose": [
      [
        0.996458784483814,
        -0.08404329778023312,
        0.002571949311850686,
        46.55912616085729
      ],
      [
        0.08395064351419636,
        0.9961422229796852,
        0.02555310256394181,
        -35.82613785023386
      ],
      [
        -0.004709594312888215,
        -0.025246696720839932,
        0.9996701576150475,
        1.0253207763139471
      ],
      [
        0.0,
        0.0,
        0.0,
        1.0
      ]
    ],
    "location": [
      46.55912616085729,
      -35.82613785023386,
      1.0253207763139471
    ],
    "rotation": [
      -0.025249659596364743,
      0.004709611723080974,
      0.08405050188178739
    ]
  },
  {
    "label_id": "Z8b5TrwhAlTvaTb_rzuxvw",
    "size": [
      2.323452451007365,
      5.794250754513302,
      1.8100000000000023
    ],
    "obj_class": "vehicle",
    "point_num_in_lidar": 30,
    "speed": 2.8421709430404007e-13,
    "if_vehicle": true,
    "motion_state": false,
    "pose": [
      [
        0.9995320587711832,
        0.030480297987009793,
        0.002571949311850686,
        45.825800121469456
      ],
      [
        -0.030536136817885813,
        0.9992069772062223,
        0.02555310256394181,
        63.502346411803956
      ],
      [
        -0.001791043516780377,
        -0.025619682609803303,
        0.9996701576150475,
        0.11287576375991648
      ],
      [
        0.0,
        0.0,
        0.0,
        1.0
      ]
    ],
    "location": [
      45.825800121469456,
      63.502346411803956,
      0.11287576375991648
    ],
    "rotation": [
      -0.02562252720063249,
      0.0017910444743443334,
      -0.030540933409603583
    ]
  },
  {
    "label_id": "aPFh9SBjb7NjHyWpykds8w",
    "size": [
      2.2085640567783487,
      4.902919926976072,
      1.670000000000016
    ],
    "obj_class": "vehicle",
    "point_num_in_lidar": 29,
    "speed": 2.8591206918129106e-13,
    "if_vehicle": true,
    "motion_state": false,
    "pose": [
      [
        -0.9998970210808432,
        -0.014118509496146733,
        0.002571949311850686,
        33.60237051255248
      ],
      [
        0.014179660927319605,
        -0.9995728968741314,
        0.02555310256394181,
        71.51790931941468
      ],
      [
        0.002210079103054995,
        0.025586940502222977,
        0.9996701576150475,
        0.037802515554062666
      ],
      [
        0.0,
        0.0,
        0.0,
        1.0
      ]
    ],
    "location": [
      33.60237051255248,
      71.51790931941468,
      0.037802515554062666
    ],
    "rotation": [
      0.025589795760345063,
      -0.002210080902228963,
      3.1274124828189303
    ]
  },
  {
    "label_id": "egz2S1wgW1U-xdUQuSz9UA",
    "size": [
      2.164717083811155,
      4.901394041058951,
      1.740000000000009
    ],
    "obj_class": "vehicle",
    "point_num_in_lidar": 39,
    "speed": 2.842517866562357e-13,
    "if_vehicle": true,
    "motion_state": false,
    "pose": [
      [
        -0.9999844453179758,
        -0.004949161427688379,
        0.002571949311850686,
        12.7817286096859
      ],
      [
        0.005013282409239281,
        -0.9996608954784827,
        0.02555310256394181,
        64.1926428113602
      ],
      [
        0.002444610722642698,
        0.025565599001799257,
        0.9996701576150475,
        0.2730469262332349
      ],
      [
        0.0,
        0.0,
        0.0,
        1.0
      ]
    ],
    "location": [
      12.7817286096859,
      64.1926428113602,
      0.2730469262332349
    ],
    "rotation": [
      0.025568461183398273,
      -0.002444613157531064,
      3.1365793352002633
    ]
  },
  {
    "label_id": "iHup_TyQroYLLb9o9b4nUQ",
    "size": [
      1.9549742437232593,
      4.55316170265996,
      1.6100000000000136
    ],
    "obj_class": "vehicle",
    "point_num_in_lidar": 73,
    "speed": 0.015005733284811518,
    "if_vehicle": true,
    "motion_state": false,
    "pose": [
      [
        0.013148558068079293,
        0.9999102462208632,
        0.002571949311850686,
        0.2457023093884061
      ],
      [
        -0.9995879097779553,
        0.013078592244390196,
        0.02555310256394181,
        -60.17634366781385
      ],
      [
        0.025517171600095097,
        -0.0029068758895692526,
        0.9996701576150475,
        1.5190793332938028
      ],
      [
        0.0,
        0.0,
        0.0,
        1.0
      ]
    ],
    "location": [
      0.2457023093884061,
      -60.17634366781385,
      1.5190793332938028
    ],
    "rotation": [
      -0.0029078268211104813,
      -0.02551994156096587,
      -1.5576431066872367
    ]
  },
  {
    "label_id": "iXTQZojLqoKlsbwX2uyUog",
    "size": [
      2.015323130729732,
      4.453522781562739,
      1.4499999999999886
    ],
    "obj_class": "vehicle",
    "point_num_in_lidar": 63,
    "speed": 5.687116766346677e-13,
    "if_vehicle": true,
    "motion_state": false,
    "pose": [
      [
        0.018532119832269493,
        -0.9998249574856888,
        0.002571949311850686,
        1.044120580205174
      ],
      [
        0.9995005665020044,
        0.018591839917796248,
        0.02555310256394181,
        39.29491860755297
      ],
      [
        -0.025596446954503187,
        0.0020971116354079585,
        0.9996701576150475,
        0.37650783267196175
      ],
      [
        0.0,
        0.0,
        0.0,
        1.0
      ]
    ],
    "location": [
      1.044120580205174,
      39.29491860755297,
      0.37650783267196175
    ],
    "rotation": [
      0.0020978005026281396,
      0.025599242817452624,
      1.5522570710738652
    ]
  },
  {
    "label_id": "iv0I_4_Nh3wHEqvc0NFULA",
    "size": [
      1.2962183796179578,
      1.252317971597332,
      1.0500000000000114
    ],
    "obj_class": "sign",
    "point_num_in_lidar": 43,
    "speed": 3.552713678800501e-14,
    "if_vehicle": false,
    "motion_state": false,
    "pose": [
      [
        -0.9999875787955235,
        0.004269347889766463,
        0.002571949311850686,
        10.590795298632486
      ],
      [
        -0.004202247007200331,
        -0.9996646337994793,
        0.02555310256394181,
        7.810942993108256
      ],
      [
        0.0026801818514903897,
        0.025541977197331464,
        0.9996701576150475,
        0.40532168004625646
      ],
      [
        0.0,
        0.0,
        0.0,
        1.0
      ]
    ],
    "location": [
      10.590795298632486,
      7.810942993108256,
      0.40532168004625646
    ],
    "rotation": [
      0.025544847015025324,
      -0.002680185060292538,
      -3.1373903791212934
    ]
  },
  {
    "label_id": "mj1CAQrlPFF_8h2g6gCkwg",
    "size": [
      0.4645352807274307,
      0.07207623213645241,
      0.6200000000000045
    ],
    "obj_class": "sign",
    "point_num_in_lidar": 49,
    "speed": 0.03391048674030222,
    "if_vehicle": false,
    "motion_state": false,
    "pose": [
      [
        0.9999966925328989,
        -2.0858765685071593e-15,
        0.002571949311850686,
        40.182661807789685
      ],
      [
        -6.572150192459813e-05,
        0.9996734640021415,
        0.02555310256394181,
        15.030033664836083
      ],
      [
        -0.002571109477815753,
        -0.025553187080267405,
        0.9996701576150475,
        1.1091088751473421
      ],
      [
        0.0,
        0.0,
        0.0,
        1.0
      ]
    ],
    "location": [
      40.182661807789685,
      15.030033664836083,
      1.1091088751473421
    ],
    "rotation": [
      -0.025556053277756452,
      0.00257111231058859,
      -6.572171920239762e-05
    ]
  },
  {
    "label_id": "n6g_U3nt6-5jLn4VDhDt1Q",
    "size": [
      2.244946695886412,
      5.2661979118912425,
      1.5300000000000296
    ],
    "obj_class": "vehicle",
    "point_num_in_lidar": 39,
    "speed": 3.552713678800501e-14,
    "if_vehicle": true,
    "motion_state": false,
    "pose": [
      [
        -0.9989762317311854,
        -0.04516495890508551,
        0.002571949311850686,
        69.49060121369581
      ],
      [
        0.04521601468898066,
        -0.9986503647248133,
        0.02555310256394181,
        47.209363421259695
      ],
      [
        0.0014143732911355525,
        0.025643235406231042,
        0.9996701576150475,
        -0.23580181081382534
      ],
      [
        0.0,
        0.0,
        0.0,
        1.0
      ]
    ],
    "location": [
      69.49060121369581,
      47.209363421259695,
      -0.23580181081382534
    ],
    "rotation": [
      0.02564607228966667,
      -0.0014143737627002448,
      3.0963611721694955
    ]
  },
  {
    "label_id": "nNNrZsPBicV3ZcsF6SQhrg",
    "size": [
      2.1938264129260308,
      5.313072584674932,
      1.6100000000000136
    ],
    "obj_class": "vehicle",
    "point_num_in_lidar": 313,
    "speed": 0.011565805823459887,
    "if_vehicle": true,
    "motion_state": false,
    "pose": [
      [
        0.02201108324899492,
        0.9997544184903325,
        0.002571949311850686,
        51.37233056517198
      ],
      [
        -0.9994327148759516,
        0.02193826303610449,
        0.02555310256394181,
        26.975645348045873
      ],
      [
        0.025490403093918566,
        -0.0031329417510712956,
        0.9996701576150475,
        0.47520619941337827
      ],
      [
        0.0,
        0.0,
        0.0,
        1.0
      ]
    ],
    "location": [
      51.37233056517198,
      26.975645348045873,
      0.47520619941337827
    ],
    "rotation": [
      -0.003133965208645749,
      -0.025493164344843316,
      -1.5487763096192324
    ]
  },
  {
    "label_id": "qVb7P62syQExYN3zGU9GUQ",
    "size": [
      2.108929284627421,
      4.762608620569526,
      1.5900000000000318
    ],
    "obj_class": "vehicle",
    "point_num_in_lidar": 110,
    "speed": 11.983518697978447,
    "if_vehicle": true,
    "motion_state": true,
    "pose": [
      [
        0.9968588456079525,
        -0.0791569770135112,
        0.002571949311850686,
        3.4392099054302605
      ],
      [
        0.07906587585827558,
        0.9965418336548247,
        0.02555310256394181,
        -12.941359834661853
      ],
      [
        -0.004585761435576784,
        -0.025269482898588085,
        0.9996701576150475,
        0.8189034457013236
      ],
      [
        0.0,
        0.0,
        0.0,
        1.0
      ]
    ],
    "location": [
      3.4392099054302605,
      -12.941359834661853,
      0.8189034457013236
    ],
    "rotation": [
      -0.025272438750405433,
      0.00458577750821735,
      0.07914932134142322
    ]
  },
  {
    "label_id": "qaXzT3i1eKuXd7MG3Zkv0g",
    "size": [
      2.123929228603814,
      4.712077594084063,
      1.5
    ],
    "obj_class": "vehicle",
    "point_num_in_lidar": 269,
    "speed": 2.8435583831733384e-13,
    "if_vehicle": true,
    "motion_state": false,
    "pose": [
      [
        0.9992247707867552,
        0.03928412558392752,
        0.002571949311850686,
        46.01306375426557
      ],
      [
        -0.03933709856163778,
        0.9988992099436803,
        0.02555310256394181,
        45.54339377800716
      ],
      [
        -0.001565286845441972,
        -0.025634466075921014,
        0.9996701576150475,
        0.021971802881353142
      ],
      [
        0.0,
        0.0,
        0.0,
        1.0
      ]
    ],
    "location": [
      46.01306375426557,
      45.54339377800716,
      0.021971802881353142
    ],
    "rotation": [
      -0.02563730583234547,
      0.0015652874846335365,
      -0.03934729894602426
    ]
  },
  {
    "label_id": "r4wwsWiKAZswTekkzLzBIA",
    "size": [
      2.4237895353289733,
      5.319976989004658,
      1.7099999999999795
    ],
    "obj_class": "vehicle",
    "point_num_in_lidar": 196,
    "speed": 1.4210854715202004e-12,
    "if_vehicle": true,
    "motion_state": false,
    "pose": [
      [
        0.9999966925328989,
        -3.129891760588625e-16,
        0.002571949311850686,
        62.93466584040203
      ],
      [
        -6.572150192637015e-05,
        0.9996734640021415,
        0.02555310256394181,
        40.131850396996015
      ],
      [
        -0.0025711094778157074,
        -0.02555318708026741,
        0.9996701576150475,
        -0.038343947344230855
      ],
      [
        0.0,
        0.0,
        0.0,
        1.0
      ]
    ],
    "location": [
      62.93466584040203,
      40.131850396996015,
      -0.038343947344230855
    ],
    "rotation": [
      -0.025556053277756455,
      0.0025711123105885444,
      -6.572171920416965e-05
    ]
  },
  {
    "label_id": "sNxEFUZvJYSpMezg8nREBQ",
    "size": [
      1.9736366122024875,
      4.746781675608078,
      1.6200000000000045
    ],
    "obj_class": "vehicle",
    "point_num_in_lidar": 82,
    "speed": 8.881784197001252e-15,
    "if_vehicle": true,
    "motion_state": false,
    "pose": [
      [
        0.9994279951336379,
        -0.03372043326966647,
        0.002571949311850686,
        24.6448461876347
      ],
      [
        0.03364384970135882,
        0.9991071665875633,
        0.02555310256394181,
        -40.169947968257475
      ],
      [
        -0.0034313146794103153,
        -0.025451955788837174,
        0.9996701576150475,
        1.2524804367618572
      ],
      [
        0.0,
        0.0,
        0.0,
        1.0
      ]
    ],
    "location": [
      24.6448461876347,
      -40.169947968257475,
      1.2524804367618572
    ],
    "rotation": [
      -0.025454854446277556,
      0.0034313214127836577,
      0.03365039807095932
    ]
  },
  {
    "label_id": "slzRePUL32VlVCupH5t8lw",
    "size": [
      2.9216232952620427,
      10.613183625004126,
      3.6399999999999864
    ],
    "obj_class": "vehicle",
    "point_num_in_lidar": 510,
    "speed": 9.312084049172999,
    "if_vehicle": true,
    "motion_state": true,
    "pose": [
      [
        -0.9997257357870282,
        -0.023277419999265008,
        0.002571949311850686,
        -6.252188819333782
      ],
      [
        0.02333559974229709,
        -0.9994010650054481,
        0.02555310256394181,
        3.5211007152247475
      ],
      [
        0.001975598580738436,
        0.025606112242076953,
        0.9996701576150475,
        1.7586776294809283
      ],
      [
        0.0,
        0.0,
        0.0,
        1.0
      ]
    ],
    "location": [
      -6.252188819333782,
      3.5211007152247475,
      1.7586776294809283
    ],
    "rotation": [
      0.025608961260755653,
      -0.0019755998658641956,
      3.118254889875523
    ]
  },
  {
    "label_id": "sxF7chq_MPJ-F1tXt3y3Jg",
    "size": [
      2.054410519587688,
      4.689719715929437,
      1.7300000000000182
    ],
    "obj_class": "vehicle",
    "point_num_in_lidar": 26,
    "speed": 8.526512829121202e-13,
    "if_vehicle": true,
    "motion_state": false,
    "pose": [
      [
        0.9999966925328988,
        1.463367663341388e-15,
        0.002571949311850686,
        24.691768304807226
      ],
      [
        -6.572150192814564e-05,
        0.9996734640021415,
        0.02555310256394181,
        55.332014478603014
      ],
      [
        -0.002571109477815662,
        -0.025553187080267412,
        0.9996701576150475,
        0.4326965404009684
      ],
      [
        0.0,
        0.0,
        0.0,
        1.0
      ]
    ],
    "location": [
      24.691768304807226,
      55.332014478603014,
      0.4326965404009684
    ],
    "rotation": [
      -0.02555605327775646,
      0.002571112310588499,
      -6.572171920594515e-05
    ]
  }
]