[
  {
    "label_id": "-jGx5h2KM1RTCWtkALlTPg",
    "size": [
      1.9723911586536098,
      4.593513203435377,
      1.6999999999999886
    ],
    "obj_class": "vehicle",
    "point_num_in_lidar": 185,
    "speed": 11.550141169715673,
    "if_vehicle": true,
    "motion_state": true,
    "pose": [
      [
        -0.999963445343921,
        0.001864757798866058,
        0.008344498443098192,
        -46.70573553682303
      ],
      [
        -0.0016149291245317287,
        -0.9995531878327243,
        0.029846552520542878,
        0.9313709314374137
      ],
      [
        0.00839642661124595,
        0.02983198571651497,
        0.9995196609613898,
        1.0657731598153646
      ],
      [
        0.0,
        0.0,
        0.0,
        1.0
      ]
    ],
    "location": [
      -46.70573553682303,
      0.9313709314374137,
      1.0657731598153646
    ],
    "rotation": [
      0.02983746440678147,
      -0.008396525272360473,
      -3.1399776668339863
    ]
  },
  {
    "label_id": "1TgdkR2yKNOStoZEkzKJmA",
    "size": [
      0.7204719764073215,
      0.08233187211947524,
      0.640884955752199
    ],
    "obj_class": "sign",
    "point_num_in_lidar": 139,
    "speed": 0.021888373920950114,
    "if_vehicle": false,
    "motion_state": false,
    "pose": [
      [
        -0.9999297961455516,
        0.008412617074893651,
        0.008344498443098192,
        -4.781741908207607
      ],
      [
        -0.008160107333655364,
        -0.9995211833427753,
        0.029846552520542878,
        -10.830296588690544
      ],
      [
        0.00859159057560848,
        0.02977636517457273,
        0.9995196609613898,
        2.6610960697293535
      ],
      [
        0.0,
        0.0,
        0.0,
        1.0
      ]
    ],
    "location": [
      -4.781741908207607,
      -10.830296588690544,
      2.6610960697293535
    ],
    "rotation": [
      0.029781866569715872,
      -0.00859169627777643,
      -3.1334321544958215
    ]
  },
  {
    "label_id": "1YQ_kpgKHcSW4kqTyRAkOQ",
    "size": [
      2.1139927526202427,
      4.388851756526188,
      1.6100000000000136
    ],
    "obj_class": "vehicle",
    "point_num_in_lidar": 4780,
    "speed": 8.407213928464769,
    "if_vehicle": true,
    "motion_state": true,
    "pose": [
      [
        -0.9996528946054679,
        -0.02498919071603536,
        0.008344498443098192,
        -7.866702113219731
      ],
      [
        0.025227912131093853,
        -0.9992360760861991,
        0.029846552520542878,
        3.4203832530201908
      ],
      [
        0.007592282688036823,
        0.03004670689465534,
        0.9995196609613898,
        0.8822722185515204
      ],
      [
        0.0,
        0.0,
        0.0,
        1.0
      ]
    ],
    "location": [
      -7.866702113219731,
      3.4203832530201908,
      0.8822722185515204
    ],
    "rotation": [
      0.030052096199362385,
      -0.007592355629945834,
      3.116361337285366
    ]
  },
  {
    "label_id": "2gBQINdyd96o4z3Zr-BlXg",
    "size": [
      0.8037584934936567,
      0.6746490747898556,
      1.8500000000000227
    ],
    "obj_class": "pedestrian",
    "point_num_in_lidar": 26,
    "speed": 0.10038679630548425,
    "if_vehicle": false,
    "motion_state": false,
    "pose": [
      [
        -0.9999048981094463,
        0.010980167688653992,
        0.008344498443098192,
        -79.89150897180068
      ],
      [
        -0.010726609560819769,
        -0.999496935037806,
        0.029846552520542878,
        -9.66943788086246
      ],
      [
        0.008668020769908167,
        0.029754205880191675,
        0.9995196609613898,
        1.5560600365026858
      ],
      [
        0.0,
        0.0,
        0.0,
        1.0
      ]
    ],
    "location": [
      -79.89150897180068,
      -9.66943788086246,
      1.5560600365026858
    ],
    "rotation": [
      0.029759716269663426,
      -0.008668129318267494,
      -3.130865435301863
    ]
  },
  {
    "label_id": "2geLnJ4dNoqnnCkA3l0v-Q",
    "size": [
      2.3405198330183357,
      5.096364475401939,
      2.0
    ],
    "obj_class": "vehicle",
    "point_num_in_lidar": 1009,
    "speed": 11.910929319388615,
    "if_vehicle": true,
    "motion_state": true,
    "pose": [
      [
        0.9999651840667919,
        -2.956335027328072e-16,
        0.008344498443098192,
        -23.124386266878304
      ],
      [
        -0.00024906318240633726,
        0.9995544613827552,
        0.029846552520542878,
        -16.815559889957512
      ],
      [
        -0.008340780646800262,
        -0.02984759169230165,
        0.9995196609613898,
        1.2137314830054038
      ],
      [
        0.0,
        0.0,
        0.0,
        1.0
      ]
    ],
    "location": [
      -23.124386266878304,
      -16.815559889957512,
      1.2137314830054038
    ],
    "rotation": [
      -0.029853063978914504,
      0.008340877359263681,
      -0.00024907184892483366
    ]
  },
  {
    "label_id": "4iGaZtbzD4XFf7YLTHe1Sg",
    "size": [
      1.0000000000016944,
      1.0,
      1.9499999999999886
    ],
    "obj_class": "pedestrian",
    "point_num_in_lidar": 26,
    "speed": 0.009609793940111645,
    "if_vehicle": false,
    "motion_state": false,
    "pose": [
      [
        -0.987522307491581,
        0.15725794591128453,
        0.008344498443098192,
        -59.272747345213986
      ],
      [
        -0.15694739024476698,
        -0.9871558640853001,
        0.029846552520542878,
        -25.85384592598166
      ],
      [
        0.01293092811286888,
        0.02816448916220938,
        0.9995196609613898,
        1.3359040188602194
      ],
      [
        0.0,
        0.0,
        0.0,
        1.0
      ]
    ],
    "location": [
      -59.272747345213986,
      -25.85384592598166,
      1.3359040188602194
    ],
    "rotation": [
      0.028170569924577525,
      -0.012931288501034886,
      -2.983980392809329
    ]
  },
  {
    "label_id": "97LGRvZi3-yunSqGxMM_Jw",
    "size": [
      2.7330119442255163,
      6.870703637231516,
      2.9699999999999704
    ],
    "obj_class": "vehicle",
    "point_num_in_lidar": 315,
    "speed": 0.03369186199829365,
    "if_vehicle": true,
    "motion_state": false,
    "pose": [
      [
        -0.9999579135619888,
        0.0038131942629490863,
        0.008344498443098192,
        -55.2080902455985
      ],
      [
        -0.003562566671508724,
        -0.9995481436235824,
        0.029846552520542878,
        12.117409248428885
      ],
      [
        0.008454538631108814,
        0.029815568553416535,
        0.9995196609613898,
        1.7162412199954815
      ],
      [
        0.0,
        0.0,
        0.0,
        1.0
      ]
    ],
    "location": [
      -55.2080902455985,
      12.117409248428885,
      1.7162412199954815
    ],
    "rotation": [
      0.029821053964515877,
      -0.008454639354991382,
      -3.138029952049912
    ]
  },
  {
    "label_id": "AaB0H-SNWGrrmu6BOxOx3g",
    "size": [
      1.9255438066377384,
      4.384545949004037,
      1.8999999999999773
    ],
    "obj_class": "vehicle",
    "point_num_in_lidar": 50,
    "speed": 5.687116766346677e-13,
    "if_vehicle": true,
    "motion_state": false,
    "pose": [
      [
        -0.01760179069928445,
        0.9998102551534025,
        0.008344498443098192,
        11.56309558381767
      ],
      [
        -0.9993952119937557,
        -0.017843585586830538,
        0.029846552520542878,
        -59.95454349215834
      ],
      [
        0.029989785063161994,
        -0.007814099019959886,
        0.9995196609613898,
        1.6020919378458416
      ],
      [
        0.0,
        0.0,
        0.0,
        1.0
      ]
    ],
    "location": [
      11.56309558381767,
      -59.95454349215834,
      1.6020919378458416
    ],
    "rotation": [
      -0.007817694973649942,
      -0.029994282288379352,
      -1.5884069485114518
    ]
  },
  {
    "label_id": "BXDlU3DIkqaT24ZzQeHqcw",
    "size": [
      1.0220610767846838,
      1.090747265971741,
      1.0500000000000114
    ],
    "obj_class": "pedestrian",
    "point_num_in_lidar": 23,
    "speed": 0.050885724076659346,
    "if_vehicle": false,
    "motion_state": false,
    "pose": [
      [
        -0.3846412702407394,
        0.9230284191580038,
        0.008344498443098192,
        -61.658564378352764
      ],
      [
        -0.9225534939344291,
        -0.3847131842451152,
        0.029846552520542878,
        18.84351835957932
      ],
      [
        0.030759454757325735,
        0.003781969679997911,
        0.9995196609613898,
        0.79201185484078
      ],
      [
        0.0,
        0.0,
        0.0,
        1.0
      ]
    ],
    "location": [
      -61.658564378352764,
      18.84351835957932,
      0.79201185484078
    ],
    "rotation": [
      0.003783769123298722,
      -0.030764307302872024,
      -1.9658127664387153
    ]
  },
  {
    "label_id": "D5j3i75zBvzZL7edy7Vfkg",
    "size": [
      1.0822184139979385,
      1.1221680693460732,
      1.079999999999984
    ],
    "obj_class": "sign",
    "point_num_in_lidar": 32,
    "speed": 0.004386105387489621,
    "if_vehicle": false,
    "motion_state": false,
    "pose": [
      [
        0.9994313367442627,
        -0.03267066695537736,
        0.008344498443098192,
        -59.19095765913272
      ],
      [
        0.03240831768809516,
        0.9990289706746577,
        0.029846552520542878,
        8.850595342324596
      ],
      [
        -0.009311502467569505,
        -0.029559148726322267,
        0.9995196609613898,
        0.8697951446444563
      ],
      [
        0.0,
        0.0,
        0.0,
        1.0
      ]
    ],
    "location": [
      -59.19095765913272,
      8.850595342324596,
      0.8697951446444563
    ],
    "rotation": [
      -0.029564737030531585,
      0.009311637030359475,
      0.032415399238474946
    ]
  },
  {
    "label_id": "Ga0feveMqrXZh2Y0ZZ4I6A",
    "size": [
      1.7461204438912286,
      4.004460509402721,
      1.5300000000000296
    ],
    "obj_class": "vehicle",
    "point_num_in_lidar": 26,
    "speed": 0.027880879243954618,
    "if_vehicle": true,
    "motion_state": false,
    "pose": [
      [
        0.03647321453048084,
        0.9992997918380382,
        0.008344498443098192,
        -12.583083028447362
      ],
      [
        -0.998898426906366,
        0.03620933618040894,
        0.029846552520542878,
        -60.47821493162701
      ],
      [
        0.02952350497147853,
        -0.009423906081210428,
        0.9995196609613898,
        1.630550986477374
      ],
      [
        0.0,
        0.0,
        0.0,
        1.0
      ]
    ],
    "location": [
      -12.583083028447362,
      -60.47821493162701,
      1.630550986477374
    ],
    "rotation": [
      -0.009428155560027714,
      -0.02952779561956045,
      -1.5342991040260885
    ]
  },
  {
    "label_id": "IfcPgF5DX-ynhXlY8BCLMw",
    "size": [
      0.886131947893241,
      0.9385848513966977,
      1.8899999999999864
    ],
    "obj_class": "pedestrian",
    "point_num_in_lidar": 46,
    "speed": 1.1927534637373367,
    "if_vehicle": false,
    "motion_state": true,
    "pose": [
      [
        -0.9821269385694484,
        0.18803469329338138,
        0.008344498443098192,
        1.471521089292878
      ],
      [
        -0.18771284031300062,
        -0.9817703768622603,
        0.029846552520542878,
        -32.31670388858947
      ],
      [
        0.013804568730272134,
        0.027746733750111656,
        0.9995196609613898,
        1.3263923735178196
      ],
      [
        0.0,
        0.0,
        0.0,
        1.0
      ]
    ],
    "location": [
      1.471521089292878,
      -32.31670388858947,
      1.3263923735178196
    ],
    "rotation": [
      0.027752940455850715,
      -0.013805007215053866,
      -2.9527413674722074
    ]
  },
  {
    "label_id": "LrTZhVUAGYTUkncIjh4pHw",
    "size": [
      1.750968599295745,
      2.3537852381629554,
      1.7300000000000182
    ],
    "obj_class": "vehicle",
    "point_num_in_lidar": 126,
    "speed": 0.007462899296220497,
    "if_vehicle": true,
    "motion_state": false,
    "pose": [
      [
        -0.9997881090216575,
        0.018817715180957185,
        0.008344498443098192,
        -49.45792456484355
      ],
      [
        -0.018560966971376852,
        -0.9993821460321002,
        0.029846552520542878,
        12.053438274240762
      ],
      [
        0.008900986686090046,
        0.02968534634533409,
        0.9995196609613898,
        1.1274957667027934
      ],
      [
        0.0,
        0.0,
        0.0,
        1.0
      ]
    ],
    "location": [
      -49.45792456484355,
      12.053438274240762,
      1.1274957667027934
    ],
    "rotation": [
      0.02969088449816407,
      -0.008901104224195978,
      -3.1230298852744443
    ]
  },
  {
    "label_id": "N0xEeDcPODmUZyZL7O9KhQ",
    "size": [
      1.9987228837198878,
      4.597254965828016,
      1.920000000000016
    ],
    "obj_class": "vehicle",
    "point_num_in_lidar": 70,
    "speed": 0.007175455346382185,
    "if_vehicle": true,
    "motion_state": false,
    "pose": [
      [
        0.9999651840667919,
        -2.956335027328072e-16,
        0.008344498443098192,
        -34.98793494665918
      ],
      [
        -0.00024906318240633726,
        0.9995544613827552,
        0.029846552520542878,
        -41.13645808128058
      ],
      [
        -0.008340780646800262,
        -0.02984759169230165,
        0.9995196609613898,
        1.7189781806940232
      ],
      [
        0.0,
        0.0,
        0.0,
        1.0
      ]
    ],
    "location": [
      -34.98793494665918,
      -41.13645808128058,
      1.7189781806940232
    ],
    "rotation": [
      -0.029853063978914504,
      0.008340877359263681,
      -0.00024907184892483366
    ]
  },
  {
    "label_id": "NXvHjeEjHAm4M20-7kGTYQ",
    "size": [
      2.190158970656091,
      4.47866627860887,
      1.8899999999999864
    ],
    "obj_class": "vehicle",
    "point_num_in_lidar": 164,
    "speed": 0.04328962223270542,
    "if_vehicle": true,
    "motion_state": false,
    "pose": [
      [
        0.986675355741706,
        -0.16248726632481453,
        0.008344498443098192,
        -49.670932446262384
      ],
      [
        0.16217477373484343,
        0.9863105626863635,
        0.029846552520542878,
        -4.210337609851194
      ],
      [
        -0.013079951683030677,
        -0.028095590678929947,
        0.9995196609613898,
        1.42416613257285
      ],
      [
        0.0,
        0.0,
        0.0,
        1.0
      ]
    ],
    "location": [
      -49.670932446262384,
      -4.210337609851194,
      1.42416613257285
    ],
    "rotation": [
      -0.028101692885528905,
      0.013080324675966315,
      0.16290826600958785
    ]
  },
  {
    "label_id": "Sv6Kp_7Yn7_dppLzJAxahA",
    "size": [
      2.2878795860044563,
      4.83846683002856,
      2.0
    ],
    "obj_class": "vehicle",
    "point_num_in_lidar": 1244,
    "speed": 9.457613915140973,
    "if_vehicle": true,
    "motion_state": true,
    "pose": [
      [
        -0.9999403850613717,
        -0.007042419261078989,
        0.008344498443098192,
        -26.818503680339944
      ],
      [
        0.007288583684702401,
        -0.999527918494781,
        0.029846552520542878,
        4.189886215754086
      ],
      [
        0.0081303672233654,
        0.029905592795355485,
        0.9995196609613898,
        1.085925035273931
      ],
      [
        0.0,
        0.0,
        0.0,
        1.0
      ]
    ],
    "location": [
      -26.818503680339944,
      4.189886215754086,
      1.085925035273931
    ],
    "rotation": [
      0.029911041154731827,
      -0.008130456799466194,
      3.134303764454596
    ]
  },
  {
    "label_id": "c-Q-RtXcVA34W3hfnuENdg",
    "size": [
      2.9654650192359804,
      7.449051383300613,
      3.3899999999999864
    ],
    "obj_class": "vehicle",
    "point_num_in_lidar": 415,
    "speed": 10.275171146473893,
    "if_vehicle": true,
    "motion_state": true,
    "pose": [
      [
        0.9993031714303467,
        -0.03638050185173693,
        0.008344498443098192,
        -54.42399231296989
      ],
      [
        0.03611666074042978,
        0.9989017820184322,
        0.029846552520542878,
        -17.42811869995603
      ],
      [
        -0.00942116692410239,
        -0.02952437917072248,
        0.9995196609613898,
        2.138968235861512
      ],
      [
        0.0,
        0.0,
        0.0,
        1.0
      ]
    ],
    "location": [
      -54.42399231296989,
      -17.42811869995603,
      2.138968235861512
    ],
    "rotation": [
      -0.029529981126921442,
      0.009421306297597954,
      0.03612612117581416
    ]
  },
  {
    "label_id": "i5j529DQ3xVIaMhN_CqDdg",
    "size": [
      1.1681500733672097,
      1.1867695902315556,
      1.839999999999975
    ],
    "obj_class": "pedestrian",
    "point_num_in_lidar": 40,
    "speed": 0.0,
    "if_vehicle": false,
    "motion_state": false,
    "pose": [
      [
        -0.9383683635381604,
        0.34553608155509297,
        0.008344498443098192,
        -63.019843157985605
      ],
      [
        -0.3451604359589006,
        -0.9380690042589086,
        0.029846552520542878,
        20.033506547459183
      ],
      [
        0.018140776151433804,
        0.025126869925479436,
        0.9995196609613898,
        1.3626767491930991
      ],
      [
        0.0,
        0.0,
        0.0,
        1.0
      ]
    ],
    "location": [
      -63.019843157985605,
      20.033506547459183,
      1.3626767491930991
    ],
    "rotation": [
      0.02513365149173668,
      -0.01814177128337227,
      -2.789122403928498
    ]
  },
  {
    "label_id": "iHup_TyQroYLLb9o9b4nUQ",
    "size": [
      1.954974243723254,
      4.55316170265996,
      1.6100000000000136
    ],
    "obj_class": "vehicle",
    "point_num_in_lidar": 50,
    "speed": 0.015005733410411998,
    "if_vehicle": true,
    "motion_state": false,
    "pose": [
      [
        0.013148143775812781,
        0.9998787404785561,
        0.008344498443098192,
        0.26945296513196126
      ],
      [
        -0.9994713281326458,
        0.012893701695148264,
        0.029846552520542878,
        -60.11152539632167
      ],
      [
        0.029735341868146543,
        -0.008732513705276591,
        0.9995196609613898,
        1.5190793332939165
      ],
      [
        0.0,
        0.0,
        0.0,
        1.0
      ]
    ],
    "location": [
      0.26945296513196126,
      -60.11152539632167,
      1.5190793332939165
    ],
    "rotation": [
      -0.00873648800713432,
      -0.029739725563990693,
      -1.5576419870687523
    ]
  },
  {
    "label_id": "iS--Vq4c9quQ_K-Ckea5OQ",
    "size": [
      0.9073869867057519,
      0.11923040422253371,
      0.970231929654517
    ],
    "obj_class": "sign",
    "point_num_in_lidar": 38,
    "speed": 0.019942874736391922,
    "if_vehicle": false,
    "motion_state": false,
    "pose": [
      [
        0.9991279854926189,
        0.04091012040063215,
        0.008344498443098192,
        -59.267488279336305
      ],
      [
        -0.04114217176095991,
        0.998707417117461,
        0.029846552520542878,
        17.27565133295684
      ],
      [
        -0.00711268643008807,
        -0.03016383668195466,
        0.9995196609613898,
        3.2989744236777483
      ],
      [
        0.0,
        0.0,
        0.0,
        1.0
      ]
    ],
    "location": [
      -59.267488279336305,
      17.27565133295684,
      3.2989744236777483
    ],
    "rotation": [
      -0.030169176060876587,
      0.007112746403619917,
      -0.04115482897335809
    ]
  },
  {
    "label_id": "iXTQZojLqoKlsbwX2uyUog",
    "size": [
      2.015323130729731,
      4.453522781562739,
      1.4499999999999886
    ],
    "obj_class": "vehicle",
    "point_num_in_lidar": 127,
    "speed": 5.687116766346677e-13,
    "if_vehicle": true,
    "motion_state": false,
    "pose": [
      [
        0.018531535911667698,
        -0.9997934544307078,
        0.008344498443098192,
        1.0441205802052025
      ],
      [
        0.9993781865983754,
        0.018772944733882004,
        0.029846552520542878,
        39.29491860755661
      ],
      [
        -0.029997038655465356,
        0.0077862072622625214,
        0.9995196609613898,
        0.3479174626509689
      ],
      [
        0.0,
        0.0,
        0.0,
        1.0
      ]
    ],
    "location": [
      1.0441205802052025,
      39.29491860755661,
      0.3479174626509689
    ],
    "rotation": [
      0.007789791511361315,
      0.030001539145568787,
      1.5522553854331997
    ]
  },
  {
    "label_id": "ijjnSXQKMTGVXZdwniRX4Q",
    "size": [
      2.9725772655692633,
      7.057856682623538,
      3.2299999999999613
    ],
    "obj_class": "vehicle",
    "point_num_in_lidar": 838,
    "speed": 0.004523355009463429,
    "if_vehicle": true,
    "motion_state": false,
    "pose": [
      [
        -0.19968638224287932,
        -0.9798243302207207,
        0.008344498443098192,
        -24.061492628422428
      ],
      [
        0.9794716163877113,
        -0.1993603169978489,
        0.029846552520542878,
        -39.58155445170087
      ],
      [
        -0.02758081647803437,
        0.014133149473255424,
        0.9995196609613898,
        2.0311571921858445
      ],
      [
        0.0,
        0.0,
        0.0,
        1.0
      ]
    ],
    "location": [
      -24.061492628422428,
      -39.58155445170087,
      2.0311571921858445
    ],
    "rotation": [
      0.014138999181892759,
      0.027584314470041595,
      1.771911730077017
    ]
  },
  {
    "label_id": "slzRePUL32VlVCupH5t8lw",
    "size": [
      2.921623295263101,
      10.613183625004126,
      3.6399999999999864
    ],
    "obj_class": "vehicle",
    "point_num_in_lidar": 925,
    "speed": 9.951729724312994,
    "if_vehicle": true,
    "motion_state": true,
    "pose": [
      [
        -0.9997546133077518,
        -0.020520295212320797,
        0.008344498443098192,
        -50.718001456974946
      ],
      [
        0.020760877503307084,
        -0.9993388660849388,
        0.029846552520542878,
        4.2753462023392785
      ],
      [
        0.007726521543381708,
        0.030012467683748545,
        0.9995196609613898,
        2.008677629480701
      ],
      [
        0.0,
        0.0,
        0.0,
        1.0
      ]
    ],
    "location": [
      -50.718001456974946,
      4.2753462023392785,
      2.008677629480701
    ],
    "rotation": [
      0.03001787142687877,
      -0.00772659842322273,
      3.120829664560987
    ]
  },
  {
    "label_id": "wXjYVrS_dk7sP6eAi61Mlg",
    "size": [
      2.0873318631274764,
      4.614035761484056,
      1.5699999999999932
    ],
    "obj_class": "vehicle",
    "point_num_in_lidar": 23,
    "speed": 13.495776344772825,
    "if_vehicle": true,
    "motion_state": true,
    "pose": [
      [
        0.999965184066792,
        -1.1838119224329325e-15,
        0.008344498443098192,
        -36.78047640721496
      ],
      [
        -0.00024906318240544995,
        0.9995544613827552,
        0.029846552520542878,
        -13.889058980155824
      ],
      [
        -0.008340780646800288,
        -0.029847591692301646,
        0.9995196609613898,
        1.0134732383826872
      ],
      [
        0.0,
        0.0,
        0.0,
        1.0
      ]
    ],
    "location": [
      -36.78047640721496,
      -13.889058980155824,
      1.0134732383826872
    ],
    "rotation": [
      -0.0298530639789145,
      0.008340877359263707,
      -0.0002490718489239463
    ]
  },
  {
    "label_id": "ytTHEGIT_byAY5em9sU6XQ",
    "size": [
      1.9310072913216054,
      4.326187674910624,
      1.5500000000000114
    ],
    "obj_class": "vehicle",
    "point_num_in_lidar": 26,
    "speed": 5.685035733124714e-13,
    "if_vehicle": true,
    "motion_state": false,
    "pose": [
      [
        -0.9980569385055821,
        0.061747201123596177,
        0.008344498443098192,
        -26.925168692994134
      ],
      [
        -0.06147325137227546,
        -0.9976623790984401,
        0.029846552520542878,
        -68.12350003598476
      ],
      [
        0.010167933250456508,
        0.02927559538323095,
        0.9995196609613898,
        1.4641802786467792
      ],
      [
        0.0,
        0.0,
        0.0,
        1.0
      ]
    ],
    "location": [
      -26.925168692994134,
      -68.12350003598476,
      1.4641802786467792
    ],
    "rotation": [
      0.02928129294529866,
      -0.010168108463734673,
      -3.080077434697162
    ]
  }
]