[
  {
    "label_id": "-jGx5h2KM1RTCWtkALlTPg",
    "size": [
      1.9723911586519731,
      4.593513203435377,
      1.6999999999999886
    ],
    "obj_class": "vehicle",
    "point_num_in_lidar": 185,
    "speed": 10.76581940892724,
    "if_vehicle": true,
    "motion_state": true,
    "pose": [
      [
        -0.9999620939598489,
        -0.0035868330724715537,
        0.007933805640717353,
        -40.01432351481222
      ],
      [
        0.003823236670857264,
        -0.9995430270869659,
        0.02998532746501032,
        0.9182054347857047
      ],
      [
        0.007822627742201878,
        0.030014523656648532,
        0.999518851680583,
        1.045773159815326
      ],
      [
        0.0,
        0.0,
        0.0,
        1.0
      ]
    ],
    "location": [
      -40.01432351481222,
      0.9182054347857047,
      1.045773159815326
    ],
    "rotation": [
      0.030019950826420828,
      -0.007822707526733638,
      3.137769290619895
    ]
  },
  {
    "label_id": "1TgdkR2yKNOStoZEkzKJmA",
    "size": [
      0.7204719764073217,
      0.08233187211947524,
      0.640884955752199
    ],
    "obj_class": "sign",
    "point_num_in_lidar": 152,
    "speed": 0.018244968226732373,
    "if_vehicle": false,
    "motion_state": false,
    "pose": [
      [
        -0.9999331388292092,
        0.008412645197596135,
        0.007933805640717353,
        -4.782833408237593
      ],
      [
        -0.008171229953731143,
        -0.999516938894914,
        0.02998532746501032,
        -10.840807516511632
      ],
      [
        0.008182229048893876,
        0.029918493660610952,
        0.999518851680583,
        2.664567507230231
      ],
      [
        0.0,
        0.0,
        0.0,
        1.0
      ]
    ],
    "location": [
      -4.782833408237593,
      -10.840807516511632,
      2.664567507230231
    ],
    "rotation": [
      0.029923960884717007,
      -0.008182320350145699,
      -3.1334210591523397
    ]
  },
  {
    "label_id": "1YQ_kpgKHcSW4kqTyRAkOQ",
    "size": [
      2.113992752620808,
      4.388851756526188,
      1.6100000000000136
    ],
    "obj_class": "vehicle",
    "point_num_in_lidar": 5641,
    "speed": 8.178376251895754,
    "if_vehicle": true,
    "motion_state": true,
    "pose": [
      [
        -0.9997242843764869,
        -0.022099999003992215,
        0.007933805640717353,
        -2.9795524100333637
      ],
      [
        0.02232860327466897,
        -0.9993009124446042,
        0.02998532746501032,
        3.3311843899027735
      ],
      [
        0.0072655835088158895,
        0.030154210840361968,
        0.999518851680583,
        0.8649295495039837
      ],
      [
        0.0,
        0.0,
        0.0,
        1.0
      ]
    ],
    "location": [
      -2.9795524100333637,
      3.3311843899027735,
      0.8649295495039837
    ],
    "rotation": [
      0.03015957875788548,
      -0.007265647433790305,
      3.119261604997057
    ]
  },
  {
    "label_id": "2geLnJ4dNoqnnCkA3l0v-Q",
    "size": [
      2.34051983301802,
      5.096364475401939,
      2.0
    ],
    "obj_class": "vehicle",
    "point_num_in_lidar": 426,
    "speed": 11.520473429893093,
    "if_vehicle": true,
    "motion_state": true,
    "pose": [
      [
        0.9999571738363945,
        -0.004764999599811136,
        0.007933805640717353,
        -30.19002237648752
      ],
      [
        0.0045251041902432424,
        0.9995400960286104,
        0.02998532746501032,
        -16.811858915914854
      ],
      [
        -0.008073036925365934,
        -0.02994814201132115,
        0.999518851680583,
        1.213731483005347
      ],
      [
        0.0,
        0.0,
        0.0,
        1.0
      ]
    ],
    "location": [
      -30.19002237648752,
      -16.811858915914854,
      1.213731483005347
    ],
    "rotation": [
      -0.029953596927975907,
      0.008073124619855335,
      0.0045252671016052575
    ]
  },
  {
    "label_id": "4iGaZtbzD4XFf7YLTHe1Sg",
    "size": [
      1.0000000000005707,
      1.0,
      1.9499999999999886
    ],
    "obj_class": "pedestrian",
    "point_num_in_lidar": 33,
    "speed": 0.040430495213493976,
    "if_vehicle": false,
    "motion_state": false,
    "pose": [
      [
        -0.9994233947568611,
        0.03301412941039929,
        0.007933805640717353,
        -59.27225565468626
      ],
      [
        -0.03276254637782301,
        -0.9990132610189202,
        0.02998532746501032,
        -25.846910994065183
      ],
      [
        0.008915916526766397,
        0.029708106092720125,
        0.999518851680583,
        1.3359040188602762
      ],
      [
        0.0,
        0.0,
        0.0,
        1.0
      ]
    ],
    "location": [
      -59.27225565468626,
      -25.846910994065183,
      1.3359040188602762
    ],
    "rotation": [
      0.02971365914434674,
      -0.00891603465732762,
      -3.1088229402614806
    ]
  },
  {
    "label_id": "97LGRvZi3-yunSqGxMM_Jw",
    "size": [
      2.7330119442255185,
      6.870703637231516,
      2.9699999999999704
    ],
    "obj_class": "vehicle",
    "point_num_in_lidar": 227,
    "speed": 0.033691861998608734,
    "if_vehicle": true,
    "motion_state": false,
    "pose": [
      [
        -0.9999612563396408,
        0.0038132070101433626,
        0.007933805640717353,
        -55.22402145697987
      ],
      [
        -0.0035737086969139897,
        -0.9995439503808553,
        0.02998532746501032,
        12.104956335624593
      ],
      [
        0.008044527692567556,
        0.029955812613449404,
        0.999518851680583,
        1.7368729614910876
      ],
      [
        0.0,
        0.0,
        0.0,
        1.0
      ]
    ],
    "location": [
      -55.22402145697987,
      12.104956335624593,
      1.7368729614910876
    ],
    "rotation": [
      0.029961264337360495,
      -0.008044614461259486,
      -3.1380188216443576
    ]
  },
  {
    "label_id": "BXDlU3DIkqaT24ZzQeHqcw",
    "size": [
      1.0220610767846887,
      1.090747265971741,
      1.0500000000000114
    ],
    "obj_class": "pedestrian",
    "point_num_in_lidar": 20,
    "speed": 0.05088572407600856,
    "if_vehicle": false,
    "motion_state": false,
    "pose": [
      [
        -0.3846425560650942,
        0.9230315047666391,
        0.007933805640717353,
        -61.63150281440605
      ],
      [
        -0.9225539545163445,
        -0.38470128820043065,
        0.02998532746501032,
        18.829363524608198
      ],
      [
        0.030729547181264718,
        0.004214269232382567,
        0.999518851680583,
        0.765195984544107
      ],
      [
        0.0,
        0.0,
        0.0,
        1.0
      ]
    ],
    "location": [
      -61.63150281440605,
      18.829363524608198,
      0.765195984544107
    ],
    "rotation": [
      0.004216272912684418,
      -0.03073438558209723,
      -1.965813776476366
    ]
  },
  {
    "label_id": "D5j3i75zBvzZL7edy7Vfkg",
    "size": [
      1.0822184139979385,
      1.1221680693460732,
      1.079999999999984
    ],
    "obj_class": "sign",
    "point_num_in_lidar": 31,
    "speed": 0.0035005954487722156,
    "if_vehicle": false,
    "motion_state": false,
    "pose": [
      [
        0.9994346777616114,
        -0.03267077617074644,
        0.007933805640717353,
        -59.190914588578664
      ],
      [
        0.03241933405420979,
        0.999024457616678,
        0.02998532746501032,
        8.847963298876493
      ],
      [
        -0.008905709799069681,
        -0.0297111673971814,
        0.999518851680583,
        0.8223583150958689
      ],
      [
        0.0,
        0.0,
        0.0,
        1.0
      ]
    ],
    "location": [
      -59.190914588578664,
      8.847963298876493,
      0.8223583150958689
    ],
    "rotation": [
      -0.02971671921884445,
      0.008905827524386411,
      0.03242630196824801
    ]
  },
  {
    "label_id": "Ga0feveMqrXZh2Y0ZZ4I6A",
    "size": [
      1.7461204438912294,
      4.004460509402721,
      1.5300000000000296
    ],
    "obj_class": "vehicle",
    "point_num_in_lidar": 39,
    "speed": 0.027880879012600952,
    "if_vehicle": true,
    "motion_state": false,
    "pose": [
      [
        0.03647333645745773,
        0.9993031324156432,
        0.007933805640717353,
        -12.58390434757942
      ],
      [
        -0.9988938719643575,
        0.03622033529482957,
        0.02998532746501032,
        -60.49492794762773
      ],
      [
        0.029677066561822837,
        -0.009018694773287185,
        0.999518851680583,
        1.6288668241422215
      ],
      [
        0.0,
        0.0,
        0.0,
        1.0
      ]
    ],
    "location": [
      -12.58390434757942,
      -60.49492794762773,
      1.6288668241422215
    ],
    "rotation": [
      -0.009022791333236397,
      -0.029681424527856635,
      -1.5342988158475488
    ]
  },
  {
    "label_id": "IfcPgF5DX-ynhXlY8BCLMw",
    "size": [
      0.88613194789308,
      0.9385848513966977,
      1.8899999999999864
    ],
    "obj_class": "pedestrian",
    "point_num_in_lidar": 45,
    "speed": 1.1719125882066614,
    "if_vehicle": false,
    "motion_state": true,
    "pose": [
      [
        -0.9869736779280273,
        0.16068607221933662,
        0.007933805640717353,
        2.168834735931995
      ],
      [
        -0.16038405497635433,
        -0.9865991258085312,
        0.02998532746501032,
        -32.18894179222298
      ],
      [
        0.01264571020402964,
        0.028322273011965004,
        0.999518851680583,
        1.2835307354169458
      ],
      [
        0.0,
        0.0,
        0.0,
        1.0
      ]
    ],
    "location": [
      2.168834735931995,
      -32.18894179222298,
      1.2835307354169458
    ],
    "rotation": [
      0.02832832658113284,
      -0.012646047265940893,
      -2.980499927449645
    ]
  },
  {
    "label_id": "LrTZhVUAGYTUkncIjh4pHw",
    "size": [
      1.750968599295745,
      2.3537852381629554,
      1.7300000000000182
    ],
    "obj_class": "vehicle",
    "point_num_in_lidar": 69,
    "speed": 0.007462899421496232,
    "if_vehicle": true,
    "motion_state": false,
    "pose": [
      [
        -0.9997914512316668,
        0.018817778087039223,
        0.007933805640717353,
        -49.454833091306085
      ],
      [
        -0.01857204482025349,
        -0.9993777860689174,
        0.02998532746501032,
        12.050197270027638
      ],
      [
        0.008493126354424963,
        0.02983172706794484,
        0.999518851680583,
        1.1620962736510023
      ],
      [
        0.0,
        0.0,
        0.0,
        1.0
      ]
    ],
    "location": [
      -49.454833091306085,
      12.050197270027638,
      1.1620962736510023
    ],
    "rotation": [
      0.029837230008187308,
      -0.008493228463796429,
      -3.123018870973947
    ]
  },
  {
    "label_id": "N0xEeDcPODmUZyZL7O9KhQ",
    "size": [
      1.9987228837198918,
      4.597254965828016,
      1.920000000000016
    ],
    "obj_class": "vehicle",
    "point_num_in_lidar": 50,
    "speed": 0.0071754552855800326,
    "if_vehicle": true,
    "motion_state": false,
    "pose": [
      [
        0.9999685268687487,
        3.3671191949130852e-15,
        0.007933805640717353,
        -34.98375052756393
      ],
      [
        -0.00023790524780710484,
        0.9995503106587027,
        0.02998532746501032,
        -41.13747608713311
      ],
      [
        -0.007930237892884696,
        -0.029986271226860407,
        0.999518851680583,
        1.723284512063401
      ],
      [
        0.0,
        0.0,
        0.0,
        1.0
      ]
    ],
    "location": [
      -34.98375052756393,
      -41.13747608713311,
      1.723284512063401
    ],
    "rotation": [
      -0.029991710238161204,
      0.007930321015593409,
      -0.0002379127311770448
    ]
  },
  {
    "label_id": "NXvHjeEjHAm4M20-7kGTYQ",
    "size": [
      2.1901589706560913,
      4.47866627860887,
      1.8899999999999864
    ],
    "obj_class": "vehicle",
    "point_num_in_lidar": 106,
    "speed": 0.043289622598757155,
    "if_vehicle": true,
    "motion_state": false,
    "pose": [
      [
        0.9866786541168517,
        -0.16248780950647804,
        0.007933805640717353,
        -49.68520967110243
      ],
      [
        0.1621851089139618,
        0.986304654041226,
        0.02998532746501032,
        -4.232044139858772
      ],
      [
        -0.012697399604822017,
        -0.028299137414487502,
        0.999518851680583,
        1.424516975728693
      ],
      [
        0.0,
        0.0,
        0.0,
        1.0
      ]
    ],
    "location": [
      -49.68520967110243,
      -4.232044139858772,
      1.424516975728693
    ],
    "rotation": [
      -0.028305198401639118,
      0.012697740817078546,
      0.16291793016862238
    ]
  },
  {
    "label_id": "Sv6Kp_7Yn7_dppLzJAxahA",
    "size": [
      2.2878795860034624,
      4.83846683002856,
      2.0
    ],
    "obj_class": "vehicle",
    "point_num_in_lidar": 1090,
    "speed": 9.316131298044382,
    "if_vehicle": true,
    "motion_state": true,
    "pose": [
      [
        -0.9997816566861143,
        -0.019331158320804707,
        0.007933805640717353,
        -21.16498299936643
      ],
      [
        0.019560934251587555,
        -0.9993589195019081,
        0.02998532746501032,
        4.132642017561011
      ],
      [
        0.007349068320118148,
        0.03013397301974661,
        0.999518851680583,
        1.0390553236305209
      ],
      [
        0.0,
        0.0,
        0.0,
        1.0
      ]
    ],
    "location": [
      -21.16498299936643,
      4.132642017561011,
      1.0390553236305209
    ],
    "rotation": [
      0.03013934959444998,
      -0.007349134474125818,
      3.1220299433356695
    ]
  },
  {
    "label_id": "c-Q-RtXcVA34W3hfnuENdg",
    "size": [
      2.9654650192360252,
      7.449051383300613,
      3.3899999999999864
    ],
    "obj_class": "vehicle",
    "point_num_in_lidar": 87,
    "speed": 10.283306517837556,
    "if_vehicle": true,
    "motion_state": true,
    "pose": [
      [
        0.9992864484487455,
        -0.03692761398666287,
        0.007933805640717353,
        -60.59065126318049
      ],
      [
        0.03667442680115669,
        0.9988773030535947,
        0.02998532746501032,
        -17.66719735022707
      ],
      [
        -0.009032184979242727,
        -0.029672963613857697,
        0.999518851680583,
        2.138968235861398
      ],
      [
        0.0,
        0.0,
        0.0,
        1.0
      ]
    ],
    "location": [
      -60.59065126318049,
      -17.66719735022707,
      2.138968235861398
    ],
    "rotation": [
      -0.029678530745087,
      0.009032307791910022,
      0.03668415010340579
    ]
  },
  {
    "label_id": "f9LO_SBU-nxCvq-zh5GVTA",
    "size": [
      2.0574054757391185,
      4.4591210438329645,
      1.6100000000000136
    ],
    "obj_class": "vehicle",
    "point_num_in_lidar": 720,
    "speed": 17.227476350401936,
    "if_vehicle": true,
    "motion_state": true,
    "pose": [
      [
        0.9999516054601068,
        0.005817341816521949,
        0.007933805640717353,
        7.878717009070726
      ],
      [
        -0.006052810055286423,
        0.9995320123073852,
        0.02998532746501032,
        -16.89941136049856
      ],
      [
        -0.00775565781797759,
        -0.030031898157442925,
        0.999518851680583,
        0.8038898369168805
      ],
      [
        0.0,
        0.0,
        0.0,
        1.0
      ]
    ],
    "location": [
      7.878717009070726,
      -16.89941136049856,
      0.8038898369168805
    ],
    "rotation": [
      -0.030037318021204358,
      0.007755735570846778,
      -0.006053029065368666
    ]
  },
  {
    "label_id": "i5j529DQ3xVIaMhN_CqDdg",
    "size": [
      1.168150073367211,
      1.1867695902315556,
      1.839999999999975
    ],
    "obj_class": "pedestrian",
    "point_num_in_lidar": 31,
    "speed": 0.0,
    "if_vehicle": false,
    "motion_state": false,
    "pose": [
      [
        -0.938371500426978,
        0.34553723665399244,
        0.007933805640717353,
        -63.01984315798563
      ],
      [
        -0.3451694723014125,
        -0.9380612536119273,
        0.02998532746501032,
        20.033506547459183
      ],
      [
        0.01780344285766943,
        0.025398869217787633,
        0.999518851680583,
        1.3148478941923827
      ],
      [
        0.0,
        0.0,
        0.0,
        1.0
      ]
    ],
    "location": [
      -63.01984315798563,
      20.033506547459183,
      1.3148478941923827
    ],
    "rotation": [
      0.02540562832557945,
      -0.01780438349603151,
      -2.789115004850386
    ]
  },
  {
    "label_id": "iHup_TyQroYLLb9o9b4nUQ",
    "size": [
      1.9549742437232553,
      4.55316170265996,
      1.6100000000000136
    ],
    "obj_class": "vehicle",
    "point_num_in_lidar": 58,
    "speed": 0.015005733285084496,
    "if_vehicle": true,
    "motion_state": false,
    "pose": [
      [
        0.013148187728985456,
        0.9998820829915389,
        0.007933805640717353,
        0.2663544712496275
      ],
      [
        -0.9994670310561732,
        0.012904804088970595,
        0.02998532746501032,
        -60.11998154253524
      ],
      [
        0.029879407477424492,
        -0.008323829883329551,
        0.999518851680583,
        1.5190793332939165
      ],
      [
        0.0,
        0.0,
        0.0,
        1.0
      ]
    ],
    "location": [
      0.2663544712496275,
      -60.11998154253524,
      1.5190793332939165
    ],
    "rotation": [
      -0.008327644296241658,
      -0.029883855215748496,
      -1.5576418865509287
    ]
  },
  {
    "label_id": "iS--Vq4c9quQ_K-Ckea5OQ",
    "size": [
      0.9073869867057542,
      0.11923040422253371,
      0.970231929654517
    ],
    "obj_class": "sign",
    "point_num_in_lidar": 30,
    "speed": 0.022174902765142335,
    "if_vehicle": false,
    "motion_state": false,
    "pose": [
      [
        0.9991313254958888,
        0.040910257159833936,
        0.007933805640717353,
        -59.26946249358116
      ],
      [
        -0.04113085335556615,
        0.9987037263568506,
        0.02998532746501032,
        17.26248993023546
      ],
      [
        -0.006696813799960016,
        -0.030285604171903947,
        0.999518851680583,
        3.2900692643048046
      ],
      [
        0.0,
        0.0,
        0.0,
        1.0
      ]
    ],
    "location": [
      -59.26946249358116,
      17.26248993023546,
      3.2900692643048046
    ],
    "rotation": [
      -0.03029091528171305,
      0.006696863856656642,
      -0.0411433824765763
    ]
  },
  {
    "label_id": "iXTQZojLqoKlsbwX2uyUog",
    "size": [
      2.0153231307297315,
      4.453522781562739,
      1.4499999999999886
    ],
    "obj_class": "vehicle",
    "point_num_in_lidar": 120,
    "speed": 5.687116766346677e-13,
    "if_vehicle": true,
    "motion_state": false,
    "pose": [
      [
        0.018531597861079805,
        -0.9997967966585863,
        0.007933805640717353,
        1.044120580205231
      ],
      [
        0.9993742433680152,
        0.018761711793524698,
        0.02998532746501032,
        39.29491860755479
      ],
      [
        -0.030128086121133026,
        0.007373164978906431,
        0.999518851680583,
        0.3516473422619697
      ],
      [
        0.0,
        0.0,
        0.0,
        1.0
      ]
    ],
    "location": [
      1.044120580205231,
      39.29491860755479,
      0.3516473422619697
    ],
    "rotation": [
      0.007376580473401469,
      0.030132645869074905,
      1.552255250326089
    ]
  },
  {
    "label_id": "ijjnSXQKMTGVXZdwniRX4Q",
    "size": [
      2.972577265569261,
      7.057856682623538,
      3.2299999999999613
    ],
    "obj_class": "vehicle",
    "point_num_in_lidar": 822,
    "speed": 2.8452917319372777e-13,
    "if_vehicle": true,
    "motion_state": false,
    "pose": [
      [
        -0.19968704977814544,
        -0.9798276056934484,
        0.007933805640717353,
        -24.061492628422315
      ],
      [
        0.9794653211005271,
        -0.1993704213223656,
        0.02998532746501032,
        -39.58155445169905
      ],
      [
        -0.02779868544269548,
        0.013758569067553902,
        0.999518851680583,
        2.019726647227742
      ],
      [
        0.0,
        0.0,
        0.0,
        1.0
      ]
    ],
    "location": [
      -24.061492628422315,
      -39.58155445169905,
      2.019726647227742
    ],
    "rotation": [
      0.01376432285355789,
      0.027802267005692462,
      1.7719136424582742
    ]
  },
  {
    "label_id": "slzRePUL32VlVCupH5t8lw",
    "size": [
      2.9216232952618433,
      10.613183625004126,
      3.6399999999999864
    ],
    "obj_class": "vehicle",
    "point_num_in_lidar": 851,
    "speed": 9.780007583391807,
    "if_vehicle": true,
    "motion_state": true,
    "pose": [
      [
        -0.9997977174403982,
        -0.01848185404727852,
        0.007933805640717353,
        -44.8310539903446
      ],
      [
        0.01871198900311319,
        -0.999375175599416,
        0.02998532746501032,
        4.167910908226986
      ],
      [
        0.0073746639595953685,
        0.03012771924012214,
        0.999518851680583,
        2.008677629480758
      ],
      [
        0.0,
        0.0,
        0.0,
        1.0
      ]
    ],
    "location": [
      -44.8310539903446,
      4.167910908226986,
      2.008677629480758
    ],
    "rotation": [
      0.03013309848502817,
      -0.0073747308072363025,
      3.1228790635079817
    ]
  },
  {
    "label_id": "sxF7chq_MPJ-F1tXt3y3Jg",
    "size": [
      2.0544105195876865,
      4.689719715929437,
      1.7300000000000182
    ],
    "obj_class": "vehicle",
    "point_num_in_lidar": 103,
    "speed": 8.526512829121202e-13,
    "if_vehicle": true,
    "motion_state": false,
    "pose": [
      [
        0.9999685268687487,
        1.1466731456627723e-15,
        0.007933805640717353,
        24.69176830480717
      ],
      [
        -0.00023790524780488626,
        0.9995503106587028,
        0.02998532746501032,
        55.332014478603014
      ],
      [
        -0.007930237892884764,
        -0.02998627122686039,
        0.999518851680583,
        0.43269654040091154
      ],
      [
        0.0,
        0.0,
        0.0,
        1.0
      ]
    ],
    "location": [
      24.69176830480717,
      55.332014478603014,
      0.43269654040091154
    ],
    "rotation": [
      -0.029991710238161187,
      0.007930321015593477,
      -0.00023791273117482618
    ]
  }
]