[
  {
    "label_id": "-jGx5h2KM1RTCWtkALlTPg",
    "size": [
      1.972391158652798,
      4.593513203435377,
      1.6999999999999886
    ],
    "obj_class": "vehicle",
    "point_num_in_lidar": 145,
    "speed": 9.26454014068713,
    "if_vehicle": true,
    "motion_state": true,
    "pose": [
      [
        -0.999563960358048,
        -0.029513907254277258,
        0.0009046722725608639,
        -14.19724745557221
      ],
      [
        0.029527687964864116,
        -0.9990200995711853,
        0.03296902024975508,
        0.33544965573855734
      ],
      [
        -6.925882210261559e-05,
        0.03298135733054451,
        0.9994559646486936,
        0.7763358703790004
      ],
      [
        0.0,
        0.0,
        0.0,
        1.0
      ]
    ],
    "location": [
      -14.19724745557221,
      0.33544965573855734,
      0.7763358703790004
    ],
    "rotation": [
      0.03298733969325932,
      6.925882215798552e-05,
      3.1120606730815195
    ]
  },
  {
    "label_id": "1TgdkR2yKNOStoZEkzKJmA",
    "size": [
      0.7204719764073226,
      0.08233187211947524,
      0.640884955752199
    ],
    "obj_class": "sign",
    "point_num_in_lidar": 38,
    "speed": 0.014399281595485862,
    "if_vehicle": false,
    "motion_state": false,
    "pose": [
      [
        -0.9999642016450907,
        0.008412906535541272,
        0.0009046722725608639,
        -4.79488892913497
      ],
      [
        -0.00837851138347382,
        -0.9994212546522954,
        0.03296902024975508,
        -10.869873435396585
      ],
      [
        0.0011815139836214791,
        0.032960260206133206,
        0.9994559646486936,
        2.541808502324045
      ],
      [
        0.0,
        0.0,
        0.0,
        1.0
      ]
    ],
    "location": [
      -4.79488892913497,
      -10.869873435396585,
      2.541808502324045
    ],
    "rotation": [
      0.03296625403165984,
      -0.0011815142585157067,
      -3.1332140383270946
    ]
  },
  {
    "label_id": "1YQ_kpgKHcSW4kqTyRAkOQ",
    "size": [
      2.113992752619939,
      4.388851756526188,
      1.6100000000000136
    ],
    "obj_class": "vehicle",
    "point_num_in_lidar": 1785,
    "speed": 8.031458403393241,
    "if_vehicle": true,
    "motion_state": true,
    "pose": [
      [
        -0.9998513306503105,
        -0.017219122070612963,
        0.0009046722725608639,
        18.943769490328094
      ],
      [
        0.017239590093156787,
        -0.9993076804654266,
        0.03296902024975508,
        2.92566567927679
      ],
      [
        0.0003363483660451397,
        0.03297971494610225,
        0.9994559646486936,
        0.6009037265217785
      ],
      [
        0.0,
        0.0,
        0.0,
        1.0
      ]
    ],
    "location": [
      18.943769490328094,
      2.92566567927679,
      0.6009037265217785
    ],
    "rotation": [
      0.03298569820223547,
      -0.00033634837238700094,
      3.124352208462781
    ]
  },
  {
    "label_id": "3A8rG2bX-CGR5WhiqeSlFg",
    "size": [
      2.3669891354421675,
      5.706603960836367,
      2.089999999999975
    ],
    "obj_class": "vehicle",
    "point_num_in_lidar": 163,
    "speed": 0.015918791317508143,
    "if_vehicle": true,
    "motion_state": false,
    "pose": [
      [
        -0.9991893630162837,
        -0.040246719160603156,
        0.0009046722725608639,
        51.41734819689549
      ],
      [
        0.04025465844858942,
        -0.9986453855983908,
        0.03296902024975508,
        58.34278788098709
      ],
      [
        -0.00042344810852041486,
        0.032978711615963587,
        0.9994559646486936,
        -0.01723088812906326
      ],
      [
        0.0,
        0.0,
        0.0,
        1.0
      ]
    ],
    "location": [
      51.41734819689549,
      58.34278788098709,
      -0.01723088812906326
    ],
    "rotation": [
      0.03298469541779724,
      0.00042344812117504264,
      3.1013271119008223
    ]
  },
  {
    "label_id": "AaB0H-SNWGrrmu6BOxOx3g",
    "size": [
      1.9255438066377395,
      4.384545949004037,
      1.8999999999999773
    ],
    "obj_class": "vehicle",
    "point_num_in_lidar": 43,
    "speed": 5.687116766346677e-13,
    "if_vehicle": true,
    "motion_state": false,
    "pose": [
      [
        -0.017602396340204402,
        0.9998446565397855,
        0.0009046722725608639,
        11.563095583817756
      ],
      [
        -0.9993009985487858,
        -0.017622655962446578,
        0.03296902024975508,
        -59.95454349215652
      ],
      [
        0.03297984145628771,
        -0.00032370614394505704,
        0.9994559646486936,
        1.6020919378458416
      ],
      [
        0.0,
        0.0,
        0.0,
        1.0
      ]
    ],
    "location": [
      11.563095583817756,
      -59.95454349215652,
      1.6020919378458416
    ],
    "rotation": [
      -0.00032388233606664115,
      -0.032985822914760744,
      -1.5884092143626247
    ]
  },
  {
    "label_id": "CdIAj2TP02AxBW6VHBBocw",
    "size": [
      1.8965519759303286,
      4.537302319258558,
      1.5199999999999818
    ],
    "obj_class": "vehicle",
    "point_num_in_lidar": 41,
    "speed": 2.8435583831733384e-13,
    "if_vehicle": true,
    "motion_state": false,
    "pose": [
      [
        0.9970541276918742,
        -0.07669581488370196,
        0.0009046722725608639,
        24.669207025113877
      ],
      [
        0.0766244140665552,
        0.996514798120293,
        0.03296902024975508,
        -43.0008246297366
      ],
      [
        -0.0034301051810282533,
        -0.032802577743168054,
        0.9994559646486936,
        1.354572365304307
      ],
      [
        0.0,
        0.0,
        0.0,
        1.0
      ]
    ],
    "location": [
      24.669207025113877,
      -43.0008246297366,
      1.354572365304307
    ],
    "rotation": [
      -0.03280865631575553,
      0.0034301119072837733,
      0.07670004579850873
    ]
  },
  {
    "label_id": "CsEPiVQ6ojblTHuTloW2Zg",
    "size": [
      2.781782148961217,
      5.839150534278615,
      2.089999999999975
    ],
    "obj_class": "vehicle",
    "point_num_in_lidar": 10390,
    "speed": 8.759977374917797,
    "if_vehicle": true,
    "motion_state": true,
    "pose": [
      [
        -0.9996274723454439,
        -0.02727816160114215,
        0.0009046722725608639,
        34.431944632096275
      ],
      [
        0.027293158701909365,
        -0.9990836437415256,
        0.03296902024975508,
        2.522193603324922
      ],
      [
        4.509008257887493e-06,
        0.03298142974187665,
        0.9994559646486936,
        0.8612415027834572
      ],
      [
        0.0,
        0.0,
        0.0,
        1.0
      ]
    ],
    "location": [
      34.431944632096275,
      2.522193603324922,
      0.8612415027834572
    ],
    "rotation": [
      0.032987412065197314,
      -4.509008257902772e-06,
      3.1142961052304647
    ]
  },
  {
    "label_id": "E-3eMFrCvL5KnRE05weLVQ",
    "size": [
      1.0757764199166786,
      1.0782595092493514,
      1.1000000000000227
    ],
    "obj_class": "sign",
    "point_num_in_lidar": 156,
    "speed": 0.030045986526738847,
    "if_vehicle": false,
    "motion_state": false,
    "pose": [
      [
        -0.9999904770201702,
        0.004269360262576955,
        0.0009046722725608639,
        14.230095025618368
      ],
      [
        -0.004237215173099256,
        -0.999447392167966,
        0.03296902024975508,
        10.238841264445
      ],
      [
        0.0010449289685280222,
        0.03296487299536026,
        0.9994559646486936,
        0.304762379021156
      ],
      [
        0.0,
        0.0,
        0.0,
        1.0
      ]
    ],
    "location": [
      14.230095025618368,
      10.238841264445,
      0.304762379021156
    ],
    "rotation": [
      0.032970864317101355,
      -0.0010449291586836884,
      -3.137355423424156
    ]
  },
  {
    "label_id": "Ga0feveMqrXZh2Y0ZZ4I6A",
    "size": [
      1.746120443891228,
      4.004460509402721,
      1.5300000000000296
    ],
    "obj_class": "vehicle",
    "point_num_in_lidar": 25,
    "speed": 0.027880879244806242,
    "if_vehicle": true,
    "motion_state": false,
    "pose": [
      [
        0.0364744694977485,
        0.9993341756604429,
        0.0009046722725608639,
        -12.587599599644363
      ],
      [
        -0.9987924078780112,
        0.03642484960869002,
        0.03296902024975508,
        -60.57012260030933
      ],
      [
        0.032914116122148264,
        -0.0021061073209218822,
        0.9994559646486936,
        1.4837502385753965
      ],
      [
        0.0,
        0.0,
        0.0,
        1.0
      ]
    ],
    "location": [
      -12.587599599644363,
      -60.57012260030933,
      1.4837502385753965
    ],
    "rotation": [
      -0.0021072506223600925,
      -0.03292006187900391,
      -1.534293978576398
    ]
  },
  {
    "label_id": "INnnuQ2cKAjLsfMAOUpaGQ",
    "size": [
      2.1219374378637776,
      4.978723499617083,
      1.740000000000009
    ],
    "obj_class": "vehicle",
    "point_num_in_lidar": 24,
    "speed": 1.3322676295501878e-14,
    "if_vehicle": true,
    "motion_state": false,
    "pose": [
      [
        0.9999873752135843,
        -0.004942770632501376,
        0.0009046722725608639,
        24.556651728110012
      ],
      [
        0.004910259827332707,
        0.9994443121315961,
        0.03296902024975508,
        42.69889568769577
      ],
      [
        -0.0010671278622269532,
        -0.03296416184699923,
        0.9994559646486936,
        0.22251572782664653
      ],
      [
        0.0,
        0.0,
        0.0,
        1.0
      ]
    ],
    "location": [
      24.556651728110012,
      42.69889568769577,
      0.22251572782664653
    ],
    "rotation": [
      -0.03297015355483745,
      0.0010671280647611445,
      0.004910282354985199
    ]
  },
  {
    "label_id": "IfcPgF5DX-ynhXlY8BCLMw",
    "size": [
      0.8861319478948513,
      0.9385848513966977,
      1.8899999999999864
    ],
    "obj_class": "pedestrian",
    "point_num_in_lidar": 55,
    "speed": 1.1650223289634591,
    "if_vehicle": false,
    "motion_state": true,
    "pose": [
      [
        -0.9902824243906697,
        0.1390679744262389,
        0.0009046722725608639,
        5.191504172283118
      ],
      [
        -0.1389628939430613,
        -0.9897486336493427,
        0.03296902024975508,
        -31.87228105889517
      ],
      [
        0.005480333010618654,
        0.03252292542564744,
        0.9994559646486936,
        1.0580949336962817
      ],
      [
        0.0,
        0.0,
        0.0,
        1.0
      ]
    ],
    "location": [
      5.191504172283118,
      -31.87228105889517,
      1.0580949336962817
    ],
    "rotation": [
      0.032529150293700855,
      -0.005480360443755281,
      -3.0021764758047973
    ]
  },
  {
    "label_id": "NQ2WhKdluq2vlUr0oFNWQA",
    "size": [
      2.0726074213673846,
      4.149276177768584,
      1.6000000000000227
    ],
    "obj_class": "vehicle",
    "point_num_in_lidar": 1078,
    "speed": 16.769668354078263,
    "if_vehicle": true,
    "motion_state": true,
    "pose": [
      [
        0.9999800699002958,
        -0.0062483093936662355,
        0.0009046722725608639,
        28.92408725530896
      ],
      [
        0.006215089615062773,
        0.9994370497259185,
        0.03296902024975508,
        -17.039521112426883
      ],
      [
        -0.001110163625983589,
        -0.03296274055464813,
        0.9994559646486936,
        0.6218469533608868
      ],
      [
        0.0,
        0.0,
        0.0,
        1.0
      ]
    ],
    "location": [
      28.92408725530896,
      -17.039521112426883,
      0.6218469533608868
    ],
    "rotation": [
      -0.03296873303403544,
      0.001110163854023032,
      0.006215133457832825
    ]
  },
  {
    "label_id": "Srk_vu0878FXjTrFz1vvxg",
    "size": [
      2.059331768466185,
      4.897221917029469,
      1.6399999999999864
    ],
    "obj_class": "vehicle",
    "point_num_in_lidar": 128,
    "speed": 1.1368770508004532e-12,
    "if_vehicle": true,
    "motion_state": false,
    "pose": [
      [
        -0.9999530221557775,
        0.009650650216757744,
        0.0009046722725608639,
        34.21813186114352
      ],
      [
        -0.009615583034272,
        -0.9994101181530445,
        0.03296902024975508,
        63.94403990350111
      ],
      [
        0.0012223111052294254,
        0.03295877248490201,
        0.9994559646486936,
        -0.1443477368094932
      ],
      [
        0.0,
        0.0,
        0.0,
        1.0
      ]
    ],
    "location": [
      34.21813186114352,
      63.94403990350111,
      -0.1443477368094932
    ],
    "rotation": [
      0.032964767117652984,
      -0.0012223114095941481,
      -3.131976915190729
    ]
  },
  {
    "label_id": "Sv6Kp_7Yn7_dppLzJAxahA",
    "size": [
      2.287879586004027,
      4.83846683002856,
      2.0
    ],
    "obj_class": "vehicle",
    "point_num_in_lidar": 541,
    "speed": 8.469934792006622,
    "if_vehicle": true,
    "motion_state": true,
    "pose": [
      [
        -0.9997290738011514,
        -0.02325855895732549,
        0.0009046722725608639,
        2.36036828932788
      ],
      [
        0.023275742606428694,
        -0.9991853098949617,
        0.03296902024975508,
        3.6567309708625544
      ],
      [
        0.00013712334376791952,
        0.03298114499737835,
        0.9994559646486936,
        0.8214377006146947
      ],
      [
        0.0,
        0.0,
        0.0,
        1.0
      ]
    ],
    "location": [
      2.36036828932788,
      3.6567309708625544,
      0.8214377006146947
    ],
    "rotation": [
      0.032987127475607406,
      -0.0001371233441976369,
      3.118314808606813
    ]
  },
  {
    "label_id": "SvD0AwZbUZS6wEKPI_DiwQ",
    "size": [
      2.5118529045355684,
      6.021860427745784,
      2.0
    ],
    "obj_class": "vehicle",
    "point_num_in_lidar": 386,
    "speed": 2.847716647714797e-13,
    "if_vehicle": true,
    "motion_state": false,
    "pose": [
      [
        0.9964616724810915,
        -0.08404354135961464,
        0.0009046722725608639,
        46.55912616085726
      ],
      [
        0.08396816680053792,
        0.9959228838961018,
        0.03296902024975508,
        -35.826137850232044
      ],
      [
        -0.0036718170356159203,
        -0.03277640138585171,
        0.9994559646486936,
        1.0701105764499061
      ],
      [
        0.0,
        0.0,
        0.0,
        1.0
      ]
    ],
    "location": [
      46.55912616085726,
      -35.826137850232044,
      1.0701105764499061
    ],
    "rotation": [
      -0.03278249386902702,
      0.0036718252863859394,
      0.08406772097220463
    ]
  },
  {
    "label_id": "Z8b5TrwhAlTvaTb_rzuxvw",
    "size": [
      2.323452451007357,
      5.794250754513302,
      1.8100000000000023
    ],
    "obj_class": "vehicle",
    "point_num_in_lidar": 47,
    "speed": 2.8421709430404007e-13,
    "if_vehicle": true,
    "motion_state": false,
    "pose": [
      [
        0.9995349556756105,
        0.03048038632685945,
        0.0009046722725608639,
        45.82580012146951
      ],
      [
        -0.030493641164133205,
        0.9989910818182134,
        0.03296902024975508,
        63.50234641180941
      ],
      [
        0.00010114894177406818,
        -0.03298127494565786,
        0.9994559646486936,
        0.15057511674405077
      ],
      [
        0.0,
        0.0,
        0.0,
        1.0
      ]
    ],
    "location": [
      45.82580012146951,
      63.50234641180941,
      0.15057511674405077
    ],
    "rotation": [
      -0.03298725735319235,
      -0.00010114894194654582,
      -0.030498369112549165
    ]
  },
  {
    "label_id": "aJSPPnhj2mfCZnxhkJgFDA",
    "size": [
      2.184340596839314,
      5.387151019713068,
      1.920000000000016
    ],
    "obj_class": "vehicle",
    "point_num_in_lidar": 163,
    "speed": 8.528363000094291e-13,
    "if_vehicle": true,
    "motion_state": false,
    "pose": [
      [
        0.9999995907839558,
        4.183591877334324e-16,
        0.0009046722725608639,
        46.60049529145087
      ],
      [
        -2.9826170679216768e-05,
        0.999456373642277,
        0.03296902024975508,
        -52.05103965224407
      ],
      [
        -0.0009041804688683849,
        -0.03296903374121265,
        0.9994559646486936,
        1.0496017997206195
      ],
      [
        0.0,
        0.0,
        0.0,
        1.0
      ]
    ],
    "location": [
      46.60049529145087,
      -52.05103965224407,
      1.0496017997206195
    ],
    "rotation": [
      -0.03297502280333107,
      0.0009041805920693965,
      -2.982618287572487e-05
    ]
  },
  {
    "label_id": "aPFh9SBjb7NjHyWpykds8w",
    "size": [
      2.2085640567783402,
      4.902919926976072,
      1.670000000000016
    ],
    "obj_class": "vehicle",
    "point_num_in_lidar": 35,
    "speed": 2.8591206918129106e-13,
    "if_vehicle": true,
    "motion_state": false,
    "pose": [
      [
        -0.9998999190430264,
        -0.014118550415262542,
        0.0009046722725608639,
        33.60237051255248
      ],
      [
        0.01414070417137408,
        -0.9993563349423011,
        0.03296902024975508,
        71.51790931941832
      ],
      [
        0.00043861519209236865,
        0.032978513381636335,
        0.9994559646486936,
        0.06273259482452431
      ],
      [
        0.0,
        0.0,
        0.0,
        1.0
      ]
    ],
    "location": [
      33.60237051255248,
      71.51790931941832,
      0.06273259482452431
    ],
    "rotation": [
      0.032984497291279655,
      -0.00043861520615607523,
      3.127451476754265
    ]
  },
  {
    "label_id": "egz2S1wgW1U-xdUQuSz9UA",
    "size": [
      2.164717083811161,
      4.901394041058951,
      1.740000000000009
    ],
    "obj_class": "vehicle",
    "point_num_in_lidar": 136,
    "speed": 2.842517866562357e-13,
    "if_vehicle": true,
    "motion_state": false,
    "pose": [
      [
        -0.9999873435335371,
        -0.004949175771654218,
        0.0009046722725608639,
        12.781728609685928
      ],
      [
        0.004976313098827773,
        -0.9994439854297557,
        0.03296902024975508,
        64.19264281136566
      ],
      [
        0.000740999785360759,
        0.03297310491093607,
        0.9994559646486936,
        0.24444765026498771
      ],
      [
        0.0,
        0.0,
        0.0,
        1.0
      ]
    ],
    "location": [
      12.781728609685928,
      64.19264281136566,
      0.24444765026498771
    ],
    "rotation": [
      0.03297909176097462,
      -0.0007409998531722203,
      3.136616318585873
    ]
  },
  {
    "label_id": "iHup_TyQroYLLb9o9b4nUQ",
    "size": [
      1.9549742437232567,
      4.55316170265996,
      1.6100000000000136
    ],
    "obj_class": "vehicle",
    "point_num_in_lidar": 45,
    "speed": 0.015005733409615982,
    "if_vehicle": true,
    "motion_state": false,
    "pose": [
      [
        0.013148596176026922,
        0.9999131442213764,
        0.0009046722725608639,
        0.2524138293360636
      ],
      [
        -0.9993703662114055,
        0.013111630037964431,
        0.03296902024975508,
        -60.158027157867764
      ],
      [
        0.03295429497168741,
        -0.0013375989939137388,
        0.9994559646486936,
        1.5190793332938597
      ],
      [
        0.0,
        0.0,
        0.0,
        1.0
      ]
    ],
    "location": [
      0.2524138293360636,
      -60.158027157867764,
      1.5190793332938597
    ],
    "rotation": [
      -0.001338326292129261,
      -0.03296026253652163,
      -1.5576402056910301
    ]
  },
  {
    "label_id": "iXTQZojLqoKlsbwX2uyUog",
    "size": [
      2.015323130729735,
      4.453522781562739,
      1.4499999999999886
    ],
    "obj_class": "vehicle",
    "point_num_in_lidar": 121,
    "speed": 5.687116766346677e-13,
    "if_vehicle": true,
    "motion_state": false,
    "pose": [
      [
        0.01853217354318021,
        -0.9998278552390131,
        0.0009046722725608639,
        1.044120580205174
      ],
      [
        0.9992841786430668,
        0.01855192759318244,
        0.03296902024975508,
        39.29491860755479
      ],
      [
        -0.03298012822014033,
        0.0002930370840100558,
        0.9994559646486936,
        0.3684286941090704
      ],
      [
        0.0,
        0.0,
        0.0,
        1.0
      ]
    ],
    "location": [
      1.044120580205174,
      39.29491860755479,
      0.3684286941090704
    ],
    "rotation": [
      0.0002931965849202315,
      0.032986109834694265,
      1.5522530037195235
    ]
  },
  {
    "label_id": "ijjnSXQKMTGVXZdwniRX4Q",
    "size": [
      2.972577265569257,
      7.057856682623538,
      3.2299999999999613
    ],
    "obj_class": "vehicle",
    "point_num_in_lidar": 447,
    "speed": 2.8452917319372777e-13,
    "if_vehicle": true,
    "motion_state": false,
    "pose": [
      [
        -0.19969325303496477,
        -0.979858043933096,
        0.0009046722725608639,
        -24.061492628422343
      ],
      [
        0.9793317241168894,
        -0.19955555076722925,
        0.03296902024975508,
        -39.58155445169905
      ],
      [
        -0.032124427318700924,
        0.007469665159496996,
        0.9994559646486936,
        1.9682987147583049
      ],
      [
        0.0,
        0.0,
        0.0,
        1.0
      ]
    ],
    "location": [
      -24.061492628422343,
      -39.58155445169905,
      1.9682987147583049
    ],
    "rotation": [
      0.0074735919855575044,
      0.032129955174325465,
      1.7719464255035406
    ]
  },
  {
    "label_id": "iv0I_4_Nh3wHEqvc0NFULA",
    "size": [
      1.2962183796179585,
      1.252317971597332,
      1.0500000000000114
    ],
    "obj_class": "sign",
    "point_num_in_lidar": 118,
    "speed": 3.552713678800501e-14,
    "if_vehicle": false,
    "motion_state": false,
    "pose": [
      [
        -0.9999904770201666,
        0.004269360263446916,
        0.0009046722725608639,
        10.590795298632543
      ],
      [
        -0.004237215173968746,
        -0.9994473921679624,
        0.03296902024975508,
        7.810942993111894
      ],
      [
        0.0010449289685567006,
        0.03296487299535936,
        0.9994559646486936,
        0.35879089479061577
      ],
      [
        0.0,
        0.0,
        0.0,
        1.0
      ]
    ],
    "location": [
      10.590795298632543,
      7.810942993111894,
      0.35879089479061577
    ],
    "rotation": [
      0.03297086431710045,
      -0.0010449291587123668,
      -3.1373554234232865
    ]
  },
  {
    "label_id": "qQuCVzjlNHld6dvtPfmdtg",
    "size": [
      1.9970526794277283,
      4.483609686188972,
      1.5600000000000023
    ],
    "obj_class": "vehicle",
    "point_num_in_lidar": 99,
    "speed": 0.0,
    "if_vehicle": true,
    "motion_state": false,
    "pose": [
      [
        0.9999995907839558,
        4.183591877334324e-16,
        0.0009046722725608639,
        46.00887031526719
      ],
      [
        -2.9826170679216768e-05,
        0.999456373642277,
        0.03296902024975508,
        -41.002683759154024
      ],
      [
        -0.0009041804688683849,
        -0.03296903374121265,
        0.9994559646486936,
        0.8608208166572808
      ],
      [
        0.0,
        0.0,
        0.0,
        1.0
      ]
    ],
    "location": [
      46.00887031526719,
      -41.002683759154024,
      0.8608208166572808
    ],
    "rotation": [
      -0.03297502280333107,
      0.0009041805920693965,
      -2.982618287572487e-05
    ]
  },
  {
    "label_id": "qVb7P62syQExYN3zGU9GUQ",
    "size": [
      2.10892928462664,
      4.762608620569526,
      1.5900000000000318
    ],
    "obj_class": "vehicle",
    "point_num_in_lidar": 1030,
    "speed": 9.726679561085774,
    "if_vehicle": true,
    "motion_state": true,
    "pose": [
      [
        0.9882635673388485,
        -0.1527556972383443,
        0.0009046722725608639,
        17.533372422516123
      ],
      [
        0.15264324156126155,
        0.9877312815282513,
        0.03296902024975508,
        -11.116154515897506
      ],
      [
        -0.005929778778656048,
        -0.03244398945545541,
        0.9994559646486936,
        0.7789034457013031
      ],
      [
        0.0,
        0.0,
        0.0,
        1.0
      ]
    ],
    "location": [
      17.533372422516123,
      -11.116154515897506,
      0.7789034457013031
    ],
    "rotation": [
      -0.03245025469553341,
      0.0059298135299592864,
      0.15324502335007947
    ]
  },
  {
    "label_id": "qaXzT3i1eKuXd7MG3Zkv0g",
    "size": [
      2.123929228603818,
      4.712077594084063,
      1.5
    ],
    "obj_class": "vehicle",
    "point_num_in_lidar": 243,
    "speed": 2.8435583831733384e-13,
    "if_vehicle": true,
    "motion_state": false,
    "pose": [
      [
        0.9992276668005817,
        0.039284239439562434,
        0.0009046722725608639,
        46.01306375426557
      ],
      [
        -0.03929270270570132,
        0.9986836972825043,
        0.03296902024975508,
        45.543393778008976
      ],
      [
        0.0003916814355891122,
        -0.03297910419951573,
        0.9994559646486936,
        0.05547750251793104
      ],
      [
        0.0,
        0.0,
        0.0,
        1.0
      ]
    ],
    "location": [
      46.01306375426557,
      45.543393778008976,
      0.05547750251793104
    ],
    "rotation": [
      -0.032985087787835335,
      -0.00039168144560403816,
      -0.039302823528359544
    ]
  },
  {
    "label_id": "sNxEFUZvJYSpMezg8nREBQ",
    "size": [
      1.9736366122024893,
      4.746781675608078,
      1.6200000000000045
    ],
    "obj_class": "vehicle",
    "point_num_in_lidar": 297,
    "speed": 8.881784197001252e-15,
    "if_vehicle": true,
    "motion_state": false,
    "pose": [
      [
        0.9994308917364616,
        -0.033720531000272135,
        0.0009046722725608639,
        24.64484618763467
      ],
      [
        0.03367240421375342,
        0.9988889892767048,
        0.03296902024975508,
        -40.169947968257475
      ],
      [
        -0.002015400041345447,
        -0.03291979481744754,
        0.9994559646486936,
        1.2642987788744904
      ],
      [
        0.0,
        0.0,
        0.0,
        1.0
      ]
    ],
    "location": [
      24.64484618763467,
      -40.169947968257475,
      1.2642987788744904
    ],
    "rotation": [
      -0.032925810547198585,
      0.0020154014057191267,
      0.03367883902235988
    ]
  },
  {
    "label_id": "slzRePUL32VlVCupH5t8lw",
    "size": [
      2.9216232952642556,
      10.613183625004126,
      3.6399999999999864
    ],
    "obj_class": "vehicle",
    "point_num_in_lidar": 636,
    "speed": 9.613758567332907,
    "if_vehicle": true,
    "motion_state": true,
    "pose": [
      [
        -0.9998031780093275,
        -0.01981884987904933,
        0.0009046722725608639,
        -18.59766632868906
      ],
      [
        0.019837904248096536,
        -0.9992594764418372,
        0.03296902024975508,
        3.800247088771357
      ],
      [
        0.0002505942784413825,
        0.03298047802347798,
        0.9994559646486936,
        1.7586776294808715
      ],
      [
        0.0,
        0.0,
        0.0,
        1.0
      ]
    ],
    "location": [
      -18.59766632868906,
      3.800247088771357,
      1.7586776294808715
    ],
    "rotation": [
      0.032986460864537215,
      -0.0002505942810641646,
      3.121753447311981
    ]
  },
  {
    "label_id": "sxF7chq_MPJ-F1tXt3y3Jg",
    "size": [
      2.054410519587696,
      4.689719715929437,
      1.7300000000000182
    ],
    "obj_class": "vehicle",
    "point_num_in_lidar": 72,
    "speed": 8.526512829121202e-13,
    "if_vehicle": true,
    "motion_state": false,
    "pose": [
      [
        0.9999995907839558,
        -2.5730022116630256e-17,
        0.0009046722725608639,
        24.691768304807198
      ],
      [
        -2.9826170678772933e-05,
        0.999456373642277,
        0.03296902024975508,
        55.33201447860665
      ],
      [
        -0.0009041804688683995,
        -0.03296903374121265,
        0.9994559646486936,
        0.4326965404008547
      ],
      [
        0.0,
        0.0,
        0.0,
        1.0
      ]
    ],
    "location": [
      24.691768304807198,
      55.33201447860665,
      0.4326965404008547
    ],
    "rotation": [
      -0.03297502280333107,
      0.0009041805920694112,
      -2.9826182875281035e-05
    ]
  },
  {
    "label_id": "vpXc9Deg69J09Sp6OvMb_g",
    "size": [
      2.0555696012553515,
      5.119753007714127,
      1.75
    ],
    "obj_class": "vehicle",
    "point_num_in_lidar": 36,
    "speed": 8.526975409500173e-13,
    "if_vehicle": true,
    "motion_state": false,
    "pose": [
      [
        0.9974653430325858,
        0.07114823270443917,
        0.0009046722725608639,
        46.65451010431275
      ],
      [
        -0.07113933433276007,
        0.9969213804580896,
        0.03296902024975508,
        -57.5040370370225
      ],
      [
        0.0014438003939434081,
        -0.03294981287612951,
        0.9994559646486936,
        1.0185356004262758
      ],
      [
        0.0,
        0.0,
        0.0,
        1.0
      ]
    ],
    "location": [
      46.65451010431275,
      -57.5040370370225,
      1.0185356004262758
    ],
    "rotation": [
      -0.03295581236720151,
      -0.001443800895558535,
      -0.07119954944673158
    ]
  },
  {
    "label_id": "wxDxWDc0d93MCnaT-wm0MQ",
    "size": [
      2.048906249205108,
      4.776309384975827,
      1.5900000000000318
    ],
    "obj_class": "vehicle",
    "point_num_in_lidar": 78,
    "speed": 12.753166331434613,
    "if_vehicle": true,
    "motion_state": true,
    "pose": [
      [
        0.9998783272632455,
        -0.015572804414537117,
        0.0009046722725608639,
        -19.057198613670806
      ],
      [
        0.015534522442922546,
        0.9993356404713292,
        0.03296902024975508,
        -13.905111786107227
      ],
      [
        -0.0014174913490046135,
        -0.0329509551671116,
        0.9994559646486936,
        0.856487101745472
      ],
      [
        0.0,
        0.0,
        0.0,
        1.0
      ]
    ],
    "location": [
      -19.057198613670806,
      -13.905111786107227,
      0.856487101745472
    ],
    "rotation": [
      -0.03295695403907384,
      0.001417491823694953,
      0.015535162921390521
    ]
  }
]