[
  {
    "label_id": "-jGx5h2KM1RTCWtkALlTPg",
    "size": [
      1.9723911586546257,
      4.593513203435377,
      1.6999999999999886
    ],
    "obj_class": "vehicle",
    "point_num_in_lidar": 107,
    "speed": 9.44917569949694,
    "if_vehicle": true,
    "motion_state": true,
    "pose": [
      [
        -0.9996525192461152,
        -0.025513626243173024,
        0.006625378541562953,
        -4.788193620197575
      ],
      [
        0.025655074371027473,
        -0.9994238177806116,
        0.02222272737185105,
        0.0842162519293197
      ],
      [
        0.0060545787559812495,
        0.022384979981010515,
        0.9997310912177021,
        0.7041242505782748
      ],
      [
        0.0,
        0.0,
        0.0,
        1.0
      ]
    ],
    "location": [
      -4.788193620197575,
      0.0842162519293197,
      0.7041242505782748
    ],
    "rotation": [
      0.022387260281886246,
      -0.006054615747972701,
      3.1159342936979644
    ]
  },
  {
    "label_id": "1TgdkR2yKNOStoZEkzKJmA",
    "size": [
      0.7204719764073206,
      0.08233187211947524,
      0.640884955752199
    ],
    "obj_class": "sign",
    "point_num_in_lidar": 21,
    "speed": 0.019856405594469755,
    "if_vehicle": false,
    "motion_state": false,
    "pose": [
      [
        -0.9999426635621083,
        0.00841272533115562,
        0.006625378541562953,
        -4.800578191336598
      ],
      [
        -0.008263600272267977,
        -0.9997188921385333,
        0.02222272737185105,
        -10.888895734187827
      ],
      [
        0.006810469797058265,
        0.022166703719903376,
        0.9997310912177021,
        2.553473475845351
      ],
      [
        0.0,
        0.0,
        0.0,
        1.0
      ]
    ],
    "location": [
      -4.800578191336598,
      -10.888895734187827,
      2.553473475845351
    ],
    "rotation": [
      0.022169033654632388,
      -0.006810522445925095,
      -3.1333287676086736
    ]
  },
  {
    "label_id": "1YQ_kpgKHcSW4kqTyRAkOQ",
    "size": [
      2.1139927526200033,
      4.388851756526188,
      1.6100000000000136
    ],
    "obj_class": "vehicle",
    "point_num_in_lidar": 965,
    "speed": 8.432093380104817,
    "if_vehicle": true,
    "motion_state": true,
    "pose": [
      [
        -0.9998499256721457,
        -0.016007201272737193,
        0.006625378541562953,
        27.067765701585387
      ],
      [
        0.016150817631248336,
        -0.9996225795158883,
        0.02222272737185105,
        2.8264032383576705
      ],
      [
        0.006267154318115989,
        0.022326397591540405,
        0.9997310912177021,
        0.5518105056539184
      ],
      [
        0.0,
        0.0,
        0.0,
        1.0
      ]
    ],
    "location": [
      27.067765701585387,
      2.8264032383576705,
      0.5518105056539184
    ],
    "rotation": [
      0.02232869142198412,
      -0.006267195344911011,
      3.125440816491892
    ]
  },
  {
    "label_id": "3A8rG2bX-CGR5WhiqeSlFg",
    "size": [
      2.3669891354421657,
      5.706603960836367,
      2.089999999999975
    ],
    "obj_class": "vehicle",
    "point_num_in_lidar": 303,
    "speed": 0.015918791316938925,
    "if_vehicle": true,
    "motion_state": false,
    "pose": [
      [
        -0.9991678416224373,
        -0.04024585229239296,
        0.006625378541562953,
        51.417804390493245
      ],
      [
        0.04038391396611645,
        -0.9989370800410472,
        0.02222272737185105,
        58.326876869157786
      ],
      [
        0.0057239636911338735,
        0.02247179326011171,
        0.9997310912177021,
        -0.024922265252939724
      ],
      [
        0.0,
        0.0,
        0.0,
        1.0
      ]
    ],
    "location": [
      51.417804390493245,
      58.326876869157786,
      -0.024922265252939724
    ],
    "rotation": [
      0.02247405322889968,
      -0.00572399494802381,
      3.10119709268424
    ]
  },
  {
    "label_id": "AaB0H-SNWGrrmu6BOxOx3g",
    "size": [
      1.9255438066377384,
      4.384545949004037,
      1.8999999999999773
    ],
    "obj_class": "vehicle",
    "point_num_in_lidar": 51,
    "speed": 5.687116766346677e-13,
    "if_vehicle": true,
    "motion_state": false,
    "pose": [
      [
        -0.017602017204759558,
        0.9998231210316675,
        0.006625378541562953,
        11.563095583817756
      ],
      [
        -0.9995955460856648,
        -0.017745270746247748,
        0.02222272737185105,
        -59.95454349215834
      ],
      [
        0.022336365774776403,
        -0.006231534051741864,
        0.9997310912177021,
        1.6020919378458416
      ],
      [
        0.0,
        0.0,
        0.0,
        1.0
      ]
    ],
    "location": [
      11.563095583817756,
      -59.95454349215834,
      1.6020919378458416
    ],
    "rotation": [
      -0.00623312949247516,
      -0.022338223509976825,
      -1.5884036463323978
    ]
  },
  {
    "label_id": "CsEPiVQ6ojblTHuTloW2Zg",
    "size": [
      2.7817821489627805,
      5.839150534278615,
      2.089999999999975
    ],
    "obj_class": "vehicle",
    "point_num_in_lidar": 13372,
    "speed": 9.437089117622934,
    "if_vehicle": true,
    "motion_state": true,
    "pose": [
      [
        -0.9996652135179196,
        -0.025011302272242516,
        0.006625378541562953,
        43.51481378617356
      ],
      [
        0.025152865303663646,
        -0.9994365831583173,
        0.02222272737185105,
        2.316698812373943
      ],
      [
        0.006065826340099109,
        0.02238193475717372,
        0.9997310912177021,
        0.7860992891070282
      ],
      [
        0.0,
        0.0,
        0.0,
        1.0
      ]
    ],
    "location": [
      43.51481378617356,
      2.316698812373943,
      0.7860992891070282
    ],
    "rotation": [
      0.022384215765123693,
      -0.006065863538636006,
      3.116436672401365
    ]
  },
  {
    "label_id": "DOZnToe-pxe0UDYzM3J2oQ",
    "size": [
      1.9432317308710465,
      4.1752021675165745,
      1.6000000000000227
    ],
    "obj_class": "vehicle",
    "point_num_in_lidar": 1031,
    "speed": 16.3662609085474,
    "if_vehicle": true,
    "motion_state": true,
    "pose": [
      [
        0.9999780519387318,
        6.273082811003892e-16,
        0.006625378541562953,
        33.94525582153335
      ],
      [
        -0.00014723721263645948,
        0.9997530338585422,
        0.02222272737185105,
        -16.868212549165037
      ],
      [
        -0.006623742297388833,
        -0.022223215128338275,
        0.9997310912177021,
        0.5565417709158851
      ],
      [
        0.0,
        0.0,
        0.0,
        1.0
      ]
    ],
    "location": [
      33.94525582153335,
      -16.868212549165037,
      0.5565417709158851
    ],
    "rotation": [
      -0.022225532416372498,
      0.00662379073331479,
      -0.00014724044321470642
    ]
  },
  {
    "label_id": "E-3eMFrCvL5KnRE05weLVQ",
    "size": [
      1.0757764199166775,
      1.0782595092493514,
      1.1000000000000227
    ],
    "obj_class": "sign",
    "point_num_in_lidar": 83,
    "speed": 0.03186559806469681,
    "if_vehicle": false,
    "motion_state": false,
    "pose": [
      [
        -0.9999689383712462,
        0.004269268305445217,
        0.006625378541562953,
        14.24660273467154
      ],
      [
        -0.004121071751052061,
        -0.9997445509507811,
        0.02222272737185105,
        10.209630839355668
      ],
      [
        0.006718560880542989,
        0.022194733437395874,
        0.9997310912177021,
        0.28148570950213525
      ],
      [
        0.0,
        0.0,
        0.0,
        1.0
      ]
    ],
    "location": [
      14.24660273467154,
      10.209630839355668,
      0.28148570950213525
    ],
    "rotation": [
      0.02219705711706685,
      -0.006718611426490507,
      -3.137471477159207
    ]
  },
  {
    "label_id": "IfcPgF5DX-ynhXlY8BCLMw",
    "size": [
      0.8861319478922557,
      0.9385848513966977,
      1.8899999999999864
    ],
    "obj_class": "pedestrian",
    "point_num_in_lidar": 47,
    "speed": 1.2138358385069004,
    "if_vehicle": false,
    "motion_state": true,
    "pose": [
      [
        -0.9876428845815763,
        0.15658108728248238,
        0.006625378541562953,
        6.360558850511495
      ],
      [
        -0.15640043195638847,
        -0.9874436972668423,
        0.02222272737185105,
        -31.70384640926204
      ],
      [
        0.010021847097139944,
        0.020911906499029895,
        0.9997310912177021,
        1.0350335993455246
      ],
      [
        0.0,
        0.0,
        0.0,
        1.0
      ]
    ],
    "location": [
      6.360558850511495,
      -31.70384640926204,
      1.0350335993455246
    ],
    "rotation": [
      0.020914481433600144,
      -0.010022014866132422,
      -2.9845395254343043
    ]
  },
  {
    "label_id": "NQ2WhKdluq2vlUr0oFNWQA",
    "size": [
      2.0726074213671786,
      4.149276177768584,
      1.6000000000000227
    ],
    "obj_class": "vehicle",
    "point_num_in_lidar": 243,
    "speed": 16.55376193199137,
    "if_vehicle": true,
    "motion_state": true,
    "pose": [
      [
        0.9999391688672346,
        -0.008818328882812447,
        0.006625378541562953,
        12.248059755662894
      ],
      [
        0.008669113068349516,
        0.9997154579512935,
        0.02222272737185105,
        -17.175298191325055
      ],
      [
        -0.006819460661417342,
        -0.022163939382474462,
        0.9997310912177021,
        0.6218469533609436
      ],
      [
        0.0,
        0.0,
        0.0,
        1.0
      ]
    ],
    "location": [
      12.248059755662894,
      -17.175298191325055,
      0.6218469533609436
    ],
    "rotation": [
      -0.02216626993220039,
      0.006819513519076209,
      0.008669423251098755
    ]
  },
  {
    "label_id": "Srk_vu0878FXjTrFz1vvxg",
    "size": [
      2.0593317684661905,
      4.897221917029469,
      1.6399999999999864
    ],
    "obj_class": "vehicle",
    "point_num_in_lidar": 126,
    "speed": 1.1368770508004532e-12,
    "if_vehicle": true,
    "motion_state": false,
    "pose": [
      [
        -0.9999314843135885,
        0.009650442352807148,
        0.006625378541562953,
        34.21813186114352
      ],
      [
        -0.009501040425136132,
        -0.9997078976476059,
        0.02222272737185105,
        63.94403990350111
      ],
      [
        0.00683790240232966,
        0.022158256777076016,
        0.9997310912177021,
        -0.1443477368093795
      ],
      [
        0.0,
        0.0,
        0.0,
        1.0
      ]
    ],
    "location": [
      34.21813186114352,
      63.94403990350111,
      -0.1443477368093795
    ],
    "rotation": [
      0.022160588589977874,
      -0.006837955689981236,
      -3.132091248078604
    ]
  },
  {
    "label_id": "Sv6Kp_7Yn7_dppLzJAxahA",
    "size": [
      2.2878795860031373,
      4.83846683002856,
      2.0
    ],
    "obj_class": "vehicle",
    "point_num_in_lidar": 391,
    "speed": 8.613318549407747,
    "if_vehicle": true,
    "motion_state": true,
    "pose": [
      [
        -0.999699035569912,
        -0.023620809464722132,
        0.006625378541562953,
        10.87237099398277
      ],
      [
        0.02376269036900668,
        -0.9994706023363482,
        0.02222272737185105,
        3.465105500241407
      ],
      [
        0.006096952272605283,
        0.022373475940233208,
        0.9997310912177021,
        0.7433980955797779
      ],
      [
        0.0,
        0.0,
        0.0,
        1.0
      ]
    ],
    "location": [
      10.87237099398277,
      3.465105500241407,
      0.7433980955797779
    ],
    "rotation": [
      0.02237575891006882,
      -0.006096990046729187,
      3.117827284523699
    ]
  },
  {
    "label_id": "SvD0AwZbUZS6wEKPI_DiwQ",
    "size": [
      2.5118529045355658,
      6.021860427745784,
      2.0
    ],
    "obj_class": "vehicle",
    "point_num_in_lidar": 385,
    "speed": 2.847716647714797e-13,
    "if_vehicle": true,
    "motion_state": false,
    "pose": [
      [
        0.9964402098385735,
        -0.08404173115804336,
        0.006625378541562953,
        46.55912616085726
      ],
      [
        0.08387610353478224,
        0.9962283621961275,
        0.02222272737185105,
        -35.82613785023568
      ],
      [
        -0.008468026492774228,
        -0.02158790818908342,
        0.9997310912177021,
        1.035659493063406
      ],
      [
        0.0,
        0.0,
        0.0,
        1.0
      ]
    ],
    "location": [
      46.55912616085726,
      -35.82613785023568,
      1.035659493063406
    ],
    "rotation": [
      -0.021590359566869898,
      0.008468127699503104,
      0.08397778180407726
    ]
  },
  {
    "label_id": "Z8b5TrwhAlTvaTb_rzuxvw",
    "size": [
      2.323452451007359,
      5.794250754513302,
      1.8100000000000023
    ],
    "obj_class": "vehicle",
    "point_num_in_lidar": 47,
    "speed": 2.8421709430404007e-13,
    "if_vehicle": true,
    "motion_state": false,
    "pose": [
      [
        0.9995134268380942,
        0.03047972981426621,
        0.006625378541562953,
        45.82580012146951
      ],
      [
        -0.030620039974474426,
        0.9992840254602882,
        0.02222272737185105,
        63.502346411805775
      ],
      [
        -0.005943292213181123,
        -0.022414783744916247,
        0.9997310912177021,
        0.12157781045266347
      ],
      [
        0.0,
        0.0,
        0.0,
        1.0
      ]
    ],
    "location": [
      45.82580012146951,
      63.502346411805775,
      0.12157781045266347
    ],
    "rotation": [
      -0.02241705710369978,
      0.005943327202614054,
      -0.03062536787846885
    ]
  },
  {
    "label_id": "aJSPPnhj2mfCZnxhkJgFDA",
    "size": [
      2.1843405968393226,
      5.387151019713068,
      1.920000000000016
    ],
    "obj_class": "vehicle",
    "point_num_in_lidar": 42,
    "speed": 8.528363000094291e-13,
    "if_vehicle": true,
    "motion_state": false,
    "pose": [
      [
        0.9999780519387318,
        1.8321907125032663e-16,
        0.006625378541562953,
        46.60049529145084
      ],
      [
        -0.00014723721263601558,
        0.9997530338585422,
        0.02222272737185105,
        -52.05103965224589
      ],
      [
        -0.006623742297388843,
        -0.02222321512833827,
        0.9997310912177021,
        1.025795467171406
      ],
      [
        0.0,
        0.0,
        0.0,
        1.0
      ]
    ],
    "location": [
      46.60049529145084,
      -52.05103965224589,
      1.025795467171406
    ],
    "rotation": [
      -0.022225532416372495,
      0.0066237907333148,
      -0.0001472404432142625
    ]
  },
  {
    "label_id": "aPFh9SBjb7NjHyWpykds8w",
    "size": [
      2.2085640567783495,
      4.902919926976072,
      1.670000000000016
    ],
    "obj_class": "vehicle",
    "point_num_in_lidar": 22,
    "speed": 2.8591206918129106e-13,
    "if_vehicle": true,
    "motion_state": false,
    "pose": [
      [
        -0.9998783823446175,
        -0.014118246317868791,
        0.006625378541562953,
        33.60237051255248
      ],
      [
        0.01426229192469975,
        -0.9996513079155205,
        0.02222272737185105,
        71.51790931941468
      ],
      [
        0.006309322385618193,
        0.0223145177787233,
        0.9997310912177021,
        0.04355706295859818
      ],
      [
        0.0,
        0.0,
        0.0,
        1.0
      ]
    ],
    "location": [
      33.60237051255248,
      71.51790931941468,
      0.04355706295859818
    ],
    "rotation": [
      0.02231681433410434,
      -0.006309364246144695,
      3.1273295941875046
    ]
  },
  {
    "label_id": "egz2S1wgW1U-xdUQuSz9UA",
    "size": [
      2.1647170838111585,
      4.901394041058951,
      1.740000000000009
    ],
    "obj_class": "vehicle",
    "point_num_in_lidar": 56,
    "speed": 2.842517866562357e-13,
    "if_vehicle": true,
    "motion_state": false,
    "pose": [
      [
        -0.9999658049521049,
        -0.0049490691720745425,
        0.006625378541562953,
        12.781728609685928
      ],
      [
        0.00509519092697224,
        -0.9997400609246254,
        0.02222272737185105,
        64.19264281136384
      ],
      [
        0.006513674531835409,
        0.022255725033256943,
        0.9997310912177021,
        0.2664454273968886
      ],
      [
        0.0,
        0.0,
        0.0,
        1.0
      ]
    ],
    "location": [
      12.781728609685928,
      64.19264281136384,
      0.2664454273968886
    ],
    "rotation": [
      0.022258034981614813,
      -0.006513720593030813,
      3.1364973325224357
    ]
  },
  {
    "label_id": "iHup_TyQroYLLb9o9b4nUQ",
    "size": [
      1.9549742437232551,
      4.55316170265996,
      1.6100000000000136
    ],
    "obj_class": "vehicle",
    "point_num_in_lidar": 88,
    "speed": 0.015005733409359812,
    "if_vehicle": true,
    "motion_state": false,
    "pose": [
      [
        0.013148312970335096,
        0.9998916072381121,
        0.006625378541562953,
        0.24725151263305634
      ],
      [
        -0.9996685445734133,
        0.01299812981277593,
        0.02222272737185105,
        -60.17211571396001
      ],
      [
        0.022134201058712524,
        -0.006915373898431692,
        0.9997310912177021,
        1.5190793332939165
      ],
      [
        0.0,
        0.0,
        0.0,
        1.0
      ]
    ],
    "location": [
      0.24725151263305634,
      -60.17211571396001,
      1.5190793332939165
    ],
    "rotation": [
      -0.006917123681009648,
      -0.022136008799119762,
      -1.5576444126603628
    ]
  },
  {
    "label_id": "iXTQZojLqoKlsbwX2uyUog",
    "size": [
      2.0153231307297315,
      4.453522781562739,
      1.4499999999999886
    ],
    "obj_class": "vehicle",
    "point_num_in_lidar": 82,
    "speed": 5.687116766346677e-13,
    "if_vehicle": true,
    "motion_state": false,
    "pose": [
      [
        0.01853177438140146,
        -0.9998063200927757,
        0.006625378541562953,
        1.044120580205231
      ],
      [
        0.9995786120295113,
        0.01867481623234511,
        0.02222272737185105,
        39.29491860755479
      ],
      [
        -0.022342151002808817,
        0.006210760116951067,
        0.9997310912177021,
        0.3746429454670306
      ],
      [
        0.0,
        0.0,
        0.0,
        1.0
      ]
    ],
    "location": [
      1.044120580205231,
      39.29491860755479,
      0.3746429454670306
    ],
    "rotation": [
      0.006212350774513564,
      0.022344010182086992,
      1.5522588637359567
    ]
  },
  {
    "label_id": "iv0I_4_Nh3wHEqvc0NFULA",
    "size": [
      1.2962183796179567,
      1.252317971597332,
      1.0500000000000114
    ],
    "obj_class": "sign",
    "point_num_in_lidar": 35,
    "speed": 3.552713678800501e-14,
    "if_vehicle": false,
    "motion_state": false,
    "pose": [
      [
        -0.9999689383712425,
        0.004269268306320489,
        0.006625378541562953,
        10.590795298632514
      ],
      [
        -0.004121071751927136,
        -0.9997445509507774,
        0.02222272737185105,
        7.810942993110075
      ],
      [
        0.0067185608805624165,
        0.022194733437389993,
        0.9997310912177021,
        0.39458109608671066
      ],
      [
        0.0,
        0.0,
        0.0,
        1.0
      ]
    ],
    "location": [
      10.590795298632514,
      7.810942993110075,
      0.39458109608671066
    ],
    "rotation": [
      0.022197057117060968,
      -0.006718611426509934,
      -3.1374714771583316
    ]
  },
  {
    "label_id": "mj1CAQrlPFF_8h2g6gCkwg",
    "size": [
      0.46453528072743366,
      0.07207623213645241,
      0.6200000000000045
    ],
    "obj_class": "sign",
    "point_num_in_lidar": 21,
    "speed": 0.03391048645583374,
    "if_vehicle": false,
    "motion_state": false,
    "pose": [
      [
        0.9999780519387318,
        -1.0031269529430458e-14,
        0.006625378541562953,
        40.175379079049804
      ],
      [
        -0.00014723721262580218,
        0.9997530338585422,
        0.02222272737185105,
        15.037140461048693
      ],
      [
        -0.006623742297389069,
        -0.022223215128338202,
        0.9997310912177021,
        1.1258681923621907
      ],
      [
        0.0,
        0.0,
        0.0,
        1.0
      ]
    ],
    "location": [
      40.175379079049804,
      15.037140461048693,
      1.1258681923621907
    ],
    "rotation": [
      -0.022225532416372425,
      0.006623790733315026,
      -0.00014724044320404888
    ]
  },
  {
    "label_id": "nNNrZsPBicV3ZcsF6SQhrg",
    "size": [
      2.19382641292603,
      5.313072584674932,
      1.6100000000000136
    ],
    "obj_class": "vehicle",
    "point_num_in_lidar": 102,
    "speed": 0.011565805727541352,
    "if_vehicle": true,
    "motion_state": false,
    "pose": [
      [
        0.022010672947969125,
        0.9997357824123125,
        0.006625378541562953,
        51.37109573899511
      ],
      [
        -0.9995140597096068,
        0.02185851849912883,
        0.02222272737185105,
        26.97888885490829
      ],
      [
        0.022072034777018544,
        -0.007111296187384197,
        0.9997310912177021,
        0.4836293606958293
      ],
      [
        0.0,
        0.0,
        0.0,
        1.0
      ]
    ],
    "location": [
      51.37109573899511,
      26.97888885490829,
      0.4836293606958293
    ],
    "rotation": [
      -0.0071130890246229195,
      -0.02207382732624856,
      -1.5487785114270698
    ]
  },
  {
    "label_id": "qVb7P62syQExYN3zGU9GUQ",
    "size": [
      2.108929284626772,
      4.762608620569526,
      1.5900000000000318
    ],
    "obj_class": "vehicle",
    "point_num_in_lidar": 167,
    "speed": 11.527315179631689,
    "if_vehicle": true,
    "motion_state": true,
    "pose": [
      [
        0.9936452609367782,
        -0.11236191426396695,
        0.006625378541562953,
        6.873759113153085
      ],
      [
        0.11219032547712249,
        0.9934382120985147,
        0.02222272737185105,
        -12.587455368284282
      ],
      [
        -0.009078892400473606,
        -0.021338204363142734,
        0.9997310912177021,
        0.7889034457014077
      ],
      [
        0.0,
        0.0,
        0.0,
        1.0
      ]
    ],
    "location": [
      6.873759113153085,
      -12.587455368284282,
      0.7889034457014077
    ],
    "rotation": [
      -0.02134070364568126,
      0.00907901712833215,
      0.11243167237443578
    ]
  },
  {
    "label_id": "qaXzT3i1eKuXd7MG3Zkv0g",
    "size": [
      2.123929228603811,
      4.712077594084063,
      1.5
    ],
    "obj_class": "vehicle",
    "point_num_in_lidar": 254,
    "speed": 2.8435583831733384e-13,
    "if_vehicle": true,
    "motion_state": false,
    "pose": [
      [
        0.9992061445817156,
        0.03928339330206469,
        0.006625378541562953,
        46.01306375426557
      ],
      [
        -0.0394216771909606,
        0.9989755160941673,
        0.02222272737185105,
        45.54339377800716
      ],
      [
        -0.00574560680828409,
        -0.02246626927345127,
        0.9997310912177021,
        0.029705839134749112
      ],
      [
        0.0,
        0.0,
        0.0,
        1.0
      ]
    ],
    "location": [
      46.01306375426557,
      45.54339377800716,
      0.029705839134749112
    ],
    "rotation": [
      -0.02246853054605841,
      0.005745638421080069,
      -0.03943254622002403
    ]
  },
  {
    "label_id": "r4wwsWiKAZswTekkzLzBIA",
    "size": [
      2.4237895353289765,
      5.319976989004658,
      1.7099999999999795
    ],
    "obj_class": "vehicle",
    "point_num_in_lidar": 277,
    "speed": 1.4210854715202004e-12,
    "if_vehicle": true,
    "motion_state": false,
    "pose": [
      [
        0.9999780519387318,
        -1.1490485582998612e-15,
        0.006625378541562953,
        62.93466584040203
      ],
      [
        -0.00014723721263468385,
        0.9997530338585422,
        0.02222272737185105,
        40.131850396996015
      ],
      [
        -0.006623742297388873,
        -0.022223215128338265,
        0.9997310912177021,
        -0.03047821445130694
      ],
      [
        0.0,
        0.0,
        0.0,
        1.0
      ]
    ],
    "location": [
      62.93466584040203,
      40.131850396996015,
      -0.03047821445130694
    ],
    "rotation": [
      -0.022225532416372488,
      0.00662379073331483,
      -0.00014724044321293075
    ]
  },
  {
    "label_id": "sNxEFUZvJYSpMezg8nREBQ",
    "size": [
      1.97363661220249,
      4.746781675608078,
      1.6200000000000045
    ],
    "obj_class": "vehicle",
    "point_num_in_lidar": 136,
    "speed": 8.881784197001252e-15,
    "if_vehicle": true,
    "motion_state": false,
    "pose": [
      [
        0.9994093651403635,
        -0.033719804698674395,
        0.006625378541562953,
        24.644846187634727
      ],
      [
        0.033565063487481735,
        0.9991894399468189,
        0.02222272737185105,
        -40.169947968255656
      ],
      [
        -0.0073693543012306635,
        -0.021987220603012884,
        0.9997310912177021,
        1.2552084349038637
      ],
      [
        0.0,
        0.0,
        0.0,
        1.0
      ]
    ],
    "location": [
      24.644846187634727,
      -40.169947968255656,
      1.2552084349038637
    ],
    "rotation": [
      -0.02198958976727203,
      0.007369421004584986,
      0.03357228112674178
    ]
  },
  {
    "label_id": "slzRePUL32VlVCupH5t8lw",
    "size": [
      2.921623295262205,
      10.613183625004126,
      3.6399999999999864
    ],
    "obj_class": "vehicle",
    "point_num_in_lidar": 532,
    "speed": 9.409721095854275,
    "if_vehicle": true,
    "motion_state": true,
    "pose": [
      [
        -0.9997226981352587,
        -0.022597150093306793,
        0.006625378541562953,
        -9.09368425231807
      ],
      [
        0.022739264828600166,
        -0.9994944103011336,
        0.02222272737185105,
        3.5854808195472287
      ],
      [
        0.006119858512516894,
        0.02236722120535753,
        0.9997310912177021,
        1.7586776294808146
      ],
      [
        0.0,
        0.0,
        0.0,
        1.0
      ]
    ],
    "location": [
      -9.09368425231807,
      3.5854808195472287,
      1.7586776294808146
    ],
    "rotation": [
      0.02236950562381895,
      -0.00611989671399913,
      3.1188510027121756
    ]
  },
  {
    "label_id": "sxF7chq_MPJ-F1tXt3y3Jg",
    "size": [
      2.054410519587693,
      4.689719715929437,
      1.7300000000000182
    ],
    "obj_class": "vehicle",
    "point_num_in_lidar": 41,
    "speed": 8.526512829121202e-13,
    "if_vehicle": true,
    "motion_state": false,
    "pose": [
      [
        0.9999780519387318,
        -2.60870138599736e-16,
        0.006625378541562953,
        24.691768304807226
      ],
      [
        -0.00014723721263557168,
        0.9997530338585422,
        0.02222272737185105,
        55.332014478603014
      ],
      [
        -0.006623742297388853,
        -0.022223215128338268,
        0.9997310912177021,
        0.4326965404009684
      ],
      [
        0.0,
        0.0,
        0.0,
        1.0
      ]
    ],
    "location": [
      24.691768304807226,
      55.332014478603014,
      0.4326965404009684
    ],
    "rotation": [
      -0.02222553241637249,
      0.00662379073331481,
      -0.0001472404432138186
    ]
  },
  {
    "label_id": "wxDxWDc0d93MCnaT-wm0MQ",
    "size": [
      2.048906249204049,
      4.776309384975827,
      1.5900000000000318
    ],
    "obj_class": "vehicle",
    "point_num_in_lidar": 26,
    "speed": 12.809675745542872,
    "if_vehicle": true,
    "motion_state": true,
    "pose": [
      [
        0.9997955843527642,
        -0.01910219536848756,
        0.006625378541562953,
        -31.804719713752434
      ],
      [
        0.018950686588788644,
        0.9995734199477143,
        0.02222272737185105,
        -14.12837349772417
      ],
      [
        -0.007047055167116017,
        -0.022092629226378748,
        0.9997310912177021,
        0.8564871017456426
      ],
      [
        0.0,
        0.0,
        0.0,
        1.0
      ]
    ],
    "location": [
      -31.804719713752434,
      -14.12837349772417,
      0.8564871017456426
    ],
    "rotation": [
      -0.022094975523921322,
      0.007047113495704809,
      0.01895229171776139
    ]
  }
]