[
  {
    "label_id": "-jGx5h2KM1RTCWtkALlTPg",
    "size": [
      1.9723911586523748,
      4.593513203435377,
      1.6999999999999886
    ],
    "obj_class": "vehicle",
    "point_num_in_lidar": 158,
    "speed": 9.321553417386747,
    "if_vehicle": true,
    "motion_state": true,
    "pose": [
      [
        -0.9994949544232247,
        -0.030712865808863975,
        0.008158183396005146,
        -25.114695533736807
      ],
      [
        0.030881282608225022,
        -0.999294171645363,
        0.021389364181260924,
        0.6593432696336095
      ],
      [
        0.00749549644700593,
        0.021630496744512905,
        0.9997379352328282,
        0.9007731598153441
      ],
      [
        0.0,
        0.0,
        0.0,
        1.0
      ]
    ],
    "location": [
      -25.114695533736807,
      0.6593432696336095,
      0.9007731598153441
    ],
    "rotation": [
      0.021632791635223962,
      -0.007495566634694051,
      3.110705592589006
    ]
  },
  {
    "label_id": "1TgdkR2yKNOStoZEkzKJmA",
    "size": [
      0.7204719764073236,
      0.08233187211947524,
      0.640884955752199
    ],
    "obj_class": "sign",
    "point_num_in_lidar": 75,
    "speed": 0.009904482439444407,
    "if_vehicle": false,
    "motion_state": false,
    "pose": [
      [
        -0.9999313334924604,
        0.008412630008909346,
        0.008158183396005146,
        -4.787943717862163
      ],
      [
        -0.008236487168743006,
        -0.9997372931820842,
        0.021389364181260924,
        -10.861005914150155
      ],
      [
        0.008335980992587975,
        0.02132070067546266,
        0.9997379352328282,
        2.627112678605158
      ],
      [
        0.0,
        0.0,
        0.0,
        1.0
      ]
    ],
    "location": [
      -4.787943717862163,
      -10.861005914150155,
      2.627112678605158
    ],
    "rotation": [
      0.021323057285529596,
      -0.008336077538186082,
      -3.133355787095857
    ]
  },
  {
    "label_id": "1YQ_kpgKHcSW4kqTyRAkOQ",
    "size": [
      2.113992752619761,
      4.388851756526188,
      1.6100000000000136
    ],
    "obj_class": "vehicle",
    "point_num_in_lidar": 4038,
    "speed": 8.134703269267682,
    "if_vehicle": true,
    "motion_state": true,
    "pose": [
      [
        -0.9997841141727681,
        -0.0191093979876504,
        0.008158183396005146,
        9.322977439909465
      ],
      [
        0.0192801339794638,
        -0.9995852997786908,
        0.021389364181260924,
        3.0985027104943583
      ],
      [
        0.007746062322702834,
        0.021542037389584708,
        0.9997379352328282,
        0.6832358224262407
      ],
      [
        0.0,
        0.0,
        0.0,
        1.0
      ]
    ],
    "location": [
      9.322977439909465,
      3.0985027104943583,
      0.6832358224262407
    ],
    "rotation": [
      0.021544350324530222,
      -0.007746139787330317,
      3.122310746378575
    ]
  },
  {
    "label_id": "2geLnJ4dNoqnnCkA3l0v-Q",
    "size": [
      2.3405198330193953,
      5.096364475401939,
      2.0
    ],
    "obj_class": "vehicle",
    "point_num_in_lidar": 56,
    "speed": 10.558844723183755,
    "if_vehicle": true,
    "motion_state": true,
    "pose": [
      [
        0.9995903906359145,
        -0.02743164216770415,
        0.008158183396005146,
        -46.73955190904775
      ],
      [
        0.027251840193517816,
        0.999399735994556,
        0.021389364181260924,
        -17.027033327865865
      ],
      [
        -0.008740031716577773,
        -0.021158277387223104,
        0.9997379352328282,
        1.213731483005347
      ],
      [
        0.0,
        0.0,
        0.0,
        1.0
      ]
    ],
    "location": [
      -46.73955190904775,
      -17.027033327865865,
      1.213731483005347
    ],
    "rotation": [
      -0.021160664717347892,
      0.00874014299288495,
      0.027256255781228447
    ]
  },
  {
    "label_id": "97LGRvZi3-yunSqGxMM_Jw",
    "size": [
      2.7330119442255167,
      6.870703637231516,
      2.9699999999999704
    ],
    "obj_class": "vehicle",
    "point_num_in_lidar": 114,
    "speed": 0.033691861999133835,
    "if_vehicle": true,
    "motion_state": false,
    "pose": [
      [
        -0.999959450952127,
        0.003813200125563455,
        0.008158183396005146,
        -55.26384458382995
      ],
      [
        -0.003637951667540171,
        -0.999764602497801,
        0.021389364181260924,
        12.073827885042192
      ],
      [
        0.008237824906192952,
        0.021358817786019172,
        0.9997379352328282,
        1.7884459674000937
      ],
      [
        0.0,
        0.0,
        0.0,
        1.0
      ]
    ],
    "location": [
      -55.26384458382995,
      12.073827885042192,
      1.7884459674000937
    ],
    "rotation": [
      0.021361167024136388,
      -0.00823791808125334,
      -3.1379545704516767
    ]
  },
  {
    "label_id": "AaB0H-SNWGrrmu6BOxOx3g",
    "size": [
      1.9255438066377393,
      4.384545949004037,
      1.8999999999999773
    ],
    "obj_class": "vehicle",
    "point_num_in_lidar": 64,
    "speed": 5.687116766346677e-13,
    "if_vehicle": true,
    "motion_state": false,
    "pose": [
      [
        -0.017601817761247335,
        0.9998117923165224,
        0.008158183396005146,
        11.563095583817756
      ],
      [
        -0.9996132355985445,
        -0.01777285334800846,
        0.021389364181260924,
        -59.95454349215834
      ],
      [
        0.021530332735660667,
        -0.007778536410739522,
        0.9997379352328282,
        1.6020919378458984
      ],
      [
        0.0,
        0.0,
        0.0,
        1.0
      ]
    ],
    "location": [
      11.563095583817756,
      -59.95454349215834,
      1.6020919378458984
    ],
    "rotation": [
      -0.007780418425979919,
      -0.02153199649912717,
      -1.5884031353525403
    ]
  },
  {
    "label_id": "CdIAj2TP02AxBW6VHBBocw",
    "size": [
      1.8965519759303218,
      4.537302319258558,
      1.5199999999999818
    ],
    "obj_class": "vehicle",
    "point_num_in_lidar": 31,
    "speed": 2.8435583831733384e-13,
    "if_vehicle": true,
    "motion_state": false,
    "pose": [
      [
        0.9970213551914224,
        -0.07669329394371005,
        0.008158183396005146,
        24.669207025113877
      ],
      [
        0.07650430856381502,
        0.996839799501953,
        0.021389364181260924,
        -43.00082462974024
      ],
      [
        -0.00977282269519644,
        -0.02070151668283547,
        0.9997379352328282,
        1.3657879750718962
      ],
      [
        0.0,
        0.0,
        0.0,
        1.0
      ]
    ],
    "location": [
      24.669207025113877,
      -43.00082462974024,
      1.3657879750718962
    ],
    "rotation": [
      -0.020703984447148827,
      0.009772978265777723,
      0.07658279899576804
    ]
  },
  {
    "label_id": "E-3eMFrCvL5KnRE05weLVQ",
    "size": [
      1.075776419916678,
      1.0782595092493514,
      1.1000000000000227
    ],
    "obj_class": "sign",
    "point_num_in_lidar": 201,
    "speed": 0.04233439828555929,
    "if_vehicle": false,
    "motion_state": false,
    "pose": [
      [
        -0.9999576080038858,
        0.004269219931566128,
        0.008158183396005146,
        14.250946814620733
      ],
      [
        -0.004093882633331442,
        -0.9997628394898992,
        0.021389364181260924,
        10.275643866816608
      ],
      [
        0.00824756449695562,
        0.021355058798093234,
        0.9997379352328282,
        0.3326969998349796
      ],
      [
        0.0,
        0.0,
        0.0,
        1.0
      ]
    ],
    "location": [
      14.250946814620733,
      10.275643866816608,
      0.3326969998349796
    ],
    "rotation": [
      0.021357408765965008,
      -0.008247658002896622,
      -3.1374986202749136
    ]
  },
  {
    "label_id": "Ga0feveMqrXZh2Y0ZZ4I6A",
    "size": [
      1.7461204438912266,
      4.004460509402721,
      1.5300000000000296
    ],
    "obj_class": "vehicle",
    "point_num_in_lidar": 21,
    "speed": 0.027880879014304416,
    "if_vehicle": true,
    "motion_state": false,
    "pose": [
      [
        0.03647327060639935,
        0.9993013282163441,
        0.008158183396005146,
        -12.585957392711862
      ],
      [
        -0.9991123079473083,
        0.03629175124080312,
        0.021389364181260924,
        -60.53670534547746
      ],
      [
        0.02107834527365247,
        -0.008931081509322068,
        0.9997379352328282,
        1.5657044562301508
      ],
      [
        0.0,
        0.0,
        0.0,
        1.0
      ]
    ],
    "location": [
      -12.585957392711862,
      -60.53670534547746,
      1.5657044562301508
    ],
    "rotation": [
      -0.008933185008997492,
      -0.02107990642546094,
      -1.5343068540404627
    ]
  },
  {
    "label_id": "INnnuQ2cKAjLsfMAOUpaGQ",
    "size": [
      2.1219374378637728,
      4.978723499617083,
      1.740000000000009
    ],
    "obj_class": "vehicle",
    "point_num_in_lidar": 44,
    "speed": 1.3322676295501878e-14,
    "if_vehicle": true,
    "motion_state": false,
    "pose": [
      [
        0.9999545062992542,
        -0.0049426081669464595,
        0.008158183396005146,
        24.556651728110012
      ],
      [
        0.00476713974789412,
        0.9997598559046794,
        0.021389364181260924,
        42.69889568769213
      ],
      [
        -0.008261943502522146,
        -0.021349499899590015,
        0.9997379352328282,
        0.22251572782681706
      ],
      [
        0.0,
        0.0,
        0.0,
        1.0
      ]
    ],
    "location": [
      24.556651728110012,
      42.69889568769213,
      0.22251572782681706
    ],
    "rotation": [
      -0.021351850945537678,
      0.008262037498387957,
      0.0047673205160825675
    ]
  },
  {
    "label_id": "IfcPgF5DX-ynhXlY8BCLMw",
    "size": [
      0.8861319478945199,
      0.9385848513966977,
      1.8899999999999864
    ],
    "obj_class": "pedestrian",
    "point_num_in_lidar": 85,
    "speed": 1.0868894051967972,
    "if_vehicle": false,
    "motion_state": true,
    "pose": [
      [
        -0.9947100857859684,
        0.10239770153352211,
        0.008158183396005146,
        3.8503298537830517
      ],
      [
        -0.10220409372052604,
        -0.9945334676755163,
        0.021389364181260924,
        -32.0393033247874
      ],
      [
        0.010303808152186384,
        0.020442416539254826,
        0.9997379352328282,
        1.1148959789429114
      ],
      [
        0.0,
        0.0,
        0.0,
        1.0
      ]
    ],
    "location": [
      3.8503298537830517,
      -32.0393033247874,
      1.1148959789429114
    ],
    "rotation": [
      0.020444926078690105,
      -0.01030399048414237,
      -3.0392043320104882
    ]
  },
  {
    "label_id": "LrTZhVUAGYTUkncIjh4pHw",
    "size": [
      1.7509685992957442,
      2.3537852381629554,
      1.7300000000000182
    ],
    "obj_class": "vehicle",
    "point_num_in_lidar": 27,
    "speed": 0.007462899421069587,
    "if_vehicle": true,
    "motion_state": false,
    "pose": [
      [
        -0.999789646150729,
        0.018817744112333376,
        0.008158183396005146,
        -49.44710535862538
      ],
      [
        -0.01863959157113251,
        -0.9995974493394741,
        0.021389364181260924,
        12.042095756663912
      ],
      [
        0.008557398895778872,
        0.021232799639708005,
        0.9997379352328282,
        1.248586895379674
      ],
      [
        0.0,
        0.0,
        0.0,
        1.0
      ]
    ],
    "location": [
      -49.44710535862538,
      12.042095756663912,
      1.248586895379674
    ],
    "rotation": [
      0.021235173014107572,
      -0.008557503340956184,
      -3.12295129987462
    ]
  },
  {
    "label_id": "N0xEeDcPODmUZyZL7O9KhQ",
    "size": [
      1.9987228837198896,
      4.597254965828016,
      1.920000000000016
    ],
    "obj_class": "vehicle",
    "point_num_in_lidar": 32,
    "speed": 0.007175455285584348,
    "if_vehicle": true,
    "motion_state": false,
    "pose": [
      [
        0.9999667214681082,
        -6.748588144137084e-16,
        0.008158183396005146,
        -34.97329076725862
      ],
      [
        -0.00017450416295634484,
        0.9997712061507965,
        0.021389364181260924,
        -41.140020788554466
      ],
      [
        -0.008156316853823483,
        -0.021390076011587638,
        0.9997379352328282,
        1.734049015545338
      ],
      [
        0.0,
        0.0,
        0.0,
        1.0
      ]
    ],
    "location": [
      -34.97329076725862,
      -41.140020788554466,
      1.734049015545338
    ],
    "rotation": [
      -0.02139241915797472,
      0.008156407290379952,
      -0.00017450996862046684
    ]
  },
  {
    "label_id": "NXvHjeEjHAm4M20-7kGTYQ",
    "size": [
      2.190158970656091,
      4.47866627860887,
      1.8899999999999864
    ],
    "obj_class": "vehicle",
    "point_num_in_lidar": 45,
    "speed": 0.04328962259685994,
    "if_vehicle": true,
    "motion_state": false,
    "pose": [
      [
        0.9866768727105109,
        -0.16248751614165094,
        0.008158183396005146,
        -49.720898340486144
      ],
      [
        0.16228356133427538,
        0.9865123115403,
        0.021389364181260924,
        -4.286303786366261
      ],
      [
        -0.011523653017625018,
        -0.01978045190411088,
        0.9997379352328282,
        1.4253939756735576
      ],
      [
        0.0,
        0.0,
        0.0,
        1.0
      ]
    ],
    "location": [
      -49.720898340486144,
      -4.286303786366261,
      1.4253939756735576
    ],
    "rotation": [
      -0.019783055791508367,
      0.011523908079308764,
      0.1630153743131297
    ]
  },
  {
    "label_id": "Srk_vu0878FXjTrFz1vvxg",
    "size": [
      2.0593317684661967,
      4.897221917029469,
      1.6399999999999864
    ],
    "obj_class": "vehicle",
    "point_num_in_lidar": 39,
    "speed": 1.1368770508004532e-12,
    "if_vehicle": true,
    "motion_state": false,
    "pose": [
      [
        -0.9999201543706094,
        0.009650333006355809,
        0.008158183396005146,
        34.21813186114352
      ],
      [
        -0.009473950119110074,
        -0.9997263322375088,
        0.021389364181260924,
        63.944039903502926
      ],
      [
        0.008362365251352557,
        0.021310366111459304,
        0.9997379352328282,
        -0.1443477368093795
      ],
      [
        0.0,
        0.0,
        0.0,
        1.0
      ]
    ],
    "location": [
      34.21813186114352,
      63.944039903502926,
      -0.1443477368093795
    ],
    "rotation": [
      0.021312724709579015,
      -0.008362462716605592,
      -3.132118230456512
    ]
  },
  {
    "label_id": "Sv6Kp_7Yn7_dppLzJAxahA",
    "size": [
      2.2878795860017602,
      4.83846683002856,
      2.0
    ],
    "obj_class": "vehicle",
    "point_num_in_lidar": 686,
    "speed": 8.560136212704633,
    "if_vehicle": true,
    "motion_state": true,
    "pose": [
      [
        -0.9997455078603225,
        -0.021032440580757074,
        0.008158183396005146,
        -7.810013783955725
      ],
      [
        0.021202793838588616,
        -0.9995463654245158,
        0.021389364181260924,
        3.89638225519775
      ],
      [
        0.007704612030741034,
        0.02155689703684699,
        0.9997379352328282,
        0.914666637341611
      ],
      [
        0.0,
        0.0,
        0.0,
        1.0
      ]
    ],
    "location": [
      -7.810013783955725,
      3.89638225519775,
      0.914666637341611
    ],
    "rotation": [
      0.02155920696426609,
      -0.007704688258416175,
      3.1203876413009364
    ]
  },
  {
    "label_id": "Z8b5TrwhAlTvaTb_rzuxvw",
    "size": [
      2.323452451007365,
      5.794250754513302,
      1.8100000000000023
    ],
    "obj_class": "vehicle",
    "point_num_in_lidar": 34,
    "speed": 2.8421709430404007e-13,
    "if_vehicle": true,
    "motion_state": false,
    "pose": [
      [
        0.999502101632007,
        0.03047938445700615,
        0.008158183396005146,
        45.82580012146951
      ],
      [
        -0.030647848154326172,
        0.999301358201534,
        0.021389364181260924,
        63.50234641180759
      ],
      [
        -0.007500549093913579,
        -0.02162874521767858,
        0.9997379352328282,
        0.18537514495352525
      ],
      [
        0.0,
        0.0,
        0.0,
        1.0
      ]
    ],
    "location": [
      45.82580012146951,
      63.50234641180759,
      0.18537514495352525
    ],
    "rotation": [
      -0.021631040468951923,
      0.007500619423638472,
      -0.030653510594543427
    ]
  },
  {
    "label_id": "aPFh9SBjb7NjHyWpykds8w",
    "size": [
      2.20856405677834,
      4.902919926976072,
      1.670000000000016
    ],
    "obj_class": "vehicle",
    "point_num_in_lidar": 35,
    "speed": 2.8591206918129106e-13,
    "if_vehicle": true,
    "motion_state": false,
    "pose": [
      [
        -0.999867053003322,
        -0.01411808634797908,
        0.008158183396005146,
        33.60237051255251
      ],
      [
        0.01428981272380124,
        -0.9996690934265399,
        0.021389364181260924,
        71.51790931941468
      ],
      [
        0.007853506909052503,
        0.021503099442427516,
        0.9997379352328282,
        0.0857453892946296
      ],
      [
        0.0,
        0.0,
        0.0,
        1.0
      ]
    ],
    "location": [
      33.60237051255251,
      71.51790931941468,
      0.0857453892946296
    ],
    "rotation": [
      0.021505420213137713,
      -0.007853587642164627,
      3.1273019137484637
    ]
  },
  {
    "label_id": "egz2S1wgW1U-xdUQuSz9UA",
    "size": [
      2.1647170838111576,
      4.901394041058951,
      1.740000000000009
    ],
    "obj_class": "vehicle",
    "point_num_in_lidar": 49,
    "speed": 2.9558287108524044e-28,
    "if_vehicle": true,
    "motion_state": false,
    "pose": [
      [
        -0.9999544746202483,
        -0.004949013095564933,
        0.008158183396005146,
        12.781728609685985
      ],
      [
        0.005122547481257495,
        -0.9997580980453339,
        0.021389364181260924,
        64.19264281136384
      ],
      [
        0.008050353672056261,
        0.021430181104140772,
        0.9997379352328282,
        0.21804784412336176
      ],
      [
        0.0,
        0.0,
        0.0,
        1.0
      ]
    ],
    "location": [
      12.781728609685985,
      64.19264281136384,
      0.21804784412336176
    ],
    "rotation": [
      0.02143251637346468,
      -0.008050440629406368,
      3.13646991770347
    ]
  },
  {
    "label_id": "f9LO_SBU-nxCvq-zh5GVTA",
    "size": [
      2.0574054757402527,
      4.4591210438329645,
      1.6100000000000136
    ],
    "obj_class": "vehicle",
    "point_num_in_lidar": 74,
    "speed": 15.730165951584407,
    "if_vehicle": true,
    "motion_state": true,
    "pose": [
      [
        0.9992891948864504,
        0.03680419849510126,
        0.008158183396005146,
        -16.700790383396793
      ],
      [
        -0.036971388398894287,
        0.9990873893407821,
        0.021389364181260924,
        -16.330762021219925
      ],
      [
        -0.007363519745866962,
        -0.021675779878788427,
        0.9997379352328282,
        0.8788404846394542
      ],
      [
        0.0,
        0.0,
        0.0,
        1.0
      ]
    ],
    "location": [
      -16.700790383396793,
      -16.330762021219925,
      0.8788404846394542
    ],
    "rotation": [
      -0.02167806540160089,
      0.007363586290910527,
      -0.03698081922818419
    ]
  },
  {
    "label_id": "h7gzaFA1gz_CpoUKNE1ZyQ",
    "size": [
      2.151094673448829,
      4.879489668807226,
      1.660000000000025
    ],
    "obj_class": "vehicle",
    "point_num_in_lidar": 78,
    "speed": 2.842202167891446e-12,
    "if_vehicle": true,
    "motion_state": false,
    "pose": [
      [
        0.9999667214681082,
        6.574088151364794e-16,
        0.008158183396005146,
        23.93426978228635
      ],
      [
        -0.00017450416295767645,
        0.9997712061507965,
        0.021389364181260924,
        47.88248961582758
      ],
      [
        -0.008156316853823453,
        -0.02139007601158765,
        0.9997379352328282,
        0.015315870012727828
      ],
      [
        0.0,
        0.0,
        0.0,
        1.0
      ]
    ],
    "location": [
      23.93426978228635,
      47.88248961582758,
      0.015315870012727828
    ],
    "rotation": [
      -0.02139241915797473,
      0.008156407290379922,
      -0.0001745099686217985
    ]
  },
  {
    "label_id": "iHup_TyQroYLLb9o9b4nUQ",
    "size": [
      1.9549742437232565,
      4.55316170265996,
      1.6100000000000136
    ],
    "obj_class": "vehicle",
    "point_num_in_lidar": 105,
    "speed": 0.015005733283756277,
    "if_vehicle": true,
    "motion_state": false,
    "pose": [
      [
        0.013148163990491825,
        0.9998802777469692,
        0.008158183396005146,
        0.2586091898666609
      ],
      [
        -0.9996870738170002,
        0.012971104159820468,
        0.021389364181260924,
        -60.14111930634681
      ],
      [
        0.021280982751805747,
        -0.008436861354722394,
        0.9997379352328282,
        1.5190793332938028
      ],
      [
        0.0,
        0.0,
        0.0,
        1.0
      ]
    ],
    "location": [
      0.2586091898666609,
      -60.14111930634681,
      1.5190793332938028
    ],
    "rotation": [
      -0.008438872609136646,
      -0.021282589368632355,
      -1.5576448054042598
    ]
  },
  {
    "label_id": "iXTQZojLqoKlsbwX2uyUog",
    "size": [
      2.0153231307297306,
      4.453522781562739,
      1.4499999999999886
    ],
    "obj_class": "vehicle",
    "point_num_in_lidar": 99,
    "speed": 5.687116766346677e-13,
    "if_vehicle": true,
    "motion_state": false,
    "pose": [
      [
        0.018531564403068086,
        -0.9997949915679973,
        0.008158183396005146,
        1.044120580205231
      ],
      [
        0.9995962758848737,
        0.018702415272171827,
        0.021389364181260924,
        39.29491860755479
      ],
      [
        -0.021537556914987217,
        0.007758511360766842,
        0.9997379352328282,
        0.36097089370588265
      ],
      [
        0.0,
        0.0,
        0.0,
        1.0
      ]
    ],
    "location": [
      1.044120580205231,
      39.29491860755479,
      0.36097089370588265
    ],
    "rotation": [
      0.00776038933616084,
      0.0215392223540014,
      1.5522594012272022
    ]
  },
  {
    "label_id": "ijjnSXQKMTGVXZdwniRX4Q",
    "size": [
      2.9725772655692575,
      7.057856682623538,
      3.2299999999999613
    ],
    "obj_class": "vehicle",
    "point_num_in_lidar": 611,
    "speed": 2.8452917319372777e-13,
    "if_vehicle": true,
    "motion_state": false,
    "pose": [
      [
        -0.19968668925167168,
        -0.9798258366563841,
        0.008158183396005146,
        -24.061492628422286
      ],
      [
        0.9796691066398368,
        -0.19947665676821766,
        0.021389364181260924,
        -39.58155445169905
      ],
      [
        -0.019330484505314993,
        0.0122634915579226,
        0.9997379352328282,
        1.9911538017021826
      ],
      [
        0.0,
        0.0,
        0.0,
        1.0
      ]
    ],
    "location": [
      -24.061492628422286,
      -39.58155445169905,
      1.9911538017021826
    ],
    "rotation": [
      0.012266091019369397,
      0.019331688570515943,
      1.771872572459101
    ]
  },
  {
    "label_id": "iv0I_4_Nh3wHEqvc0NFULA",
    "size": [
      1.2962183796179574,
      1.252317971597332,
      1.0500000000000114
    ],
    "obj_class": "sign",
    "point_num_in_lidar": 452,
    "speed": 3.552713678800501e-14,
    "if_vehicle": false,
    "motion_state": false,
    "pose": [
      [
        -0.999957608003882,
        0.004269219932438284,
        0.008158183396005146,
        10.590795298632514
      ],
      [
        -0.0040938826342034286,
        -0.9997628394898955,
        0.021389364181260924,
        7.810942993108256
      ],
      [
        0.008247564496974245,
        0.021355058798086038,
        0.9997379352328282,
        0.31583863726945083
      ],
      [
        0.0,
        0.0,
        0.0,
        1.0
      ]
    ],
    "location": [
      10.590795298632514,
      7.810942993108256,
      0.31583863726945083
    ],
    "rotation": [
      0.021357408765957816,
      -0.008247658002915248,
      -3.137498620274042
    ]
  },
  {
    "label_id": "sNxEFUZvJYSpMezg8nREBQ",
    "size": [
      1.9736366122024858,
      4.746781675608078,
      1.6200000000000045
    ],
    "obj_class": "vehicle",
    "point_num_in_lidar": 333,
    "speed": 8.881784197001252e-15,
    "if_vehicle": true,
    "motion_state": false,
    "pose": [
      [
        0.9993980411133702,
        -0.03371942262903388,
        0.008158183396005146,
        24.6448461876347
      ],
      [
        0.03353842482345238,
        0.9992085213609234,
        0.021389364181260924,
        -40.169947968257475
      ],
      [
        -0.008872963378707797,
        -0.0211028760428898,
        0.9997379352328282,
        1.2752082138213154
      ],
      [
        0.0,
        0.0,
        0.0,
        1.0
      ]
    ],
    "location": [
      24.6448461876347,
      -40.169947968257475,
      1.2752082138213154
    ],
    "rotation": [
      -0.021105273595656775,
      0.008873079810130316,
      0.03354603654236744
    ]
  },
  {
    "label_id": "slzRePUL32VlVCupH5t8lw",
    "size": [
      2.9216232952625836,
      10.613183625004126,
      3.6399999999999864
    ],
    "obj_class": "vehicle",
    "point_num_in_lidar": 708,
    "speed": 9.707738147356615,
    "if_vehicle": true,
    "motion_state": true,
    "pose": [
      [
        -0.9999439812512578,
        -0.00674376772000541,
        0.008158183396005146,
        -30.23874579003882
      ],
      [
        0.006916949360802674,
        -0.9997472935254496,
        0.021389364181260924,
        3.904449425777784
      ],
      [
        0.00801187686652338,
        0.021444595717269407,
        0.9997379352328282,
        1.789933495696289
      ],
      [
        0.0,
        0.0,
        0.0,
        1.0
      ]
    ],
    "location": [
      -30.23874579003882,
      3.904449425777784,
      1.789933495696289
    ],
    "rotation": [
      0.021446928138578653,
      -0.008011962582956953,
      3.1346754270557513
    ]
  },
  {
    "label_id": "sxF7chq_MPJ-F1tXt3y3Jg",
    "size": [
      2.0544105195876843,
      4.689719715929437,
      1.7300000000000182
    ],
    "obj_class": "vehicle",
    "point_num_in_lidar": 31,
    "speed": 8.526512829121202e-13,
    "if_vehicle": true,
    "motion_state": false,
    "pose": [
      [
        0.9999667214681082,
        6.574088151364794e-16,
        0.008158183396005146,
        24.691768304807226
      ],
      [
        -0.00017450416295767645,
        0.9997712061507965,
        0.021389364181260924,
        55.33201447860483
      ],
      [
        -0.008156316853823453,
        -0.02139007601158765,
        0.9997379352328282,
        0.4326965404009684
      ],
      [
        0.0,
        0.0,
        0.0,
        1.0
      ]
    ],
    "location": [
      24.691768304807226,
      55.33201447860483,
      0.4326965404009684
    ],
    "rotation": [
      -0.02139241915797473,
      0.008156407290379922,
      -0.0001745099686217985
    ]
  },
  {
    "label_id": "wxDxWDc0d93MCnaT-wm0MQ",
    "size": [
      2.048906249204297,
      4.776309384975827,
      1.5900000000000318
    ],
    "obj_class": "vehicle",
    "point_num_in_lidar": 547,
    "speed": 12.31291753816781,
    "if_vehicle": true,
    "motion_state": true,
    "pose": [
      [
        0.9961144296869631,
        -0.08768972011070142,
        0.008158183396005146,
        -3.8626521972385888
      ],
      [
        0.08749874295704776,
        0.9959349703072273,
        0.021389364181260924,
        -13.456403715697888
      ],
      [
        -0.010000647496661933,
        -0.020592423510819975,
        0.9997379352328282,
        0.8564871017455289
      ],
      [
        0.0,
        0.0,
        0.0,
        1.0
      ]
    ],
    "location": [
      -3.8626521972385888,
      -13.456403715697888,
      0.8564871017455289
    ],
    "rotation": [
      -0.02059490920114218,
      0.010000814203208403,
      0.08761517088736774
    ]
  }
]