[
  {
    "label_id": "-jGx5h2KM1RTCWtkALlTPg",
    "size": [
      1.9723911586543923,
      4.593513203435377,
      1.6999999999999886
    ],
    "obj_class": "vehicle",
    "point_num_in_lidar": 186,
    "speed": 11.785091003120238,
    "if_vehicle": true,
    "motion_state": true,
    "pose": [
      [
        -0.9999325139556454,
        0.00571788959548533,
        0.010113024914286055,
        -49.023587347183735
      ],
      [
        -0.005423477332792788,
        -0.9995674836090985,
        0.0289038337421718,
        0.9181168162212998
      ],
      [
        0.010273919795473036,
        0.028847035375377257,
        0.9995310375981769,
        1.0457731598151554
      ],
      [
        0.0,
        0.0,
        0.0,
        1.0
      ]
    ],
    "location": [
      -49.023587347183735,
      0.9181168162212998,
      1.0457731598151554
    ],
    "rotation": [
      0.028852560930901876,
      -0.010274100545300783,
      -3.136168863408675
    ]
  },
  {
    "label_id": "1YQ_kpgKHcSW4kqTyRAkOQ",
    "size": [
      2.113992752621376,
      4.388851756526188,
      1.6100000000000136
    ],
    "obj_class": "vehicle",
    "point_num_in_lidar": 5045,
    "speed": 8.50598790818705,
    "if_vehicle": true,
    "motion_state": true,
    "pose": [
      [
        -0.99962350414738,
        -0.02550640474853924,
        0.010113024914286055,
        -9.558166659987847
      ],
      [
        0.02578927589641953,
        -0.9992494591661,
        0.0289038337421718,
        3.464604206410513
      ],
      [
        0.009368201793921317,
        0.02915375915830494,
        0.9995310375981769,
        0.8923884672186091
      ],
      [
        0.0,
        0.0,
        0.0,
        1.0
      ]
    ],
    "location": [
      -9.558166659987847,
      3.464604206410513,
      0.8923884672186091
    ],
    "rotation": [
      0.029159170513089326,
      -0.009368338829902264,
      3.115799386027368
    ]
  },
  {
    "label_id": "2gBQINdyd96o4z3Zr-BlXg",
    "size": [
      0.8037584934963864,
      0.6746490747898556,
      1.8500000000000227
    ],
    "obj_class": "pedestrian",
    "point_num_in_lidar": 28,
    "speed": 0.10029304561518433,
    "if_vehicle": false,
    "motion_state": false,
    "pose": [
      [
        -0.998651148334183,
        -0.050927503943357655,
        0.010113024914286055,
        -79.88054626465123
      ],
      [
        0.05120076824334312,
        -0.9982700284623875,
        0.0289038337421718,
        -9.65260821137963
      ],
      [
        0.008623529562142568,
        0.029382641402755687,
        0.9995310375981769,
        1.5702318636976997
      ],
      [
        0.0,
        0.0,
        0.0,
        1.0
      ]
    ],
    "location": [
      -79.88054626465123,
      -9.65260821137963,
      1.5702318636976997
    ],
    "rotation": [
      0.029387963969340198,
      -0.008623636447558826,
      3.0903675819006278
    ]
  },
  {
    "label_id": "2geLnJ4dNoqnnCkA3l0v-Q",
    "size": [
      2.3405198330183357,
      5.096364475401939,
      2.0
    ],
    "obj_class": "vehicle",
    "point_num_in_lidar": 1313,
    "speed": 12.052195133729535,
    "if_vehicle": true,
    "motion_state": true,
    "pose": [
      [
        0.9999488620559969,
        -2.8087693046237973e-16,
        0.010113024914286055,
        -20.742828392039684
      ],
      [
        -0.000292320139403607,
        0.9995821541744035,
        0.0289038337421718,
        -16.83132236406709
      ],
      [
        -0.010108799229041477,
        -0.028905311900393155,
        0.9995310375981769,
        1.21373148300529
      ],
      [
        0.0,
        0.0,
        0.0,
        1.0
      ]
    ],
    "location": [
      -20.742828392039684,
      -16.83132236406709,
      1.21373148300529
    ],
    "rotation": [
      -0.028910816177460524,
      0.010108971402988057,
      -0.00029233508049137643
    ]
  },
  {
    "label_id": "4iGaZtbzD4XFf7YLTHe1Sg",
    "size": [
      0.99999999999825,
      1.0,
      1.9499999999999886
    ],
    "obj_class": "pedestrian",
    "point_num_in_lidar": 26,
    "speed": 0.01158400947514739,
    "if_vehicle": false,
    "motion_state": false,
    "pose": [
      [
        -0.9801044827910375,
        0.1982244423374581,
        0.010113024914286055,
        -59.272911261133316
      ],
      [
        -0.19786522922366853,
        -0.9798030003318371,
        0.0289038337421718,
        -25.856157839016305
      ],
      [
        0.015638218478404707,
        0.026327761027739545,
        0.9995310375981769,
        1.3359040188602194
      ],
      [
        0.0,
        0.0,
        0.0,
        1.0
      ]
    ],
    "location": [
      -59.272911261133316,
      -25.856157839016305,
      1.3359040188602194
    ],
    "rotation": [
      0.026334024481068023,
      -0.01563885594638691,
      -2.9423883546019023
    ]
  },
  {
    "label_id": "97LGRvZi3-yunSqGxMM_Jw",
    "size": [
      2.7330119442255154,
      6.870703637231516,
      2.9699999999999704
    ],
    "obj_class": "vehicle",
    "point_num_in_lidar": 349,
    "speed": 0.03369186284449455,
    "if_vehicle": true,
    "motion_state": false,
    "pose": [
      [
        -0.9999415916698673,
        0.0038131320217814923,
        0.010113024914286055,
        -55.202779223698315
      ],
      [
        -0.00351941563069051,
        -0.9995760011668063,
        0.0289038337421718,
        12.121560702520583
      ],
      [
        0.010218951137516865,
        0.028866553579551583,
        0.9995310375981769,
        1.70936317235072
      ],
      [
        0.0,
        0.0,
        0.0,
        1.0
      ]
    ],
    "location": [
      -55.202779223698315,
      12.121560702520583,
      1.70936317235072
    ],
    "rotation": [
      0.02887207203024766,
      -0.010219129001546153,
      -3.1380730469171736
    ]
  },
  {
    "label_id": "AaB0H-SNWGrrmu6BOxOx3g",
    "size": [
      1.9255438066377353,
      4.384545949004037,
      1.8999999999999773
    ],
    "obj_class": "vehicle",
    "point_num_in_lidar": 49,
    "speed": 5.687116766346677e-13,
    "if_vehicle": true,
    "motion_state": false,
    "pose": [
      [
        -0.01760150339266337,
        0.9997939356714468,
        0.010113024914286055,
        11.56309558381784
      ],
      [
        -0.9994221390684275,
        -0.017887323301534523,
        0.0289038337421718,
        -59.95454349215652
      ],
      [
        0.029078772639277415,
        -0.009598430064614256,
        0.9995310375981769,
        1.6020919378457847
      ],
      [
        0.0,
        0.0,
        0.0,
        1.0
      ]
    ],
    "location": [
      11.56309558381784,
      -59.95454349215652,
      1.6020919378457847
    ],
    "rotation": [
      -0.009602638313262519,
      -0.029082872246689578,
      -1.5884061867492343
    ]
  },
  {
    "label_id": "BXDlU3DIkqaT24ZzQeHqcw",
    "size": [
      1.0220610767846876,
      1.090747265971741,
      1.0500000000000114
    ],
    "obj_class": "pedestrian",
    "point_num_in_lidar": 22,
    "speed": 0.05088572535377903,
    "if_vehicle": false,
    "motion_state": false,
    "pose": [
      [
        -0.3846349919031812,
        0.9230133529536412,
        0.010113024914286055,
        -61.66758594961482
      ],
      [
        -0.9225624170679102,
        -0.3847637651973222,
        0.0289038337421718,
        18.84823718709049
      ],
      [
        0.03056975003913161,
        0.001787529148599404,
        0.9995310375981769,
        0.8009515186869862
      ],
      [
        0.0,
        0.0,
        0.0,
        1.0
      ]
    ],
    "location": [
      -61.66758594961482,
      18.84823718709049,
      0.8009515186869862
    ],
    "rotation": [
      0.0017883659193192413,
      -0.030574513330076276,
      -1.96580353344904
    ]
  },
  {
    "label_id": "D5j3i75zBvzZL7edy7Vfkg",
    "size": [
      1.0822184139979374,
      1.1221680693460732,
      1.079999999999984
    ],
    "obj_class": "sign",
    "point_num_in_lidar": 25,
    "speed": 0.004386105278335075,
    "if_vehicle": false,
    "motion_state": false,
    "pose": [
      [
        0.999415023447233,
        -0.032670133685827454,
        0.010113024914286055,
        -59.1909720176551
      ],
      [
        0.03236598859798124,
        0.9990580619649091,
        0.0289038337421718,
        8.85147279226112
      ],
      [
        -0.011047791183859151,
        -0.02855960762808067,
        0.9995310375981769,
        0.8856092616358637
      ],
      [
        0.0,
        0.0,
        0.0,
        1.0
      ]
    ],
    "location": [
      -59.1909720176551,
      8.85147279226112,
      0.8856092616358637
    ],
    "rotation": [
      -0.028565235273766896,
      0.011048015933483687,
      0.032373618544831034
    ]
  },
  {
    "label_id": "Ga0feveMqrXZh2Y0ZZ4I6A",
    "size": [
      1.746120443891229,
      4.004460509402721,
      1.5300000000000296
    ],
    "obj_class": "vehicle",
    "point_num_in_lidar": 58,
    "speed": 0.027880879244804715,
    "if_vehicle": true,
    "motion_state": false,
    "pose": [
      [
        0.03647261919355453,
        0.9992834806881603,
        0.010113024914286055,
        -12.582809223537367
      ],
      [
        -0.9989276790460085,
        0.036167118087556675,
        0.0289038337421718,
        -60.47264327785706
      ],
      [
        0.028517364620811947,
        -0.011156379027074276,
        0.9995310375981769,
        1.6311124392654506
      ],
      [
        0.0,
        0.0,
        0.0,
        1.0
      ]
    ],
    "location": [
      -12.582809223537367,
      -60.47264327785706,
      1.6311124392654506
    ],
    "rotation": [
      -0.011161149928144909,
      -0.028521231280018468,
      -1.53430076702775
    ]
  },
  {
    "label_id": "IfcPgF5DX-ynhXlY8BCLMw",
    "size": [
      0.8861319478926108,
      0.9385848513966977,
      1.8899999999999864
    ],
    "obj_class": "pedestrian",
    "point_num_in_lidar": 30,
    "speed": 1.1998289069894748,
    "if_vehicle": false,
    "motion_state": true,
    "pose": [
      [
        -0.981098548394902,
        0.1932443144428813,
        0.010113024914286055,
        1.2385075512949584
      ],
      [
        -0.192886637074381,
        -0.9807952455192371,
        0.0289038337421718,
        -32.381248722524106
      ],
      [
        0.015504308290026365,
        0.026406841961126273,
        0.9995310375981769,
        1.326392373517649
      ],
      [
        0.0,
        0.0,
        0.0,
        1.0
      ]
    ],
    "location": [
      1.2385075512949584,
      -32.381248722524106,
      1.326392373517649
    ],
    "rotation": [
      0.02641308749886204,
      -0.015504929520739395,
      -2.947465839046835
    ]
  },
  {
    "label_id": "LrTZhVUAGYTUkncIjh4pHw",
    "size": [
      1.7509685992957449,
      2.3537852381629554,
      1.7300000000000182
    ],
    "obj_class": "vehicle",
    "point_num_in_lidar": 157,
    "speed": 0.007462899233570369,
    "if_vehicle": true,
    "motion_state": false,
    "pose": [
      [
        -0.9997717899011839,
        0.01881740802730723,
        0.010113024914286055,
        -49.458955175966935
      ],
      [
        -0.018518238807577664,
        -0.999410647945313,
        0.0289038337421718,
        12.054518734727026
      ],
      [
        0.010650960015353619,
        0.028709962184987604,
        0.9995310375981769,
        1.1159609219408253
      ],
      [
        0.0,
        0.0,
        0.0,
        1.0
      ]
    ],
    "location": [
      -49.458955175966935,
      12.054518734727026,
      1.1159609219408253
    ],
    "rotation": [
      0.028715537018384793,
      -0.010651161405020673,
      -3.1230723055724643
    ]
  },
  {
    "label_id": "N0xEeDcPODmUZyZL7O9KhQ",
    "size": [
      1.998722883719887,
      4.597254965828016,
      1.920000000000016
    ],
    "obj_class": "vehicle",
    "point_num_in_lidar": 74,
    "speed": 0.0071754553459316035,
    "if_vehicle": true,
    "motion_state": false,
    "pose": [
      [
        0.9999488620559969,
        -2.8087693046237973e-16,
        0.010113024914286055,
        -34.98932991537305
      ],
      [
        -0.000292320139403607,
        0.9995821541744035,
        0.0289038337421718,
        -41.136118706495836
      ],
      [
        -0.010108799229041477,
        -0.028905311900393155,
        0.9995310375981769,
        1.7175425698250137
      ],
      [
        0.0,
        0.0,
        0.0,
        1.0
      ]
    ],
    "location": [
      -34.98932991537305,
      -41.136118706495836,
      1.7175425698250137
    ],
    "rotation": [
      -0.028910816177460524,
      0.010108971402988057,
      -0.00029233508049137643
    ]
  },
  {
    "label_id": "NXvHjeEjHAm4M20-7kGTYQ",
    "size": [
      2.1901589706560896,
      4.47866627860887,
      1.8899999999999864
    ],
    "obj_class": "vehicle",
    "point_num_in_lidar": 174,
    "speed": 0.043289622595665336,
    "if_vehicle": true,
    "motion_state": false,
    "pose": [
      [
        0.9866592506551849,
        -0.162484614113559,
        0.010113024914286055,
        -49.66617281738152
      ],
      [
        0.16213659155807225,
        0.9863449163821628,
        0.0289038337421718,
        -4.203101257666276
      ],
      [
        -0.01467135898545146,
        -0.02687854355116907,
        0.9995310375981769,
        1.424049171242018
      ],
      [
        0.0,
        0.0,
        0.0,
        1.0
      ]
    ],
    "location": [
      -49.66617281738152,
      -4.203101257666276,
      1.424049171242018
    ],
    "rotation": [
      -0.0268846753314435,
      0.014671885368446465,
      0.1628731976614399
    ]
  },
  {
    "label_id": "Sv6Kp_7Yn7_dppLzJAxahA",
    "size": [
      2.2878795860047005,
      4.83846683002856,
      2.0
    ],
    "obj_class": "vehicle",
    "point_num_in_lidar": 1300,
    "speed": 9.461356482373223,
    "if_vehicle": true,
    "motion_state": true,
    "pose": [
      [
        -0.9999389158120772,
        -0.004459974400236508,
        0.010113024914286055,
        -28.719290792961004
      ],
      [
        0.004750656040599244,
        -0.9995709077710239,
        0.0289038337421718,
        4.2174527351489814
      ],
      [
        0.009979775135325115,
        0.028950111677857583,
        0.9995310375981769,
        1.1047738729022285
      ],
      [
        0.0,
        0.0,
        0.0,
        1.0
      ]
    ],
    "location": [
      -28.719290792961004,
      4.2174527351489814,
      1.1047738729022285
    ],
    "rotation": [
      0.02895559946379808,
      -0.009979940800217298,
      3.136841743086329
    ]
  },
  {
    "label_id": "c-Q-RtXcVA34W3hfnuENdg",
    "size": [
      2.965465019236044,
      7.449051383300613,
      3.3899999999999864
    ],
    "obj_class": "vehicle",
    "point_num_in_lidar": 560,
    "speed": 10.285350556730837,
    "if_vehicle": true,
    "motion_state": true,
    "pose": [
      [
        0.9992506401066699,
        -0.037361544045897546,
        0.010113024914286055,
        -52.37208693047981
      ],
      [
        0.03705572654793393,
        0.9988951103719597,
        0.0289038337421718,
        -17.358402338031738
      ],
      [
        -0.0111817429954036,
        -0.02850742888260571,
        0.9995310375981769,
        2.1389682358612276
      ],
      [
        0.0,
        0.0,
        0.0,
        1.0
      ]
    ],
    "location": [
      -52.37208693047981,
      -17.358402338031738,
      2.1389682358612276
    ],
    "rotation": [
      -0.02851307455407058,
      0.011181976019967664,
      0.03706653053512865
    ]
  },
  {
    "label_id": "i5j529DQ3xVIaMhN_CqDdg",
    "size": [
      1.168150073367206,
      1.1867695902315556,
      1.839999999999975
    ],
    "obj_class": "pedestrian",
    "point_num_in_lidar": 44,
    "speed": 0.0,
    "if_vehicle": false,
    "motion_state": false,
    "pose": [
      [
        -0.9383530469463415,
        0.3455304415150715,
        0.010113024914286055,
        -63.01984315798552
      ],
      [
        -0.34512941277755893,
        -0.9381099385630781,
        0.0289038337421718,
        20.033506547461002
      ],
      [
        0.019474283615438615,
        0.023631698110325013,
        0.9995310375981769,
        1.3786215565451698
      ],
      [
        0.0,
        0.0,
        0.0,
        1.0
      ]
    ],
    "location": [
      -63.01984315798552,
      20.033506547461002,
      1.3786215565451698
    ],
    "rotation": [
      0.0236383818729708,
      -0.019475514755175855,
      -2.789146236859761
    ]
  },
  {
    "label_id": "iHup_TyQroYLLb9o9b4nUQ",
    "size": [
      1.9549742437232565,
      4.55316170265996,
      1.6100000000000136
    ],
    "obj_class": "vehicle",
    "point_num_in_lidar": 75,
    "speed": 0.015005733410152771,
    "if_vehicle": true,
    "motion_state": false,
    "pose": [
      [
        0.013147929164196657,
        0.9998624198787434,
        0.010113024914286055,
        0.2704859166429401
      ],
      [
        -0.9994995872988387,
        0.012850812599051584,
        0.0289038337421718,
        -60.10870635282663
      ],
      [
        0.028769896561237737,
        -0.01048798978678758,
        0.9995310375981769,
        1.5190793332936892
      ],
      [
        0.0,
        0.0,
        0.0,
        1.0
      ]
    ],
    "location": [
      0.2704859166429401,
      -60.10870635282663,
      1.5190793332936892
    ],
    "rotation": [
      -0.010492525498849265,
      -0.028773866880779923,
      -1.5576425736245514
    ]
  },
  {
    "label_id": "iS--Vq4c9quQ_K-Ckea5OQ",
    "size": [
      0.9073869867057538,
      0.11923040422253371,
      0.970231929654517
    ],
    "obj_class": "sign",
    "point_num_in_lidar": 50,
    "speed": 0.01703648673713261,
    "if_vehicle": false,
    "motion_state": false,
    "pose": [
      [
        0.9991116771470635,
        0.04090945264196426,
        0.010113024914286055,
        -59.266830131324724
      ],
      [
        -0.041186525456926554,
        0.9987333170150031,
        0.0289038337421718,
        17.280038977844015
      ],
      [
        -0.008917774900053696,
        -0.029294678164199926,
        0.9995310375981769,
        3.3019431556417658
      ],
      [
        0.0,
        0.0,
        0.0,
        1.0
      ]
    ],
    "location": [
      -59.266830131324724,
      17.280038977844015,
      3.3019431556417658
    ],
    "rotation": [
      -0.02930003521635791,
      0.00891789310449908,
      -0.04119981787994343
    ]
  },
  {
    "label_id": "iXTQZojLqoKlsbwX2uyUog",
    "size": [
      2.0153231307297315,
      4.453522781562739,
      1.4499999999999886
    ],
    "obj_class": "vehicle",
    "point_num_in_lidar": 129,
    "speed": 5.687116766346677e-13,
    "if_vehicle": true,
    "motion_state": false,
    "pose": [
      [
        0.018531233429205977,
        -0.9997771352229833,
        0.010113024914286055,
        1.0441205802052593
      ],
      [
        0.9994050729884231,
        0.01881670746994855,
        0.0289038337421718,
        39.29491860755479
      ],
      [
        -0.029087685927158345,
        0.009571384712520652,
        0.9995310375981769,
        0.34667402473371567
      ],
      [
        0.0,
        0.0,
        0.0,
        1.0
      ]
    ],
    "location": [
      1.0441205802052593,
      39.29491860755479,
      0.34667402473371567
    ],
    "rotation": [
      0.009575582759905334,
      0.02909178930654553,
      1.5522561866731255
    ]
  },
  {
    "label_id": "ijjnSXQKMTGVXZdwniRX4Q",
    "size": [
      2.972577265569262,
      7.057856682623538,
      3.2299999999999613
    ],
    "obj_class": "vehicle",
    "point_num_in_lidar": 817,
    "speed": 0.01394396646868657,
    "if_vehicle": true,
    "motion_state": false,
    "pose": [
      [
        -0.19968312284611048,
        -0.9798083369606059,
        0.010113024914286055,
        -24.06149262842237
      ],
      [
        0.9795073895294656,
        -0.19932346136914375,
        0.0289038337421718,
        -39.58155445169905
      ],
      [
        -0.02630445413987531,
        0.01567739041790043,
        0.9995310375981769,
        2.034967817325878
      ],
      [
        0.0,
        0.0,
        0.0,
        1.0
      ]
    ],
    "location": [
      -24.06149262842237,
      -39.58155445169905,
      2.034967817325878
    ],
    "rotation": [
      0.015683459955843585,
      0.02630748853331329,
      1.77190138666858
    ]
  },
  {
    "label_id": "slzRePUL32VlVCupH5t8lw",
    "size": [
      2.9216232952624837,
      10.613183625004126,
      3.6399999999999864
    ],
    "obj_class": "vehicle",
    "point_num_in_lidar": 904,
    "speed": 10.021815170967198,
    "if_vehicle": true,
    "motion_state": true,
    "pose": [
      [
        -0.9997241156459982,
        -0.021199512327171394,
        0.010113024914286055,
        -52.68055036081739
      ],
      [
        0.02148399233948909,
        -0.9993512928235804,
        0.0289038337421718,
        4.311162220723418
      ],
      [
        0.009493717342729167,
        0.02911312777645925,
        0.9995310375981769,
        2.008677629480644
      ],
      [
        0.0,
        0.0,
        0.0,
        1.0
      ]
    ],
    "location": [
      -52.68055036081739,
      4.311162220723418,
      2.008677629480644
    ],
    "rotation": [
      0.029118554573159417,
      -0.009493859961029543,
      3.1201060397358287
    ]
  },
  {
    "label_id": "wXjYVrS_dk7sP6eAi61Mlg",
    "size": [
      2.087331863127473,
      4.614035761484056,
      1.5699999999999932
    ],
    "obj_class": "vehicle",
    "point_num_in_lidar": 35,
    "speed": 13.597670409330537,
    "if_vehicle": true,
    "motion_state": true,
    "pose": [
      [
        0.9999488620559969,
        1.632122793876829e-16,
        0.010113024914286055,
        -34.03105071144162
      ],
      [
        -0.0002923201394040506,
        0.9995821541744034,
        0.0289038337421718,
        -13.858163837345273
      ],
      [
        -0.010108799229041463,
        -0.02890531190039316,
        0.9995310375981769,
        1.013473238382744
      ],
      [
        0.0,
        0.0,
        0.0,
        1.0
      ]
    ],
    "location": [
      -34.03105071144162,
      -13.858163837345273,
      1.013473238382744
    ],
    "rotation": [
      -0.028910816177460528,
      0.010108971402988044,
      -0.00029233508049182004
    ]
  },
  {
    "label_id": "ytTHEGIT_byAY5em9sU6XQ",
    "size": [
      1.931007291321593,
      4.326187674910624,
      1.5500000000000114
    ],
    "obj_class": "vehicle",
    "point_num_in_lidar": 30,
    "speed": 5.685035733124714e-13,
    "if_vehicle": true,
    "motion_state": false,
    "pose": [
      [
        -0.998040647642276,
        0.06174619325002412,
        0.010113024914286055,
        -26.925168692994077
      ],
      [
        -0.06143178697496092,
        -0.9976926901326219,
        0.0289038337421718,
        -68.12350003598476
      ],
      [
        0.011874392736022992,
        0.02822593975517492,
        0.9995310375981769,
        1.4645029987634075
      ],
      [
        0.0,
        0.0,
        0.0,
        1.0
      ]
    ],
    "location": [
      -26.925168692994077,
      -68.12350003598476,
      1.4645029987634075
    ],
    "rotation": [
      0.028231680000675583,
      -0.011874671804340204,
      -3.0801178220093743
    ]
  }
]