[
  {
    "label_id": "-IT4cJc75DEwKy8V7tfNNA",
    "size": [
      0.6929461771466254,
      0.09590117404070153,
      0.6100000000000136
    ],
    "obj_class": "sign",
    "point_num_in_lidar": 56,
    "speed": 0.027581725744398843,
    "if_vehicle": false,
    "motion_state": false,
    "pose": [
      [
        0.9984459104408249,
        0.055630302505060264,
        0.003321651274271085,
        60.11227184037398
      ],
      [
        -0.05571104153567672,
        0.9978718135705746,
        0.03388397161465247,
        14.950892051156188
      ],
      [
        -0.0014296065901099058,
        -0.03401636554025069,
        0.999420253497211,
        2.289264911715918
      ],
      [
        0.0,
        0.0,
        0.0,
        1.0
      ]
    ],
    "location": [
      60.11227184037398,
      14.950892051156188,
      2.289264911715918
    ],
    "rotation": [
      -0.03402296387005467,
      0.0014296070770760557,
      -0.05573995745977291
    ]
  },
  {
    "label_id": "-jGx5h2KM1RTCWtkALlTPg",
    "size": [
      1.9723911586517553,
      4.593513203435377,
      1.6999999999999886
    ],
    "obj_class": "vehicle",
    "point_num_in_lidar": 86,
    "speed": 10.378961437059072,
    "if_vehicle": true,
    "motion_state": true,
    "pose": [
      [
        -0.9996638043470181,
        -0.02571468279522506,
        0.003321651274271085,
        22.636988913899415
      ],
      [
        0.0258125724958171,
        -0.9990923818990742,
        0.03388397161465247,
        -0.6099677562524448
      ],
      [
        0.0024473209015363952,
        0.033958320335012795,
        0.999420253497211,
        0.6607731598156761
      ],
      [
        0.0,
        0.0,
        0.0,
        1.0
      ]
    ],
    "location": [
      22.636988913899415,
      -0.6099677562524448,
      0.6607731598156761
    ],
    "rotation": [
      0.033964952083280035,
      -0.0024473233445319585,
      3.1157771364690134
    ]
  },
  {
    "label_id": "1YQ_kpgKHcSW4kqTyRAkOQ",
    "size": [
      2.113992752619823,
      4.388851756526188,
      1.6100000000000136
    ],
    "obj_class": "vehicle",
    "point_num_in_lidar": 510,
    "speed": 10.379215660048985,
    "if_vehicle": true,
    "motion_state": true,
    "pose": [
      [
        -0.9998861148866216,
        -0.014721545087050439,
        0.003321651274271085,
        53.543611333812464
      ],
      [
        0.014825711819930582,
        -0.9993158033057667,
        0.03388397161465247,
        2.398385027418044
      ],
      [
        0.0028205541955963896,
        0.03392935857926206,
        0.999420253497211,
        0.501808288041957
      ],
      [
        0.0,
        0.0,
        0.0,
        1.0
      ]
    ],
    "location": [
      53.543611333812464,
      2.398385027418044,
      0.501808288041957
    ],
    "rotation": [
      0.03393600691618305,
      -0.002820557935441804,
      3.126766339616613
    ]
  },
  {
    "label_id": "4o7tLL-nnbFrIN5AD4yvcQ",
    "size": [
      2.8911536323515388,
      6.603173532656209,
      1.7699999999999818
    ],
    "obj_class": "vehicle",
    "point_num_in_lidar": 6721,
    "speed": 10.784302376593251,
    "if_vehicle": true,
    "motion_state": true,
    "pose": [
      [
        -0.9999255142077955,
        -0.011744473980895823,
        0.003321651274271085,
        78.38305854732158
      ],
      [
        0.011850338266372027,
        -0.9993555152950275,
        0.03388397161465247,
        1.799821336651803
      ],
      [
        0.0029215610978318663,
        0.03392081043138674,
        0.999420253497211,
        0.4914078957153265
      ],
      [
        0.0,
        0.0,
        0.0,
        1.0
      ]
    ],
    "location": [
      78.38305854732158,
      1.799821336651803,
      0.4914078957153265
    ],
    "rotation": [
      0.03392746365362279,
      -0.002921565254021328,
      3.129741987369434
    ]
  },
  {
    "label_id": "6op4sOifQPDRFwp7m8RASw",
    "size": [
      0.23127971834264238,
      0.05598672701632175,
      0.6200000000000045
    ],
    "obj_class": "sign",
    "point_num_in_lidar": 51,
    "speed": 0.06967139759772371,
    "if_vehicle": false,
    "motion_state": false,
    "pose": [
      [
        -0.024441572270148884,
        0.9996957418023622,
        0.003321651274271085,
        71.48287483988423
      ],
      [
        -0.9991244444820772,
        -0.024540189608032052,
        0.03388397161465247,
        14.719038880268272
      ],
      [
        0.03395517609060255,
        -0.0024905654431500797,
        0.999420253497211,
        0.867381260116872
      ],
      [
        0.0,
        0.0,
        0.0,
        1.0
      ]
    ],
    "location": [
      71.48287483988423,
      14.719038880268272,
      0.867381260116872
    ],
    "rotation": [
      -0.0024920050187981608,
      -0.03396170427076927,
      -1.5952544396626673
    ]
  },
  {
    "label_id": "73tqbCl2lxFaMhBWaL_RWQ",
    "size": [
      0.9999999999988184,
      1.0,
      1.9700000000000273
    ],
    "obj_class": "pedestrian",
    "point_num_in_lidar": 297,
    "speed": 0.02531745730065837,
    "if_vehicle": false,
    "motion_state": false,
    "pose": [
      [
        -0.6223016578448488,
        -0.782770472920616,
        0.003321651274271085,
        69.31223230975075
      ],
      [
        0.7823953374420303,
        -0.6218596404467723,
        0.03388397161465247,
        13.143231819516586
      ],
      [
        -0.024457771618122452,
        0.0236848961797641,
        0.999420253497211,
        0.5595499577116811
      ],
      [
        0.0,
        0.0,
        0.0,
        1.0
      ]
    ],
    "location": [
      69.31223230975075,
      13.143231819516586,
      0.5595499577116811
    ],
    "rotation": [
      0.023694200290615263,
      0.024460210643593987,
      2.2427138828379327
    ]
  },
  {
    "label_id": "7w2rLpTBuuffn6LTIsWgWA",
    "size": [
      1.0289849287837196,
      2.0935588602978576,
      2.0500000000000114
    ],
    "obj_class": "vehicle",
    "point_num_in_lidar": 125,
    "speed": 0.006088845545518965,
    "if_vehicle": true,
    "motion_state": false,
    "pose": [
      [
        0.9993282364540267,
        -0.03649715685498266,
        0.003321651274271085,
        89.67537489300526
      ],
      [
        0.03636392384244973,
        0.9987640069157468,
        0.03388397161465247,
        -46.71379404827894
      ],
      [
        -0.004554214363157536,
        -0.03374042132376017,
        0.999420253497211,
        1.2504826331774552
      ],
      [
        0.0,
        0.0,
        0.0,
        1.0
      ]
    ],
    "location": [
      89.67537489300526,
      -46.71379404827894,
      1.2504826331774552
    ],
    "rotation": [
      -0.033747176485892,
      0.004554230106364653,
      0.03637232019481767
    ]
  },
  {
    "label_id": "ALTrTMUBSUahdXBNgwPAiw",
    "size": [
      2.030171507968259,
      4.1760626304186,
      1.5500000000000114
    ],
    "obj_class": "vehicle",
    "point_num_in_lidar": 65,
    "speed": 10.344813345120274,
    "if_vehicle": true,
    "motion_state": true,
    "pose": [
      [
        0.9229484763189023,
        -0.3849091797988569,
        0.003321651274271085,
        26.48075463725982
      ],
      [
        0.38458639479921036,
        0.9224668998955807,
        0.03388397161465247,
        -15.331717978047891
      ],
      [
        -0.01610636507603468,
        -0.029995698085024305,
        0.999420253497211,
        0.5501946233005128
      ],
      [
        0.0,
        0.0,
        0.0,
        1.0
      ]
    ],
    "location": [
      26.48075463725982,
      -15.331717978047891,
      0.5501946233005128
    ],
    "rotation": [
      -0.030004091147743595,
      0.016107061529444647,
      0.39481376540619595
    ]
  },
  {
    "label_id": "BzwaeJjv_rcqSUP3iLb76Q",
    "size": [
      2.500000000000809,
      5.0,
      1.910000000000025
    ],
    "obj_class": "vehicle",
    "point_num_in_lidar": 91,
    "speed": 5.695433295429594e-13,
    "if_vehicle": true,
    "motion_state": false,
    "pose": [
      [
        0.04932266119206098,
        -0.9987773734550384,
        0.003321651274271085,
        67.23476109629519
      ],
      [
        0.9982037980128527,
        0.049407024807544865,
        0.03388397161465247,
        -50.73619016942939
      ],
      [
        -0.03400665707841759,
        0.001644437265860714,
        0.999420253497211,
        1.389962964093229
      ],
      [
        0.0,
        0.0,
        0.0,
        1.0
      ]
    ],
    "location": [
      67.23476109629519,
      -50.73619016942939,
      1.389962964093229
    ],
    "rotation": [
      0.0016453896907804323,
      0.03401321500697301,
      1.5214250663738411
    ]
  },
  {
    "label_id": "CcL8XRpGYA_fLxa8Ive3FA",
    "size": [
      0.5560049240546477,
      0.8086104486489893,
      1.75
    ],
    "obj_class": "pedestrian",
    "point_num_in_lidar": 52,
    "speed": 0.4359611766471165,
    "if_vehicle": false,
    "motion_state": false,
    "pose": [
      [
        0.9835022910138964,
        0.18086517133829025,
        0.003321651274271085,
        91.69005432719234
      ],
      [
        -0.18087300493418623,
        0.9829225974377104,
        0.03388397161465247,
        -31.773362984180494
      ],
      [
        0.002863504233417065,
        -0.03392576075898141,
        0.999420253497211,
        0.8997859649275028
      ],
      [
        0.0,
        0.0,
        0.0,
        1.0
      ]
    ],
    "location": [
      91.69005432719234,
      -31.773362984180494,
      0.8997859649275028
    ],
    "rotation": [
      -0.03393241115268101,
      -0.002863508146723352,
      -0.18187477826111823
    ]
  },
  {
    "label_id": "CnYHYFZccxWIJ0i0V__4mg",
    "size": [
      2.0907980893762113,
      4.8887504448718735,
      1.6399999999999864
    ],
    "obj_class": "vehicle",
    "point_num_in_lidar": 165,
    "speed": 2.8421709430404007e-13,
    "if_vehicle": true,
    "motion_state": false,
    "pose": [
      [
        -0.9738108301715716,
        0.22733550904635835,
        0.003321651274271085,
        77.51066411980986
      ],
      [
        -0.2270966145932522,
        -0.973282592111819,
        0.03388397161465247,
        -45.97265362180406
      ],
      [
        0.010935935297843462,
        0.03224224276832835,
        0.999420253497211,
        0.8326581706594993
      ],
      [
        0.0,
        0.0,
        0.0,
        1.0
      ]
    ],
    "location": [
      77.51066411980986,
      -45.97265362180406,
      0.8326581706594993
    ],
    "rotation": [
      0.03224976086252873,
      -0.01093615328952406,
      -2.9124833463755317
    ]
  },
  {
    "label_id": "CsEPiVQ6ojblTHuTloW2Zg",
    "size": [
      2.781782148964446,
      5.839150534278615,
      2.089999999999975
    ],
    "obj_class": "vehicle",
    "point_num_in_lidar": 8205,
    "speed": 10.933316818704078,
    "if_vehicle": true,
    "motion_state": true,
    "pose": [
      [
        -0.9999494604264946,
        -0.009489110894846955,
        0.003321651274271085,
        71.64345358443387
      ],
      [
        0.009596260544282215,
        -0.9993797017406266,
        0.03388397161465247,
        1.7876825373077736
      ],
      [
        0.0029980620955581253,
        0.03391413456424354,
        0.999420253497211,
        0.6911700124755953
      ],
      [
        0.0,
        0.0,
        0.0,
        1.0
      ]
    ],
    "location": [
      71.64345358443387,
      1.7876825373077736,
      0.6911700124755953
    ],
    "rotation": [
      0.033920791598329975,
      -0.002998066586861354,
      3.131996202625977
    ]
  },
  {
    "label_id": "Dj8cdNUlibv1r9l6q-5sPg",
    "size": [
      2.1833271604123805,
      4.754323627050555,
      1.8899999999999864
    ],
    "obj_class": "vehicle",
    "point_num_in_lidar": 66,
    "speed": 2.8421709430404007e-13,
    "if_vehicle": true,
    "motion_state": false,
    "pose": [
      [
        -0.9990567718260119,
        0.04329588088259959,
        0.003321651274271085,
        74.56333009327966
      ],
      [
        -0.04315881185762678,
        -0.9984934618847814,
        0.03388397161465247,
        -41.02799027625224
      ],
      [
        0.00478368347887831,
        0.03370865277557599,
        0.999420253497211,
        1.0053945904098782
      ],
      [
        0.0,
        0.0,
        0.0,
        1.0
      ]
    ],
    "location": [
      74.56333009327966,
      -41.02799027625224,
      1.0053945904098782
    ],
    "rotation": [
      0.033715425662850344,
      -0.004783701723738092,
      -3.0984199376736665
    ]
  },
  {
    "label_id": "E-3eMFrCvL5KnRE05weLVQ",
    "size": [
      1.075776419916677,
      1.0782595092493514,
      1.1000000000000227
    ],
    "obj_class": "sign",
    "point_num_in_lidar": 30,
    "speed": 0.027727556104016515,
    "if_vehicle": false,
    "motion_state": false,
    "pose": [
      [
        -0.9999853695839518,
        0.004269338456881247,
        0.003321651274271085,
        14.209687228958103
      ],
      [
        -0.004154360068594651,
        -0.9994171390165559,
        0.03388397161465247,
        10.171426037099081
      ],
      [
        0.0034643773564290137,
        0.033869676542634744,
        0.999420253497211,
        0.43365237216357855
      ],
      [
        0.0,
        0.0,
        0.0,
        1.0
      ]
    ],
    "location": [
      14.209687228958103,
      10.171426037099081,
      0.43365237216357855
    ],
    "rotation": [
      0.03387635888476136,
      -0.0034643842863242512,
      -3.1374382566407233
    ]
  },
  {
    "label_id": "EdejuZc2PvFVXU-tGX6hpA",
    "size": [
      1.9756668497276733,
      4.805468001690314,
      2.1299999999999955
    ],
    "obj_class": "vehicle",
    "point_num_in_lidar": 498,
    "speed": 5.685035733124714e-13,
    "if_vehicle": true,
    "motion_state": false,
    "pose": [
      [
        0.9990996519080803,
        -0.04229482462388439,
        0.003321651274271085,
        91.94868537838221
      ],
      [
        0.042158320092798796,
        0.9985362049092515,
        0.03388397161465247,
        -32.98551718093768
      ],
      [
        -0.0047499056944450314,
        -0.03371342900780517,
        0.999420253497211,
        0.9171522021889018
      ],
      [
        0.0,
        0.0,
        0.0,
        1.0
      ]
    ],
    "location": [
      91.94868537838221,
      -32.98551718093768,
      0.9171522021889018
    ],
    "rotation": [
      -0.03372019923454365,
      0.004749923555541675,
      0.042171294267630735
    ]
  },
  {
    "label_id": "H3DwwpYuUX_SQkr7Z22XQg",
    "size": [
      2.2228213235315284,
      4.832844050403539,
      2.0
    ],
    "obj_class": "vehicle",
    "point_num_in_lidar": 231,
    "speed": 6.304848155126662,
    "if_vehicle": true,
    "motion_state": true,
    "pose": [
      [
        0.9904385305137795,
        -0.13791477044362258,
        0.003321651274271085,
        40.24328704427714
      ],
      [
        0.13772485981967522,
        0.9898907714769687,
        0.03388397161465247,
        -8.943969991589256
      ],
      [
        -0.007961172109418678,
        -0.03310251709786817,
        0.999420253497211,
        0.8803781713045851
      ],
      [
        0.0,
        0.0,
        0.0,
        1.0
      ]
    ],
    "location": [
      40.24328704427714,
      -8.943969991589256,
      0.8803781713045851
    ],
    "rotation": [
      -0.033109615223221,
      0.007961256208678805,
      0.13816842279016608
    ]
  },
  {
    "label_id": "LbUGWTzSUC9dY1cvhbjrJA",
    "size": [
      0.7737949986985765,
      0.13591550750410678,
      0.8299999999999841
    ],
    "obj_class": "sign",
    "point_num_in_lidar": 49,
    "speed": 0.03304701414941548,
    "if_vehicle": false,
    "motion_state": false,
    "pose": [
      [
        0.9999944833011891,
        -9.196913266637193e-15,
        0.003321651274271085,
        41.937592344493964
      ],
      [
        -0.00011255135839393322,
        0.9994257670281516,
        0.03388397161465247,
        15.205377945148939
      ],
      [
        -0.003319743872588728,
        -0.03388415854334957,
        0.999420253497211,
        2.281791759914597
      ],
      [
        0.0,
        0.0,
        0.0,
        1.0
      ]
    ],
    "location": [
      41.937592344493964,
      15.205377945148939,
      2.281791759914597
    ],
    "rotation": [
      -0.03389083265619942,
      0.0033197499702688413,
      -0.00011255197883403611
    ]
  },
  {
    "label_id": "SB3IWQ3OLd3pPl3HixU_Yw",
    "size": [
      2.1966887682582406,
      4.979975887518041,
      1.7900000000000205
    ],
    "obj_class": "vehicle",
    "point_num_in_lidar": 124,
    "speed": 8.526975409500173e-13,
    "if_vehicle": true,
    "motion_state": false,
    "pose": [
      [
        0.9991425145760344,
        -0.04126987035951398,
        0.003321651274271085,
        91.75994395482587
      ],
      [
        0.041133943915535286,
        0.9985789278397432,
        0.03388397161465247,
        -38.08935810194998
      ],
      [
        -0.004715318083921296,
        -0.033718283985664,
        0.999420253497211,
        0.9444942696052863
      ],
      [
        0.0,
        0.0,
        0.0,
        1.0
      ]
    ],
    "location": [
      91.75994395482587,
      -38.08935810194998,
      0.9444942696052863
    ],
    "rotation": [
      -0.03372505150642683,
      0.00471533555766971,
      0.041146010223576966
    ]
  },
  {
    "label_id": "Sv6Kp_7Yn7_dppLzJAxahA",
    "size": [
      2.2878795860027576,
      4.83846683002856,
      2.0
    ],
    "obj_class": "vehicle",
    "point_num_in_lidar": 194,
    "speed": 9.924484498187953,
    "if_vehicle": true,
    "motion_state": true,
    "pose": [
      [
        -0.9998371136934439,
        -0.0177401441362687,
        0.003321651274271085,
        36.48869763706679
      ],
      [
        0.01784258861809578,
        -0.999266490231221,
        0.03388397161465247,
        2.8814889702371147
      ],
      [
        0.0027181082702597585,
        0.03393771923688429,
        0.999420253497211,
        0.7795391905551696
      ],
      [
        0.0,
        0.0,
        0.0,
        1.0
      ]
    ],
    "location": [
      36.48869763706679,
      2.8814889702371147,
      0.7795391905551696
    ],
    "rotation": [
      0.033944362790848115,
      -0.0027181116172191985,
      3.123749052191946
    ]
  },
  {
    "label_id": "SvD0AwZbUZS6wEKPI_DiwQ",
    "size": [
      2.5118529045355587,
      6.021860427745784,
      2.0
    ],
    "obj_class": "vehicle",
    "point_num_in_lidar": 29,
    "speed": 2.847716647714797e-13,
    "if_vehicle": true,
    "motion_state": false,
    "pose": [
      [
        0.9964565830681889,
        -0.08404311210850013,
        0.003321651274271085,
        46.55912616085729
      ],
      [
        0.08388316199859666,
        0.9958993380863022,
        0.03388397161465247,
        -35.82613785023386
      ],
      [
        -0.006155744730491568,
        -0.03348527596397356,
        0.999420253497211,
        0.9391856296911101
      ],
      [
        0.0,
        0.0,
        0.0,
        1.0
      ]
    ],
    "location": [
      46.55912616085729,
      -35.82613785023386,
      0.9391856296911101
    ],
    "rotation": [
      -0.03349217156697534,
      0.006155783607958555,
      0.08398344212872774
    ]
  },
  {
    "label_id": "Ur7CjvsdRoHiW7R9ugWg7Q",
    "size": [
      3.492312640454499,
      10.8614142068209,
      3.359999999999957
    ],
    "obj_class": "vehicle",
    "point_num_in_lidar": 2724,
    "speed": 0.04834750733470587,
    "if_vehicle": true,
    "motion_state": false,
    "pose": [
      [
        0.9984407765596592,
        -0.05572236836098123,
        0.003321651274271085,
        67.82101566928179
      ],
      [
        0.05557830148286171,
        0.9978792155726552,
        0.03388397161465247,
        28.256182659280967
      ],
      [
        -0.005202701915820237,
        -0.03364652719591668,
        0.999420253497211,
        1.2873232879783814
      ],
      [
        0.0,
        0.0,
        0.0,
        1.0
      ]
    ],
    "location": [
      67.82101566928179,
      28.256182659280967,
      1.2873232879783814
    ],
    "rotation": [
      -0.03365333454945913,
      0.0052027253873216895,
      0.05560770778534059
    ]
  },
  {
    "label_id": "VAu1HvOu0mnP4qGoOCH20A",
    "size": [
      2.0963389605203764,
      4.859404279943998,
      1.7099999999999795
    ],
    "obj_class": "vehicle",
    "point_num_in_lidar": 66,
    "speed": 8.526975409500173e-13,
    "if_vehicle": true,
    "motion_state": false,
    "pose": [
      [
        0.9999944833011891,
        5.731118946195389e-16,
        0.003321651274271085,
        92.08413216295571
      ],
      [
        -0.00011255135840369633,
        0.9994257670281517,
        0.03388397161465247,
        -40.72520655111839
      ],
      [
        -0.0033197438725883974,
        -0.033884158543349606,
        0.999420253497211,
        0.8482057637640423
      ],
      [
        0.0,
        0.0,
        0.0,
        1.0
      ]
    ],
    "location": [
      92.08413216295571,
      -40.72520655111839,
      0.8482057637640423
    ],
    "rotation": [
      -0.03389083265619945,
      0.003319749970268511,
      -0.00011255197884379926
    ]
  },
  {
    "label_id": "W-H_9qMoWYzKHr_v15Tfcw",
    "size": [
      2.296410816506978,
      4.88926908299579,
      1.5300000000000296
    ],
    "obj_class": "vehicle",
    "point_num_in_lidar": 2622,
    "speed": 0.029142148702083558,
    "if_vehicle": true,
    "motion_state": false,
    "pose": [
      [
        0.9999944833011891,
        5.731118946195389e-16,
        0.003321651274271085,
        69.1871682347952
      ],
      [
        -0.00011255135840369633,
        0.9994257670281517,
        0.03388397161465247,
        -6.408519372342198
      ],
      [
        -0.0033197438725883974,
        -0.033884158543349606,
        0.999420253497211,
        0.5307223769518714
      ],
      [
        0.0,
        0.0,
        0.0,
        1.0
      ]
    ],
    "location": [
      69.1871682347952,
      -6.408519372342198,
      0.5307223769518714
    ],
    "rotation": [
      -0.03389083265619945,
      0.003319749970268511,
      -0.00011255197884379926
    ]
  },
  {
    "label_id": "XeKqDUCwf7e6iNPvqmuHhg",
    "size": [
      2.317212140509274,
      5.562277938287438,
      1.8799999999999955
    ],
    "obj_class": "vehicle",
    "point_num_in_lidar": 253,
    "speed": 1.4224448445550967e-12,
    "if_vehicle": true,
    "motion_state": false,
    "pose": [
      [
        0.012109547814697716,
        0.9999211596343662,
        0.003321651274271085,
        77.76222411883208
      ],
      [
        -0.9993538480154965,
        0.011990117774123935,
        0.03388397161465247,
        26.534995088388314
      ],
      [
        0.03384147319995816,
        -0.0037298245571278804,
        0.999420253497211,
        0.011830238080165145
      ],
      [
        0.0,
        0.0,
        0.0,
        1.0
      ]
    ],
    "location": [
      77.76222411883208,
      26.534995088388314,
      0.011830238080165145
    ],
    "rotation": [
      -0.00373197083831111,
      -0.03384793599591646,
      -1.558679542328675
    ]
  },
  {
    "label_id": "Z67WmbNwGB3yYF5YWXBMcA",
    "size": [
      1.9846299667131975,
      5.00387483608972,
      1.910000000000025
    ],
    "obj_class": "vehicle",
    "point_num_in_lidar": 207,
    "speed": 8.526975409500173e-13,
    "if_vehicle": true,
    "motion_state": false,
    "pose": [
      [
        -0.9984672714394361,
        0.0552455835076384,
        0.003321651274271085,
        74.2594434368599
      ],
      [
        -0.05510178480426844,
        -0.9979056417212008,
        0.03388397161465247,
        -38.1479069463021
      ],
      [
        0.005186634329833263,
        0.03364900776990364,
        0.999420253497211,
        0.9849254183641847
      ],
      [
        0.0,
        0.0,
        0.0,
        1.0
      ]
    ],
    "location": [
      74.2594434368599,
      -38.1479069463021,
      0.9849254183641847
    ],
    "rotation": [
      0.0336558137522424,
      -0.00518665758454165,
      -3.086462204924271
    ]
  },
  {
    "label_id": "efswYipYN6Gj-H0yoVmYIA",
    "size": [
      2.0777634728041137,
      5.055615872536725,
      2.180000000000007
    ],
    "obj_class": "vehicle",
    "point_num_in_lidar": 1235,
    "speed": 15.244446885234675,
    "if_vehicle": true,
    "motion_state": true,
    "pose": [
      [
        0.9998925215273747,
        -0.01427977683440618,
        0.003321651274271085,
        64.61110234484664
      ],
      [
        0.014159115765739305,
        0.9993254704591241,
        0.03388397161465247,
        -20.12884944708094
      ],
      [
        -0.003803266275282692,
        -0.03383329817221102,
        0.999420253497211,
        0.6357223769520033
      ],
      [
        0.0,
        0.0,
        0.0,
        1.0
      ]
    ],
    "location": [
      64.61110234484664,
      -20.12884944708094,
      0.6357223769520033
    ],
    "rotation": [
      -0.033840001123426826,
      0.003803275444278492,
      0.014159691329010581
    ]
  },
  {
    "label_id": "f2hTpLkH2Z9Bk9sAi0pFQA",
    "size": [
      0.8511380701020398,
      0.7466152022602033,
      1.6800000000000068
    ],
    "obj_class": "pedestrian",
    "point_num_in_lidar": 210,
    "speed": 0.08190589765056033,
    "if_vehicle": false,
    "motion_state": false,
    "pose": [
      [
        -0.18471522200121512,
        0.9827864739575194,
        0.003321651274271085,
        69.59150778845566
      ],
      [
        -0.982206754149565,
        -0.1847207854319412,
        0.03388397161465247,
        15.770476696105106
      ],
      [
        0.03391428701915533,
        0.002996337022564832,
        0.999420253497211,
        0.4638033066718208
      ],
      [
        0.0,
        0.0,
        0.0,
        1.0
      ]
    ],
    "location": [
      69.59150778845566,
      15.770476696105106,
      0.4638033066718208
    ],
    "rotation": [
      0.0029980661635069243,
      -0.033920791635733624,
      -1.7566865991605283
    ]
  },
  {
    "label_id": "fkrkuGRK25Xb0AGKMZRdlQ",
    "size": [
      2.08444829486325,
      4.759121630873889,
      1.5299999999999727
    ],
    "obj_class": "vehicle",
    "point_num_in_lidar": 726,
    "speed": 0.06562410590934034,
    "if_vehicle": true,
    "motion_state": false,
    "pose": [
      [
        0.9999944833011891,
        -3.150665250805864e-16,
        0.003321651274271085,
        60.01832696275687
      ],
      [
        -0.00011255135840280877,
        0.9994257670281517,
        0.03388397161465247,
        -6.634172492082143
      ],
      [
        -0.0033197438725884273,
        -0.033884158543349606,
        0.999420253497211,
        0.5546544405110012
      ],
      [
        0.0,
        0.0,
        0.0,
        1.0
      ]
    ],
    "location": [
      60.01832696275687,
      -6.634172492082143,
      0.5546544405110012
    ],
    "rotation": [
      -0.03389083265619945,
      0.0033197499702685407,
      -0.0001125519788429117
    ]
  },
  {
    "label_id": "hiYNFf2z5j5p07OXAMqSMg",
    "size": [
      2.0783179884697196,
      5.074564979926786,
      1.759999999999991
    ],
    "obj_class": "vehicle",
    "point_num_in_lidar": 90,
    "speed": 1.7763568394002505e-14,
    "if_vehicle": true,
    "motion_state": false,
    "pose": [
      [
        0.997847391455687,
        0.06549465625448402,
        0.003321651274271085,
        69.55830036354996
      ],
      [
        -0.06556971787115477,
        0.997272524722262,
        0.03388397161465247,
        42.13208642207246
      ],
      [
        -0.0010933724791008874,
        -0.03402883242475982,
        0.999420253497211,
        -0.25538382421103734
      ],
      [
        0.0,
        0.0,
        0.0,
        1.0
      ]
    ],
    "location": [
      69.55830036354996,
      42.13208642207246,
      -0.25538382421103734
    ],
    "rotation": [
      -0.03403542354711136,
      0.0010933726969487977,
      -0.0656168332270085
    ]
  },
  {
    "label_id": "iPSgV7kGE1SGsuGMHfK0jA",
    "size": [
      0.6929461771466254,
      0.09590117404070153,
      0.37000000000000455
    ],
    "obj_class": "sign",
    "point_num_in_lidar": 34,
    "speed": 0.05040493255498409,
    "if_vehicle": false,
    "motion_state": false,
    "pose": [
      [
        0.9984459104408249,
        0.055630302505060264,
        0.003321651274271085,
        60.11117460258714
      ],
      [
        -0.05571104153567672,
        0.9978718135705746,
        0.03388397161465247,
        14.899647137630382
      ],
      [
        -0.0014296065901099058,
        -0.03401636554025069,
        0.999420253497211,
        1.7876581706622687
      ],
      [
        0.0,
        0.0,
        0.0,
        1.0
      ]
    ],
    "location": [
      60.11117460258714,
      14.899647137630382,
      1.7876581706622687
    ],
    "rotation": [
      -0.03402296387005467,
      0.0014296070770760557,
      -0.05573995745977291
    ]
  },
  {
    "label_id": "iv0I_4_Nh3wHEqvc0NFULA",
    "size": [
      1.2962183796179574,
      1.252317971597332,
      1.0500000000000114
    ],
    "obj_class": "sign",
    "point_num_in_lidar": 21,
    "speed": 4.2226095676476253e-29,
    "if_vehicle": false,
    "motion_state": false,
    "pose": [
      [
        -0.9999853695839481,
        0.004269338457745431,
        0.003321651274271085,
        10.590795298632543
      ],
      [
        -0.0041543600694583455,
        -0.9994171390165524,
        0.03388397161465247,
        7.810942993110075
      ],
      [
        0.0034643773564582837,
        0.03386967654263175,
        0.999420253497211,
        0.49480490203086447
      ],
      [
        0.0,
        0.0,
        0.0,
        1.0
      ]
    ],
    "location": [
      10.590795298632543,
      7.810942993110075,
      0.49480490203086447
    ],
    "rotation": [
      0.033876358884758366,
      -0.0034643842863535212,
      -3.1374382566398595
    ]
  },
  {
    "label_id": "javxMm1GpVekTaCgtDUMew",
    "size": [
      0.5441998650931069,
      0.08514420865730105,
      0.6800000000000068
    ],
    "obj_class": "sign",
    "point_num_in_lidar": 55,
    "speed": 0.02658349470534902,
    "if_vehicle": false,
    "motion_state": false,
    "pose": [
      [
        0.9999944833011891,
        -1.8524552669242162e-14,
        0.003321651274271085,
        60.19624854732507
      ],
      [
        -0.00011255135838461043,
        0.9994257670281517,
        0.03388397161465247,
        14.089880403595089
      ],
      [
        -0.003319743872589044,
        -0.03388415854334954,
        0.999420253497211,
        1.073974730467171
      ],
      [
        0.0,
        0.0,
        0.0,
        1.0
      ]
    ],
    "location": [
      60.19624854732507,
      14.089880403595089,
      1.073974730467171
    ],
    "rotation": [
      -0.03389083265619939,
      0.0033197499702691574,
      -0.00011255197882471326
    ]
  },
  {
    "label_id": "n6g_U3nt6-5jLn4VDhDt1Q",
    "size": [
      2.24494669588641,
      5.2661979118912425,
      1.5300000000000296
    ],
    "obj_class": "vehicle",
    "point_num_in_lidar": 83,
    "speed": 3.552713678800501e-14,
    "if_vehicle": true,
    "motion_state": false,
    "pose": [
      [
        -0.9989740247539176,
        -0.04516485912489433,
        0.003321651274271085,
        69.49060121369587
      ],
      [
        0.045251609496611715,
        -0.9984008054411734,
        0.03388397161465247,
        47.209363421261514
      ],
      [
        0.0017859745030592545,
        0.033999517564884105,
        0.999420253497211,
        -0.27649846544994716
      ],
      [
        0.0,
        0.0,
        0.0,
        1.0
      ]
    ],
    "location": [
      69.49060121369587,
      47.209363421261514,
      -0.27649846544994716
    ],
    "rotation": [
      0.034006125618180755,
      -0.0017859754525158956,
      3.0963255139194388
    ]
  },
  {
    "label_id": "nNNrZsPBicV3ZcsF6SQhrg",
    "size": [
      2.1938264129260308,
      5.313072584674932,
      1.6100000000000136
    ],
    "obj_class": "vehicle",
    "point_num_in_lidar": 334,
    "speed": 0.01156580582531606,
    "if_vehicle": true,
    "motion_state": false,
    "pose": [
      [
        0.022011034621251455,
        0.999752209793864,
        0.003321651274271085,
        51.382618295881
      ],
      [
        -0.9991861086919862,
        0.02188599242857702,
        0.03388397161465247,
        26.948622657913802
      ],
      [
        0.033802877863702285,
        -0.00406476908348632,
        0.999420253497211,
        0.40503015632413053
      ],
      [
        0.0,
        0.0,
        0.0,
        1.0
      ]
    ],
    "location": [
      51.382618295881,
      26.948622657913802,
      0.40503015632413053
    ],
    "rotation": [
      -0.0040671045608654316,
      -0.0338093185653345,
      -1.5487709253245894
    ]
  },
  {
    "label_id": "qNByNU2wKM_P8PSNExYl8Q",
    "size": [
      2.213594446318893,
      4.8252520117720366,
      1.5400000000000205
    ],
    "obj_class": "vehicle",
    "point_num_in_lidar": 4381,
    "speed": 0.09124265786039393,
    "if_vehicle": true,
    "motion_state": false,
    "pose": [
      [
        0.9999944833011891,
        1.2902268476947626e-16,
        0.003321651274271085,
        80.7356253802925
      ],
      [
        -0.00011255135840325255,
        0.9994257670281517,
        0.03388397161465247,
        -6.761293444013063
      ],
      [
        -0.0033197438725884125,
        -0.033884158543349606,
        0.999420253497211,
        0.487319889361288
      ],
      [
        0.0,
        0.0,
        0.0,
        1.0
      ]
    ],
    "location": [
      80.7356253802925,
      -6.761293444013063,
      0.487319889361288
    ],
    "rotation": [
      -0.03389083265619945,
      0.003319749970268526,
      -0.00011255197884335548
    ]
  },
  {
    "label_id": "qaXzT3i1eKuXd7MG3Zkv0g",
    "size": [
      2.123929228603819,
      4.712077594084063,
      1.5
    ],
    "obj_class": "vehicle",
    "point_num_in_lidar": 138,
    "speed": 2.8435583831733384e-13,
    "if_vehicle": true,
    "motion_state": false,
    "pose": [
      [
        0.9992225632604049,
        0.03928403879590676,
        0.003321651274271085,
        46.0130637542656
      ],
      [
        -0.0393741616777957,
        0.9986498644969559,
        0.03388397161465247,
        45.54339377800534
      ],
      [
        -0.0019860673394875494,
        -0.03398841620454624,
        0.999420253497211,
        -0.04246291980410888
      ],
      [
        0.0,
        0.0,
        0.0,
        1.0
      ]
    ],
    "location": [
      46.0130637542656,
      45.54339377800534,
      -0.04246291980410888
    ],
    "rotation": [
      -0.033995030654240824,
      0.0019860686451515478,
      -0.03938442028614976
    ]
  },
  {
    "label_id": "ra7t9L9zfrnQymzKE1K3nw",
    "size": [
      2.416217536508924,
      5.165251407556188,
      2.0500000000000114
    ],
    "obj_class": "vehicle",
    "point_num_in_lidar": 122,
    "speed": 2.5579538487363607e-12,
    "if_vehicle": true,
    "motion_state": false,
    "pose": [
      [
        0.9979482109706138,
        -0.06394008799934035,
        0.003321651274271085,
        74.73326513536017
      ],
      [
        0.06379140298378452,
        0.997387855035832,
        0.03388397161465247,
        -43.655569427019145
      ],
      [
        -0.005479518766430305,
        -0.03360255605841286,
        0.999420253497211,
        1.1222740036930645
      ],
      [
        0.0,
        0.0,
        0.0,
        1.0
      ]
    ],
    "location": [
      74.73326513536017,
      -43.655569427019145,
      1.1222740036930645
    ],
    "rotation": [
      -0.033609387649519,
      0.005479546187340948,
      0.06383570690248858
    ]
  },
  {
    "label_id": "slzRePUL32VlVCupH5t8lw",
    "size": [
      2.9216232952622083,
      10.613183625004126,
      3.6399999999999864
    ],
    "obj_class": "vehicle",
    "point_num_in_lidar": 332,
    "speed": 9.55419415755041,
    "if_vehicle": true,
    "motion_state": true,
    "pose": [
      [
        -0.9997768995352312,
        -0.020859477187421083,
        0.003321651274271085,
        16.76344162912426
      ],
      [
        0.020960140866771497,
        -0.9992059592308598,
        0.03388397161465247,
        2.958803704173988
      ],
      [
        0.0026122118148233803,
        0.03394603436345603,
        0.999420253497211,
        1.7586776294809852
      ],
      [
        0.0,
        0.0,
        0.0,
        1.0
      ]
    ],
    "location": [
      16.76344162912426,
      2.958803704173988,
      1.7586776294809852
    ],
    "rotation": [
      0.03395267315580687,
      -0.0026122147856359407,
      3.1206309061633797
    ]
  }
]