[
  {
    "label_id": "-CKZFiwpXBMmQvTH0OIoPA",
    "size": [
      2.203080858513332,
      4.563030098574334,
      1.8600000000000136
    ],
    "obj_class": "vehicle",
    "point_num_in_lidar": 116,
    "speed": 6.841142357189303e-27,
    "if_vehicle": true,
    "motion_state": false,
    "pose": [
      [
        -0.003970492042910237,
        0.9999295783230476,
        0.011183630342116562,
        117.72616466665545
      ],
      [
        -0.999595150416531,
        -0.004283759471216468,
        0.02812800505804367,
        -49.61225729867692
      ],
      [
        0.028173932219158787,
        -0.011067420633764985,
        0.9995417658826596,
        0.8126581706594038
      ],
      [
        0.0,
        0.0,
        0.0,
        1.0
      ]
    ],
    "location": [
      117.72616466665545,
      -49.61225729867692,
      0.8126581706594038
    ],
    "rotation": [
      -0.011072041965329559,
      -0.02817766082366503,
      -1.5747684060510523
    ]
  },
  {
    "label_id": "-IT4cJc75DEwKy8V7tfNNA",
    "size": [
      0.6929461771466263,
      0.09590117404070153,
      0.6100000000000136
    ],
    "obj_class": "sign",
    "point_num_in_lidar": 21,
    "speed": 0.05976629284612217,
    "if_vehicle": false,
    "motion_state": false,
    "pose": [
      [
        0.9983889766935621,
        0.05562713033361438,
        0.011183630342116562,
        60.03895120939006
      ],
      [
        -0.05592270096354132,
        0.9980388102916624,
        0.02812800505804367,
        14.827599595824722
      ],
      [
        -0.009597016917999392,
        -0.02870810900164053,
        0.9995417658826596,
        2.2876581706617003
      ],
      [
        0.0,
        0.0,
        0.0,
        1.0
      ]
    ],
    "location": [
      60.03895120939006,
      14.827599595824722,
      2.2876581706617003
    ],
    "rotation": [
      -0.028713376473423754,
      0.009597164242687818,
      -0.05595446988794976
    ]
  },
  {
    "label_id": "-jGx5h2KM1RTCWtkALlTPg",
    "size": [
      1.9723911586513585,
      4.593513203435377,
      1.6999999999999886
    ],
    "obj_class": "vehicle",
    "point_num_in_lidar": 60,
    "speed": 12.055183818614386,
    "if_vehicle": true,
    "motion_state": true,
    "pose": [
      [
        -0.999897252216478,
        -0.008967241622043206,
        0.011183630342116562,
        49.52071054487976
      ],
      [
        0.009278833952175143,
        -0.9995612630409116,
        0.02812800505804367,
        -1.079970139588113
      ],
      [
        0.010926493052447164,
        0.028228886016796066,
        0.9995417658826596,
        0.6607731598155624
      ],
      [
        0.0,
        0.0,
        0.0,
        1.0
      ]
    ],
    "location": [
      49.52071054487976,
      -1.079970139588113,
      0.6607731598155624
    ],
    "rotation": [
      0.028234322408727065,
      -0.010926710479943398,
      3.1323131325208773
    ]
  },
  {
    "label_id": "0EshU3VfkF6W_p631MMCcw",
    "size": [
      1.0000000000004496,
      1.0,
      1.6000000000000227
    ],
    "obj_class": "pedestrian",
    "point_num_in_lidar": 20,
    "speed": 1.0332161379660345,
    "if_vehicle": false,
    "motion_state": true,
    "pose": [
      [
        0.9565811339263924,
        0.29125154184736646,
        0.011183630342116562,
        92.76148966105148
      ],
      [
        -0.2914554486314774,
        0.9561707675904335,
        0.02812800505804367,
        -45.23965166272683
      ],
      [
        -0.0025011355664235142,
        -0.0301662489722009,
        0.9995417658826596,
        0.9632420920287359
      ],
      [
        0.0,
        0.0,
        0.0,
        1.0
      ]
    ],
    "location": [
      92.76148966105148,
      -45.23965166272683,
      0.9632420920287359
    ],
    "rotation": [
      -0.03017092047275244,
      0.002501138174147779,
      -0.2957489445454641
    ]
  },
  {
    "label_id": "1YQ_kpgKHcSW4kqTyRAkOQ",
    "size": [
      2.1139927526197866,
      4.388851756526188,
      1.6100000000000136
    ],
    "obj_class": "vehicle",
    "point_num_in_lidar": 236,
    "speed": 11.820356298168221,
    "if_vehicle": true,
    "motion_state": true,
    "pose": [
      [
        -0.999680154030511,
        -0.02268294623510416,
        0.011183630342116562,
        80.41396167952587
      ],
      [
        0.02298990016040649,
        -0.9993399220595909,
        0.02812800505804367,
        1.798249324934659
      ],
      [
        0.010538222248001699,
        0.028376118973992243,
        0.9995417658826596,
        0.3678115737956773
      ],
      [
        0.0,
        0.0,
        0.0,
        1.0
      ]
    ],
    "location": [
      80.41396167952587,
      1.798249324934659,
      0.3678115737956773
    ],
    "rotation": [
      0.028381504857828498,
      -0.010538417309930615,
      3.1185994507789405
    ]
  },
  {
    "label_id": "4o7tLL-nnbFrIN5AD4yvcQ",
    "size": [
      2.8911536323506137,
      6.603173532656209,
      1.7699999999999818
    ],
    "obj_class": "vehicle",
    "point_num_in_lidar": 6666,
    "speed": 11.255876109954686,
    "if_vehicle": true,
    "motion_state": true,
    "pose": [
      [
        -0.9998389516694814,
        -0.01403556685150967,
        0.011183630342116562,
        105.28711471401783
      ],
      [
        0.014345452062417623,
        -0.9995013873610078,
        0.02812800505804367,
        1.4350771702193015
      ],
      [
        0.010783261547286392,
        0.028283909322744886,
        0.9995417658826596,
        0.31265817065997226
      ],
      [
        0.0,
        0.0,
        0.0,
        1.0
      ]
    ],
    "location": [
      105.28711471401783,
      1.4350771702193015,
      0.31265817065997226
    ],
    "rotation": [
      0.028289326982528548,
      -0.010783470535547582,
      3.127245875257881
    ]
  },
  {
    "label_id": "5NRT89IaM2zeGvkJk268sQ",
    "size": [
      2.1611315562019064,
      5.040938601066288,
      1.9300000000000068
    ],
    "obj_class": "vehicle",
    "point_num_in_lidar": 350,
    "speed": 3.4219882841874984e-27,
    "if_vehicle": true,
    "motion_state": false,
    "pose": [
      [
        0.960060870593931,
        -0.2795676146602004,
        0.011183630342116562,
        113.34919632236256
      ],
      [
        0.2791724149059037,
        0.9598289316784844,
        0.02812800505804367,
        -29.946954917026233
      ],
      [
        -0.018598051242788145,
        -0.023882435934072282,
        0.9995417658826596,
        0.5576581706595789
      ],
      [
        0.0,
        0.0,
        0.0,
        1.0
      ]
    ],
    "location": [
      113.34919632236256,
      -29.946954917026233,
      0.5576581706595789
    ],
    "rotation": [
      -0.023888839392964253,
      0.018599123548639566,
      0.28298244327789485
    ]
  },
  {
    "label_id": "6bXL62cvq9vS5aGM9BvsRQ",
    "size": [
      2.9661609961102013,
      6.261509351068496,
      2.6299999999999955
    ],
    "obj_class": "vehicle",
    "point_num_in_lidar": 129,
    "speed": 1.068849566960596e-28,
    "if_vehicle": true,
    "motion_state": false,
    "pose": [
      [
        -0.24110605485591358,
        0.9704343340608823,
        0.011183630342116562,
        126.41666549976992
      ],
      [
        -0.9700351282081617,
        -0.24133102861760222,
        0.02812800505804367,
        38.73060024503138
      ],
      [
        0.029995338871105757,
        -0.004066681962235635,
        0.9995417658826596,
        0.497658170659804
      ],
      [
        0.0,
        0.0,
        0.0,
        1.0
      ]
    ],
    "location": [
      126.41666549976992,
      38.73060024503138,
      0.497658170659804
    ],
    "rotation": [
      -0.004068523860209318,
      -0.029999838595984128,
      -1.8144135316285923
    ]
  },
  {
    "label_id": "73tqbCl2lxFaMhBWaL_RWQ",
    "size": [
      0.9999999999988128,
      1.0,
      1.9700000000000273
    ],
    "obj_class": "pedestrian",
    "point_num_in_lidar": 54,
    "speed": 0.025317457300430692,
    "if_vehicle": false,
    "motion_state": false,
    "pose": [
      [
        -0.6222661727324954,
        -0.7827258374968998,
        0.011183630342116562,
        69.29859074231445
      ],
      [
        0.7826608042762699,
        -0.621812576892006,
        0.02812800505804367,
        13.084017759483686
      ],
      [
        -0.01506239431413514,
        0.02625609517235855,
        0.9995417658826596,
        0.4676581706596039
      ],
      [
        0.0,
        0.0,
        0.0,
        1.0
      ]
    ],
    "location": [
      69.29859074231445,
      13.084017759483686,
      0.4676581706596039
    ],
    "rotation": [
      0.026262092827148364,
      0.015062963920889233,
      2.2425208393598384
    ]
  },
  {
    "label_id": "7w2rLpTBuuffn6LTIsWgWA",
    "size": [
      1.0289849287837296,
      2.0935588602978576,
      2.0500000000000114
    ],
    "obj_class": "vehicle",
    "point_num_in_lidar": 39,
    "speed": 3.4219882841874984e-27,
    "if_vehicle": true,
    "motion_state": false,
    "pose": [
      [
        0.9992712523944465,
        -0.03649507570077303,
        0.011183630342116562,
        89.6753748930052
      ],
      [
        0.036168532173694076,
        0.9989497748194626,
        0.02812800505804367,
        -46.71379404827894
      ],
      [
        -0.01219841868582648,
        -0.02770301134786108,
        0.9995417658826596,
        1.3079054126836809
      ],
      [
        0.0,
        0.0,
        0.0,
        1.0
      ]
    ],
    "location": [
      89.6753748930052,
      -46.71379404827894,
      1.3079054126836809
    ],
    "rotation": [
      -0.027708618195019356,
      0.012198721229752636,
      0.03617911556728991
    ]
  },
  {
    "label_id": "8EZiriPAGiOSCTc4YpAwJA",
    "size": [
      2.030382874550913,
      4.996853226799966,
      1.509999999999991
    ],
    "obj_class": "vehicle",
    "point_num_in_lidar": 898,
    "speed": 0.07338781146525292,
    "if_vehicle": true,
    "motion_state": false,
    "pose": [
      [
        -0.19438727759481472,
        0.9808611077627899,
        0.011183630342116562,
        121.44367284773011
      ],
      [
        -0.9804731260002258,
        -0.19463109855005126,
        0.02812800505804367,
        15.031473720608119
      ],
      [
        0.029766348459653903,
        -0.0054975226741597145,
        0.9995417658826596,
        0.017658170659842654
      ],
      [
        0.0,
        0.0,
        0.0,
        1.0
      ]
    ],
    "location": [
      121.44367284773011,
      15.031473720608119,
      0.017658170659842654
    ],
    "rotation": [
      -0.005499987522873729,
      -0.029770745886780598,
      -1.7665169516032102
    ]
  },
  {
    "label_id": "993XUuKvt1gRrASekvHhJQ",
    "size": [
      0.737622239007938,
      0.18089226668024694,
      0.7400000000000091
    ],
    "obj_class": "sign",
    "point_num_in_lidar": 71,
    "speed": 0.04203979314030936,
    "if_vehicle": false,
    "motion_state": false,
    "pose": [
      [
        -0.09486799131077929,
        -0.9954270393338875,
        0.011183630342116562,
        119.99756431060746
      ],
      [
        0.9951252075116168,
        -0.0945232072372499,
        0.02812800505804367,
        -31.993425174458025
      ],
      [
        -0.026942264188804344,
        0.013797559804368,
        0.9995417658826596,
        3.297658170660611
      ],
      [
        0.0,
        0.0,
        0.0,
        1.0
      ]
    ],
    "location": [
      119.99756431060746,
      -31.993425174458025,
      3.297658170660611
    ],
    "rotation": [
      0.013803008551642182,
      0.02694552475424151,
      1.6658418050463488
    ]
  },
  {
    "label_id": "CcL8XRpGYA_fLxa8Ive3FA",
    "size": [
      0.5560049240543561,
      0.8086104486489893,
      1.75
    ],
    "obj_class": "pedestrian",
    "point_num_in_lidar": 36,
    "speed": 1.0201191457782146,
    "if_vehicle": false,
    "motion_state": true,
    "pose": [
      [
        0.9997041733800994,
        -0.021598429081372515,
        0.011183630342116562,
        90.48952243485007
      ],
      [
        0.021276712947407087,
        0.999377864882752,
        0.02812800505804367,
        -31.80214219080335
      ],
      [
        -0.011784193335389055,
        -0.027881733152883677,
        0.9995417658826596,
        0.7597859649276302
      ],
      [
        0.0,
        0.0,
        0.0,
        1.0
      ]
    ],
    "location": [
      90.48952243485007,
      -31.80214219080335,
      0.7597859649276302
    ],
    "rotation": [
      -0.02788728380281139,
      0.01178446609211417,
      0.02127979640459694
    ]
  },
  {
    "label_id": "CnYHYFZccxWIJ0i0V__4mg",
    "size": [
      2.0907980893762126,
      4.8887504448718735,
      1.6399999999999864
    ],
    "obj_class": "vehicle",
    "point_num_in_lidar": 84,
    "speed": 3.420318614273907e-27,
    "if_vehicle": true,
    "motion_state": false,
    "pose": [
      [
        -0.9737553011748498,
        0.22732254583795397,
        0.011183630342116562,
        77.51066411980986
      ],
      [
        -0.22694044581589304,
        -0.9735023622900657,
        0.02812800505804367,
        -45.97265362180406
      ],
      [
        0.01728142027616666,
        0.02485177598106293,
        0.9995417658826596,
        0.8326581706594993
      ],
      [
        0.0,
        0.0,
        0.0,
        1.0
      ]
    ],
    "location": [
      77.51066411980986,
      -45.97265362180406,
      0.8326581706594993
    ],
    "rotation": [
      0.024858047751588806,
      -0.0172822805672429,
      -2.9126228439479864
    ]
  },
  {
    "label_id": "CsEPiVQ6ojblTHuTloW2Zg",
    "size": [
      2.7817821489633583,
      5.839150534278615,
      2.089999999999975
    ],
    "obj_class": "vehicle",
    "point_num_in_lidar": 1895,
    "speed": 11.064031517889648,
    "if_vehicle": true,
    "motion_state": true,
    "pose": [
      [
        -0.9999014765021119,
        0.008483142181255595,
        0.011183630342116562,
        98.1549259491984
      ],
      [
        -0.008165734015757596,
        -0.9995709760289354,
        0.02812800505804367,
        1.6566256401074497
      ],
      [
        0.011417446162798729,
        0.02803391123789246,
        0.9995417658826596,
        0.5376581706597676
      ],
      [
        0.0,
        0.0,
        0.0,
        1.0
      ]
    ],
    "location": [
      98.1549259491984,
      1.6566256401074497,
      0.5376581706597676
    ],
    "rotation": [
      0.02803941263368206,
      -0.01141769423673875,
      -3.1334262965193798
    ]
  },
  {
    "label_id": "Dj8cdNUlibv1r9l6q-5sPg",
    "size": [
      2.1833271604123827,
      4.754323627050555,
      1.8899999999999864
    ],
    "obj_class": "vehicle",
    "point_num_in_lidar": 116,
    "speed": 6.843976568374997e-27,
    "if_vehicle": true,
    "motion_state": false,
    "pose": [
      [
        -0.9989998032459869,
        0.04329341204906783,
        0.011183630342116562,
        74.56333009327955
      ],
      [
        -0.042964688702642306,
        -0.9986805549604637,
        0.02812800505804367,
        -41.02799027625588
      ],
      [
        0.012386631469633798,
        0.02761937032247329,
        0.9995417658826596,
        0.9810454035150542
      ],
      [
        0.0,
        0.0,
        0.0,
        1.0
      ]
    ],
    "location": [
      74.56333009327955,
      -41.02799027625588,
      0.9810454035150542
    ],
    "rotation": [
      0.027625002861171782,
      -0.012386948235506418,
      -3.0986114359133174
    ]
  },
  {
    "label_id": "EdejuZc2PvFVXU-tGX6hpA",
    "size": [
      1.9756668497276737,
      4.805468001690314,
      2.1299999999999955
    ],
    "obj_class": "vehicle",
    "point_num_in_lidar": 343,
    "speed": 0.0,
    "if_vehicle": true,
    "motion_state": false,
    "pose": [
      [
        0.9990426808829315,
        -0.04229241287294947,
        0.011183630342116562,
        91.94868537838221
      ],
      [
        0.04196400957181298,
        0.9987231033835712,
        0.02812800505804367,
        -32.98551718093586
      ],
      [
        -0.012358951205580516,
        -0.02763176761035241,
        0.9995417658826596,
        0.8535372044044038
      ],
      [
        0.0,
        0.0,
        0.0,
        1.0
      ]
    ],
    "location": [
      91.94868537838221,
      -32.98551718093586,
      0.8535372044044038
    ],
    "rotation": [
      -0.027637396365464896,
      0.012359265852478986,
      0.04197954368744029
    ]
  },
  {
    "label_id": "IMKR4aMQEtTekwIF2oeIrw",
    "size": [
      2.0834445829814716,
      4.910359915471906,
      1.5199999999999818
    ],
    "obj_class": "vehicle",
    "point_num_in_lidar": 273,
    "speed": 0.06132734600324992,
    "if_vehicle": true,
    "motion_state": false,
    "pose": [
      [
        0.9996761169741386,
        0.022860174187422543,
        0.011183630342116562,
        90.16319328550281
      ],
      [
        -0.023167067789871817,
        0.9993358305902346,
        0.02812800505804367,
        -6.746034132291243
      ],
      [
        -0.010533191421781623,
        -0.028377986796926706,
        0.9995417658826596,
        0.40265817065943565
      ],
      [
        0.0,
        0.0,
        0.0,
        1.0
      ]
    ],
    "location": [
      90.16319328550281,
      -6.746034132291243,
      0.40265817065943565
    ],
    "rotation": [
      -0.028383372032121212,
      0.010533386204473617,
      -0.023170426258418638
    ]
  },
  {
    "label_id": "KdRAYbiCitRW3L786VLXRw",
    "size": [
      2.6952994056508355,
      6.028535254586764,
      2.160000000000025
    ],
    "obj_class": "vehicle",
    "point_num_in_lidar": 94,
    "speed": 0.021250486150680956,
    "if_vehicle": true,
    "motion_state": false,
    "pose": [
      [
        -0.03772985104536689,
        -0.9992253923677407,
        0.011183630342116562,
        133.14901843166433
      ],
      [
        0.9989043185492517,
        -0.03740291051656148,
        0.02812800505804367,
        -59.31054398960805
      ],
      [
        -0.027687916565708997,
        0.012232642086841994,
        0.9995417658826596,
        0.8969477362712155
      ],
      [
        0.0,
        0.0,
        0.0,
        1.0
      ]
    ],
    "location": [
      133.14901843166433,
      -59.31054398960805,
      0.8969477362712155
    ],
    "rotation": [
      0.012237639131786604,
      0.027691455475135022,
      1.6085496161268
    ]
  },
  {
    "label_id": "MMWfi1EgQ-6UTECcGNIkdg",
    "size": [
      2.1951733518593257,
      4.959542589896838,
      1.6000000000000227
    ],
    "obj_class": "vehicle",
    "point_num_in_lidar": 76,
    "speed": 3.4219882841874984e-27,
    "if_vehicle": true,
    "motion_state": false,
    "pose": [
      [
        -0.9998271683794321,
        0.014851255257982943,
        0.011183630342116562,
        99.08853892537684
      ],
      [
        -0.01453174860143798,
        -0.9994986961542467,
        0.02812800505804367,
        -41.049274047432846
      ],
      [
        0.011595760128231417,
        0.027960625944763094,
        0.9995417658826596,
        0.6826581706595221
      ],
      [
        0.0,
        0.0,
        0.0,
        1.0
      ]
    ],
    "location": [
      99.08853892537684,
      -41.049274047432846,
      0.6826581706595221
    ],
    "rotation": [
      0.02796615122177497,
      -0.011596020008135482,
      -3.1270594163075023
    ]
  },
  {
    "label_id": "Oh14v7CW4wtBxe64rKlSqg",
    "size": [
      3.048739433624044,
      6.497595777368561,
      2.9699999999999704
    ],
    "obj_class": "vehicle",
    "point_num_in_lidar": 167,
    "speed": 3.4219882841874984e-27,
    "if_vehicle": true,
    "motion_state": false,
    "pose": [
      [
        -0.2284629239212279,
        0.9734883763074597,
        0.011183630342116562,
        127.80211947704913
      ],
      [
        -0.9730921305289265,
        -0.2286930712420671,
        0.02812800505804367,
        48.52739356196071
      ],
      [
        0.029939904743297552,
        -0.004456496397026409,
        0.9995417658826596,
        0.7176457240405512
      ],
      [
        0.0,
        0.0,
        0.0,
        1.0
      ]
    ],
    "location": [
      127.80211947704913,
      48.52739356196071,
      0.7176457240405512
    ],
    "rotation": [
      -0.004458509909133604,
      -0.02994437955984983,
      -1.801400134955631
    ]
  },
  {
    "label_id": "OlL6adZeIepuNt7UsLO1iA",
    "size": [
      2.0847732266398986,
      4.58627018207071,
      1.509999999999991
    ],
    "obj_class": "vehicle",
    "point_num_in_lidar": 39,
    "speed": 8.438005880025083,
    "if_vehicle": true,
    "motion_state": true,
    "pose": [
      [
        -0.20399465987848664,
        0.9789081188515251,
        0.011183630342116562,
        135.36934068106183
      ],
      [
        -0.9785177652260312,
        -0.20423466519792463,
        0.02812800505804367,
        46.94480563971956
      ],
      [
        0.02981881751703524,
        -0.005205418144605962,
        0.9995417658826596,
        -0.0823418293400664
      ],
      [
        0.0,
        0.0,
        0.0,
        1.0
      ]
    ],
    "location": [
      135.36934068106183,
      46.94480563971956,
      -0.0823418293400664
    ],
    "rotation": [
      -0.005207757458403033,
      -0.02982323824539594,
      -1.7763256923717123
    ]
  },
  {
    "label_id": "Oo2USO6YnuEzZLMIL5TMzQ",
    "size": [
      2.229589303275771,
      4.839846654173083,
      1.420000000000016
    ],
    "obj_class": "vehicle",
    "point_num_in_lidar": 282,
    "speed": 3.4219882841874984e-27,
    "if_vehicle": true,
    "motion_state": false,
    "pose": [
      [
        -0.9998298974815617,
        0.014666373593379273,
        0.011183630342116562,
        98.6813345552822
      ],
      [
        -0.014346927681202716,
        -0.9995013661809397,
        0.02812800505804367,
        -33.38335056084179
      ],
      [
        0.011590589636425843,
        0.027962769677813002,
        0.9995417658826596,
        0.5139508413619751
      ],
      [
        0.0,
        0.0,
        0.0,
        1.0
      ]
    ],
    "location": [
      98.6813345552822,
      -33.38335056084179,
      0.5139508413619751
    ],
    "rotation": [
      0.02796829426052133,
      -0.01159084916883342,
      -3.1272442697891414
    ]
  },
  {
    "label_id": "QJh_6HMaMFYOFy19jwzJcA",
    "size": [
      1.960494690532218,
      4.7932266363553815,
      1.490000000000009
    ],
    "obj_class": "vehicle",
    "point_num_in_lidar": 1219,
    "speed": 18.644786446518033,
    "if_vehicle": true,
    "motion_state": true,
    "pose": [
      [
        0.9999340281943736,
        0.002620242611762613,
        0.011183630342116562,
        102.45958720588322
      ],
      [
        -0.0029339613461413475,
        0.999600023610581,
        0.02812800505804367,
        -13.072256580178873
      ],
      [
        -0.011105454956594764,
        -0.02815896174189463,
        0.9995417658826596,
        0.2226581706600541
      ],
      [
        0.0,
        0.0,
        0.0,
        1.0
      ]
    ],
    "location": [
      102.45958720588322,
      -13.072256580178873,
      0.2226581706600541
    ],
    "rotation": [
      -0.028164421692327683,
      0.011105683243982492,
      -0.0029341464973769225
    ]
  },
  {
    "label_id": "QeCE6__F3yVJ_PWUFP4UYg",
    "size": [
      2.405520027536405,
      5.04764825362361,
      1.9599999999999795
    ],
    "obj_class": "vehicle",
    "point_num_in_lidar": 582,
    "speed": 0.04182994842757741,
    "if_vehicle": true,
    "motion_state": false,
    "pose": [
      [
        -0.15190972843519504,
        0.9883310987817373,
        0.011183630342116562,
        122.81754394059891
      ],
      [
        -0.9879539919722052,
        -0.15217005315645538,
        0.02812800505804367,
        21.90472168913584
      ],
      [
        0.02950159576919659,
        -0.00677599463144433,
        0.9995417658826596,
        0.24265817066003592
      ],
      [
        0.0,
        0.0,
        0.0,
        1.0
      ]
    ],
    "location": [
      122.81754394059891,
      21.90472168913584,
      0.24265817066003592
    ],
    "rotation": [
      -0.006778997202426207,
      -0.029505876869685782,
      -1.7233633933756356
    ]
  },
  {
    "label_id": "SB3IWQ3OLd3pPl3HixU_Yw",
    "size": [
      2.1966887682582374,
      4.979975887518041,
      1.7900000000000205
    ],
    "obj_class": "vehicle",
    "point_num_in_lidar": 84,
    "speed": 3.4219882841874984e-27,
    "if_vehicle": true,
    "motion_state": false,
    "pose": [
      [
        0.9990855411067548,
        -0.04126751705389803,
        0.011183630342116562,
        91.75994395482587
      ],
      [
        0.04093944176594307,
        0.9987656268811755,
        0.02812800505804367,
        -38.08935810194998
      ],
      [
        -0.01233059849787633,
        -0.027644431570546184,
        0.9995417658826596,
        0.9444942696053431
      ],
      [
        0.0,
        0.0,
        0.0,
        1.0
      ]
    ],
    "location": [
      91.75994395482587,
      -38.08935810194998,
      0.9444942696053431
    ],
    "rotation": [
      -0.027650056451917388,
      0.012330910984143198,
      0.040954001667226354
    ]
  },
  {
    "label_id": "Sv6Kp_7Yn7_dppLzJAxahA",
    "size": [
      2.2878795860017256,
      4.83846683002856,
      2.0
    ],
    "obj_class": "vehicle",
    "point_num_in_lidar": 96,
    "speed": 11.014791006078706,
    "if_vehicle": true,
    "motion_state": true,
    "pose": [
      [
        -0.9998706795577067,
        -0.01155640831663372,
        0.011183630342116562,
        61.94786444955196
      ],
      [
        0.011867129570622968,
        -0.9995338846518455,
        0.02812800505804367,
        2.5970810478047497
      ],
      [
        0.010853358768782923,
        0.028257085122328586,
        0.9995417658826596,
        0.4026581706597767
      ],
      [
        0.0,
        0.0,
        0.0,
        1.0
      ]
    ],
    "location": [
      61.94786444955196,
      2.5970810478047497,
      0.4026581706597767
    ],
    "rotation": [
      0.02826251193551848,
      -0.010853571859361977,
      3.1297245464050505
    ]
  },
  {
    "label_id": "Ur7CjvsdRoHiW7R9ugWg7Q",
    "size": [
      3.4923126404544975,
      10.8614142068209,
      3.359999999999957
    ],
    "obj_class": "vehicle",
    "point_num_in_lidar": 321,
    "speed": 0.04834750733463309,
    "if_vehicle": true,
    "motion_state": false,
    "pose": [
      [
        0.9983838431051411,
        -0.05571919093974635,
        0.011183630342116562,
        67.70639440836999
      ],
      [
        0.05538652108519885,
        0.9980687093650082,
        0.02812800505804367,
        28.238091814520885
      ],
      [
        -0.01272930118615491,
        -0.02746312341097778,
        0.9995417658826596,
        1.2214264301973685
      ],
      [
        0.0,
        0.0,
        0.0,
        1.0
      ]
    ],
    "location": [
      67.70639440836999,
      28.238091814520885,
      1.2214264301973685
    ],
    "rotation": [
      -0.027468802908994165,
      0.012729644976840142,
      0.05541937287195779
    ]
  },
  {
    "label_id": "VAu1HvOu0mnP4qGoOCH20A",
    "size": [
      2.0963389605203724,
      4.859404279943998,
      1.7099999999999795
    ],
    "obj_class": "vehicle",
    "point_num_in_lidar": 51,
    "speed": 1.068849566960596e-28,
    "if_vehicle": true,
    "motion_state": false,
    "pose": [
      [
        0.9999374612506379,
        1.6975460041139523e-16,
        0.011183630342116562,
        92.0841321629556
      ],
      [
        -0.00031459288507610826,
        0.9996042798841805,
        0.02812800505804367,
        -40.72520655112203
      ],
      [
        -0.011179204754622293,
        -0.02812976425832024,
        0.9995417658826596,
        0.8482057637639286
      ],
      [
        0.0,
        0.0,
        0.0,
        1.0
      ]
    ],
    "location": [
      92.0841321629556,
      -40.72520655112203,
      0.8482057637639286
    ],
    "rotation": [
      -0.028135233964291923,
      0.011179437620527633,
      -0.00031461255017195083
    ]
  },
  {
    "label_id": "VUjZyEqPXEFZ0eQiYlhg0w",
    "size": [
      2.1829943438460755,
      5.029293833566353,
      1.5600000000000023
    ],
    "obj_class": "vehicle",
    "point_num_in_lidar": 903,
    "speed": 0.08367805733627197,
    "if_vehicle": true,
    "motion_state": false,
    "pose": [
      [
        0.9999374612506379,
        -7.1842381928873e-16,
        0.011183630342116562,
        96.85721441885369
      ],
      [
        -0.0003145928850752207,
        0.9996042798841805,
        0.02812800505804367,
        -6.7133894872949895
      ],
      [
        -0.011179204754622318,
        -0.028129764258320228,
        0.9995417658826596,
        0.32265817065996316
      ],
      [
        0.0,
        0.0,
        0.0,
        1.0
      ]
    ],
    "location": [
      96.85721441885369,
      -6.7133894872949895,
      0.32265817065996316
    ],
    "rotation": [
      -0.028135233964291913,
      0.011179437620527657,
      -0.0003146125501710632
    ]
  },
  {
    "label_id": "W-H_9qMoWYzKHr_v15Tfcw",
    "size": [
      2.296410816506977,
      4.88926908299579,
      1.5300000000000296
    ],
    "obj_class": "vehicle",
    "point_num_in_lidar": 119,
    "speed": 0.015189537501941375,
    "if_vehicle": true,
    "motion_state": false,
    "pose": [
      [
        0.999937461250638,
        1.5010409763951098e-15,
        0.011183630342116562,
        69.17824378808416
      ],
      [
        -0.0003145928850774362,
        0.9996042798841807,
        0.02812800505804367,
        -6.443866982885083
      ],
      [
        -0.011179204754622257,
        -0.028129764258320256,
        0.9995417658826596,
        0.5407223769518623
      ],
      [
        0.0,
        0.0,
        0.0,
        1.0
      ]
    ],
    "location": [
      69.17824378808416,
      -6.443866982885083,
      0.5407223769518623
    ],
    "rotation": [
      -0.02813523396429194,
      0.011179437620527597,
      -0.0003146125501732788
    ]
  },
  {
    "label_id": "WmoXsEq8SNoQHJKe-lyreQ",
    "size": [
      1.9144010346077203,
      4.416418370442793,
      1.3899999999999864
    ],
    "obj_class": "vehicle",
    "point_num_in_lidar": 45,
    "speed": 2.137699133921192e-28,
    "if_vehicle": true,
    "motion_state": false,
    "pose": [
      [
        0.06741522297008214,
        -0.9976623246992266,
        0.011183630342116562,
        132.26108830938887
      ],
      [
        0.997308691737365,
        0.06770663716771111,
        0.02812800505804367,
        -41.14518363142997
      ],
      [
        -0.028819456917150942,
        0.009257276012678955,
        0.9995417658826596,
        0.27765817065966303
      ],
      [
        0.0,
        0.0,
        0.0,
        1.0
      ]
    ],
    "location": [
      132.26108830938887,
      -41.14518363142997,
      0.27765817065966303
    ],
    "rotation": [
      0.009261255166116446,
      0.028823447795557042,
      1.5033018565977
    ]
  },
  {
    "label_id": "WpLUwlid-NYekprd7qe2zQ",
    "size": [
      2.191666051166735,
      4.749294033322552,
      1.8899999999999864
    ],
    "obj_class": "vehicle",
    "point_num_in_lidar": 282,
    "speed": 0.03987942702671134,
    "if_vehicle": true,
    "motion_state": false,
    "pose": [
      [
        -0.15928030366976154,
        0.987170051852891,
        0.011183630342116562,
        123.77386958138942
      ],
      [
        -0.9867910130312079,
        -0.15953780721915803,
        0.02812800505804367,
        29.444414909125044
      ],
      [
        0.029551336073198268,
        -0.00655566872739397,
        0.9995417658826596,
        0.17765817066009504
      ],
      [
        0.0,
        0.0,
        0.0,
        1.0
      ]
    ],
    "location": [
      123.77386958138942,
      29.444414909125044,
      0.17765817066009504
    ],
    "rotation": [
      -0.006558580094981112,
      -0.02955563886998163,
      -1.7308284278025277
    ]
  },
  {
    "label_id": "X3NH_X9FskiGVMKzM4xSnw",
    "size": [
      0.5446601245764947,
      0.0654900955949318,
      0.6000000000000227
    ],
    "obj_class": "sign",
    "point_num_in_lidar": 113,
    "speed": 0.08490227195573705,
    "if_vehicle": false,
    "motion_state": false,
    "pose": [
      [
        0.9969575012737127,
        -0.07714056693106444,
        0.011183630342116562,
        110.11268538809298
      ],
      [
        0.07680120817186889,
        0.9966495822277738,
        0.02812800505804367,
        3.781487183754507
      ],
      [
        -0.013315970765077663,
        -0.027183509316459447,
        0.9995417658826596,
        0.1776581706599245
      ],
      [
        0.0,
        0.0,
        0.0,
        1.0
      ]
    ],
    "location": [
      110.11268538809298,
      3.781487183754507,
      0.1776581706599245
    ],
    "rotation": [
      -0.027189269509690146,
      0.01331636431687852,
      0.07688374040185265
    ]
  },
  {
    "label_id": "XCYetUyZ91cIh4v2JN1uOg",
    "size": [
      0.8006885666269218,
      0.1230680961938333,
      0.8000000000000114
    ],
    "obj_class": "sign",
    "point_num_in_lidar": 30,
    "speed": 0.0051354786368389225,
    "if_vehicle": false,
    "motion_state": false,
    "pose": [
      [
        0.12461699513867279,
        -0.9921418905252307,
        0.011183630342116562,
        119.28226530930368
      ],
      [
        0.9917721005881956,
        0.12488761278178266,
        0.02812800505804367,
        34.63337317154037
      ],
      [
        -0.02930366901065155,
        0.007586385087024032,
        0.9995417658826596,
        1.6226581706603156
      ],
      [
        0.0,
        0.0,
        0.0,
        1.0
      ]
    ],
    "location": [
      119.28226530930368,
      34.63337317154037,
      1.6226581706603156
    ],
    "rotation": [
      0.007589717285641349,
      0.029307864499998348,
      1.4458005589583975
    ]
  },
  {
    "label_id": "XT7PTBZQOzAZYiLRDLS9wQ",
    "size": [
      1.2135786803555666,
      1.247758748293793,
      1.1100000000000136
    ],
    "obj_class": "sign",
    "point_num_in_lidar": 438,
    "speed": 3.4219882841874984e-27,
    "if_vehicle": false,
    "motion_state": false,
    "pose": [
      [
        0.999937461250638,
        6.128625566949845e-16,
        0.011183630342116562,
        112.8714724102635
      ],
      [
        -0.0003145928850765486,
        0.9996042798841807,
        0.02812800505804367,
        5.400846847313005
      ],
      [
        -0.011179204754622281,
        -0.028129764258320245,
        0.9995417658826596,
        -0.19179423623614866
      ],
      [
        0.0,
        0.0,
        0.0,
        1.0
      ]
    ],
    "location": [
      112.8714724102635,
      5.400846847313005,
      -0.19179423623614866
    ],
    "rotation": [
      -0.02813523396429193,
      0.011179437620527621,
      -0.0003146125501723912
    ]
  },
  {
    "label_id": "XeKqDUCwf7e6iNPvqmuHhg",
    "size": [
      2.3172121405092705,
      5.562277938287438,
      1.8799999999999955
    ],
    "obj_class": "vehicle",
    "point_num_in_lidar": 74,
    "speed": 6.841472216311503e-27,
    "if_vehicle": true,
    "motion_state": false,
    "pose": [
      [
        0.01210885729964111,
        0.9998641417649039,
        0.011183630342116562,
        77.76222411883208
      ],
      [
        -0.9995347944272613,
        0.011790252783850024,
        0.02812800505804367,
        26.534995088390133
      ],
      [
        0.02799232580814502,
        -0.011519025654329393,
        0.9995417658826596,
        -0.061432435355641246
      ],
      [
        0.0,
        0.0,
        0.0,
        1.0
      ]
    ],
    "location": [
      77.76222411883208,
      26.534995088390133,
      -0.061432435355641246
    ],
    "rotation": [
      -0.011523796345724611,
      -0.02799598275696414,
      -1.5586824263582069
    ]
  },
  {
    "label_id": "Z67WmbNwGB3yYF5YWXBMcA",
    "size": [
      1.9846299667131886,
      5.00387483608972,
      1.910000000000025
    ],
    "obj_class": "vehicle",
    "point_num_in_lidar": 200,
    "speed": 3.426992413038035e-27,
    "if_vehicle": true,
    "motion_state": false,
    "pose": [
      [
        -0.9984103364741176,
        0.0552424332738004,
        0.011183630342116562,
        74.25944343685984
      ],
      [
        -0.05490991394081156,
        -0.9980950439123858,
        0.02812800505804367,
        -38.14790694630028
      ],
      [
        0.012716185459958819,
        0.027469198814715594,
        0.9995417658826596,
        0.9176581706592515
      ],
      [
        0.0,
        0.0,
        0.0,
        1.0
      ]
    ],
    "location": [
      74.25944343685984,
      -38.14790694630028,
      0.9176581706592515
    ],
    "rotation": [
      0.027474876511898165,
      -0.012716528189005592,
      -3.0866506622568783
    ]
  },
  {
    "label_id": "_C5hn-bqf-E5x8k67GIg4w",
    "size": [
      2.085078547934245,
      4.594526352086971,
      1.5400000000000205
    ],
    "obj_class": "vehicle",
    "point_num_in_lidar": 5279,
    "speed": 0.03429371777517157,
    "if_vehicle": true,
    "motion_state": false,
    "pose": [
      [
        0.9999374612506379,
        1.6975460041139523e-16,
        0.011183630342116562,
        111.169453283996
      ],
      [
        -0.00031459288507610826,
        0.9996042798841805,
        0.02812800505804367,
        -6.025661136962299
      ],
      [
        -0.011179204754622293,
        -0.02812976425832024,
        0.9995417658826596,
        0.2790706958870146
      ],
      [
        0.0,
        0.0,
        0.0,
        1.0
      ]
    ],
    "location": [
      111.169453283996,
      -6.025661136962299,
      0.2790706958870146
    ],
    "rotation": [
      -0.028135233964291923,
      0.011179437620527633,
      -0.00031461255017195083
    ]
  },
  {
    "label_id": "bv6utmH2mDG5LayJdwK50g",
    "size": [
      2.166026293651141,
      4.81404639732027,
      1.6100000000000136
    ],
    "obj_class": "vehicle",
    "point_num_in_lidar": 62,
    "speed": 3.4219882841874984e-27,
    "if_vehicle": true,
    "motion_state": false,
    "pose": [
      [
        -0.9998644630499085,
        0.012082298717089162,
        0.011183630342116562,
        98.83145989172357
      ],
      [
        -0.011763702949596033,
        -0.9995351072495494,
        0.02812800505804367,
        -35.82597880838148
      ],
      [
        0.011518282112873871,
        0.027992631768783197,
        0.9995417658826596,
        0.5676581706597403
      ],
      [
        0.0,
        0.0,
        0.0,
        1.0
      ]
    ],
    "location": [
      98.83145989172357,
      -35.82597880838148,
      0.5676581706597403
    ],
    "rotation": [
      0.027998146653149425,
      -0.011518536818074795,
      -3.1298278988221293
    ]
  },
  {
    "label_id": "cutpVq-y7I3vCydPT0XApQ",
    "size": [
      2.3175506557904497,
      5.815019770197802,
      1.9599999999999795
    ],
    "obj_class": "vehicle",
    "point_num_in_lidar": 1838,
    "speed": 17.913211575881025,
    "if_vehicle": true,
    "motion_state": true,
    "pose": [
      [
        0.9999371212788186,
        -0.0008245610953959788,
        0.011183630342116562,
        104.48816322734893
      ],
      [
        0.0005096935717047082,
        0.9996041994429183,
        0.02812800505804367,
        -16.714180606813898
      ],
      [
        -0.01120239711365892,
        -0.02812053618056254,
        0.9995417658826596,
        0.33265817065995407
      ],
      [
