[
  {
    "label_id": "-jGx5h2KM1RTCWtkALlTPg",
    "size": [
      1.9723911586515912,
      4.593513203435377,
      1.6999999999999886
    ],
    "obj_class": "vehicle",
    "point_num_in_lidar": 150,
    "speed": 9.158960326364971,
    "if_vehicle": true,
    "motion_state": true,
    "pose": [
      [
        -0.9994977303071766,
        -0.03026982263780679,
        0.009382161173109927,
        -18.746197881785548
      ],
      [
        0.030489106605712586,
        -0.9992424823077027,
        0.02418420827576916,
        0.46647310240405204
      ],
      [
        0.008643002324886002,
        0.02445811499310624,
        0.9996634929423981,
        0.7907731598153873
      ],
      [
        0.0,
        0.0,
        0.0,
        1.0
      ]
    ],
    "location": [
      -18.746197881785548,
      0.46647310240405204,
      0.7907731598153873
    ],
    "rotation": [
      0.024461467974701168,
      -0.008643109936027583,
      3.1110976819167835
    ]
  },
  {
    "label_id": "1TgdkR2yKNOStoZEkzKJmA",
    "size": [
      0.7204719764073223,
      0.08233187211947524,
      0.640884955752199
    ],
    "obj_class": "sign",
    "point_num_in_lidar": 39,
    "speed": 0.01071153090645566,
    "if_vehicle": false,
    "motion_state": false,
    "pose": [
      [
        -0.9999205989615209,
        0.00841253969709404,
        0.009382161173109927,
        -4.7919960923138945
      ],
      [
        -0.008183547050638887,
        -0.9996740236835927,
        0.02418420827576916,
        -10.866179913202359
      ],
      [
        0.009582553422933477,
        0.024105508667120447,
        0.9996634929423981,
        2.5773396118098617
      ],
      [
        0.0,
        0.0,
        0.0,
        1.0
      ]
    ],
    "location": [
      -4.7919960923138945,
      -10.866179913202359,
      2.5773396118098617
    ],
    "rotation": [
      0.024108950944149273,
      -0.009582700082515619,
      -3.133408639426858
    ]
  },
  {
    "label_id": "1YQ_kpgKHcSW4kqTyRAkOQ",
    "size": [
      2.1139927526221403,
      4.388851756526188,
      1.6100000000000136
    ],
    "obj_class": "vehicle",
    "point_num_in_lidar": 2375,
    "speed": 8.022192196296682,
    "if_vehicle": true,
    "motion_state": true,
    "pose": [
      [
        -0.9997819312945282,
        -0.01865649776096977,
        0.009382161173109927,
        14.953915525659
      ],
      [
        0.018878732177294084,
        -0.9995292479669877,
        0.02418420827576916,
        2.986270517698358
      ],
      [
        0.008926551874115925,
        0.024356057764808953,
        0.9996634929423981,
        0.6332301778602982
      ],
      [
        0.0,
        0.0,
        0.0,
        1.0
      ]
    ],
    "location": [
      14.953915525659,
      2.986270517698358,
      0.6332301778602982
    ],
    "rotation": [
      0.0243594372132039,
      -0.008926670427927703,
      3.1227120474762233
    ]
  },
  {
    "label_id": "3A8rG2bX-CGR5WhiqeSlFg",
    "size": [
      2.3669891354421746,
      5.706603960836367,
      2.089999999999975
    ],
    "obj_class": "vehicle",
    "point_num_in_lidar": 147,
    "speed": 0.015918791318643783,
    "if_vehicle": true,
    "motion_state": false,
    "pose": [
      [
        -0.999145794118967,
        -0.040244964232817246,
        0.009382161173109927,
        51.4171201575835
      ],
      [
        0.040461689476896844,
        -0.9988883700167648,
        0.02418420827576916,
        58.35074138189157
      ],
      [
        0.008398439084385024,
        0.024543168074840443,
        0.9996634929423981,
        -0.013386168788599662
      ],
      [
        0.0,
        0.0,
        0.0,
        1.0
      ]
    ],
    "location": [
      51.4171201575835,
      58.35074138189157,
      -0.013386168788599662
    ],
    "rotation": [
      0.024546498610299325,
      -0.008398537816459961,
      3.1011184874705613
    ]
  },
  {
    "label_id": "AaB0H-SNWGrrmu6BOxOx3g",
    "size": [
      1.925543806637739,
      4.384545949004037,
      1.8999999999999773
    ],
    "obj_class": "vehicle",
    "point_num_in_lidar": 56,
    "speed": 5.687116766346677e-13,
    "if_vehicle": true,
    "motion_state": false,
    "pose": [
      [
        -0.017601628801012858,
        0.9998010590688896,
        0.009382161173109927,
        11.563095583817756
      ],
      [
        -0.9995486103590061,
        -0.017824129696952934,
        0.02418420827576916,
        -59.95454349215834
      ],
      [
        0.02434662590444384,
        -0.008952244705829782,
        0.9996634929423981,
        1.6020919378458416
      ],
      [
        0.0,
        0.0,
        0.0,
        1.0
      ]
    ],
    "location": [
      11.563095583817756,
      -59.95454349215834,
      1.6020919378458416
    ],
    "rotation": [
      -0.00895501883103786,
      -0.024349031823252595,
      -1.5884040844883724
    ]
  },
  {
    "label_id": "CdIAj2TP02AxBW6VHBBocw",
    "size": [
      1.8965519759303253,
      4.537302319258558,
      1.5199999999999818
    ],
    "obj_class": "vehicle",
    "point_num_in_lidar": 32,
    "speed": 2.8435583831733384e-13,
    "if_vehicle": true,
    "motion_state": false,
    "pose": [
      [
        0.9970106518998805,
        -0.07669247062063565,
        0.009382161173109927,
        24.669207025113934
      ],
      [
        0.07644717046484782,
        0.9967802938451344,
        0.02418420827576916,
        -43.0008246297366
      ],
      [
        -0.011206700053707686,
        -0.023394673584177687,
        0.9996634929423981,
        1.3592439205186793
      ],
      [
        0.0,
        0.0,
        0.0,
        1.0
      ]
    ],
    "location": [
      24.669207025113934,
      -43.0008246297366,
      1.3592439205186793
    ],
    "rotation": [
      -0.023398277746643537,
      0.011206934642111296,
      0.07652664373087192
    ]
  },
  {
    "label_id": "E-3eMFrCvL5KnRE05weLVQ",
    "size": [
      1.0757764199166764,
      1.0782595092493514,
      1.1000000000000227
    ],
    "obj_class": "sign",
    "point_num_in_lidar": 197,
    "speed": 0.03319767834273237,
    "if_vehicle": false,
    "motion_state": false,
    "pose": [
      [
        -0.9999468731908825,
        0.004269174100344842,
        0.009382161173109927,
        14.230876148739583
      ],
      [
        -0.004041205134595994,
        -0.9996993511707079,
        0.02418420827576916,
        10.25383083370798
      ],
      [
        0.009482587032945263,
        0.02414500820804606,
        0.9996634929423981,
        0.31639778059349055
      ],
      [
        0.0,
        0.0,
        0.0,
        1.0
      ]
    ],
    "location": [
      14.230876148739583,
      10.25383083370798,
      0.31639778059349055
    ],
    "rotation": [
      0.024148440781746935,
      -0.009482729150208506,
      -3.137551255750178
    ]
  },
  {
    "label_id": "Ga0feveMqrXZh2Y0ZZ4I6A",
    "size": [
      1.7461204438912312,
      4.004460509402721,
      1.5300000000000296
    ],
    "obj_class": "vehicle",
    "point_num_in_lidar": 43,
    "speed": 0.027880879246509487,
    "if_vehicle": true,
    "motion_state": false,
    "pose": [
      [
        0.03647287905606306,
        0.9992906004486801,
        0.009382161173109927,
        -12.586915583303039
      ],
      [
        -0.9990505491833129,
        0.036237056262823024,
        0.02418420827576916,
        -60.55620355762767
      ],
      [
        0.023827070106972447,
        -0.010255320976030598,
        0.9996634929423981,
        1.5178860243915437
      ],
      [
        0.0,
        0.0,
        0.0,
        1.0
      ]
    ],
    "location": [
      -12.586915583303039,
      -60.55620355762767,
      1.5178860243915437
    ],
    "rotation": [
      -0.01025841326225584,
      -0.02382932523734243,
      -1.5343049917567682
    ]
  },
  {
    "label_id": "INnnuQ2cKAjLsfMAOUpaGQ",
    "size": [
      2.1219374378637785,
      4.978723499617083,
      1.740000000000009
    ],
    "obj_class": "vehicle",
    "point_num_in_lidar": 32,
    "speed": 1.3322676295501878e-14,
    "if_vehicle": true,
    "motion_state": false,
    "pose": [
      [
        0.9999437715195485,
        -0.004942555106721046,
        0.009382161173109927,
        24.55665172811004
      ],
      [
        0.004714419506941062,
        0.9996964030738466,
        0.02418420827576916,
        42.69889568769577
      ],
      [
        -0.009498844559932506,
        -0.024138616990835117,
        0.9996634929423981,
        0.2225157278267602
      ],
      [
        0.0,
        0.0,
        0.0,
        1.0
      ]
    ],
    "location": [
      24.55665172811004,
      42.69889568769577,
      0.2225157278267602
    ],
    "rotation": [
      -0.02414205113968661,
      0.009498987409433089,
      0.00471464967389401
    ]
  },
  {
    "label_id": "IfcPgF5DX-ynhXlY8BCLMw",
    "size": [
      0.8861319478932213,
      0.9385848513966977,
      1.8899999999999864
    ],
    "obj_class": "pedestrian",
    "point_num_in_lidar": 60,
    "speed": 1.1331645842244646,
    "if_vehicle": false,
    "motion_state": true,
    "pose": [
      [
        -0.9915270577857297,
        0.12956106178360932,
        0.009382161173109927,
        4.615852327918759
      ],
      [
        -0.12930386791010004,
        -0.991310059372728,
        0.02418420827576916,
        -31.9499861860113
      ],
      [
        0.012433962452164712,
        0.022766147147511615,
        0.9996634929423981,
        1.0782695607148298
      ],
      [
        0.0,
        0.0,
        0.0,
        1.0
      ]
    ],
    "location": [
      4.615852327918759,
      -31.9499861860113,
      1.0782695607148298
    ],
    "rotation": [
      0.02276987473490575,
      -0.012434282863314607,
      -3.0119156504552804
    ]
  },
  {
    "label_id": "NXvHjeEjHAm4M20-7kGTYQ",
    "size": [
      2.1901589706560927,
      4.47866627860887,
      1.8899999999999864
    ],
    "obj_class": "vehicle",
    "point_num_in_lidar": 28,
    "speed": 0.04328962259777804,
    "if_vehicle": true,
    "motion_state": false,
    "pose": [
      [
        0.9866662804697609,
        -0.16248577179460705,
        0.009382161173109927,
        -49.737554840956875
      ],
      [
        0.16222149900763733,
        0.9864579612582531,
        0.02418420827576916,
        -4.311627673276234
      ],
      [
        -0.013184697329952236,
        -0.022339754576126022,
        0.9996634929423981,
        1.4258032862542223
      ],
      [
        0.0,
        0.0,
        0.0,
        1.0
      ]
    ],
    "location": [
      -49.737554840956875,
      -4.311627673276234,
      1.4258032862542223
    ],
    "rotation": [
      -0.022343555624645288,
      0.013185079356213816,
      0.1629558486710748
    ]
  },
  {
    "label_id": "Srk_vu0878FXjTrFz1vvxg",
    "size": [
      2.0593317684661963,
      4.897221917029469,
      1.6399999999999864
    ],
    "obj_class": "vehicle",
    "point_num_in_lidar": 119,
    "speed": 1.1368770508004532e-12,
    "if_vehicle": true,
    "motion_state": false,
    "pose": [
      [
        -0.9999094199596809,
        0.009650229407444803,
        0.009382161173109927,
        34.21813186114352
      ],
      [
        -0.009420931726906206,
        -0.99966312831647,
        0.02418420827576916,
        63.944039903502926
      ],
      [
        0.009612383746578992,
        0.02409362896934576,
        0.9996634929423981,
        -0.1443477368094932
      ],
      [
        0.0,
        0.0,
        0.0,
        1.0
      ]
    ],
    "location": [
      34.21813186114352,
      63.944039903502926,
      -0.1443477368094932
    ],
    "rotation": [
      0.02409707414998563,
      -0.009612531780113644,
      -3.132171147213094
    ]
  },
  {
    "label_id": "Sv6Kp_7Yn7_dppLzJAxahA",
    "size": [
      2.287879586002718,
      4.83846683002856,
      2.0
    ],
    "obj_class": "vehicle",
    "point_num_in_lidar": 540,
    "speed": 8.477209718485245,
    "if_vehicle": true,
    "motion_state": true,
    "pose": [
      [
        -0.9997540376749148,
        -0.02009575090478442,
        0.009382161173109927,
        -1.8705433892744736
      ],
      [
        0.020317621331345334,
        -0.9995010346835617,
        0.02418420827576916,
        3.7621069763135893
      ],
      [
        0.008891479974752028,
        0.024368883069656205,
        0.9996634929423981,
        0.8599354256097058
      ],
      [
        0.0,
        0.0,
        0.0,
        1.0
      ]
    ],
    "location": [
      -1.8705433892744736,
      3.7621069763135893,
      0.8599354256097058
    ],
    "rotation": [
      0.024372259219939768,
      -0.00889159713664092,
      3.121272830773995
    ]
  },
  {
    "label_id": "Z8b5TrwhAlTvaTb_rzuxvw",
    "size": [
      2.323452451007353,
      5.794250754513302,
      1.8100000000000023
    ],
    "obj_class": "vehicle",
    "point_num_in_lidar": 35,
    "speed": 2.8421709430404007e-13,
    "if_vehicle": true,
    "motion_state": false,
    "pose": [
      [
        0.9994913717089868,
        0.030479057252639035,
        0.009382161173109927,
        45.82580012146957
      ],
      [
        -0.030698287782015655,
        0.9992360778101073,
        0.02418420827576916,
        63.50234641180941
      ],
      [
        -0.008637882063353726,
        -0.024459923786953733,
        0.9996634929423981,
        0.16507011582234554
      ],
      [
        0.0,
        0.0,
        0.0,
        1.0
      ]
    ],
    "location": [
      45.82580012146957,
      63.50234641180941,
      0.16507011582234554
    ],
    "rotation": [
      -0.024463276294880973,
      0.008637989483352298,
      -0.030704257278140735
    ]
  },
  {
    "label_id": "aJSPPnhj2mfCZnxhkJgFDA",
    "size": [
      2.184340596839322,
      5.387151019713068,
      1.920000000000016
    ],
    "obj_class": "vehicle",
    "point_num_in_lidar": 169,
    "speed": 8.528363000094291e-13,
    "if_vehicle": true,
    "motion_state": false,
    "pose": [
      [
        0.9999559865572694,
        5.444491363417577e-16,
        0.009382161173109927,
        46.60049529145084
      ],
      [
        -0.00022691012698374923,
        0.9997074935109111,
        0.02418420827576916,
        -52.05103965224589
      ],
      [
        -0.009379416830085103,
        -0.024185272752886403,
        0.9996634929423981,
        1.061501966063247
      ],
      [
        0.0,
        0.0,
        0.0,
        1.0
      ]
    ],
    "location": [
      46.60049529145084,
      -52.05103965224589,
      1.061501966063247
    ],
    "rotation": [
      -0.024188695357796636,
      0.009379554358821669,
      -0.00022692011062430147
    ]
  },
  {
    "label_id": "aPFh9SBjb7NjHyWpykds8w",
    "size": [
      2.208564056778328,
      4.902919926976072,
      1.670000000000016
    ],
    "obj_class": "vehicle",
    "point_num_in_lidar": 38,
    "speed": 2.8591206918129106e-13,
    "if_vehicle": true,
    "motion_state": false,
    "pose": [
      [
        -0.999856319162451,
        -0.014117934786539284,
        0.009382161173109927,
        33.60237051255248
      ],
      [
        0.014341313933947313,
        -0.9996046472404588,
        0.02418420827576916,
        71.5179093194165
      ],
      [
        0.009037020834498288,
        0.024315285987231098,
        0.9996634929423981,
        0.07231794437143435
      ],
      [
        0.0,
        0.0,
        0.0,
        1.0
      ]
    ],
    "location": [
      33.60237051255248,
      71.5179093194165,
      0.07231794437143435
    ],
    "rotation": [
      0.024318675867162166,
      -0.009037143844538714,
      3.127250262298651
    ]
  },
  {
    "label_id": "egz2S1wgW1U-xdUQuSz9UA",
    "size": [
      2.1647170838111616,
      4.901394041058951,
      1.740000000000009
    ],
    "obj_class": "vehicle",
    "point_num_in_lidar": 64,
    "speed": 2.842517866562357e-13,
    "if_vehicle": true,
    "motion_state": false,
    "pose": [
      [
        -0.9999437398408827,
        -0.004948959966580666,
        0.009382161173109927,
        12.781728609685928
      ],
      [
        0.005174637478269857,
        -0.9996941268193199,
        0.02418420827576916,
        64.19264281136384
      ],
      [
        0.009259604743050027,
        0.024231396951196985,
        0.9996634929423981,
        0.23345153372798677
      ],
      [
        0.0,
        0.0,
        0.0,
        1.0
      ]
    ],
    "location": [
      12.781728609685928,
      64.19264281136384,
      0.23345153372798677
    ],
    "rotation": [
      0.02423480804020859,
      -0.009259737068339503,
      3.1364177711631402
    ]
  },
  {
    "label_id": "f9LO_SBU-nxCvq-zh5GVTA",
    "size": [
      2.0574054757385962,
      4.4591210438329645,
      1.6100000000000136
    ],
    "obj_class": "vehicle",
    "point_num_in_lidar": 29,
    "speed": 14.992321729216707,
    "if_vehicle": true,
    "motion_state": true,
    "pose": [
      [
        0.9987685457624597,
        0.04871721510168075,
        0.009382161173109927,
        -27.31725206817282
      ],
      [
        -0.048931749352426786,
        0.9985092928838396,
        0.02418420827576916,
        -15.853794300441223
      ],
      [
        -0.008189987842049717,
        -0.024613512088913093,
        0.9996634929423981,
        0.8817356222589865
      ],
      [
        0.0,
        0.0,
        0.0,
        1.0
      ]
    ],
    "location": [
      -27.31725206817282,
      -15.853794300441223,
      0.8817356222589865
    ],
    "rotation": [
      -0.02461682379188571,
      0.00819007940328219,
      -0.04895293988827227
    ]
  },
  {
    "label_id": "iHup_TyQroYLLb9o9b4nUQ",
    "size": [
      1.954974243723255,
      4.55316170265996,
      1.6100000000000136
    ],
    "obj_class": "vehicle",
    "point_num_in_lidar": 73,
    "speed": 0.015005733411206484,
    "if_vehicle": true,
    "motion_state": false,
    "pose": [
      [
        0.013148022841423907,
        0.999869543764127,
        0.009382161173109927,
        0.2549943371632821
      ],
      [
        -0.999624055749996,
        0.01291786499399306,
        0.02418420827576916,
        -60.150984655179855
      ],
      [
        0.024059855803603817,
        -0.009696608526375853,
        0.9996634929423981,
        1.5190793332938028
      ],
      [
        0.0,
        0.0,
        0.0,
        1.0
      ]
    ],
    "location": [
      0.2549943371632821,
      -60.150984655179855,
      1.5190793332938028
    ],
    "rotation": [
      -0.009699568406790043,
      -0.024062177689993098,
      -1.5576441175824454
    ]
  },
  {
    "label_id": "iXTQZojLqoKlsbwX2uyUog",
    "size": [
      2.0153231307297323,
      4.453522781562739,
      1.4499999999999886
    ],
    "obj_class": "vehicle",
    "point_num_in_lidar": 108,
    "speed": 5.687116766346677e-13,
    "if_vehicle": true,
    "motion_state": false,
    "pose": [
      [
        0.018531365461753043,
        -0.9997842585007252,
        0.009382161173109927,
        1.044120580205231
      ],
      [
        0.9995316029899004,
        0.01875363150204212,
        0.02418420827576916,
        39.29491860755661
      ],
      [
        -0.024354940331750244,
        0.008929600194906741,
        0.9996634929423981,
        0.36532235151298664
      ],
      [
        0.0,
        0.0,
        0.0,
        1.0
      ]
    ],
    "location": [
      1.044120580205231,
      39.29491860755661,
      0.36532235151298664
    ],
    "rotation": [
      0.008932368509401054,
      0.02435734871671989,
      1.5522584010696816
    ]
  },
  {
    "label_id": "ijjnSXQKMTGVXZdwniRX4Q",
    "size": [
      2.972577265569267,
      7.057856682623538,
      3.2299999999999613
    ],
    "obj_class": "vehicle",
    "point_num_in_lidar": 522,
    "speed": 2.8452917319372777e-13,
    "if_vehicle": true,
    "motion_state": false,
    "pose": [
      [
        -0.19968454556152831,
        -0.9798153179633435,
        0.009382161173109927,
        -24.061492628422343
      ],
      [
        0.9796171423933151,
        -0.1994125833522788,
        0.02418420827576916,
        -39.58155445169905
      ],
      [
        -0.021825136724457184,
        0.01402013855718778,
        0.9996634929423981,
        1.977818375552431
      ],
      [
        0.0,
        0.0,
        0.0,
        1.0
      ]
    ],
    "location": [
      -24.061492628422343,
      -39.58155445169905,
      1.977818375552431
    ],
    "rotation": [
      0.014023938581906795,
      0.021826869781177805,
      1.771880852439461
    ]
  },
  {
    "label_id": "iv0I_4_Nh3wHEqvc0NFULA",
    "size": [
      1.2962183796179574,
      1.252317971597332,
      1.0500000000000114
    ],
    "obj_class": "sign",
    "point_num_in_lidar": 189,
    "speed": 3.552713678800501e-14,
    "if_vehicle": false,
    "motion_state": false,
    "pose": [
      [
        -0.9999468731908787,
        0.004269174101220095,
        0.009382161173109927,
        10.590795298632514
      ],
      [
        -0.004041205135471031,
        -0.9996993511707043,
        0.02418420827576916,
        7.810942993111894
      ],
      [
        0.009482587032966398,
        0.024145008208037756,
        0.9996634929423981,
        0.3409003042105496
      ],
      [
        0.0,
        0.0,
        0.0,
        1.0
      ]
    ],
    "location": [
      10.590795298632514,
      7.810942993111894,
      0.3409003042105496
    ],
    "rotation": [
      0.024148440781738632,
      -0.009482729150229642,
      -3.137551255749303
    ]
  },
  {
    "label_id": "qQuCVzjlNHld6dvtPfmdtg",
    "size": [
      1.9970526794277277,
      4.483609686188972,
      1.5600000000000023
    ],
    "obj_class": "vehicle",
    "point_num_in_lidar": 136,
    "speed": 0.0,
    "if_vehicle": true,
    "motion_state": false,
    "pose": [
      [
        0.9999559865572694,
        1.0122728822968347e-16,
        0.009382161173109927,
        46.008870315267245
      ],
      [
        -0.00022691012698330528,
        0.9997074935109111,
        0.02418420827576916,
        -41.00268375915584
      ],
      [
        -0.009379416830085113,
        -0.024185272752886396,
        0.9996634929423981,
        0.8621134930307903
      ],
      [
        0.0,
        0.0,
        0.0,
        1.0
      ]
    ],
    "location": [
      46.008870315267245,
      -41.00268375915584,
      0.8621134930307903
    ],
    "rotation": [
      -0.02418869535779663,
      0.009379554358821679,
      -0.00022692011062385752
    ]
  },
  {
    "label_id": "qVb7P62syQExYN3zGU9GUQ",
    "size": [
      2.1089292846274414,
      4.762608620569526,
      1.5900000000000318
    ],
    "obj_class": "vehicle",
    "point_num_in_lidar": 3105,
    "speed": 8.660531423483086,
    "if_vehicle": true,
    "motion_state": true,
    "pose": [
      [
        0.9898691607338428,
        -0.14167222621177247,
        0.009382161173109927,
        22.08368180736332
      ],
      [
        0.1414123988758423,
        0.9896553225816823,
        0.02418420827576916,
        -10.407864044311282
      ],
      [
        -0.01271133636788483,
        -0.02261244803081881,
        0.9996634929423981,
        0.7889034457014077
      ],
      [
        0.0,
        0.0,
        0.0,
        1.0
      ]
    ],
    "location": [
      22.08368180736332,
      -10.407864044311282,
      0.7889034457014077
    ],
    "rotation": [
      -0.022616203044372403,
      0.012711678704981147,
      0.1418995482617159
    ]
  },
  {
    "label_id": "qaXzT3i1eKuXd7MG3Zkv0g",
    "size": [
      2.1239292286038087,
      4.712077594084063,
      1.5
    ],
    "obj_class": "vehicle",
    "point_num_in_lidar": 200,
    "speed": 2.8435583831733384e-13,
    "if_vehicle": true,
    "motion_state": false,
    "pose": [
      [
        0.9991840962330574,
        0.03928252647997986,
        0.009382161173109927,
        46.0130637542656
      ],
      [
        -0.039499499585195386,
        0.9989268810091124,
        0.02418420827576916,
        45.543393778008976
      ],
      [
        -0.008422076195789246,
        -0.024535066960501926,
        0.9996634929423981,
        0.0683600866181564
      ],
      [
        0.0,
        0.0,
        0.0,
        1.0
      ]
    ],
    "location": [
      46.0130637542656,
      45.543393778008976,
      0.0683600866181564
    ],
    "rotation": [
      -0.024538399649182505,
      0.00842217576386429,
      -0.03951118010424333
    ]
  },
  {
    "label_id": "sNxEFUZvJYSpMezg8nREBQ",
    "size": [
      1.973636612202483,
      4.746781675608078,
      1.6200000000000045
    ],
    "obj_class": "vehicle",
    "point_num_in_lidar": 334,
    "speed": 8.881784197001252e-15,
    "if_vehicle": true,
    "motion_state": false,
    "pose": [
      [
        0.9993873123074675,
        -0.03371906064199035,
        0.009382161173109927,
        24.644846187634727
      ],
      [
        0.03348390023773101,
        0.9991466121120283,
        0.02418420827576916,
        -40.169947968257475
      ],
      [
        -0.010189623335830985,
        -0.02385523956027023,
        0.9996634929423981,
        1.2688428053490384
      ],
      [
        0.0,
        0.0,
        0.0,
        1.0
      ]
    ],
    "location": [
      24.644846187634727,
      -40.169947968257475,
      1.2688428053490384
    ],
    "rotation": [
      -0.02385874157480367,
      0.010189799672824951,
      0.03349189966386699
    ]
  },
  {
    "label_id": "slzRePUL32VlVCupH5t8lw",
    "size": [
      2.92162329526544,
      10.613183625004126,
      3.6399999999999864
    ],
    "obj_class": "vehicle",
    "point_num_in_lidar": 636,
    "speed": 9.682846038992588,
    "if_vehicle": true,
    "motion_state": true,
    "pose": [
      [
        -0.9999305757641009,
        -0.007128723854612701,
        0.009382161173109927,
        -23.454994153072192
      ],
      [
        0.007353856699098,
        -0.9996804713815927,
        0.02418420827576916,
        3.907466853115693
      ],
      [
        0.009206760761672213,
        0.024251524374383684,
        0.9996634929423981,
        1.7586776294808715
      ],
      [
        0.0,
        0.0,
        0.0,
        1.0
      ]
    ],
    "location": [
      -23.454994153072192,
      3.907466853115693,
      1.7586776294808715
    ],
    "rotation": [
      0.024254930405855895,
      -0.009206890834292838,
      3.13423841890626
    ]
  },
  {
    "label_id": "sxF7chq_MPJ-F1tXt3y3Jg",
    "size": [
      2.054410519587691,
      4.689719715929437,
      1.7300000000000182
    ],
    "obj_class": "vehicle",
    "point_num_in_lidar": 44,
    "speed": 8.526512829121202e-13,
    "if_vehicle": true,
    "motion_state": false,
    "pose": [
      [
        0.9999559865572694,
        5.444491363417577e-16,
        0.009382161173109927,
        24.691768304807226
      ],
      [
        -0.00022691012698374923,
        0.9997074935109111,
        0.02418420827576916,
        55.33201447860483
      ],
      [
        -0.009379416830085103,
        -0.024185272752886403,
        0.9996634929423981,
        0.4326965404009684
      ],
      [
        0.0,
        0.0,
        0.0,
        1.0
      ]
    ],
    "location": [
      24.691768304807226,
      55.33201447860483,
      0.4326965404009684
    ],
    "rotation": [
      -0.024188695357796636,
      0.009379554358821669,
      -0.00022692011062430147
    ]
  },
  {
    "label_id": "wxDxWDc0d93MCnaT-wm0MQ",
    "size": [
      2.0489062492043426,
      4.776309384975827,
      1.5900000000000318
    ],
    "obj_class": "vehicle",
    "point_num_in_lidar": 164,
    "speed": 12.683082181034111,
    "if_vehicle": true,
    "motion_state": true,
    "pose": [
      [
        0.9997200044240558,
        -0.02172297875724611,
        0.009382161173109927,
        -12.686937753278642
      ],
      [
        0.021490723932592812,
        0.999476499401025,
        0.02418420827576916,
        -13.834971893013062
      ],
      [
        -0.009902602648751476,
        -0.023975807368781837,
        0.9996634929423981,
        0.8564871017456426
      ],
      [
        0.0,
        0.0,
        0.0,
        1.0
      ]
    ],
    "location": [
      -12.686937753278642,
      -13.834971893013062,
      0.8564871017456426
    ],
    "rotation": [
      -0.02397928097953714,
      0.009902764499970034,
      0.021493432557001195
    ]
  }
]