[
  {
    "label_id": "-jGx5h2KM1RTCWtkALlTPg",
    "size": [
      1.972391158652171,
      4.593513203435377,
      1.6999999999999886
    ],
    "obj_class": "vehicle",
    "point_num_in_lidar": 116,
    "speed": 9.465899423669928,
    "if_vehicle": true,
    "motion_state": true,
    "pose": [
      [
        -0.9996767105944983,
        -0.02511378791414506,
        0.00397139164111687,
        -3.846809704903052
      ],
      [
        0.02520137316880914,
        -0.9993989667534433,
        0.02380327797922616,
        0.059080134156829445
      ],
      [
        0.003371214227873736,
        0.023895667154386537,
        0.9997087735965292,
        0.6968994160127977
      ],
      [
        0.0,
        0.0,
        0.0,
        1.0
      ]
    ],
    "location": [
      -3.846809704903052,
      0.059080134156829445,
      0.6968994160127977
    ],
    "rotation": [
      0.023898077649579918,
      -0.0033712206135959777,
      3.1163884687996664
    ]
  },
  {
    "label_id": "1TgdkR2yKNOStoZEkzKJmA",
    "size": [
      0.7204719764073214,
      0.08233187211947524,
      0.640884955752199
    ],
    "obj_class": "sign",
    "point_num_in_lidar": 21,
    "speed": 0.019856405926183995,
    "if_vehicle": false,
    "motion_state": false,
    "pose": [
      [
        -0.9999567251188541,
        0.008412843633948648,
        0.00397139164111687,
        -4.801147406769303
      ],
      [
        -0.008315996702920608,
        -0.9996820735395232,
        0.02380327797922616,
        -10.890798931062818
      ],
      [
        0.004170382286243886,
        0.023769221815407193,
        0.9997087735965292,
        2.5546405661839913
      ],
      [
        0.0,
        0.0,
        0.0,
        1.0
      ]
    ],
    "location": [
      -4.801147406769303,
      -10.890798931062818,
      2.5546405661839913
    ],
    "rotation": [
      0.023771667316882693,
      -0.004170394374948071,
      -3.133276488714268
    ]
  },
  {
    "label_id": "1YQ_kpgKHcSW4kqTyRAkOQ",
    "size": [
      2.1139927526212663,
      4.388851756526188,
      1.6100000000000136
    ],
    "obj_class": "vehicle",
    "point_num_in_lidar": 951,
    "speed": 8.497324498131288,
    "if_vehicle": true,
    "motion_state": true,
    "pose": [
      [
        -0.999848203162123,
        -0.016964630320371675,
        0.00397139164111687,
        27.923276131833347
      ],
      [
        0.01705447654399339,
        -0.9995711824513821,
        0.02380327797922616,
        2.809656176248609
      ],
      [
        0.003565874827358109,
        0.023867394722488246,
        0.9997087735965292,
        0.5518105056538616
      ],
      [
        0.0,
        0.0,
        0.0,
        1.0
      ]
    ],
    "location": [
      27.923276131833347,
      2.809656176248609,
      0.5518105056538616
    ],
    "rotation": [
      0.02386981311104372,
      -0.0035658823843597574,
      3.124537241762537
    ]
  },
  {
    "label_id": "3A8rG2bX-CGR5WhiqeSlFg",
    "size": [
      2.3669891354421764,
      5.706603960836367,
      2.089999999999975
    ],
    "obj_class": "vehicle",
    "point_num_in_lidar": 306,
    "speed": 0.015918791451995026,
    "if_vehicle": true,
    "motion_state": false,
    "pose": [
      [
        -0.9991818922833559,
        -0.040246418244177753,
        0.00397139164111687,
        51.417850033054435
      ],
      [
        0.040329788305733125,
        -0.9989028542018781,
        0.02380327797922616,
        58.325284958764314
      ],
      [
        0.00300903776433076,
        0.02394396971799533,
        0.9997087735965292,
        -0.025691794138481328
      ],
      [
        0.0,
        0.0,
        0.0,
        1.0
      ]
    ],
    "location": [
      51.417850033054435,
      58.325284958764314,
      -0.025691794138481328
    ],
    "rotation": [
      0.023946366639241573,
      -0.003009042305141846,
      3.101251741866876
    ]
  },
  {
    "label_id": "AaB0H-SNWGrrmu6BOxOx3g",
    "size": [
      1.9255438066377368,
      4.384545949004037,
      1.8999999999999773
    ],
    "obj_class": "vehicle",
    "point_num_in_lidar": 44,
    "speed": 5.687116766346677e-13,
    "if_vehicle": true,
    "motion_state": false,
    "pose": [
      [
        -0.017602264730714478,
        0.999837180907363,
        0.00397139164111687,
        11.563095583817756
      ],
      [
        -0.9995601029549035,
        -0.017691934270355203,
        0.02380327797922616,
        -59.95454349215652
      ],
      [
        0.023869663950980273,
        -0.0035506530372198964,
        0.9997087735965292,
        1.6020919378458416
      ],
      [
        0.0,
        0.0,
        0.0,
        1.0
      ]
    ],
    "location": [
      11.563095583817756,
      -59.95454349215652,
      1.6020919378458416
    ],
    "rotation": [
      -0.003551672448241867,
      -0.023871931199032224,
      -1.5884045180946529
    ]
  },
  {
    "label_id": "CsEPiVQ6ojblTHuTloW2Zg",
    "size": [
      2.7817821489639285,
      5.839150534278615,
      2.089999999999975
    ],
    "obj_class": "vehicle",
    "point_num_in_lidar": 13655,
    "speed": 9.498854293365193,
    "if_vehicle": true,
    "motion_state": true,
    "pose": [
      [
        -0.9996858276461771,
        -0.02474821310339317,
        0.00397139164111687,
        44.45341176408007
      ],
      [
        0.024835899920722614,
        -0.999408115852864,
        0.02380327797922616,
        2.2965868636474625
      ],
      [
        0.0033799524413732295,
        0.023894432732699495,
        0.9997087735965292,
        0.7843586680045291
      ],
      [
        0.0,
        0.0,
        0.0,
        1.0
      ]
    ],
    "location": [
      44.45341176408007,
      2.2965868636474625,
      0.7843586680045291
    ],
    "rotation": [
      0.023896843573327282,
      -0.0033799588768799863,
      3.116754057830223
    ]
  },
  {
    "label_id": "DOZnToe-pxe0UDYzM3J2oQ",
    "size": [
      1.9432317308710478,
      4.1752021675165745,
      1.6000000000000227
    ],
    "obj_class": "vehicle",
    "point_num_in_lidar": 903,
    "speed": 16.358791865825026,
    "if_vehicle": true,
    "motion_state": true,
    "pose": [
      [
        0.9999921139931219,
        8.525030896941904e-16,
        0.00397139164111687,
        32.3100781240808
      ],
      [
        -9.453288468571246e-05,
        0.9997166573689654,
        0.02380327797922616,
        -16.884588175995304
      ],
      [
        -0.003970266376560387,
        -0.023803465693520345,
        0.9997087735965292,
        0.5565417709157714
      ],
      [
        0.0,
        0.0,
        0.0,
        1.0
      ]
    ],
    "location": [
      32.3100781240808,
      -16.884588175995304,
      0.5565417709157714
    ],
    "rotation": [
      -0.023805901789804827,
      0.00397027680719585,
      -9.453362989696695e-05
    ]
  },
  {
    "label_id": "E-3eMFrCvL5KnRE05weLVQ",
    "size": [
      1.0757764199166782,
      1.0782595092493514,
      1.1000000000000227
    ],
    "obj_class": "sign",
    "point_num_in_lidar": 80,
    "speed": 0.03034151714250213,
    "if_vehicle": false,
    "motion_state": false,
    "pose": [
      [
        -0.9999830002974779,
        0.004269328341446672,
        0.00397139164111687,
        14.248254345136559
      ],
      [
        -0.0041736202942660615,
        -0.9997079497788757,
        0.02380327797922616,
        10.206708311239709
      ],
      [
        0.004071855804605954,
        0.023786298249831618,
        0.9997087735965292,
        0.27915685873028906
      ],
      [
        0.0,
        0.0,
        0.0,
        1.0
      ]
    ],
    "location": [
      14.248254345136559,
      10.206708311239709,
      0.27915685873028906
    ],
    "rotation": [
      0.023788739068180974,
      -0.004071867056591357,
      -3.1374189865785787
    ]
  },
  {
    "label_id": "IfcPgF5DX-ynhXlY8BCLMw",
    "size": [
      0.8861319478933349,
      0.9385848513966977,
      1.8899999999999864
    ],
    "obj_class": "pedestrian",
    "point_num_in_lidar": 49,
    "speed": 1.2210767717330953,
    "if_vehicle": false,
    "motion_state": true,
    "pose": [
      [
        -0.9872167310598297,
        0.15933409542209387,
        0.00397139164111687,
        6.4815969799020365
      ],
      [
        -0.15919688026257994,
        -0.9869598559577312,
        0.02380327797922616,
        -31.683965216092474
      ],
      [
        0.00771227788696909,
        0.02286676111559338,
        0.9997087735965292,
        1.035033599345411
      ],
      [
        0.0,
        0.0,
        0.0,
        1.0
      ]
    ],
    "location": [
      6.4815969799020365,
      -31.683965216092474,
      1.035033599345411
    ],
    "rotation": [
      0.02286943463694331,
      -0.007712354342407463,
      -2.981710752610868
    ]
  },
  {
    "label_id": "LbUGWTzSUC9dY1cvhbjrJA",
    "size": [
      0.7737949986985763,
      0.13591550750410678,
      0.8299999999999841
    ],
    "obj_class": "sign",
    "point_num_in_lidar": 30,
    "speed": 0.07671538119193137,
    "if_vehicle": false,
    "motion_state": false,
    "pose": [
      [
        0.9999921139931219,
        1.2399292556944168e-14,
        0.00397139164111687,
        41.96926711006026
      ],
      [
        -9.453288469725714e-05,
        0.9997166573689654,
        0.02380327797922616,
        15.249997354418156
      ],
      [
        -0.003970266376560112,
        -0.02380346569352039,
        0.9997087735965292,
        2.259406673312469
      ],
      [
        0.0,
        0.0,
        0.0,
        1.0
      ]
    ],
    "location": [
      41.96926711006026,
      15.249997354418156,
      2.259406673312469
    ],
    "rotation": [
      -0.02380590178980487,
      0.003970276807195575,
      -9.453362990851171e-05
    ]
  },
  {
    "label_id": "NQ2WhKdluq2vlUr0oFNWQA",
    "size": [
      2.0726074213670245,
      4.149276177768584,
      1.6000000000000227
    ],
    "obj_class": "vehicle",
    "point_num_in_lidar": 237,
    "speed": 16.523418452879994,
    "if_vehicle": true,
    "motion_state": true,
    "pose": [
      [
        0.9999547290185851,
        -0.008646846928285556,
        0.00397139164111687,
        10.577999405554323
      ],
      [
        0.008549935727690305,
        0.9996801001102784,
        0.02380327797922616,
        -17.194877415920928
      ],
      [
        -0.004175944494446634,
        -0.02376824523819011,
        0.9997087735965292,
        0.6218469533608868
      ],
      [
        0.0,
        0.0,
        0.0,
        1.0
      ]
    ],
    "location": [
      10.577999405554323,
      -17.194877415920928,
      0.6218469533608868
    ],
    "rotation": [
      -0.023770691007067954,
      0.004175956631585201,
      0.008550114452610688
    ]
  },
  {
    "label_id": "Srk_vu0878FXjTrFz1vvxg",
    "size": [
      2.059331768466196,
      4.897221917029469,
      1.6399999999999864
    ],
    "obj_class": "vehicle",
    "point_num_in_lidar": 115,
    "speed": 1.1368770508004532e-12,
    "if_vehicle": true,
    "motion_state": false,
    "pose": [
      [
        -0.9999455457131277,
        0.00965057806083381,
        0.00397139164111687,
        34.21813186114343
      ],
      [
        -0.009553391241800052,
        -0.999671014220791,
        0.02380327797922616,
        63.94403990349929
      ],
      [
        0.004199800501985522,
        0.023764041530576572,
        0.9997087735965292,
        -0.14434773680932267
      ],
      [
        0.0,
        0.0,
        0.0,
        1.0
      ]
    ],
    "location": [
      34.21813186114343,
      63.94403990349929,
      -0.14434773680932267
    ],
    "rotation": [
      0.023766488449978848,
      -0.004199812848324029,
      -3.13203903276548
    ]
  },
  {
    "label_id": "Sv6Kp_7Yn7_dppLzJAxahA",
    "size": [
      2.2878795860046917,
      4.83846683002856,
      2.0
    ],
    "obj_class": "vehicle",
    "point_num_in_lidar": 396,
    "speed": 8.644035356524551,
    "if_vehicle": true,
    "motion_state": true,
    "pose": [
      [
        -0.9997478544637234,
        -0.022101030374503644,
        0.00397139164111687,
        11.744119330392408
      ],
      [
        0.02218945224522174,
        -0.9994703758323709,
        0.02380327797922616,
        3.4350673101871507
      ],
      [
        0.003443211326492983,
        0.023885399094102578,
        0.9997087735965292,
        0.739908319693086
      ],
      [
        0.0,
        0.0,
        0.0,
        1.0
      ]
    ],
    "location": [
      11.744119330392408,
      3.4350673101871507,
      0.739908319693086
    ],
    "rotation": [
      0.023887812460443147,
      -0.0034432181301451343,
      3.1194012484615863
    ]
  },
  {
    "label_id": "SvD0AwZbUZS6wEKPI_DiwQ",
    "size": [
      2.51185290453556,
      6.021860427745784,
      2.0
    ],
    "obj_class": "vehicle",
    "point_num_in_lidar": 368,
    "speed": 2.847716647714797e-13,
    "if_vehicle": true,
    "motion_state": false,
    "pose": [
      [
        0.9964542221425434,
        -0.08404291298337781,
        0.00397139164111687,
        46.55912616085723
      ],
      [
        0.0839255641887942,
        0.996187684943473,
        0.02380327797922616,
        -35.82613785023568
      ],
      [
        -0.005956748264895332,
        -0.023385575559137138,
        0.9997087735965292,
        1.0322126325892214
      ],
      [
        0.0,
        0.0,
        0.0,
        1.0
      ]
    ],
    "location": [
      46.55912616085723,
      -35.82613785023568,
      1.0322126325892214
    ],
    "rotation": [
      -0.023388122639162377,
      0.005956783492525245,
      0.0840258936696708
    ]
  },
  {
    "label_id": "Z8b5TrwhAlTvaTb_rzuxvw",
    "size": [
      2.323452451007364,
      5.794250754513302,
      1.8100000000000023
    ],
    "obj_class": "vehicle",
    "point_num_in_lidar": 32,
    "speed": 2.8421709430404007e-13,
    "if_vehicle": true,
    "motion_state": false,
    "pose": [
      [
        0.9995274823587574,
        0.030480158431291746,
        0.00397139164111687,
        45.825800121469484
      ],
      [
        -0.030566251364905143,
        0.9992492723214469,
        0.02380327797922616,
        63.50234641180759
      ],
      [
        -0.0032428825234986176,
        -0.023913421065632434,
        0.9997087735965292,
        0.11867660505959066
      ],
      [
        0.0,
        0.0,
        0.0,
        1.0
      ]
    ],
    "location": [
      45.825800121469484,
      63.50234641180759,
      0.11867660505959066
    ],
    "rotation": [
      -0.023915826584604557,
      0.0032428882073727693,
      -0.030571173818257115
    ]
  },
  {
    "label_id": "aJSPPnhj2mfCZnxhkJgFDA",
    "size": [
      2.184340596839324,
      5.387151019713068,
      1.920000000000016
    ],
    "obj_class": "vehicle",
    "point_num_in_lidar": 39,
    "speed": 8.528363000094291e-13,
    "if_vehicle": true,
    "motion_state": false,
    "pose": [
      [
        0.9999921139931219,
        -9.203843027541065e-16,
        0.00397139164111687,
        46.60049529145081
      ],
      [
        -9.453288468394036e-05,
        0.9997166573689655,
        0.02380327797922616,
        -52.05103965224771
      ],
      [
        -0.003970266376560429,
        -0.023803465693520338,
        0.9997087735965292,
        1.023413623158433
      ],
      [
        0.0,
        0.0,
        0.0,
        1.0
      ]
    ],
    "location": [
      46.60049529145081,
      -52.05103965224771,
      1.023413623158433
    ],
    "rotation": [
      -0.02380590178980482,
      0.003970276807195892,
      -9.453362989519484e-05
    ]
  },
  {
    "label_id": "egz2S1wgW1U-xdUQuSz9UA",
    "size": [
      2.164717083811153,
      4.901394041058951,
      1.740000000000009
    ],
    "obj_class": "vehicle",
    "point_num_in_lidar": 51,
    "speed": 2.842517866562357e-13,
    "if_vehicle": true,
    "motion_state": false,
    "pose": [
      [
        -0.9999798668342733,
        -0.004949138767682136,
        0.00397139164111687,
        12.7817286096859
      ],
      [
        0.005042307210790319,
        -0.9997039457236506,
        0.02380327797922616,
        64.19264281136202
      ],
      [
        0.003852410167793556,
        0.023822823720594643,
        0.9997087735965292,
        0.26864632388719656
      ],
      [
        0.0,
        0.0,
        0.0,
        1.0
      ]
    ],
    "location": [
      12.7817286096859,
      64.19264281136202,
      0.26864632388719656
    ],
    "rotation": [
      0.023825254475447293,
      -0.003852419696834903,
      3.1365502875946034
    ]
  },
  {
    "label_id": "iHup_TyQroYLLb9o9b4nUQ",
    "size": [
      1.954974243723254,
      4.55316170265996,
      1.6100000000000136
    ],
    "obj_class": "vehicle",
    "point_num_in_lidar": 88,
    "speed": 0.015005733661623648,
    "if_vehicle": true,
    "motion_state": false,
    "pose": [
      [
        0.013148497866682,
        0.9999056680768855,
        0.00397139164111687,
        0.24673501841425605
      ],
      [
        -0.9996314782402519,
        0.013050351284646242,
        0.02380327797922616,
        -60.17352528609263
      ],
      [
        0.02374920451423247,
        -0.00428290544661053,
        0.9997087735965292,
        1.5190793332938028
      ],
      [
        0.0,
        0.0,
        0.0,
        1.0
      ]
    ],
    "location": [
      0.24673501841425605,
      -60.17352528609263,
      1.5190793332938028
    ],
    "rotation": [
      -0.004284126894997131,
      -0.023751437604113464,
      -1.5576437401111354
    ]
  },
  {
    "label_id": "iXTQZojLqoKlsbwX2uyUog",
    "size": [
      2.015323130729731,
      4.453522781562739,
      1.4499999999999886
    ],
    "obj_class": "vehicle",
    "point_num_in_lidar": 85,
    "speed": 5.687116766346677e-13,
    "if_vehicle": true,
    "motion_state": false,
    "pose": [
      [
        0.01853203498194066,
        -0.9998203797322102,
        0.00397139164111687,
        1.044120580205174
      ],
      [
        0.9995432185132251,
        0.018621446819910955,
        0.02380327797922616,
        39.29491860755479
      ],
      [
        -0.023872955486307353,
        0.0035284544027425983,
        0.9997087735965292,
        0.37526468665112134
      ],
      [
        0.0,
        0.0,
        0.0,
        1.0
      ]
    ],
    "location": [
      1.044120580205174,
      39.29491860755479,
      0.37526468665112134
    ],
    "rotation": [
      0.0035294676254076303,
      0.023875223672583608,
      1.552257946850456
    ]
  },
  {
    "label_id": "iv0I_4_Nh3wHEqvc0NFULA",
    "size": [
      1.2962183796179576,
      1.252317971597332,
      1.0500000000000114
    ],
    "obj_class": "sign",
    "point_num_in_lidar": 34,
    "speed": 3.552713678800501e-14,
    "if_vehicle": false,
    "motion_state": false,
    "pose": [
      [
        -0.9999830002974741,
        0.004269328342322846,
        0.00397139164111687,
        10.590795298632486
      ],
      [
        -0.004173620295141994,
        -0.999707949778872,
        0.02380327797922616,
        7.810942993108256
      ],
      [
        0.004071855804626795,
        0.02378629824982805,
        0.9997087735965292,
        0.398161936457484
      ],
      [
        0.0,
        0.0,
        0.0,
        1.0
      ]
    ],
    "location": [
      10.590795298632486,
      7.810942993108256,
      0.398161936457484
    ],
    "rotation": [
      0.023788739068177408,
      -0.004071867056612198,
      -3.137418986577703
    ]
  },
  {
    "label_id": "mj1CAQrlPFF_8h2g6gCkwg",
    "size": [
      0.4645352807274325,
      0.07207623213645241,
      0.6200000000000045
    ],
    "obj_class": "sign",
    "point_num_in_lidar": 37,
    "speed": 0.03391048674031175,
    "if_vehicle": false,
    "motion_state": false,
    "pose": [
      [
        0.9999921139931219,
        -1.691003559755486e-14,
        0.00397139164111687,
        40.17780709312984
      ],
      [
        -9.453288466795328e-05,
        0.9997166573689654,
        0.02380327797922616,
        15.034771101722072
      ],
      [
        -0.0039702663765608095,
        -0.023803465693520275,
        0.9997087735965292,
        1.1202807457300423
      ],
      [
        0.0,
        0.0,
        0.0,
        1.0
      ]
    ],
    "location": [
      40.17780709312984,
      15.034771101722072,
      1.1202807457300423
    ],
    "rotation": [
      -0.023805901789804757,
      0.0039702768071962725,
      -9.453362987920763e-05
    ]
  },
  {
    "label_id": "nNNrZsPBicV3ZcsF6SQhrg",
    "size": [
      2.19382641292603,
      5.313072584674932,
      1.6100000000000136
    ],
    "obj_class": "vehicle",
    "point_num_in_lidar": 203,
    "speed": 0.011565805823975324,
    "if_vehicle": true,
    "motion_state": false,
    "pose": [
      [
        0.022010982470042906,
        0.9997498410598206,
        0.00397139164111687,
        51.3715074219578
      ],
      [
        -0.9994765319499513,
        0.021910409369558567,
        0.02380327797922616,
        26.977807490957275
      ],
      [
        0.023710308559810364,
        -0.00449324627880882,
        0.9997087735965292,
        0.4808211338724959
      ],
      [
        0.0,
        0.0,
        0.0,
        1.0
      ]
    ],
    "location": [
      51.3715074219578,
      26.977807490957275,
      0.4808211338724959
    ],
    "rotation": [
      -0.004494524947448829,
      -0.02371253069387963,
      -1.5487773754481384
    ]
  },
  {
    "label_id": "qVb7P62syQExYN3zGU9GUQ",
    "size": [
      2.108929284629044,
      4.762608620569526,
      1.5900000000000318
    ],
    "obj_class": "vehicle",
    "point_num_in_lidar": 160,
    "speed": 11.686832385854238,
    "if_vehicle": true,
    "motion_state": true,
    "pose": [
      [
        0.9944997435716519,
        -0.10466369038186812,
        0.00397139164111687,
        5.69184972407993
      ],
      [
        0.10454084617671534,
        0.9942356941078409,
        0.02380327797922616,
        -12.721905559650622
      ],
      [
        -0.006439838241371175,
        -0.02325718120384367,
        0.9997087735965292,
        0.7889034457013508
      ],
      [
        0.0,
        0.0,
        0.0,
        1.0
      ]
    ],
    "location": [
      5.69184972407993,
      -12.721905559650622,
      0.7889034457013508
    ],
    "rotation": [
      -0.02325976073633771,
      0.0064398827538449405,
      0.10473438599049548
    ]
  },
  {
    "label_id": "qaXzT3i1eKuXd7MG3Zkv0g",
    "size": [
      2.123929228603808,
      4.712077594084063,
      1.5
    ],
    "obj_class": "vehicle",
    "point_num_in_lidar": 250,
    "speed": 2.8435583831733384e-13,
    "if_vehicle": true,
    "motion_state": false,
    "pose": [
      [
        0.9992201957812642,
        0.03928394571940043,
        0.00397139164111687,
        46.013063754265545
      ],
      [
        -0.03936758452344777,
        0.9989412381347728,
        0.02380327797922616,
        45.54339377800534
      ],
      [
        -0.0030321002030156536,
        -0.023941060178745602,
        0.9997087735965292,
        0.027127362084343076
      ],
      [
        0.0,
        0.0,
        0.0,
        1.0
      ]
    ],
    "location": [
      46.013063754265545,
      45.54339377800534,
      0.027127362084343076
    ],
    "rotation": [
      -0.023943457920787434,
      0.0030321048490369357,
      -0.03937794142006967
    ]
  },
  {
    "label_id": "r4wwsWiKAZswTekkzLzBIA",
    "size": [
      2.4237895353289813,
      5.319976989004658,
      1.7099999999999795
    ],
    "obj_class": "vehicle",
    "point_num_in_lidar": 273,
    "speed": 1.4210854715202004e-12,
    "if_vehicle": true,
    "motion_state": false,
    "pose": [
      [
        0.9999921139931219,
        8.525030896941904e-16,
        0.00397139164111687,
        62.934665840401976
      ],
      [
        -9.453288468571246e-05,
        0.9997166573689654,
        0.02380327797922616,
        40.131850396996015
      ],
      [
        -0.003970266376560387,
        -0.023803465693520345,
        0.9997087735965292,
        -0.033100598299029116
      ],
      [
        0.0,
        0.0,
        0.0,
        1.0
      ]
    ],
    "location": [
      62.934665840401976,
      40.131850396996015,
      -0.033100598299029116
    ],
    "rotation": [
      -0.023805901789804827,
      0.00397027680719585,
      -9.453362989696695e-05
    ]
  },
  {
    "label_id": "sNxEFUZvJYSpMezg8nREBQ",
    "size": [
      1.9736366122024849,
      4.746781675608078,
      1.6200000000000045
    ],
    "obj_class": "vehicle",
    "point_num_in_lidar": 113,
    "speed": 8.881784197001252e-15,
    "if_vehicle": true,
    "motion_state": false,
    "pose": [
      [
        0.9994234191976732,
        -0.033720278878811426,
        0.00397139164111687,
        24.64484618763464
      ],
      [
        0.03361651120747492,
        0.9991513069258737,
        0.02380327797922616,
        -40.169947968259294
      ],
      [
        -0.004770674320225788,
        -0.023656049134498012,
        0.9997087735965292,
        1.2542989381840925
      ],
      [
        0.0,
        0.0,
        0.0,
        1.0
      ]
    ],
    "location": [
      24.64484618763464,
      -40.169947968259294,
      1.2542989381840925
    ],
    "rotation": [
      -0.023658525323198593,
      0.004770692416639082,
      0.03362322869780161
    ]
  },
  {
    "label_id": "slzRePUL32VlVCupH5t8lw",
    "size": [
      2.9216232952634145,
      10.613183625004126,
      3.6399999999999864
    ],
    "obj_class": "vehicle",
    "point_num_in_lidar": 528,
    "speed": 9.380039877264101,
    "if_vehicle": true,
    "motion_state": true,
    "pose": [
      [
        -0.9997361496398092,
        -0.022624304449025464,
        0.00397139164111687,
        -8.145171017096999
      ],
      [
        0.022712581072797295,
        -0.9994586247656555,
        0.02380327797922616,
        3.563990240912972
      ],
      [
        0.0034307090201496906,
        0.023887198030378313,
        0.9997087735965292,
        1.7586776294807578
      ],
      [
        0.0,
        0.0,
        0.0,
        1.0
      ]
    ],
    "location": [
      -8.145171017096999,
      3.563990240912972,
      1.7586776294807578
    ],
    "rotation": [
      0.02388961089406556,
      -0.003430715749958139,
      3.118877985609935
    ]
  },
  {
    "label_id": "sxF7chq_MPJ-F1tXt3y3Jg",
    "size": [
      2.054410519587688,
      4.689719715929437,
      1.7300000000000182
    ],
    "obj_class": "vehicle",
    "point_num_in_lidar": 41,
    "speed": 8.526512829121202e-13,
    "if_vehicle": true,
    "motion_state": false,
    "pose": [
      [
        0.9999921139931219,
        4.0841387984412775e-16,
        0.00397139164111687,
        24.691768304807226
      ],
      [
        -9.453288468526856e-05,
        0.9997166573689654,
        0.02380327797922616,
        55.33201447860483
      ],
      [
        -0.0039702663765603975,
        -0.023803465693520345,
        0.9997087735965292,
        0.4326965404008547
      ],
      [
        0.0,
        0.0,
        0.0,
        1.0
      ]
    ],
    "location": [
      24.691768304807226,
      55.33201447860483,
      0.4326965404008547
    ],
    "rotation": [
      -0.023805901789804827,
      0.0039702768071958605,
      -9.453362989652304e-05
    ]
  }
]