[
  {
    "label_id": "-jGx5h2KM1RTCWtkALlTPg",
    "size": [
      1.972391158651272,
      4.593513203435377,
      1.6999999999999886
    ],
    "obj_class": "vehicle",
    "point_num_in_lidar": 72,
    "speed": 15.42057430094582,
    "if_vehicle": true,
    "motion_state": true,
    "pose": [
      [
        -0.9999766410821505,
        0.006731562871880406,
        -0.0011846313190227603,
        -118.5823271054597
      ],
      [
        -0.006761218136777919,
        -0.9996093189216003,
        0.027120019439547314,
        1.5347976207522152
      ],
      [
        -0.0010016083900376068,
        0.027127395496000718,
        0.9996314826946161,
        1.200773159815185
      ],
      [
        0.0,
        0.0,
        0.0,
        1.0
      ]
    ],
    "location": [
      -118.5823271054597,
      1.5347976207522152,
      1.200773159815185
    ],
    "rotation": [
      0.02713073736576776,
      0.0010016085575098382,
      -3.1348313805465824
    ]
  },
  {
    "label_id": "1YQ_kpgKHcSW4kqTyRAkOQ",
    "size": [
      2.113992752621607,
      4.388851756526188,
      1.6100000000000136
    ],
    "obj_class": "vehicle",
    "point_num_in_lidar": 5124,
    "speed": 4.172672535400727,
    "if_vehicle": true,
    "motion_state": true,
    "pose": [
      [
        -0.9994009614099875,
        -0.03458778659340465,
        -0.0011846313190227603,
        -52.73187512308712
      ],
      [
        0.034542980892475955,
        -0.9990351780676497,
        0.027120019439547314,
        4.488367637031843
      ],
      [
        -0.0021215098055284657,
        0.0270628528043235,
        0.9996314826946161,
        0.9718105056535364
      ],
      [
        0.0,
        0.0,
        0.0,
        1.0
      ]
    ],
    "location": [
      -52.73187512308712,
      4.488367637031843,
      0.9718105056535364
    ],
    "rotation": [
      0.02706621828158723,
      0.002121511396948274,
      3.1070427216754495
    ]
  },
  {
    "label_id": "2gBQINdyd96o4z3Zr-BlXg",
    "size": [
      0.8037584934951675,
      0.6746490747898556,
      1.8500000000000227
    ],
    "obj_class": "pedestrian",
    "point_num_in_lidar": 129,
    "speed": 0.015164947238055127,
    "if_vehicle": false,
    "motion_state": false,
    "pose": [
      [
        -0.9557744847363036,
        -0.2940981655428874,
        -0.0011846313190227603,
        -80.07950092744323
      ],
      [
        0.29395949142650846,
        -0.9554330546646727,
        0.027120019439547314,
        -9.278449892439312
      ],
      [
        -0.009107783886443666,
        0.025572388985804023,
        0.9996314826946161,
        1.5185509490879667
      ],
      [
        0.0,
        0.0,
        0.0,
        1.0
      ]
    ],
    "location": [
      -80.07950092744323,
      -9.278449892439312,
      1.5185509490879667
    ],
    "rotation": [
      0.02557623802108026,
      0.009107909808878434,
      2.8432131662789404
    ]
  },
  {
    "label_id": "34QvoR6V_imNZ02CTvcFLg",
    "size": [
      1.9026241168053506,
      4.357864290621819,
      1.5500000000000114
    ],
    "obj_class": "vehicle",
    "point_num_in_lidar": 35,
    "speed": 1.1369030711563004e-12,
    "if_vehicle": true,
    "motion_state": false,
    "pose": [
      [
        -0.9986106949997697,
        0.052680892937713164,
        -0.0011846313190227603,
        -84.97223997495976
      ],
      [
        -0.052693635654575,
        -0.9982423980712809,
        0.027120019439547314,
        -43.08326108930487
      ],
      [
        0.0002461576318318672,
        0.027144763992043193,
        0.9996314826946161,
        1.9519954291757813
      ],
      [
        0.0,
        0.0,
        0.0,
        1.0
      ]
    ],
    "location": [
      -84.97223997495976,
      -43.08326108930487,
      1.9519954291757813
    ],
    "rotation": [
      0.027148099470454764,
      -0.00024615763431779593,
      -3.088874600790442
    ]
  },
  {
    "label_id": "4iGaZtbzD4XFf7YLTHe1Sg",
    "size": [
      0.9999999999995732,
      1.0,
      1.9499999999999886
    ],
    "obj_class": "pedestrian",
    "point_num_in_lidar": 109,
    "speed": 0.05118247866057641,
    "if_vehicle": false,
    "motion_state": false,
    "pose": [
      [
        -0.6330242831874724,
        0.7741310312496359,
        -0.0011846313190227603,
        -59.3221034650029
      ],
      [
        -0.7738671738887353,
        -0.6327670200974926,
        0.027120019439547314,
        -25.91183313248257
      ],
      [
        0.02024485298659474,
        0.018084378156701983,
        0.9996314826946161,
        1.3359040188602762
      ],
      [
        0.0,
        0.0,
        0.0,
        1.0
      ]
    ],
    "location": [
      -59.3221034650029,
      -25.91183313248257,
      1.3359040188602762
    ],
    "rotation": [
      0.018089071759298497,
      -0.020246236147619424,
      -2.2564176409262138
    ]
  },
  {
    "label_id": "4svB2BL9suqhlT8qPQMSGA",
    "size": [
      1.8336943415088198,
      4.534747083223021,
      1.579999999999984
    ],
    "obj_class": "vehicle",
    "point_num_in_lidar": 23,
    "speed": 2.8452917319372777e-13,
    "if_vehicle": true,
    "motion_state": false,
    "pose": [
      [
        0.9999992983240729,
        -7.317669786529463e-16,
        -0.0011846313190227603,
        -35.321961719812634
      ],
      [
        3.2127246944240155e-05,
        0.9996321841124558,
        0.027120019439547314,
        -64.6297051130914
      ],
      [
        0.0011841955928027213,
        -0.027120038469025453,
        0.9996314826946161,
        1.7460773999513322
      ],
      [
        0.0,
        0.0,
        0.0,
        1.0
      ]
    ],
    "location": [
      -35.321961719812634,
      -64.6297051130914,
      1.7460773999513322
    ],
    "rotation": [
      -0.027123383041138628,
      -0.0011841958695729324,
      3.212726947611825e-05
    ]
  },
  {
    "label_id": "7-k0-aAqBFIwuvVcth1ugQ",
    "size": [
      2.65433068089742,
      7.4845826403753275,
      2.2900000000000205
    ],
    "obj_class": "vehicle",
    "point_num_in_lidar": 110,
    "speed": 0.001718140069234863,
    "if_vehicle": true,
    "motion_state": false,
    "pose": [
      [
        -0.039692193706815336,
        0.9992112521420977,
        -0.0011846313190227603,
        -88.3848224386848
      ],
      [
        -0.9988457024354401,
        -0.039645520199019325,
        0.027120019439547314,
        57.71417181291872
      ],
      [
        0.027051663257421393,
        0.00225971696690342,
        0.9996314826946161,
        0.701908995360327
      ],
      [
        0.0,
        0.0,
        0.0,
        1.0
      ]
    ],
    "location": [
      -88.3848224386848,
      57.71417181291872,
      0.701908995360327
    ],
    "rotation": [
      0.0022605461681815117,
      -0.027054963711711448,
      -1.6105134928742024
    ]
  },
  {
    "label_id": "7H_jvU9tURSLSp0yi3ZSOA",
    "size": [
      1.4422854662698472,
      1.1313572277526598,
      1.8899999999999864
    ],
    "obj_class": "pedestrian",
    "point_num_in_lidar": 134,
    "speed": 0.6888900532395839,
    "if_vehicle": false,
    "motion_state": false,
    "pose": [
      [
        0.5612140362407672,
        -0.8276698630341599,
        -0.0011846313190227603,
        -80.8993222700673
      ],
      [
        0.8273840437262909,
        0.5609814156750025,
        0.027120019439547314,
        -7.589981768429425
      ],
      [
        -0.021781866620615545,
        -0.016200280623654275,
        0.9996314826946161,
        1.4518227386749913
      ],
      [
        0.0,
        0.0,
        0.0,
        1.0
      ]
    ],
    "location": [
      -80.8993222700673,
      -7.589981768429425,
      1.4518227386749913
    ],
    "rotation": [
      -0.01620483431420294,
      0.021783589388518793,
      0.9747835245320704
    ]
  },
  {
    "label_id": "8uBYsb-Gpcz4kEOFtaDN9Q",
    "size": [
      1.7404913752689015,
      4.142263119424243,
      1.9599999999999795
    ],
    "obj_class": "vehicle",
    "point_num_in_lidar": 26,
    "speed": 2.847716647714797e-13,
    "if_vehicle": true,
    "motion_state": false,
    "pose": [
      [
        0.9999992983240729,
        -7.317669786529463e-16,
        -0.0011846313190227603,
        -35.68665881059397
      ],
      [
        3.2127246944240155e-05,
        0.9996321841124558,
        0.027120019439547314,
        -70.29387855043933
      ],
      [
        0.0011841955928027213,
        -0.027120038469025453,
        0.9996314826946161,
        1.8637104163335607
      ],
      [
        0.0,
        0.0,
        0.0,
        1.0
      ]
    ],
    "location": [
      -35.68665881059397,
      -70.29387855043933,
      1.8637104163335607
    ],
    "rotation": [
      -0.027123383041138628,
      -0.0011841958695729324,
      3.212726947611825e-05
    ]
  },
  {
    "label_id": "97LGRvZi3-yunSqGxMM_Jw",
    "size": [
      2.733011944225518,
      6.870703637231516,
      2.9699999999999704
    ],
    "obj_class": "vehicle",
    "point_num_in_lidar": 9860,
    "speed": 0.007720677039904576,
    "if_vehicle": true,
    "motion_state": false,
    "pose": [
      [
        -0.9999920275712334,
        0.003813324351766414,
        -0.0011846313190227603,
        -55.15053452565766
      ],
      [
        -0.003844051438575154,
        -0.9996247935171158,
        0.027120019439547314,
        12.189681888223276
      ],
      [
        -0.0010807694071228308,
        0.02712435701085025,
        0.9996314826946161,
        1.6268798584553679
      ],
      [
        0.0,
        0.0,
        0.0,
        1.0
      ]
    ],
    "location": [
      -55.15053452565766,
      12.189681888223276,
      1.6268798584553679
    ],
    "rotation": [
      0.027127699997054153,
      0.0010807696175239793,
      -3.1377485904390046
    ]
  },
  {
    "label_id": "9OU84eagvEJrB0PWmD5Zkg",
    "size": [
      2.089031648113033,
      4.993037200368213,
      1.6999999999999886
    ],
    "obj_class": "vehicle",
    "point_num_in_lidar": 27,
    "speed": 8.189399321212758,
    "if_vehicle": true,
    "motion_state": true,
    "pose": [
      [
        0.9996783916664969,
        -0.025331993283675823,
        -0.0011846313190227603,
        -127.48879802423637
      ],
      [
        0.025354810479496236,
        0.9993105814165822,
        0.027120019439547314,
        -19.378057126672502
      ],
      [
        0.0004968104618811568,
        -0.027141333517872682,
        0.9996314826946161,
        1.3356425337812539
      ],
      [
        0.0,
        0.0,
        0.0,
        1.0
      ]
    ],
    "location": [
      -127.48879802423637,
      -19.378057126672502,
      1.3356425337812539
    ],
    "rotation": [
      -0.027144670259946248,
      -0.000496810482318338,
      0.02535753102175859
    ]
  },
  {
    "label_id": "9c2B8y2r5Bvrgoj_U5Y_JA",
    "size": [
      2.0352301871761553,
      4.669215735306136,
      1.7900000000000205
    ],
    "obj_class": "vehicle",
    "point_num_in_lidar": 103,
    "speed": 10.568770498601973,
    "if_vehicle": true,
    "motion_state": true,
    "pose": [
      [
        0.999509103229015,
        -0.031307334779063146,
        -0.0011846313190227603,
        -91.18569247497365
      ],
      [
        0.03132795290178686,
        0.9991411631559287,
        0.027120019439547314,
        -15.088228894304848
      ],
      [
        0.00033455838619073455,
        -0.027143818383743714,
        0.9996314826946161,
        1.3268105056530999
      ],
      [
        0.0,
        0.0,
        0.0,
        1.0
      ]
    ],
    "location": [
      -91.18569247497365,
      -15.088228894304848,
      1.3268105056530999
    ],
    "rotation": [
      -0.027147154210546767,
      -0.0003345583924318833,
      0.03133308134140873
    ]
  },
  {
    "label_id": "AXKZxZOE2J4qe-CaUmIcQw",
    "size": [
      1.877092501855337,
      4.241708010517512,
      1.7699999999999818
    ],
    "obj_class": "vehicle",
    "point_num_in_lidar": 46,
    "speed": 1.1261693496086571e-28,
    "if_vehicle": true,
    "motion_state": false,
    "pose": [
      [
        -0.9987395259471541,
        0.05017923833112737,
        -0.0011846313190227603,
        -84.53197504032866
      ],
      [
        -0.05019290358057882,
        -0.9983712620942921,
        0.027120019439547314,
        -62.92957285135344
      ],
      [
        0.00017816005391267298,
        0.02714529544430533,
        0.9996314826946161,
        1.7593574807444838
      ],
      [
        0.0,
        0.0,
        0.0,
        1.0
      ]
    ],
    "location": [
      -84.53197504032866,
      -62.92957285135344,
      1.7593574807444838
    ],
    "rotation": [
      0.02714863072689207,
      -0.00017816005485516952,
      -3.091378649888311
    ]
  },
  {
    "label_id": "BXDlU3DIkqaT24ZzQeHqcw",
    "size": [
      1.0220610767855913,
      1.090747265971741,
      1.0500000000000114
    ],
    "obj_class": "pedestrian",
    "point_num_in_lidar": 108,
    "speed": 0.08389483656013867,
    "if_vehicle": false,
    "motion_state": false,
    "pose": [
      [
        -0.25409398883504664,
        0.9671788053336019,
        -0.0011846313190227603,
        -62.03848090346793
      ],
      [
        -0.9668319033459025,
        -0.25396963444108483,
        0.027120019439547314,
        18.96356292958808
      ],
      [
        0.025929047619125758,
        0.008036373269612524,
        0.9996314826946161,
        0.7646198264583859
      ],
      [
        0.0,
        0.0,
        0.0,
        1.0
      ]
    ],
    "location": [
      -62.03848090346793,
      18.96356292958808,
      0.7646198264583859
    ],
    "rotation": [
      0.008039162714169632,
      -0.025931953915302435,
      -1.8277955183934569
    ]
  },
  {
    "label_id": "D5j3i75zBvzZL7edy7Vfkg",
    "size": [
      1.0822184139979396,
      1.1221680693460732,
      1.079999999999984
    ],
    "obj_class": "sign",
    "point_num_in_lidar": 299,
    "speed": 0.004386105314435042,
    "if_vehicle": false,
    "motion_state": false,
    "pose": [
      [
        0.9994654327891046,
        -0.03267178152971925,
        -0.0011846313190227603,
        -59.19134512553501
      ],
      [
        0.032691897341286344,
        0.9990974649121203,
        0.027120019439547314,
        8.874273431174515
      ],
      [
        0.0002975027974805119,
        -0.02714424981186485,
        0.9996314826946161,
        0.6401329803116482
      ],
      [
        0.0,
        0.0,
        0.0,
        1.0
      ]
    ],
    "location": [
      -59.19134512553501,
      8.874273431174515,
      0.6401329803116482
    ],
    "rotation": [
      -0.027147585479722392,
      -0.0002975028018690708,
      0.03269772489078608
    ]
  },
  {
    "label_id": "Fww1o1EB4na9AHpv_SA6vw",
    "size": [
      1.9997895331551798,
      4.800593639312353,
      1.5600000000000023
    ],
    "obj_class": "vehicle",
    "point_num_in_lidar": 52,
    "speed": 7.787991071153884,
    "if_vehicle": true,
    "motion_state": true,
    "pose": [
      [
        0.9987215239517092,
        -0.0505362666232243,
        -0.0011846313190227603,
        -114.47590612120723
      ],
      [
        0.05054980022406884,
        0.998353255237296,
        0.027120019439547314,
        -19.065129413154864
      ],
      [
        -0.00018786399962156472,
        -0.027145230020780446,
        0.9996314826946161,
        1.1360773999509206
      ],
      [
        0.0,
        0.0,
        0.0,
        1.0
      ]
    ],
    "location": [
      -114.47590612120723,
      -19.065129413154864,
      1.1360773999509206
    ],
    "rotation": [
      -0.027148565327474696,
      0.0001878640007266084,
      0.05057135407801834
    ]
  },
  {
    "label_id": "GtCjV-L_DOEpw0nZQ3Dy6w",
    "size": [
      0.9397652133884554,
      0.9370266590153165,
      1.1100000000000136
    ],
    "obj_class": "sign",
    "point_num_in_lidar": 53,
    "speed": 0.006567218875414749,
    "if_vehicle": false,
    "motion_state": false,
    "pose": [
      [
        0.9999992983240729,
        1.0445898607473042e-15,
        -0.0011846313190227603,
        -62.54293420797245
      ],
      [
        3.212724694246451e-05,
        0.9996321841124558,
        0.027120019439547314,
        -22.32633170308509
      ],
      [
        0.0011841955928027694,
        -0.02712003846902545,
        0.9996314826946161,
        0.7268798584557317
      ],
      [
        0.0,
        0.0,
        0.0,
        1.0
      ]
    ],
    "location": [
      -62.54293420797245,
      -22.32633170308509,
      0.7268798584557317
    ],
    "rotation": [
      -0.027123383041138625,
      -0.0011841958695729805,
      3.21272694743426e-05
    ]
  },
  {
    "label_id": "IRBl4-265z8DyVSL_Ay_RA",
    "size": [
      1.8959271415915224,
      4.818296796365432,
      1.8799999999999955
    ],
    "obj_class": "vehicle",
    "point_num_in_lidar": 46,
    "speed": 2.8421709430404007e-13,
    "if_vehicle": true,
    "motion_state": false,
    "pose": [
      [
        0.9999992983240729,
        1.0445898607473042e-15,
        -0.0011846313190227603,
        -34.70737046475102
      ],
      [
        3.212724694246451e-05,
        0.9996321841124558,
        0.027120019439547314,
        -49.41314930371482
      ],
      [
        0.0011841955928027694,
        -0.02712003846902545,
        0.9996314826946161,
        1.6595294868149608
      ],
      [
        0.0,
        0.0,
        0.0,
        1.0
      ]
    ],
    "location": [
      -34.70737046475102,
      -49.41314930371482,
      1.6595294868149608
    ],
    "rotation": [
      -0.027123383041138625,
      -0.0011841958695729805,
      3.21272694743426e-05
    ]
  },
  {
    "label_id": "J4VvYddmPcAryqS-UZ_20A",
    "size": [
      1.875648120909307,
      4.310370117695685,
      1.8899999999999864
    ],
    "obj_class": "vehicle",
    "point_num_in_lidar": 27,
    "speed": 5.685035733124714e-13,
    "if_vehicle": true,
    "motion_state": false,
    "pose": [
      [
        0.9999992983240729,
        -7.317669786529463e-16,
        -0.0011846313190227603,
        -35.033050385925094
      ],
      [
        3.2127246944240155e-05,
        0.9996321841124558,
        0.027120019439547314,
        -67.55194797141121
      ],
      [
        0.0011841955928027213,
        -0.027120038469025453,
        0.9996314826946161,
        1.973593015657059
      ],
      [
        0.0,
        0.0,
        0.0,
        1.0
      ]
    ],
    "location": [
      -35.033050385925094,
      -67.55194797141121,
      1.973593015657059
    ],
    "rotation": [
      -0.027123383041138628,
      -0.0011841958695729324,
      3.212726947611825e-05
    ]
  },
  {
    "label_id": "LrTZhVUAGYTUkncIjh4pHw",
    "size": [
      1.7509685992957438,
      2.3537852381629554,
      1.7300000000000182
    ],
    "obj_class": "vehicle",
    "point_num_in_lidar": 1555,
    "speed": 0.007120179799943959,
    "if_vehicle": true,
    "motion_state": false,
    "pose": [
      [
        -0.9998222172379444,
        0.018818357155681937,
        -0.0011846313190227603,
        -49.485735726217996
      ],
      [
        -0.018843570222295013,
        -0.9994545634529247,
        0.027120019439547314,
        12.082594626413993
      ],
      [
        -0.0006736309659241167,
        0.027137520651031883,
        0.9996314826946161,
        0.8435920171540943
      ],
      [
        0.0,
        0.0,
        0.0,
        1.0
      ]
    ],
    "location": [
      -49.485735726217996,
      12.082594626413993,
      0.8435920171540943
    ],
    "rotation": [
      0.0271408587968777,
      0.0006736310168706886,
      -3.122747963750186
    ]
  },
  {
    "label_id": "N0xEeDcPODmUZyZL7O9KhQ",
    "size": [
      1.9987228837198978,
      4.597254965828016,
      1.920000000000016
    ],
    "obj_class": "vehicle",
    "point_num_in_lidar": 166,
    "speed": 0.007175455285987464,
    "if_vehicle": true,
    "motion_state": false,
    "pose": [
      [
        0.9999992983240729,
        -7.317669786529463e-16,
        -0.0011846313190227603,
        -35.02557834011077
      ],
      [
        3.2127246944240155e-05,
        0.9996321841124558,
        0.027120019439547314,
        -41.127300013213244
      ],
      [
        0.0011841955928027213,
        -0.027120038469025453,
        0.9996314826946161,
        1.6802380539556339
      ],
      [
        0.0,
        0.0,
        0.0,
        1.0
      ]
    ],
    "location": [
      -35.02557834011077,
      -41.127300013213244,
      1.6802380539556339
    ],
    "rotation": [
      -0.027123383041138628,
      -0.0011841958695729324,
      3.212726947611825e-05
    ]
  },
  {
    "label_id": "Q6fs_63CkqvoTcB1qAcIFA",
    "size": [
      2.5817557177114345,
      5.077991374472059,
      2.1399999999999864
    ],
    "obj_class": "vehicle",
    "point_num_in_lidar": 174,
    "speed": 2.8421709430404007e-13,
    "if_vehicle": true,
    "motion_state": false,
    "pose": [
      [
        0.6057790667435344,
        0.7956320248355835,
        -0.0011846313190227603,
        -113.99894396238157
      ],
      [
        -0.7953204747797711,
        0.6055822379674608,
        0.027120019439547314,
        -10.840260225892052
      ],
      [
        0.02229494766560756,
        -0.015486578523071313,
        0.9996314826946161,
        1.691879858455195
      ],
      [
        0.0,
        0.0,
        0.0,
        1.0
      ]
    ],
    "location": [
      -113.99894396238157,
      -10.840260225892052,
      1.691879858455195
    ],
    "rotation": [
      -0.01549104843793716,
      -0.022296795084079897,
      -0.9198623335082966
    ]
  },
  {
    "label_id": "Sv6Kp_7Yn7_dppLzJAxahA",
    "size": [
      2.2878795860020307,
      4.83846683002856,
      2.0
    ],
    "obj_class": "vehicle",
    "point_num_in_lidar": 1879,
    "speed": 5.826819984001215,
    "if_vehicle": true,
    "motion_state": true,
    "pose": [
      [
        -0.6114563288380397,
        -0.7912772930980297,
        -0.0011846313190227603,
        -66.93323897330973
      ],
      [
        0.7909671593323184,
        -0.6112572759512656,
        0.027120019439547314,
        9.55056442154455
      ],
      [
        -0.02218357008396335,
        0.015645703055258336,
        0.9996314826946161,
        1.1589682358624032
      ],
      [
        0.0,
        0.0,
        0.0,
        1.0
      ]
    ],
    "location": [
      -66.93323897330973,
      9.55056442154455,
      1.1589682358624032
    ],
    "rotation": [
      0.015650193041621616,
      0.02218538994933679,
      2.228886310543962
    ]
  },
  {
    "label_id": "TF-e0qfWBKlF_b0k2fIi4w",
    "size": [
      1.9207280595216691,
      4.463873919194776,
      1.5600000000000023
    ],
    "obj_class": "vehicle",
    "point_num_in_lidar": 98,
    "speed": 9.294445452987103,
    "if_vehicle": true,
    "motion_state": true,
    "pose": [
      [
        0.9997306012817889,
        -0.023180196491636815,
        -0.0011846313190227603,
        -91.97579615757023
      ],
      [
        0.023203805320546767,
        0.9993628409963244,
        0.027120019439547314,
        -18.813515155581626
      ],
      [
        0.000555229141046092,
        -0.027140201295575664,
        0.9996314826946161,
        1.1711366556795042
      ],
      [
        0.0,
        0.0,
        0.0,
        1.0
      ]
    ],
    "location": [
      -91.97579615757023,
      -18.813515155581626,
      1.1711366556795042
    ],
    "rotation": [
      -0.02714353845457861,
      -0.0005552291695737137,
      0.023205891621718214
    ]
  },
  {
    "label_id": "WASi6kOEGcG25GLiTIITRg",
    "size": [
      2.6120124770363207,
      7.188040993103449,
      2.4399999999999977
    ],
    "obj_class": "vehicle",
    "point_num_in_lidar": 379,
    "speed": 0.0114869345259704,
    "if_vehicle": true,
    "motion_state": false,
    "pose": [
      [
        -0.0091537297108077,
        0.9999574020332164,
        -0.0011846313190227603,
        -88.29418950865015
      ],
      [
        -0.9995905972866751,
        -0.00911824334325352,
        0.027120019439547314,
        36.43308507993606
      ],
      [
        0.027108062425221166,
        0.0014323956554479292,
        0.9996314826946161,
        1.624634292082476
      ],
      [
        0.0,
        0.0,
        0.0,
        1.0
      ]
    ],
    "location": [
      -88.29418950865015,
      36.43308507993606,
      1.624634292082476
    ],
    "rotation": [
      0.0014329227319079389,
      -0.027111383570188927,
      -1.579953549634973
    ]
  },
  {
    "label_id": "ZSFR0_-rEfWNevQkHaEhFQ",
    "size": [
      2.216010875331136,
      4.30560871595925,
      1.7900000000000205
    ],
    "obj_class": "vehicle",
    "point_num_in_lidar": 1399,
    "speed": 10.57900168232622,
    "if_vehicle": true,
    "motion_state": true,
    "pose": [
      [
        0.9997071675275577,
        -0.024169729884005613,
        -0.0011846313190227603,
        -63.11830859924885
      ],
      [
        0.024192974688026923,
        0.9993393840539576,
        0.027120019439547314,
        -14.479310301867372
      ],
      [
        0.0005283651883803926,
        -0.02714073757271791,
        0.9996314826946161,
        1.2080808436974166
      ],
      [
        0.0,
        0.0,
        0.0,
        1.0
      ]
    ],
    "location": [
      -63.11830859924885,
      -14.479310301867372,
      1.2080808436974166
    ],
    "rotation": [
      -0.027144074534250905,
      -0.0005283652129643272,
      0.024195338712580367
    ]
  },
  {
    "label_id": "ctW65CIWnfgzcBsgEI6eEg",
    "size": [
      1.120558007640452,
      0.99186347399398,
      1.0699999999999932
    ],
    "obj_class": "sign",
    "point_num_in_lidar": 201,
    "speed": 3.108624468950438e-14,
    "if_vehicle": false,
    "motion_state": false,
    "pose": [
      [
        0.9994654327890931,
        -0.03267178153007567,
        -0.0011846313190227603,
        -59.271190973348524
      ],
      [
        0.03269189734164263,
        0.9990974649121087,
        0.027120019439547314,
        11.721001093836094
      ],
      [
        0.0002975027974708321,
        -0.027144249811864956,
        0.9996314826946161,
        0.5897425307986737
      ],
      [
        0.0,
        0.0,
        0.0,
        1.0
      ]
    ],
    "location": [
      -59.271190973348524,
      11.721001093836094,
      0.5897425307986737
    ],
    "rotation": [
      -0.0271475854797225,
      -0.000297502801859391,
      0.03269772489114255
    ]
  },
  {
    "label_id": "fxYJPKvGSuuDKaSQkZStYQ",
    "size": [
      1.8889588141056592,
      4.426904542688601,
      1.6800000000000068
    ],
    "obj_class": "vehicle",
    "point_num_in_lidar": 452,
    "speed": 9.279830480428336,
    "if_vehicle": true,
    "motion_state": true,
    "pose": [
      [
        0.9998651276899906,
        -0.016380570140165078,
        -0.0011846313190227603,
        -77.06544293648815
      ],
      [
        0.016406679532260066,
        0.9994975364713634,
        0.027120019439547314,
        -18.258748679636483
      ],
      [
        0.0007397947043579254,
        -0.027135797566293085,
        0.9996314826946161,
        1.1541453604193634
      ],
      [
        0.0,
        0.0,
        0.0,
        1.0
      ]
    ],
    "location": [
      -77.06544293648815,
      -18.258748679636483,
      1.1541453604193634
    ],
    "rotation": [
      -0.027139136346263294,
      -0.0007397947718390809,
      0.01640742016765894
    ]
  },
  {
    "label_id": "gReOadgSa6ggtDSZ_bnQ5Q",
    "size": [
      1.1020334662251194,
      0.8957830059557224,
      1.1000000000000227
    ],
    "obj_class": "pedestrian",
    "point_num_in_lidar": 42,
    "speed": 0.02117892352467059,
    "if_vehicle": false,
    "motion_state": false,
    "pose": [
      [
        -0.63362704486324,
        -0.7736377477001207,
        -0.0011846313190227603,
        -92.92239703023054
      ],
      [
        0.7733333773821869,
        -0.6334192860753917,
        0.027120019439547314,
        18.654132525864043
      ],
      [
        -0.02173143908115282,
        0.0162678628352214,
        0.9996314826946161,
        1.0326059890007286
      ],
      [
        0.0,
        0.0,
        0.0,
        1.0
      ]
    ],
    "location": [
      -92.92239703023054,
      18.654132525864043,
      1.0326059890007286
    ],
    "rotation": [
      0.0162724236141765,
      0.021733149909825052,
      2.2572223595638845
    ]
  },
  {
    "label_id": "gofHjXzTs7FWeFilqynuPg",
    "size": [
      2.00623017802354,
      4.722435152556317,
      1.589999999999975
    ],
    "obj_class": "vehicle",
    "point_num_in_lidar": 69,
    "speed": 0.0,
    "if_vehicle": true,
    "motion_state": false,
    "pose": [
      [
        0.9999992983240729,
        1.0445898607473042e-15,
        -0.0011846313190227603,
        -34.671216280914706
      ],
      [
        3.212724694246451e-05,
        0.9996321841124558,
        0.027120019439547314,
        -46.96265925697844
      ],
      [
        0.0011841955928027694,
        -0.02712003846902545,
        0.9996314826946161,
        1.4871551379211496
      ],
      [
        0.0,
        0.0,
        0.0,
        1.0
      ]
    ],
    "location": [
      -34.671216280914706,
      -46.96265925697844,
      1.4871551379211496
    ],
    "rotation": [
      -0.027123383041138625,
      -0.0011841958695729805,
      3.21272694743426e-05
    ]
  },
  {
    "label_id": "gy9mAZLClR19nDtkUsKYAA",
    "size": [
      1.924199149292695,
      4.640621657728636,
      1.740000000000009
    ],
    "obj_class": "vehicle",
    "point_num_in_lidar": 83,
    "speed": 4.440892098500626e-15,
    "if_vehicle": true,
    "motion_state": false,
    "pose": [
      [
        0.9999992983240729,
        1.0445898607473042e-15,
        -0.0011846313190227603,
        -35.24436293139058
      ],
      [
        3.212724694246451e-05,
        0.9996321841124558,
        0.027120019439547314,
        -36.498409425204954
      ],
      [
        0.0011841955928027694,
        -0.02712003846902545,
        0.9996314826946161,
        1.4064390705890446
      ],
      [
        0.0,
        0.0,
        0.0,
        1.0
      ]
    ],
    "location": [
      -35.24436293139058,
      -36.498409425204954,
      1.4064390705890446
    ],
    "rotation": [
      -0.027123383041138625,
      -0.0011841958695729805,
      3.21272694743426e-05
    ]
  },
  {
    "label_id": "i5j529DQ3xVIaMhN_CqDdg",
    "size": [
      1.1681500733670225,
      1.1867695902315556,
      1.839999999999975
    ],
    "obj_class": "pedestrian",
    "point_num_in_lidar": 185,
    "speed": 0.34652865609095335,
    "if_vehicle": false,
    "motion_state": false,
    "pose": [
      [
        0.11992634442676973,
        -0.9927820851330215,
        -0.0011846313190227603,
        -63.8055974995402
      ],
      [
        0.9924214733707801,
        0.11985042235290054,
        0.027120019439547314,
        20.497470273408908
      ],
      [
        -0.026782290884124503,
        -0.00442805835119358,
        0.9996314826946161,
        1.1157731598148644
      ],
      [
        0.0,
        0.0,
        0.0,
        1.0
      ]
    ],
    "location": [
      -63.8055974995402,
      20.497470273408908,
      1.1157731598148644
    ],
    "rotation": [
      -0.004429661795873065,
      0.026785493701211194,
      1.4505372885972931
    ]
  },
  {
    "label_id": "i9VNOB2WBRj9osW_hX1lgQ",
    "size": [
      1.806530648340407,
      4.5505860144962815,
      1.8000000000000114
    ],
    "obj_class": "vehicle",
    "point_num_in_lidar": 36,
    "speed": 5.685902922862834e-13,
    "if_vehicle": true,
    "motion_state": false,
    "pose": [
      [
        0.9999992983240729,
        -7.317669786529463e-16,
        -0.0011846313190227603,
        -34.7451814293201
      ],
      [
        3.2127246944240155e-05,
        0.9996321841124558,
        0.027120019439547314,
        -52.27160028351318
      ],
      [
        0.0011841955928027213,
        -0.027120038469025453,
        0.9996314826946161,
        1.713263832745497
      ],
      [
        0.0,
        0.0,
        0.0,
        1.0
      ]
    ],
    "location": [
      -34.7451814293201,
      -52.27160028351318,
      1.713263832745497
    ],
    "rotation": [
      -0.027123383041138628,
      -0.0011841958695729324,
      3.212726947611825e-05
    ]
  },
  {
    "label_id": "iHBa2LA3ziDFWThMzfxSrQ",
    "size": [
      1.1548516358369603,
      1.0708842660739963,
      1.25
    ],
    "obj_class": "sign",
    "point_num_in_lidar": 68,
    "speed": 0.0,
    "if_vehicle": false,
    "motion_state": false,
    "pose": [
      [
        0.062136102512907736,
        0.9980669824281051,
        -0.0011846313190227603,
        -88.34112251324403
      ],
      [
        -0.9976985813343023,
        0.06214535661752477,
        0.027120019439547314,
        17.729811577084547
      ],
      [
        0.027141215301201494,
        -0.0005032273216545714,
        0.9996314826946161,
        0.9021053867334672
      ],
      [
        0.0,
        0.0,
        0.0,
        1.0
      ]
    ],
    "location": [
      -88.34112251324403,
      17.729811577084547,
      0.9021053867334672
    ],
    "rotation": [
      -0.0005034127954714192,
      -0.027144548648953302,
      -1.5085972280134654
    ]
  },
  {
    "label_id": "jcMjZDvyQh7S9D1-oC8sUA",
    "size": [
      2.524604496703214,
      5.794295811722223,
      1.8600000000000136
    ],
    "obj_class": "vehicle",
    "point_num_in_lidar": 275,
    "speed": 2.8435583831733384e-13,
    "if_vehicle": true,
    "motion_state": false,
    "pose": [
      [
        -0.9999885439686871,
        -0.004637734363153895,
        -0.0011846313190227603,
        -65.21777013011138
      ],
      [
        0.004603904882329383,
        -0.9996215827028913,
        0.027120019439547314,
        -40.020661225473305
      ],
      [
        -0.0013099584801251354,
        0.027114254821841998,
        0.9996314826946161,
        2.0711753875259546
      ],
      [
        0.0,
        0.0,
        0.0,
        1.0
      ]
    ],
    "location": [
      -65.21777013011138,
      -40.020661225473305,
      2.0711753875259546
    ],
    "rotation": [
      0.02711760151631492,
      0.001309958854771633,
      3.136988728493116
    ]
  },
  {
    "label_id": "nIkRugAGG0nTBKZGfO4uEw",
    "size": [
      1.8637469243193876,
      4.217077508524435,
      1.5500000000000114
    ],
    "obj_class": "vehicle",
    "point_num_in_lidar": 45,
    "speed": 0.0,
    "if_vehicle": true,
    "motion_state": false,
    "pose": [
      [
        0.999387969626104,
        -0.034961161526063544,
        -0.0011846313190227603,
        -35.61190845734822
      ],
      [
        0.03498043438442854,
        0.9990199566354395,
        0.027120019439547314,
        -54.75781441544132
      ],
      [
        0.0002353229487431044,
        -0.027144860082034473,
        0.9996314826946161,
        1.5768798584550723
      ],
      [
        0.0,
        0.0,
        0.0,
        1.0
      ]
    ],
    "location": [
      -35.61190845734822,
      -54.75781441544132,
      1.5768798584550723
    ],
    "rotation": [
      -0.02714819552504079,
      -0.00023532295091501328,
      0.03498757314067346
    ]
  },
  {
    "label_id": "piSZshXXJoBYeTBgNxYSAA",
    "size": [
      1.848687077282111,
      4.196742963788994,
      1.670000000000016
    ],
    "obj_class": "vehicle",
    "point_num_in_lidar": 24,
    "speed": 4.440892098500626e-15,
    "if_vehicle": true,
    "motion_state": false,
    "pose": [
      [
        0.9965976861041806,
        -0.08241145976398596,
        -0.0011846313190227603,
        -84.88072985496456
      ],
      [
        0.08241322328710872,
        0.9962291730184516,
        0.027120019439547314,
        -46.208976187275766
      ],
      [
        -0.0010548361115589686,
        -0.027125377905960774,
        0.9996314826946161,
        1.8482707867054842
      ],
      [
        0.0,
        0.0,
        0.0,
        1.0
      ]
    ],
    "location": [
      -84.88072985496456,
      -46.208976187275766,
      1.8482707867054842
    ],
    "rotation": [
      -0.027128720517110932,
      0.0010548363071747706,
      0.08250684651936432
    ]
  },
  {
    "label_id": "slzRePUL32VlVCupH5t8lw",
    "size": [
      2.9216232952636445,
      10.613183625004126,
      3.6399999999999864
    ],
    "obj_class": "vehicle",
    "point_num_in_lidar": 465,
    "speed": 12.813009632596945,
    "if_vehicle": true,
    "motion_state": true,
    "pose": [
      [
        -0.9987683781630424,
        -0.049601647454535075,
        -0.0011846313190227603,
        -113.05584671146177
      ],
      [
        0.049551350271217966,
        -0.9984033094055217,
        0.027120019439547314,
        7.868898057264232
      ],
      [
        -0.002527937472538316,
        0.027027917749955697,
        0.9996314826946161,
        2.1198527051614633
      ],
      [
        0.0,
        0.0,
        0.0,
        1.0
      ]
    ],
    "location": [
      -113.05584671146177,
      7.868898057264232,
      2.1198527051614633
    ],
    "rotation": [
      0.0270312959112099,
      0.002527940164996589,
      3.0920208448191615
    ]
  },
  {
    "label_id": "tHiLYp-JdD1GE2Xou2SH_g",
    "size": [
      2.281286627728678,
      4.608025198634581,
      2.009999999999991
    ],
    "obj_class": "vehicle",
    "point_num_in_lidar": 54,
    "speed": 8.526541741130118e-13,
    "if_vehicle": true,
    "motion_state": false,
    "pose": [
      [
        0.9969862726354062,
        -0.07756912288531734,
        -0.0011846313190227603,
        -84.7877164712643
      ],
      [
        0.07757267658459725,
        0.9966177724650008,
        0.027120019439547314,
        -35.84062509402247
      ],
      [
        -0.0009230514942017012,
        -0.02713018211701657,
        0.9996314826946161,
        1.9454924729031973
      ],
      [
        0.0,
        0.0,
        0.0,
        1.0
      ]
    ],
    "location": [
      -84.7877164712643,
      -35.84062509402247,
      1.9454924729031973
    ],
    "rotation": [
      -0.027133522962449527,
      0.0009230516252787652,
      0.07765072035105235
    ]
  },
  {
    "label_id": "tkAwnC0RmnNm52uw7Er9_w",
    "size": [
      0.724696641942466,
      0.7938529633716231,
      0.8600000000000136
    ],
    "obj_class": "pedestrian",
    "point_num_in_lidar": 28,
    "speed": 0.012606792534738263,
    "if_vehicle": false,
    "motion_state": false,
    "pose": [
      [
        -0.9987267961512639,
        0.05043196702558491,
        -0.0011846313190227603,
        -60.81747524874163
      ],
      [
        -0.050445539085702255,
        -0.9983585288522113,
        0.027120019439547314,
        -26.63361613667803
      ],
      [
        0.00018502914521665448,
        0.027145249491924994,
        0.9996314826946161,
        0.9042420418488177
      ],
      [
        0.0,
        0.0,
        0.0,
        1.0
      ]
    ],
    "location": [
      -60.81747524874163,
      -26.63361613667803,
      0.9042420418488177
    ],
    "rotation": [
      0.027148584791444465,
      -0.00018502914627242415,
      -3.0911256938672262
    ]
  },
  {
    "label_id": "tme8SKJXoDfayi5l40MZCg",
    "size": [
      2.535843216938893,
      6.373996801546928,
      1.9800000000000182
    ],
    "obj_class": "vehicle",
    "point_num_in_lidar": 133,
    "speed": 5.684385254002266e-13,
    "if_vehicle": true,
    "motion_state": false,
    "pose": [
      [
        -0.02829604502568021,
        0.9995988847955677,
        -0.0011846313190227603,
        -88.44430098472642
      ],
      [
        -0.9992328266562146,
