[
  {
    "label_id": "-jGx5h2KM1RTCWtkALlTPg",
    "size": [
      1.9723911586524137,
      4.593513203435377,
      1.6999999999999886
    ],
    "obj_class": "vehicle",
    "point_num_in_lidar": 173,
    "speed": 13.3490661350527,
    "if_vehicle": true,
    "motion_state": true,
    "pose": [
      [
        -0.9997896458065231,
        -0.019874284335544393,
        -0.005067243848221613,
        -88.52242039238837
      ],
      [
        0.019710855144134294,
        -0.999340853486737,
        0.030485090485141825,
        1.2471758119809238
      ],
      [
        -0.0056697731484037115,
        0.03037879810904745,
        0.9995223770871243,
        1.2007731598150144
      ],
      [
        0.0,
        0.0,
        0.0,
        1.0
      ]
    ],
    "location": [
      -88.52242039238837,
      1.2471758119809238,
      1.2007731598150144
    ],
    "rotation": [
      0.030383961191791164,
      0.005669803525907281,
      3.1218802050010748
    ]
  },
  {
    "label_id": "0dItGO83CJ_wt_3rDsNP2w",
    "size": [
      0.5982410950696812,
      0.1706041126485065,
      0.6399999999999864
    ],
    "obj_class": "sign",
    "point_num_in_lidar": 28,
    "speed": 0.03494216434597044,
    "if_vehicle": false,
    "motion_state": false,
    "pose": [
      [
        -0.20935340179080347,
        0.9778269152556608,
        -0.005067243848221613,
        -65.03947195042235
      ],
      [
        -0.9774173197695516,
        -0.20910772886868348,
        0.030485090485141825,
        37.04797015268741
      ],
      [
        0.028749542137650498,
        0.011334969297712414,
        0.9995223770871243,
        1.625257864907951
      ],
      [
        0.0,
        0.0,
        0.0,
        1.0
      ]
    ],
    "location": [
      -65.03947195042235,
      37.04797015268741,
      1.625257864907951
    ],
    "rotation": [
      0.011339899622312029,
      -0.028753504034176577,
      -1.7817985236912746
    ]
  },
  {
    "label_id": "20Y4i40d8raHY1Clo4K4wg",
    "size": [
      0.7999212305811733,
      0.15511676600605773,
      0.7769746969505036
    ],
    "obj_class": "sign",
    "point_num_in_lidar": 36,
    "speed": 0.012849083510516094,
    "if_vehicle": false,
    "motion_state": false,
    "pose": [
      [
        -0.20935340179247616,
        0.9778269152553026,
        -0.005067243848221613,
        -65.03742660447875
      ],
      [
        -0.9774173197691939,
        -0.20910772887035547,
        0.030485090485141825,
        37.05098909107983
      ],
      [
        0.028749542137631107,
        0.011334969297761593,
        0.9995223770871243,
        2.318617520529358
      ],
      [
        0.0,
        0.0,
        0.0,
        1.0
      ]
    ],
    "location": [
      -65.03742660447875,
      37.05098909107983,
      2.318617520529358
    ],
    "rotation": [
      0.011339899622361226,
      -0.02875350403415718,
      -1.7817985236929859
    ]
  },
  {
    "label_id": "2gBQINdyd96o4z3Zr-BlXg",
    "size": [
      0.8037584934951649,
      0.6746490747898556,
      1.8500000000000227
    ],
    "obj_class": "pedestrian",
    "point_num_in_lidar": 91,
    "speed": 0.027764003186333763,
    "if_vehicle": false,
    "motion_state": false,
    "pose": [
      [
        -0.955762884601633,
        -0.29409459610429517,
        -0.005067243848221613,
        -80.06526308002071
      ],
      [
        0.29381403219616625,
        -0.9553763518858644,
        0.030485090485141825,
        -9.249967963130985
      ],
      [
        -0.013806625315260728,
        0.027647690672253734,
        0.9995223770871243,
        1.6060467289707958
      ],
      [
        0.0,
        0.0,
        0.0,
        1.0
      ]
    ],
    "location": [
      -80.06526308002071,
      -9.249967963130985,
      1.6060467289707958
    ],
    "rotation": [
      0.027653850702506873,
      0.013807063996057384,
      2.843348801083916
    ]
  },
  {
    "label_id": "4iGaZtbzD4XFf7YLTHe1Sg",
    "size": [
      0.9999999999988557,
      1.0,
      1.9499999999999886
    ],
    "obj_class": "pedestrian",
    "point_num_in_lidar": 79,
    "speed": 0.011584009376570215,
    "if_vehicle": false,
    "motion_state": false,
    "pose": [
      [
        -0.6640631164470845,
        0.7476593478412268,
        -0.005067243848221613,
        -59.27545041461431
      ],
      [
        -0.7474240215895938,
        -0.6636474901700082,
        0.030485090485141825,
        -25.89197072440402
      ],
      [
        0.019429599209050238,
        0.024031403968147572,
        0.9995223770871243,
        1.3359040188601625
      ],
      [
        0.0,
        0.0,
        0.0,
        1.0
      ]
    ],
    "location": [
      -59.27545041461431,
      -25.89197072440402,
      1.3359040188601625
    ],
    "rotation": [
      0.024038256260890307,
      -0.019430821892585236,
      -2.2972040924028567
    ]
  },
  {
    "label_id": "6UnIBe0cOQDEznFzk4-t7g",
    "size": [
      2.1718263450577138,
      4.895286408426708,
      2.0
    ],
    "obj_class": "vehicle",
    "point_num_in_lidar": 23,
    "speed": 2.220446049250313e-14,
    "if_vehicle": true,
    "motion_state": false,
    "pose": [
      [
        -0.9984907388751524,
        0.054686080681788526,
        -0.005067243848221613,
        -85.10398647734658
      ],
      [
        -0.054815611098431624,
        -0.9980310155691646,
        0.030485090485141825,
        -51.71350847690155
      ],
      [
        -0.003390156406115128,
        0.03071684459131017,
        0.9995223770871243,
        2.1496752745553067
      ],
      [
        0.0,
        0.0,
        0.0,
        1.0
      ]
    ],
    "location": [
      -85.10398647734658,
      -51.71350847690155,
      2.1496752745553067
    ],
    "rotation": [
      0.030721853594481544,
      0.003390162900083973,
      -3.0867492386152717
    ]
  },
  {
    "label_id": "7H_jvU9tURSLSp0yi3ZSOA",
    "size": [
      1.4422854662693025,
      1.1313572277526598,
      1.8899999999999864
    ],
    "obj_class": "pedestrian",
    "point_num_in_lidar": 123,
    "speed": 0.08584053413271794,
    "if_vehicle": false,
    "motion_state": false,
    "pose": [
      [
        0.998880697650777,
        -0.04702844777875945,
        -0.005067243848221613,
        -80.4595887802763
      ],
      [
        0.04716149936104572,
        0.9984219810461561,
        0.030485090485141825,
        -8.204779675916143
      ],
      [
        0.0036255811554741207,
        -0.0306899472692557,
        0.9995223770871243,
        1.521109662365916
      ],
      [
        0.0,
        0.0,
        0.0,
        1.0
      ]
    ],
    "location": [
      -80.4595887802763,
      -8.204779675916143,
      1.521109662365916
    ],
    "rotation": [
      -0.030694968788007215,
      -0.0036255890984676943,
      0.04717931001919554
    ]
  },
  {
    "label_id": "8uBYsb-Gpcz4kEOFtaDN9Q",
    "size": [
      1.7404913752689093,
      4.142263119424243,
      1.9599999999999795
    ],
    "obj_class": "vehicle",
    "point_num_in_lidar": 23,
    "speed": 2.847716647714797e-13,
    "if_vehicle": true,
    "motion_state": false,
    "pose": [
      [
        0.999987161437477,
        -2.5832506782013445e-15,
        -0.005067243848221613,
        -35.68665881059391
      ],
      [
        0.0001544773704932756,
        0.9995352096824077,
        0.030485090485141825,
        -70.29387855043751
      ],
      [
        0.005064888642344001,
        -0.030485481874906933,
        0.9995223770871243,
        1.8739537954322145
      ],
      [
        0.0,
        0.0,
        0.0,
        1.0
      ]
    ],
    "location": [
      -35.68665881059391,
      -70.29387855043751,
      1.8739537954322145
    ],
    "rotation": [
      -0.030490597084988923,
      -0.005064910297607226,
      0.00015447935255729261
    ]
  },
  {
    "label_id": "97LGRvZi3-yunSqGxMM_Jw",
    "size": [
      2.7330119442255176,
      6.870703637231516,
      2.9699999999999704
    ],
    "obj_class": "vehicle",
    "point_num_in_lidar": 6398,
    "speed": 0.007683461135477228,
    "if_vehicle": true,
    "motion_state": false,
    "pose": [
      [
        -0.9999798907728819,
        0.003813278069848115,
        -0.005067243848221613,
        -55.14194978777016
      ],
      [
        -0.003966030877328515,
        -0.9995273532311123,
        0.030485090485141825,
        12.175930125045852
      ],
      [
        -0.004948600704785257,
        0.03050457429909854,
        0.9995223770871243,
        1.6268798584552542
      ],
      [
        0.0,
        0.0,
        0.0,
        1.0
      ]
    ],
    "location": [
      -55.14194978777016,
      12.175930125045852,
      1.6268798584552542
    ],
    "rotation": [
      0.030509680868649552,
      0.004948620902432063,
      -3.1376265637525336
    ]
  },
  {
    "label_id": "AdBkVx0b9kPemMNsgkGfrA",
    "size": [
      1.4666399194667499,
      1.0272516549106756,
      1.240000000000009
    ],
    "obj_class": "pedestrian",
    "point_num_in_lidar": 23,
    "speed": 0.020126304380407616,
    "if_vehicle": false,
    "motion_state": false,
    "pose": [
      [
        0.10733872023555045,
        -0.9942095967038223,
        -0.005067243848221613,
        -90.84578034892986
      ],
      [
        0.9937768377789366,
        0.10713662283369756,
        0.030485090485141825,
        -28.11258606402589
      ],
      [
        -0.02976568212373909,
        -0.008307940166680523,
        0.9995223770871243,
        0.8973159800294184
      ],
      [
        0.0,
        0.0,
        0.0,
        1.0
      ]
    ],
    "location": [
      -90.84578034892986,
      -28.11258606402589,
      0.8973159800294184
    ],
    "rotation": [
      -0.008311718716007423,
      0.02977007925547745,
      1.4632025524427226
    ]
  },
  {
    "label_id": "D5j3i75zBvzZL7edy7Vfkg",
    "size": [
      1.0822184139979398,
      1.1221680693460732,
      1.079999999999984
    ],
    "obj_class": "sign",
    "point_num_in_lidar": 218,
    "speed": 0.004386105278618963,
    "if_vehicle": false,
    "motion_state": false,
    "pose": [
      [
        0.9994533023819788,
        -0.03267138499573531,
        -0.005067243848221613,
        -59.191194439567056
      ],
      [
        0.0328110138166595,
        0.9989965448541029,
        0.030485090485141825,
        8.865065005062206
      ],
      [
        0.0040661689684367034,
        -0.03063468576670482,
        0.9995223770871243,
        0.7177188824481391
      ],
      [
        0.0,
        0.0,
        0.0,
        1.0
      ]
    ],
    "location": [
      -59.191194439567056,
      8.865065005062206,
      0.7177188824481391
    ],
    "rotation": [
      -0.03063973285992634,
      -0.004066180173343433,
      0.03281717524947593
    ]
  },
  {
    "label_id": "IRBl4-265z8DyVSL_Ay_RA",
    "size": [
      1.8959271415915278,
      4.818296796365432,
      1.8799999999999955
    ],
    "obj_class": "vehicle",
    "point_num_in_lidar": 32,
    "speed": 2.8421709430404007e-13,
    "if_vehicle": true,
    "motion_state": false,
    "pose": [
      [
        0.999987161437477,
        2.745819839999407e-15,
        -0.005067243848221613,
        -34.70737046475102
      ],
      [
        0.000154477370487949,
        0.9995352096824077,
        0.030485090485141825,
        -49.41314930371118
      ],
      [
        0.005064888642344163,
        -0.030485481874906906,
        0.9995223770871243,
        1.694187258763975
      ],
      [
        0.0,
        0.0,
        0.0,
        1.0
      ]
    ],
    "location": [
      -34.70737046475102,
      -49.41314930371118,
      1.694187258763975
    ],
    "rotation": [
      -0.030490597084988896,
      -0.005064910297607388,
      0.00015447935255196593
    ]
  },
  {
    "label_id": "J4VvYddmPcAryqS-UZ_20A",
    "size": [
      1.8756481209093185,
      4.310370117695685,
      1.8899999999999864
    ],
    "obj_class": "vehicle",
    "point_num_in_lidar": 20,
    "speed": 5.685035733124714e-13,
    "if_vehicle": true,
    "motion_state": false,
    "pose": [
      [
        0.999987161437477,
        -2.139161468351282e-15,
        -0.005067243848221613,
        -35.033050385925065
      ],
      [
        0.00015447737049283173,
        0.9995352096824077,
        0.030485090485141825,
        -67.55194797140939
      ],
      [
        0.005064888642344015,
        -0.03048548187490693,
        0.9995223770871243,
        1.9939793754464858
      ],
      [
        0.0,
        0.0,
        0.0,
        1.0
      ]
    ],
    "location": [
      -35.033050385925065,
      -67.55194797140939,
      1.9939793754464858
    ],
    "rotation": [
      -0.03049059708498892,
      -0.00506491029760724,
      0.00015447935255684871
    ]
  },
  {
    "label_id": "LrTZhVUAGYTUkncIjh4pHw",
    "size": [
      1.7509685992957449,
      2.3537852381629554,
      1.7300000000000182
    ],
    "obj_class": "vehicle",
    "point_num_in_lidar": 1770,
    "speed": 0.007462899296634883,
    "if_vehicle": true,
    "motion_state": false,
    "pose": [
      [
        -0.9998100825005631,
        0.018818128759254787,
        -0.005067243848221613,
        -49.47491994516881
      ],
      [
        -0.018964073779193957,
        -0.9993553037652876,
        0.030485090485141825,
        12.07125569967684
      ],
      [
        -0.004490304657205363,
        0.03057539641918162,
        0.9995223770871243,
        0.9372794287951365
      ],
      [
        0.0,
        0.0,
        0.0,
        1.0
      ]
    ],
    "location": [
      -49.47491994516881,
      12.07125569967684,
      0.9372794287951365
    ],
    "rotation": [
      0.030580470742961132,
      0.004490319746888277,
      -3.1226272517103304
    ]
  },
  {
    "label_id": "N0xEeDcPODmUZyZL7O9KhQ",
    "size": [
      1.9987228837198965,
      4.597254965828016,
      1.920000000000016
    ],
    "obj_class": "vehicle",
    "point_num_in_lidar": 95,
    "speed": 0.007175455285900557,
    "if_vehicle": true,
    "motion_state": false,
    "pose": [
      [
        0.999987161437477,
        -8.06893838801094e-16,
        -0.005067243848221613,
        -35.010938796797916
      ],
      [
        0.00015447737049150006,
        0.9995352096824077,
        0.030485090485141825,
        -41.130861592597284
      ],
      [
        0.005064888642344055,
        -0.030485481874906923,
        0.9995223770871243,
        1.695304117647595
      ],
      [
        0.0,
        0.0,
        0.0,
        1.0
      ]
    ],
    "location": [
      -35.010938796797916,
      -41.130861592597284,
      1.695304117647595
    ],
    "rotation": [
      -0.030490597084988913,
      -0.00506491029760728,
      0.00015447935255551704
    ]
  },
  {
    "label_id": "NXvHjeEjHAm4M20-7kGTYQ",
    "size": [
      2.1901589706560913,
      4.47866627860887,
      1.8899999999999864
    ],
    "obj_class": "vehicle",
    "point_num_in_lidar": 6138,
    "speed": 0.0815567000835723,
    "if_vehicle": true,
    "motion_state": false,
    "pose": [
      [
        0.9866970410267384,
        -0.16249083749203133,
        -0.005067243848221613,
        -49.64566666106788
      ],
      [
        0.16256982285127136,
        0.986225994362458,
        0.030485090485141825,
        -4.108058420595626
      ],
      [
        4.3899718938357565e-05,
        -0.030903329511871396,
        0.9995223770871243,
        1.3287986447916182
      ],
      [
        0.0,
        0.0,
        0.0,
        1.0
      ]
    ],
    "location": [
      -49.64566666106788,
      -4.108058420595626,
      1.3287986447916182
    ],
    "rotation": [
      -0.030908250517978717,
      -4.389971895245805e-05,
      0.16329456748749455
    ]
  },
  {
    "label_id": "Q6fs_63CkqvoTcB1qAcIFA",
    "size": [
      2.5817557177114234,
      5.077991374472059,
      2.1399999999999864
    ],
    "obj_class": "vehicle",
    "point_num_in_lidar": 116,
    "speed": 2.8421709430404007e-13,
    "if_vehicle": true,
    "motion_state": false,
    "pose": [
      [
        0.6057717144665433,
        0.795622368333148,
        -0.005067243848221613,
        -113.99894396238155
      ],
      [
        -0.7951692015678292,
        0.6056208385913531,
        0.030485090485141825,
        -10.840260225890233
      ],
      [
        0.027323448359345703,
        -0.014437689283912196,
        0.9995223770871243,
        1.6918798584550245
      ],
      [
        0.0,
        0.0,
        0.0,
        1.0
      ]
    ],
    "location": [
      -113.99894396238155,
      -10.840260225890233,
      1.6918798584550245
    ],
    "rotation": [
      -0.014443583873521655,
      -0.027326849316965864,
      -0.9197764893994052
    ]
  },
  {
    "label_id": "S_sdIKXK1faFoobXAfXayg",
    "size": [
      2.0647116966958556,
      4.549692621892605,
      1.5400000000000205
    ],
    "obj_class": "vehicle",
    "point_num_in_lidar": 139,
    "speed": 10.369717899881909,
    "if_vehicle": true,
    "motion_state": true,
    "pose": [
      [
        0.9999808370153869,
        0.003556492905795991,
        -0.005067243848221613,
        -39.47867543555546
      ],
      [
        -0.003400409128450771,
        0.9995294375234137,
        0.030485090485141825,
        -13.706275992697556
      ],
      [
        0.005173279401449883,
        -0.03046727559758435,
        0.9995223770871243,
        1.0872633090450563
      ],
      [
        0.0,
        0.0,
        0.0,
        1.0
      ]
    ],
    "location": [
      -39.47867543555546,
      -13.706275992697556,
      1.0872633090450563
    ],
    "rotation": [
      -0.03047239902646658,
      -0.005173302476985158,
      -0.003400461184961323
    ]
  },
  {
    "label_id": "Sv6Kp_7Yn7_dppLzJAxahA",
    "size": [
      2.2878795860050283,
      4.83846683002856,
      2.0
    ],
    "obj_class": "vehicle",
    "point_num_in_lidar": 3305,
    "speed": 6.841626619200038,
    "if_vehicle": true,
    "motion_state": true,
    "pose": [
      [
        -0.9999708373567517,
        -0.005713796970447429,
        -0.005067243848221613,
        -55.99287663233298
      ],
      [
        0.00555673972796705,
        -0.9995197756431377,
        0.030485090485141825,
        4.392478923358794
      ],
      [
        -0.005238996051961355,
        0.030456044104120904,
        0.9995223770871243,
        1.1889682358621485
      ],
      [
        0.0,
        0.0,
        0.0,
        1.0
      ]
    ],
    "location": [
      -55.99287663233298,
      4.392478923358794,
      1.1889682358621485
    ],
    "rotation": [
      0.030461172593129613,
      0.005239020018114338,
      3.1360358090043037
    ]
  },
  {
    "label_id": "WASi6kOEGcG25GLiTIITRg",
    "size": [
      2.6120124770363216,
      7.188040993103449,
      2.4399999999999977
    ],
    "obj_class": "vehicle",
    "point_num_in_lidar": 226,
    "speed": 0.011486934621981783,
    "if_vehicle": true,
    "motion_state": false,
    "pose": [
      [
        -0.00915361861294915,
        0.9999452656551114,
        -0.005067243848221613,
        -88.27010727860385
      ],
      [
        -0.9994947468802456,
        -0.008995010667380747,
        0.030485090485141825,
        36.43442574722212
      ],
      [
        0.03043784199121628,
        0.005343732499140976,
        0.9995223770871243,
        1.6187469412279256
      ],
      [
        0.0,
        0.0,
        0.0,
        1.0
      ]
    ],
    "location": [
      -88.27010727860385,
      36.43442574722212,
      1.6187469412279256
    ],
    "rotation": [
      0.005346235071482273,
      -0.030442543870200782,
      -1.579954316608405
    ]
  },
  {
    "label_id": "ZSFR0_-rEfWNevQkHaEhFQ",
    "size": [
      2.216010875331642,
      4.30560871595925,
      1.7900000000000205
    ],
    "obj_class": "vehicle",
    "point_num_in_lidar": 214,
    "speed": 11.23880019932195,
    "if_vehicle": true,
    "motion_state": true,
    "pose": [
      [
        0.9992384395198897,
        -0.03868932702488542,
        -0.005067243848221613,
        -86.04141292533023
      ],
      [
        0.038826202799552526,
        0.9987808494531124,
        0.030485090485141825,
        -15.144026031050089
      ],
      [
        0.003881618479949965,
        -0.03065861608228159,
        0.9995223770871243,
        1.418080843697112
      ],
      [
        0.0,
        0.0,
        0.0,
        1.0
      ]
    ],
    "location": [
      -86.04141292533023,
      -15.144026031050089,
      1.418080843697112
    ],
    "rotation": [
      -0.030663652123771014,
      -0.003881628227382425,
      0.038836257058719854
    ]
  },
  {
    "label_id": "ctW65CIWnfgzcBsgEI6eEg",
    "size": [
      1.1205580076404493,
      0.99186347399398,
      1.0699999999999932
    ],
    "obj_class": "sign",
    "point_num_in_lidar": 162,
    "speed": 3.108624468950438e-14,
    "if_vehicle": false,
    "motion_state": false,
    "pose": [
      [
        0.9994533023819673,
        -0.032671384996089056,
        -0.005067243848221613,
        -59.27119097334844
      ],
      [
        0.03281101381701308,
        0.9989965448540913,
        0.030485090485141825,
        11.721001093836094
      ],
      [
        0.0040661689684258605,
        -0.03063468576670626,
        0.9995223770871243,
        0.6527429929156483
      ],
      [
        0.0,
        0.0,
        0.0,
        1.0
      ]
    ],
    "location": [
      -59.27119097334844,
      11.721001093836094,
      0.6527429929156483
    ],
    "rotation": [
      -0.030639732859927778,
      -0.0040661801733325904,
      0.0328171752498297
    ]
  },
  {
    "label_id": "eTJbViUbReuDWNa29L7KtA",
    "size": [
      2.0955711977667333,
      5.087237367976095,
      2.009999999999991
    ],
    "obj_class": "vehicle",
    "point_num_in_lidar": 526,
    "speed": 11.537155170508017,
    "if_vehicle": true,
    "motion_state": true,
    "pose": [
      [
        0.9999716392267288,
        -0.005571694714510848,
        -0.005067243848221613,
        -40.345874104541764
      ],
      [
        0.005723651517605846,
        0.999518833775241,
        0.030485090485141825,
        -17.035555361031584
      ],
      [
        0.0048949520441017805,
        -0.030513229042344374,
        0.9995223770871243,
        1.2218105056531954
      ],
      [
        0.0,
        0.0,
        0.0,
        1.0
      ]
    ],
    "location": [
      -40.345874104541764,
      -17.035555361031584,
      1.2218105056531954
    ],
    "rotation": [
      -0.030518331687754467,
      -0.004894971591940916,
      0.005723751342672444
    ]
  },
  {
    "label_id": "gReOadgSa6ggtDSZ_bnQ5Q",
    "size": [
      1.1020334662253064,
      0.8957830059557224,
      1.1000000000000227
    ],
    "obj_class": "pedestrian",
    "point_num_in_lidar": 26,
    "speed": 0.02117892388283839,
    "if_vehicle": false,
    "motion_state": false,
    "pose": [
      [
        -0.9163600074614899,
        -0.40032319413813744,
        -0.005067243848221613,
        -92.9014474525581
      ],
      [
        0.40000070634329654,
        -0.9160076932990119,
        0.030485090485141825,
        18.61490616444462
      ],
      [
        -0.016845523145395204,
        0.025908416625926387,
        0.9995223770871243,
        1.1706619666695133
      ],
      [
        0.0,
        0.0,
        0.0,
        1.0
      ]
    ],
    "location": [
      -92.9014474525581,
      18.61490616444462,
      1.1706619666695133
    ],
    "rotation": [
      0.025914994043299597,
      0.016846319960800327,
      2.730013098637935
    ]
  },
  {
    "label_id": "gofHjXzTs7FWeFilqynuPg",
    "size": [
      2.006230178023547,
      4.722435152556317,
      1.589999999999975
    ],
    "obj_class": "vehicle",
    "point_num_in_lidar": 33,
    "speed": 0.0,
    "if_vehicle": true,
    "motion_state": false,
    "pose": [
      [
        0.999987161437477,
        -3.6280462895103134e-16,
        -0.005067243848221613,
        -34.671216280914706
      ],
      [
        0.0001544773704910562,
        0.9995352096824077,
        0.030485090485141825,
        -46.9626592569748
      ],
      [
        0.005064888642344069,
        -0.030485481874906923,
        0.9995223770871243,
        1.487155137920979
      ],
      [
        0.0,
        0.0,
        0.0,
        1.0
      ]
    ],
    "location": [
      -34.671216280914706,
      -46.9626592569748,
      1.487155137920979
    ],
    "rotation": [
      -0.030490597084988913,
      -0.005064910297607294,
      0.00015447935255507317
    ]
  },
  {
    "label_id": "gy9mAZLClR19nDtkUsKYAA",
    "size": [
      1.9241991492926958,
      4.640621657728636,
      1.740000000000009
    ],
    "obj_class": "vehicle",
    "point_num_in_lidar": 33,
    "speed": 4.440892098500626e-15,
    "if_vehicle": true,
    "motion_state": false,
    "pose": [
      [
        0.999987161437477,
        8.128458089903125e-17,
        -0.005067243848221613,
        -35.244362931390555
      ],
      [
        0.00015447737049061232,
        0.9995352096824077,
        0.030485090485141825,
        -36.498409425203135
      ],
      [
        0.0050648886423440825,
        -0.03048548187490692,
        0.9995223770871243,
        1.4311693744081708
      ],
      [
        0.0,
        0.0,
        0.0,
        1.0
      ]
    ],
    "location": [
      -35.244362931390555,
      -36.498409425203135,
      1.4311693744081708
    ],
    "rotation": [
      -0.03049059708498891,
      -0.0050649102976073074,
      0.00015447935255462927
    ]
  },
  {
    "label_id": "i5j529DQ3xVIaMhN_CqDdg",
    "size": [
      1.1681500733689067,
      1.1867695902315556,
      1.839999999999975
    ],
    "obj_class": "pedestrian",
    "point_num_in_lidar": 34,
    "speed": 0.5036243548227923,
    "if_vehicle": false,
    "motion_state": false,
    "pose": [
      [
        -0.9823041587928725,
        -0.18722409742875007,
        -0.005067243848221613,
        -63.28374148868701
      ],
      [
        0.1869877343712916,
        -0.9818891212620721,
        0.030485090485141825,
        19.930350087581246
      ],
      [
        -0.010683015160465414,
        0.028998118718046015,
        0.9995223770871243,
        1.585773159814437
      ],
      [
        0.0,
        0.0,
        0.0,
        1.0
      ]
    ],
    "location": [
      -63.28374148868701,
      19.930350087581246,
      1.585773159814437
    ],
    "rotation": [
      0.029003839868307124,
      0.010683218373980808,
      2.9534868937102594
    ]
  },
  {
    "label_id": "iHBa2LA3ziDFWThMzfxSrQ",
    "size": [
      1.1548516358369654,
      1.0708842660739963,
      1.25
    ],
    "obj_class": "sign",
    "point_num_in_lidar": 49,
    "speed": 0.0,
    "if_vehicle": false,
    "motion_state": false,
    "pose": [
      [
        0.062135348373544716,
        0.9980548689938249,
        -0.005067243848221613,
        -88.34112251324399
      ],
      [
        -0.9975941919244651,
        0.06226144470445868,
        0.030485090485141825,
        17.729811577086366
      ],
      [
        0.03074128691307318,
        0.003160851314557536,
        0.9995223770871243,
        0.943938592299105
      ],
      [
        0.0,
        0.0,
        0.0,
        1.0
      ]
    ],
    "location": [
      -88.34112251324399,
      17.729811577086366,
      0.943938592299105
    ],
    "rotation": [
      0.0031623511892760418,
      -0.030746130862899453,
      -1.5085914892407684
    ]
  },
  {
    "label_id": "ijjnSXQKMTGVXZdwniRX4Q",
    "size": [
      2.9725772655692584,
      7.057856682623538,
      3.2299999999999613
    ],
    "obj_class": "vehicle",
    "point_num_in_lidar": 158,
    "speed": 0.06536085505671053,
    "if_vehicle": true,
    "motion_state": false,
    "pose": [
      [
        -0.19969077097732035,
        -0.9798458649329833,
        -0.005067243848221613,
        -23.86015594492588
      ],
      [
        0.9793721680878311,
        -0.19975188518022555,
        0.030485090485141825,
        -39.41878052746142
      ],
      [
        -0.03088288136532422,
        0.0011248736284288187,
        0.9995223770871243,
        2.053773862113644
      ],
      [
        0.0,
        0.0,
        0.0,
        1.0
      ]
    ],
    "location": [
      -23.86015594492588,
      -39.41878052746142,
      2.053773862113644
    ],
    "rotation": [
      0.0011254106754511753,
      0.03088779257695716,
      1.7719359079150654
    ]
  },
  {
    "label_id": "jcMjZDvyQh7S9D1-oC8sUA",
    "size": [
      2.5246044967032226,
      5.794295811722223,
      1.8600000000000136
    ],
    "obj_class": "vehicle",
    "point_num_in_lidar": 95,
    "speed": 2.8435583831733384e-13,
    "if_vehicle": true,
    "motion_state": false,
    "pose": [
      [
        -0.9999764072126158,
        -0.004637678075458986,
        -0.005067243848221613,
        -65.21777013011135
      ],
      [
        0.00448110633261829,
        -0.9995251767435118,
        0.030485090485141825,
        -40.020661225471486
      ],
      [
        -0.005206217838767506,
        0.030461664398386434,
        0.9995223770871243,
        2.027847074847614
      ],
      [
        0.0,
        0.0,
        0.0,
        1.0
      ]
    ],
    "location": [
      -65.21777013011135,
      -40.020661225471486,
      2.027847074847614
    ],
    "rotation": [
      0.03046679035624335,
      0.005206241357886779,
      3.1371114715286605
    ]
  },
  {
    "label_id": "n3Oz4HnGjzXFqsql-WNSFg",
    "size": [
      2.223656640612684,
      4.949832717164618,
      1.920000000000016
    ],
    "obj_class": "vehicle",
    "point_num_in_lidar": 671,
    "speed": 10.860832816657433,
    "if_vehicle": true,
    "motion_state": true,
    "pose": [
      [
        0.9996426385207753,
        -0.02624725301827512,
        -0.005067243848221613,
        -64.5620802814272
      ],
      [
        0.026389814522721617,
        0.9991867878167571,
        0.030485090485141825,
        -14.278141758619313
      ],
      [
        0.004262973220540246,
        -0.030607919913407725,
        0.9995223770871243,
        1.364644190933916
      ],
      [
        0.0,
        0.0,
        0.0,
        1.0
      ]
    ],
    "location": [
      -64.5620802814272,
      -14.278141758619313,
      1.364644190933916
    ],
    "rotation": [
      -0.030612979326347822,
      -0.0042629861324390795,
      0.026393118436069774
    ]
  },
  {
    "label_id": "nIkRugAGG0nTBKZGfO4uEw",
    "size": [
      1.8637469243193898,
      4.217077508524435,
      1.5500000000000114
    ],
    "obj_class": "vehicle",
    "point_num_in_lidar": 26,
    "speed": 0.0,
    "if_vehicle": true,
    "motion_state": false,
    "pose": [
      [
        0.9993758401591405,
        -0.03496073720611427,
        -0.005067243848221613,
        -35.61190845734819
      ],
      [
        0.03509931937069095,
        0.9989187639832515,
        0.030485090485141825,
        -54.7578144154395
      ],
      [
        0.00399598372451161,
        -0.03064391972607393,
        0.9995223770871243,
        1.5768798584550154
      ],
      [
        0.0,
        0.0,
        0.0,
        1.0
      ]
    ],
    "location": [
      -35.61190845734819,
      -54.7578144154395,
      1.5768798584550154
    ],
    "rotation": [
      -0.030648962558935077,
      -0.003995994359156739,
      0.035106810615309514
    ]
  },
  {
    "label_id": "slzRePUL32VlVCupH5t8lw",
    "size": [
      2.921623295263987,
      10.613183625004126,
      3.6399999999999864
    ],
    "obj_class": "vehicle",
    "point_num_in_lidar": 856,
    "speed": 12.117020403456438,
    "if_vehicle": true,
    "motion_state": true,
    "pose": [
      [
        -0.9951770277783322,
        -0.09796431198180071,
        -0.005067243848221613,
        -86.6015086578195
      ],
      [
        0.09776630196647847,
        -0.9947423834631317,
        0.030485090485141825,
        6.145205173530485
      ],
      [
        -0.008027053138248717,
        0.02984265604835394,
        0.9995223770871243,
        2.1198527051614064
      ],
      [
        0.0,
        0.0,
        0.0,
        1.0
      ]
    ],
    "location": [
      -86.6015086578195,
      6.145205173530485,
      2.1198527051614064
    ],
    "rotation": [
      0.0298480492999483,
      0.008027139342712795,
      3.043666767070294
    ]
  },
  {
    "label_id": "tHiLYp-JdD1GE2Xou2SH_g",
    "size": [
      2.2812866277286727,
      4.608025198634581,
      2.009999999999991
    ],
    "obj_class": "vehicle",
    "point_num_in_lidar": 52,
    "speed": 8.526541741130118e-13,
    "if_vehicle": true,
    "motion_state": false,
    "pose": [
      [
        0.9969741723175874,
        -0.077568181437007,
        -0.005067243848221613,
        -84.7877164712643
      ],
      [
        0.07768713583705926,
        0.996511599623179,
        0.030485090485141825,
        -35.84062509402065
      ],
      [
        0.0026848942429969764,
        -0.030786507515607325,
        0.9995223770871243,
        1.9278098059205604
      ],
      [
        0.0,
        0.0,
        0.0,
        1.0
      ]
    ],
    "location": [
      -84.7877164712643,
      -35.84062509402065,
      1.9278098059205604
    ],
    "rotation": [
      -0.03079148389733291,
      -0.0026848974687544297,
      0.07776577377253269
    ]
  },
  {
    "label_id": "tkAwnC0RmnNm52uw7Er9_w",
    "size": [
      0.724696641942472,
      0.7938529633716231,
      0.8600000000000136
    ],
    "obj_class": "pedestrian",
    "point_num_in_lidar": 25,
    "speed": 0.012606792429406334,
    "if_vehicle": false,
    "motion_state": false,
    "pose": [
      [
        -0.9987146747088936,
        0.050431354938088445,
        -0.005067243848221613,
        -60.80780873375011
      ],
      [
        -0.05056284290364962,
        -0.9982555074606969,
        0.030485090485141825,
        -26.658258950930758
      ],
      [
        -0.00352099966055763,
        0.03070212148199172,
        0.9995223770871243,
        0.9654378049186789
      ],
      [
        0.0,
        0.0,
        0.0,
        1.0
      ]
    ],
    "location": [
      -60.80780873375011,
      -26.658258950930758,
      0.9654378049186789
    ],
    "rotation": [
      0.03070713734146687,
      0.0035210069358277405,
      -3.091007927195964
    ]
  },
  {
    "label_id": "tme8SKJXoDfayi5l40MZCg",
    "size": [
      2.5358432169389014,
      6.373996801546928,
      1.9800000000000182
    ],
    "obj_class": "vehicle",
    "point_num_in_lidar": 70,
    "speed": 5.684385254002266e-13,
    "if_vehicle": true,
    "motion_state": false,
    "pose": [
      [
        -0.02829570159955293,
        0.9995867527687488,
        -0.005067243848221613,
        -88.44430098472642
      ],
      [
        -0.9991393530831013,
        -0.028128497627750403,
        0.030485090485141825,
        44.31217846099571
      ],
      [
        0.030329958649340464,
        0.00592547976402941,
        0.9995223770871243,
        1.1655175020500792
      ],
      [
        0.0,
        0.0,
        0.0,
        1.0
      ]
    ],
    "location": [
      -88.44430098472642,
      44.31217846099571,
      1.1655175020500792
    ],
    "rotation": [
      0.005928241812868675,
      -0.030334610695819258,
      -1.5991088344693611
    ]
  }
]