[
  {
    "label_id": "0dItGO83CJ_wt_3rDsNP2w",
    "size": [
      0.5982410950696808,
      0.1706041126485065,
      0.6399999999999864
    ],
    "obj_class": "sign",
    "point_num_in_lidar": 41,
    "speed": 0.03585480910379592,
    "if_vehicle": false,
    "motion_state": false,
    "pose": [
      [
        -0.2093334093310833,
        0.9777335364757153,
        0.014719218339173099,
        -65.1039800017669
      ],
      [
        -0.9774277888717648,
        -0.20965984586015737,
        0.02603202979308029,
        37.156743453047966
      ],
      [
        0.02853841759940261,
        -0.00893759948678486,
        0.9995527389969656,
        1.7708400398676645
      ],
      [
        0.0,
        0.0,
        0.0,
        1.0
      ]
    ],
    "location": [
      -65.1039800017669,
      37.156743453047966,
      1.7708400398676645
    ],
    "rotation": [
      -0.008941360426499942,
      -0.02854229283072619,
      -1.781776773126622
    ]
  },
  {
    "label_id": "0lL4WpaXe4oMs38v5QTFMA",
    "size": [
      2.0766298951002047,
      4.991979895020037,
      1.579999999999984
    ],
    "obj_class": "vehicle",
    "point_num_in_lidar": 176,
    "speed": 8.29974527445956,
    "if_vehicle": true,
    "motion_state": true,
    "pose": [
      [
        0.9994687181024289,
        -0.029079651754640955,
        0.014719218339173099,
        -109.395917698284
      ],
      [
        0.02868989382207081,
        0.9992493299559077,
        0.02603202979308029,
        -18.747363955562832
      ],
      [
        -0.015465171423742641,
        -0.025595906635599443,
        0.9995527389969656,
        1.4618798584552906
      ],
      [
        0.0,
        0.0,
        0.0,
        1.0
      ]
    ],
    "location": [
      -109.395917698284,
      -18.747363955562832,
      1.4618798584552906
    ],
    "rotation": [
      -0.025601764780143255,
      0.015465787961545725,
      0.0286972640354457
    ]
  },
  {
    "label_id": "20Y4i40d8raHY1Clo4K4wg",
    "size": [
      0.79992123058117,
      0.15511676600605773,
      0.7769746969505036
    ],
    "obj_class": "sign",
    "point_num_in_lidar": 68,
    "speed": 0.033913756809402694,
    "if_vehicle": false,
    "motion_state": false,
    "pose": [
      [
        -0.20933340933271327,
        0.9777335364753662,
        0.014719218339173099,
        -65.07575480882909
      ],
      [
        -0.9774277888714152,
        -0.20965984586178685,
        0.02603202979308029,
        37.150792479660595
      ],
      [
        0.028538417599417512,
        -0.008937599486737282,
        0.9995527389969656,
        2.563863423165799
      ],
      [
        0.0,
        0.0,
        0.0,
        1.0
      ]
    ],
    "location": [
      -65.07575480882909,
      37.150792479660595,
      2.563863423165799
    ],
    "rotation": [
      -0.008941360426452346,
      -0.028542292830741094,
      -1.7817767731282899
    ]
  },
  {
    "label_id": "2gBQINdyd96o4z3Zr-BlXg",
    "size": [
      0.803758493495164,
      0.6746490747898556,
      1.8500000000000227
    ],
    "obj_class": "pedestrian",
    "point_num_in_lidar": 255,
    "speed": 0.12513362194654157,
    "if_vehicle": false,
    "motion_state": false,
    "pose": [
      [
        -0.9556716128533447,
        -0.2940665111803291,
        0.014719218339173099,
        -80.1534087067111
      ],
      [
        0.2943649482219296,
        -0.9553384796411966,
        0.02603202979308029,
        -9.065654454931064
      ],
      [
        0.006406687489458941,
        0.02921089384247733,
        0.9995527389969656,
        1.602355841051633
      ],
      [
        0.0,
        0.0,
        0.0,
        1.0
      ]
    ],
    "location": [
      -80.1534087067111,
      -9.065654454931064,
      1.602355841051633
    ],
    "rotation": [
      0.02921564936342261,
      -0.006406731318038095,
      2.842795374938058
    ]
  },
  {
    "label_id": "3hwNIAbvvRkoNMJXUuUAdg",
    "size": [
      0.5042101061776904,
      0.10189939179044397,
      0.410000000000025
    ],
    "obj_class": "sign",
    "point_num_in_lidar": 20,
    "speed": 0.009993644038173198,
    "if_vehicle": false,
    "motion_state": false,
    "pose": [
      [
        0.00023296227050454983,
        -0.9998916392990113,
        0.014719218339173099,
        -91.82350769047645
      ],
      [
        0.999660919421958,
        0.0006161211711814148,
        0.02603202979308029,
        -27.542776615546245
      ],
      [
        -0.026038277766125762,
        0.014708162857343889,
        0.9995527389969656,
        2.6539076834096704
      ],
      [
        0.0,
        0.0,
        0.0,
        1.0
      ]
    ],
    "location": [
      -91.82350769047645,
      -27.542776615546245,
      2.6539076834096704
    ],
    "rotation": [
      0.014713682296272138,
      0.026041220954445318,
      1.5705632855088354
    ]
  },
  {
    "label_id": "6UnIBe0cOQDEznFzk4-t7g",
    "size": [
      2.1718263450577124,
      4.895286408426708,
      2.0
    ],
    "obj_class": "vehicle",
    "point_num_in_lidar": 108,
    "speed": 9.080671673473915e-13,
    "if_vehicle": true,
    "motion_state": false,
    "pose": [
      [
        -0.9983953867780437,
        0.05468085836747896,
        0.014719218339173099,
        -85.10398647734678
      ],
      [
        -0.05428560673226196,
        -0.9981860579704379,
        0.02603202979308029,
        -51.71350847689973
      ],
      [
        0.016115972264518788,
        0.025191216755713307,
        0.9995527389969656,
        2.183861751342704
      ],
      [
        0.0,
        0.0,
        0.0,
        1.0
      ]
    ],
    "location": [
      -85.10398647734678,
      -51.71350847689973,
      2.183861751342704
    ],
    "rotation": [
      0.02519715496207244,
      -0.016116669965039365,
      -3.087273287376659
    ]
  },
  {
    "label_id": "7-k0-aAqBFIwuvVcth1ugQ",
    "size": [
      2.6543306808974223,
      7.4845826403753275,
      2.2900000000000205
    ],
    "obj_class": "vehicle",
    "point_num_in_lidar": 164,
    "speed": 0.010611665138400226,
    "if_vehicle": true,
    "motion_state": false,
    "pose": [
      [
        -0.03968792155812996,
        0.9991037050746431,
        0.014719218339173099,
        -88.38501090998629
      ],
      [
        -0.9988580456615672,
        -0.0400616779729279,
        0.02603202979308029,
        57.7220737434036
      ],
      [
        0.02659837400199718,
        -0.013669252507505667,
        0.9995527389969656,
        0.6605564339050147
      ],
      [
        0.0,
        0.0,
        0.0,
        1.0
      ]
    ],
    "location": [
      -88.38501090998629,
      57.7220737434036,
      0.6605564339050147
    ],
    "rotation": [
      -0.013674516559418018,
      -0.026601511275014648,
      -1.6105087323012597
    ]
  },
  {
    "label_id": "7H_jvU9tURSLSp0yi3ZSOA",
    "size": [
      1.4422854662693783,
      1.1313572277526598,
      1.8899999999999864
    ],
    "obj_class": "pedestrian",
    "point_num_in_lidar": 738,
    "speed": 0.755442631107336,
    "if_vehicle": false,
    "motion_state": false,
    "pose": [
      [
        0.2999479064104925,
        -0.9538420194410844,
        0.014719218339173099,
        -81.17174402681269
      ],
      [
        0.9535070541656647,
        0.30024428567612765,
        0.02603202979308029,
        -4.067399915003989
      ],
      [
        -0.029249805063938168,
        0.006226625682156169,
        0.9995527389969656,
        1.487823633588789
      ],
      [
        0.0,
        0.0,
        0.0,
        1.0
      ]
    ],
    "location": [
      -81.17174402681269,
      -4.067399915003989,
      1.487823633588789
    ],
    "rotation": [
      0.006229331278396691,
      0.029253977454297832,
      1.2660236884985623
    ]
  },
  {
    "label_id": "9OU84eagvEJrB0PWmD5Zkg",
    "size": [
      2.089031648112814,
      4.993037200368213,
      1.6999999999999886
    ],
    "obj_class": "vehicle",
    "point_num_in_lidar": 41,
    "speed": 9.467701136856487,
    "if_vehicle": true,
    "motion_state": true,
    "pose": [
      [
        0.9997178271000711,
        -0.018644323259268267,
        0.014719218339173099,
        -89.54922706620843
      ],
      [
        0.018256876821460086,
        0.9994943821120648,
        0.02603202979308029,
        -18.332468686332504
      ],
      [
        -0.015197125617641482,
        -0.025755957303616083,
        0.9995527389969656,
        1.3720228748917975
      ],
      [
        0.0,
        0.0,
        0.0,
        1.0
      ]
    ],
    "location": [
      -89.54922706620843,
      -18.332468686332504,
      1.3720228748917975
    ],
    "rotation": [
      -0.025761781478279087,
      0.015197710647792404,
      0.018260000137974724
    ]
  },
  {
    "label_id": "AXKZxZOE2J4qe-CaUmIcQw",
    "size": [
      1.8770925018553282,
      4.241708010517512,
      1.7699999999999818
    ],
    "obj_class": "vehicle",
    "point_num_in_lidar": 34,
    "speed": 5.6308386930639225e-28,
    "if_vehicle": true,
    "motion_state": false,
    "pose": [
      [
        -0.9986320296525152,
        0.05017383744125489,
        0.014719218339173099,
        -84.53197504032862
      ],
      [
        -0.049779534681229455,
        -0.9984209189273692,
        0.02603202979308029,
        -62.92957285135162
      ],
      [
        0.016002102331193705,
        0.025263702908443063,
        0.9995527389969656,
        1.7593574807443133
      ],
      [
        0.0,
        0.0,
        0.0,
        1.0
      ]
    ],
    "location": [
      -84.53197504032862,
      -62.92957285135162,
      1.7593574807443133
    ],
    "rotation": [
      0.02526962738497858,
      -0.016002785345701,
      -3.0917861543911047
    ]
  },
  {
    "label_id": "AdBkVx0b9kPemMNsgkGfrA",
    "size": [
      1.4666399194667523,
      1.0272516549106756,
      1.240000000000009
    ],
    "obj_class": "pedestrian",
    "point_num_in_lidar": 40,
    "speed": 0.020126304547996313,
    "if_vehicle": false,
    "motion_state": false,
    "pose": [
      [
        0.10732846979288276,
        -0.9941146534396332,
        0.014719218339173099,
        -90.96530120093199
      ],
      [
        0.9938442212573979,
        0.10768471246248712,
        0.02603202979308029,
        -28.175029266059937
      ],
      [
        -0.027463857070604645,
        0.011834632164519056,
        0.9995527389969656,
        0.9889873843491159
      ],
      [
        0.0,
        0.0,
        0.0,
        1.0
      ]
    ],
    "location": [
      -90.96530120093199,
      -28.175029266059937,
      0.9889873843491159
    ],
    "rotation": [
      0.01183937449328932,
      0.027467310740214707,
      1.463219986249586
    ]
  },
  {
    "label_id": "DQ-_y0xNV9wEGOZY-vEraw",
    "size": [
      2.023392345217465,
      4.400605866043123,
      1.9499999999999886
    ],
    "obj_class": "vehicle",
    "point_num_in_lidar": 33,
    "speed": 2.8150965829427884e-27,
    "if_vehicle": true,
    "motion_state": false,
    "pose": [
      [
        -0.9990652214626313,
        0.04064514577790308,
        0.014719218339173099,
        -84.15122656455094
      ],
      [
        -0.04025287484128418,
        -0.9988503589086125,
        0.02603202979308029,
        -70.30993858017428
      ],
      [
        0.015760372166771747,
        0.02541520475677731,
        0.9995527389969656,
        1.9584295954566642
      ],
      [
        0.0,
        0.0,
        0.0,
        1.0
      ]
    ],
    "location": [
      -84.15122656455094,
      -70.30993858017428,
      1.9584295954566642
    ],
    "rotation": [
      0.025421099678624246,
      -0.015761024691093115,
      -3.101323896386765
    ]
  },
  {
    "label_id": "Fww1o1EB4na9AHpv_SA6vw",
    "size": [
      1.9997895331551827,
      4.800593639312353,
      1.5600000000000023
    ],
    "obj_class": "vehicle",
    "point_num_in_lidar": 1068,
    "speed": 8.83527905573675,
    "if_vehicle": true,
    "motion_state": true,
    "pose": [
      [
        0.9986140295946603,
        -0.05053082730569939,
        0.014719218339173099,
        -73.32704515658767
      ],
      [
        0.05013644910256424,
        0.9984030598391804,
        0.02603202979308029,
        -17.998084631055463
      ],
      [
        -0.016011132630162364,
        -0.02525798082910468,
        0.9995527389969656,
        1.2302722589647601
      ],
      [
        0.0,
        0.0,
        0.0,
        1.0
      ]
    ],
    "location": [
      -73.32704515658767,
      -17.998084631055463,
      1.2302722589647601
    ],
    "rotation": [
      -0.02526390639911889,
      0.016011816801726624,
      0.050163912987428956
    ]
  },
  {
    "label_id": "GtCjV-L_DOEpw0nZQ3Dy6w",
    "size": [
      0.9397652133884583,
      0.9370266590153165,
      1.1100000000000136
    ],
    "obj_class": "sign",
    "point_num_in_lidar": 55,
    "speed": 0.01552098632958274,
    "if_vehicle": false,
    "motion_state": false,
    "pose": [
      [
        0.9998916664376614,
        2.296001040422291e-16,
        0.014719218339173099,
        -62.56683380655306
      ],
      [
        -0.0003832126451274156,
        0.9996610358381088,
        0.02603202979308029,
        -22.263097048487907
      ],
      [
        -0.014714229051665063,
        -0.026034850241151868,
        0.9995527389969656,
        0.9055257976950202
      ],
      [
        0.0,
        0.0,
        0.0,
        1.0
      ]
    ],
    "location": [
      -62.56683380655306,
      -22.263097048487907,
      0.9055257976950202
    ],
    "rotation": [
      -0.02604061206442864,
      0.014714760062768978,
      -0.00038325414565172606
    ]
  },
  {
    "label_id": "L6NBNCs9w739OKU74AEm5g",
    "size": [
      0.5234836372050902,
      0.08567682497549381,
      0.44999999999998863
    ],
    "obj_class": "sign",
    "point_num_in_lidar": 30,
    "speed": 0.0277016219547899,
    "if_vehicle": false,
    "motion_state": false,
    "pose": [
      [
        0.12818550699317172,
        0.9916409735425352,
        0.014719218339173099,
        -94.07582236641021
      ],
      [
        -0.9914613736407709,
        0.1277758897570578,
        0.02603202979308029,
        18.5525199779604
      ],
      [
        0.02393366614748218,
        -0.017930465370562337,
        0.9995527389969656,
        3.217610302651565
      ],
      [
        0.0,
        0.0,
        0.0,
        1.0
      ]
    ],
    "location": [
      -94.07582236641021,
      18.5525199779604,
      3.217610302651565
    ],
    "rotation": [
      -0.017936564790041517,
      -0.023935951685276367,
      -1.442220116173528
    ]
  },
  {
    "label_id": "Q6fs_63CkqvoTcB1qAcIFA",
    "size": [
      2.5817557177114296,
      5.077991374472059,
      2.1399999999999864
    ],
    "obj_class": "vehicle",
    "point_num_in_lidar": 358,
    "speed": 2.2805309197918433e-27,
    "if_vehicle": true,
    "motion_state": false,
    "pose": [
      [
        0.6057138655540825,
        0.7955463893997724,
        0.014719218339173099,
        -113.99894396238153
      ],
      [
        -0.7955950345415239,
        0.6052692577999673,
        0.02603202979308029,
        -10.840260225892052
      ],
      [
        0.011800596951085363,
        -0.027478498417164363,
        0.9995527389969656,
        1.8406377281410755
      ],
      [
        0.0,
        0.0,
        0.0,
        1.0
      ]
    ],
    "location": [
      -113.99894396238153,
      -10.840260225892052,
      1.8406377281410755
    ],
    "rotation": [
      -0.02748387178388213,
      -0.011800870848477812,
      -0.9200805813483133
    ]
  },
  {
    "label_id": "Sv6Kp_7Yn7_dppLzJAxahA",
    "size": [
      2.2878795860027776,
      4.83846683002856,
      2.0
    ],
    "obj_class": "vehicle",
    "point_num_in_lidar": 168,
    "speed": 10.542232767809523,
    "if_vehicle": true,
    "motion_state": true,
    "pose": [
      [
        -0.0071886693568852305,
        -0.9998658248206911,
        0.014719218339173099,
        -71.7036654062743
      ],
      [
        0.9996379552691195,
        -0.00680380850891299,
        0.02603202979308029,
        47.38922766657379
      ],
      [
        -0.025928390197834418,
        0.014901024978601763,
        0.9995527389969656,
        0.5989682358626283
      ],
      [
        0.0,
        0.0,
        0.0,
        1.0
      ]
    ],
    "location": [
      -71.7036654062743,
      47.38922766657379,
      0.5989682358626283
    ],
    "rotation": [
      0.01490658839700186,
      0.02593129627290794,
      1.5779874757539607
    ]
  },
  {
    "label_id": "WASi6kOEGcG25GLiTIITRg",
    "size": [
      2.6120124770363167,
      7.188040993103449,
      2.4399999999999977
    ],
    "obj_class": "vehicle",
    "point_num_in_lidar": 665,
    "speed": 0.010956029143104748,
    "if_vehicle": true,
    "motion_state": false,
    "pose": [
      [
        -0.00915274447691845,
        0.999849774656185,
        0.014719218339173099,
        -88.34695261355338
      ],
      [
        -0.9996156458917692,
        -0.009533829935193255,
        0.02603202979308029,
        36.430147736989966
      ],
      [
        0.026168449646879078,
        -0.014475296430222901,
        0.9995527389969656,
        1.6375332183923206
      ],
      [
        0.0,
        0.0,
        0.0,
        1.0
      ]
    ],
    "location": [
      -88.34695261355338,
      36.430147736989966,
      1.6375332183923206
    ],
    "rotation": [
      -0.0144807613091244,
      -0.02617143720658991,
      -1.5799523346538653
    ]
  },
  {
    "label_id": "_2HZ08b-MNnh1BO8JN8aMw",
    "size": [
      0.9494860446132996,
      0.09810092609221567,
      0.7900000000000205
    ],
    "obj_class": "sign",
    "point_num_in_lidar": 30,
    "speed": 0.005043009981732915,
    "if_vehicle": false,
    "motion_state": false,
    "pose": [
      [
        0.02935339864399166,
        0.9994607158860875,
        0.014719218339173099,
        -65.06517278882953
      ],
      [
        -0.9992414344999576,
        0.028963580637054717,
        0.02603202979308029,
        61.828839383657396
      ],
      [
        0.025591669865678936,
        -0.015472181395981966,
        0.9995527389969656,
        1.9543918944461893
      ],
      [
        0.0,
        0.0,
        0.0,
        1.0
      ]
    ],
    "location": [
      -65.06517278882953,
      61.828839383657396,
      1.9543918944461893
    ],
    "rotation": [
      -0.015477868495218164,
      -0.025594464163229323,
      -1.5414290901256549
    ]
  },
  {
    "label_id": "avGu-Bc1MOMmy9tHh9JxHg",
    "size": [
      1.850668105900235,
      4.031615653258576,
      1.3400000000000318
    ],
    "obj_class": "vehicle",
    "point_num_in_lidar": 27,
    "speed": 0.0,
    "if_vehicle": true,
    "motion_state": false,
    "pose": [
      [
        0.9958817740497141,
        -0.08945857548093362,
        0.014719218339173099,
        -100.68127494382455
      ],
      [
        0.08905626552349694,
        0.995686353725841,
        0.02603202979308029,
        56.66786490090635
      ],
      [
        -0.01698451313999198,
        -0.024613985395736088,
        0.9995527389969656,
        0.6618871440440444
      ],
      [
        0.0,
        0.0,
        0.0,
        1.0
      ]
    ],
    "location": [
      -100.68127494382455,
      56.66786490090635,
      0.6618871440440444
    ],
    "rotation": [
      -0.0246200235518687,
      0.016985329843535395,
      0.08918730469713108
    ]
  },
  {
    "label_id": "cx61ZVh9bXXlibstKYsImw",
    "size": [
      2.2330847187417984,
      5.043147463031014,
      1.509999999999991
    ],
    "obj_class": "vehicle",
    "point_num_in_lidar": 22,
    "speed": 9.90862115201081,
    "if_vehicle": true,
    "motion_state": true,
    "pose": [
      [
        0.999685651787374,
        -0.020296359819853296,
        0.014719218339173099,
        -125.83648834427834
      ],
      [
        0.019908544661904583,
        0.9994628473706749,
        0.02603202979308029,
        -19.489679073916705
      ],
      [
        -0.015239667315862102,
        -0.025730808455350057,
        0.9995527389969656,
        1.4579983081914634
      ],
      [
        0.0,
        0.0,
        0.0,
        1.0
      ]
    ],
    "location": [
      -125.83648834427834,
      -19.489679073916705,
      1.4579983081914634
    ],
    "rotation": [
      -0.02573663805489156,
      0.015240257273192056,
      0.01991217273795655
    ]
  },
  {
    "label_id": "gReOadgSa6ggtDSZ_bnQ5Q",
    "size": [
      1.1020334662251154,
      0.8957830059557224,
      1.1000000000000227
    ],
    "obj_class": "pedestrian",
    "point_num_in_lidar": 81,
    "speed": 0.04469288986824877,
    "if_vehicle": false,
    "motion_state": false,
    "pose": [
      [
        -0.63355884634127,
        -0.7735544795515069,
        0.014719218339173099,
        -92.90296593584495
      ],
      [
        0.7736188689549849,
        -0.633116244477791,
        0.02603202979308029,
        18.633399533186093
      ],
      [
        -0.010818217021709648,
        0.027879887807078084,
        0.9995527389969656,
        1.2116395693877848
      ],
      [
        0.0,
        0.0,
        0.0,
        1.0
      ]
    ],
    "location": [
      -92.90296593584495,
      18.633399533186093,
      1.2116395693877848
    ],
    "rotation": [
      0.027885133077974786,
      0.010818428049033393,
      2.256988655323438
    ]
  },
  {
    "label_id": "i5j529DQ3xVIaMhN_CqDdg",
    "size": [
      1.1681500733698618,
      1.1867695902315556,
      1.839999999999975
    ],
    "obj_class": "pedestrian",
    "point_num_in_lidar": 222,
    "speed": 0.6449422553301792,
    "if_vehicle": false,
    "motion_state": false,
    "pose": [
      [
        0.07076877523870174,
        -0.9973841411726465,
        0.014719218339173099,
        -63.5897581713582
      ],
      [
        0.9971269665199858,
        0.07113470365091397,
        0.02603202979308029,
        21.7022952345651
      ],
      [
        -0.027010980912682316,
        0.01283467466665133,
        0.9995527389969656,
        1.3424413209608588
      ],
      [
        0.0,
        0.0,
        0.0,
        1.0
      ]
    ],
    "location": [
      -63.5897581713582,
      21.7022952345651,
      1.3424413209608588
    ],
    "rotation": [
      0.012839712060915387,
      0.027014266495679784,
      1.4999424518130728
    ]
  },
  {
    "label_id": "iHBa2LA3ziDFWThMzfxSrQ",
    "size": [
      1.154851635836965,
      1.0708842660739963,
      1.25
    ],
    "obj_class": "sign",
    "point_num_in_lidar": 130,
    "speed": 8.445122035648503e-28,
    "if_vehicle": false,
    "motion_state": false,
    "pose": [
      [
        0.06212941468228524,
        0.9979595585206448,
        0.014719218339173099,
        -88.34112251324399
      ],
      [
        -0.9977531849294883,
        0.06173261202893158,
        0.02603202979308029,
        17.729811577084547
      ],
      [
        0.025070257164597376,
        -0.01630350175161838,
        0.9995527389969656,
        1.093159396684996
      ],
      [
        0.0,
        0.0,
        0.0,
        1.0
      ]
    ],
    "location": [
      -88.34112251324399,
      17.729811577084547,
      1.093159396684996
    ],
    "rotation": [
      -0.016309350712990802,
      -0.025072884091436102,
      -1.5086073001822704
    ]
  },
  {
    "label_id": "jcMjZDvyQh7S9D1-oC8sUA",
    "size": [
      2.5246044967032097,
      5.794295811722223,
      1.8600000000000136
    ],
    "obj_class": "vehicle",
    "point_num_in_lidar": 140,
    "speed": 5.067135508175284e-28,
    "if_vehicle": true,
    "motion_state": false,
    "pose": [
      [
        -0.999880913239788,
        -0.0046372351947048885,
        0.014719218339173099,
        -65.21777013011135
      ],
      [
        0.005019374114416954,
        -0.9996485078808208,
        0.02603202979308029,
        -40.020661225473305
      ],
      [
        0.014593328005180324,
        0.026102810986506592,
        0.9995527389969656,
        2.1661058114410707
      ],
      [
        0.0,
        0.0,
        0.0,
        1.0
      ]
    ],
    "location": [
      -65.21777013011135,
      -40.020661225473305,
      2.1661058114410707
    ],
    "rotation": [
      0.026108557003928883,
      -0.014593846033383795,
      3.1365727238305077
    ]
  },
  {
    "label_id": "nWQzYCSy1aIHXBe6aKKbtQ",
    "size": [
      0.492336043307671,
      0.08293468375391241,
      0.3366231540518356
    ],
    "obj_class": "sign",
    "point_num_in_lidar": 21,
    "speed": 0.022913278391405015,
    "if_vehicle": false,
    "motion_state": false,
    "pose": [
      [
        0.1281855069935099,
        0.9916409735424916,
        0.014719218339173099,
        -94.06590358013464
      ],
      [
        -0.9914613736407273,
        0.12777588975739596,
        0.02603202979308029,
        18.555821978467065
      ],
      [
        0.023933666147476062,
        -0.017930465370570497,
        0.9995527389969656,
        2.7895735233488494
      ],
      [
        0.0,
        0.0,
        0.0,
        1.0
      ]
    ],
    "location": [
      -94.06590358013464,
      18.555821978467065,
      2.7895735233488494
    ],
    "rotation": [
      -0.01793656479004968,
      -0.02393595168527025,
      -1.442220116173187
    ]
  },
  {
    "label_id": "piSZshXXJoBYeTBgNxYSAA",
    "size": [
      1.8486870772821147,
      4.196742963788994,
      1.670000000000016
    ],
    "obj_class": "vehicle",
    "point_num_in_lidar": 23,
    "speed": 1.9705527082275118e-27,
    "if_vehicle": true,
    "motion_state": false,
    "pose": [
      [
        0.9964904203399664,
        -0.08240258965688449,
        0.014719218339173099,
        -84.88072985496454
      ],
      [
        0.0820016739357766,
        0.9962921553924745,
        0.02603202979308029,
        -46.20897618727213
      ],
      [
        -0.016809748433802195,
        -0.024733667767970733,
        0.9995527389969656,
        1.7913105735286763
      ],
      [
        0.0,
        0.0,
        0.0,
        1.0
      ]
    ],
    "location": [
      -84.88072985496454,
      -46.20897618727213,
      1.7913105735286763
    ],
    "rotation": [
      -0.024739686561393512,
      0.01681054018297894,
      0.08210548056092451
    ]
  },
  {
    "label_id": "svBSez9P1pi2LRX0iLADRg",
    "size": [
      1.1415801481534422,
      0.14765088546556446,
      0.7844704607815061
    ],
    "obj_class": "sign",
    "point_num_in_lidar": 72,
    "speed": 0.018156760791380802,
    "if_vehicle": false,
    "motion_state": false,
    "pose": [
      [
        0.1930785409772727,
        -0.9810728931254655,
        0.014719218339173099,
        -92.57657116088231
      ],
      [
        0.9807726050262345,
        0.1934100066048958,
        0.02603202979308029,
        24.909626805496373
      ],
      [
        -0.02838616289922397,
        0.009409979783335888,
        0.9995527389969656,
        3.2621811849832625
      ],
      [
        0.0,
        0.0,
        0.0,
        1.0
      ]
    ],
    "location": [
      -92.57657116088231,
      24.909626805496373,
      3.2621811849832625
    ],
    "rotation": [
      0.009413912281268443,
      0.028389976421988844,
      1.376418234040099
    ]
  },
  {
    "label_id": "tHiLYp-JdD1GE2Xou2SH_g",
    "size": [
      2.281286627728675,
      4.608025198634581,
      2.009999999999991
    ],
    "obj_class": "vehicle",
    "point_num_in_lidar": 92,
    "speed": 2.63913249212059e-29,
    "if_vehicle": true,
    "motion_state": false,
    "pose": [
      [
        0.996878965046861,
        -0.07756077396843622,
        0.014719218339173099,
        -84.78771647126429
      ],
      [
        0.07716082612779254,
        0.9966787548333358,
        0.02603202979308029,
        -35.84062509402065
      ],
      [
        -0.016689396585127747,
        -0.024815035871188985,
        0.9995527389969656,
        2.01518547992481
      ],
      [
        0.0,
        0.0,
        0.0,
        1.0
      ]
    ],
    "location": [
      -84.78771647126429,
      -35.84062509402065,
      2.01518547992481
    ],
    "rotation": [
      -0.024821041096083362,
      0.016690171448432715,
      0.0772483790167018
    ]
  },
  {
    "label_id": "tkAwnC0RmnNm52uw7Er9_w",
    "size": [
      0.7246966419424707,
      0.7938529633716231,
      0.8600000000000136
    ],
    "obj_class": "pedestrian",
    "point_num_in_lidar": 32,
    "speed": 0.02045670352723096,
    "if_vehicle": false,
    "motion_state": false,
    "pose": [
      [
        -0.998619301226758,
        0.05042653893402943,
        0.014719218339173099,
        -60.836280391687666
      ],
      [
        -0.05003218276521495,
        -0.998408290286394,
        0.02603202979308029,
        -26.59269326190588
      ],
      [
        0.016008494780258526,
        0.025259652779373375,
        0.9995527389969656,
        0.9806637649567733
      ],
      [
        0.0,
        0.0,
        0.0,
        1.0
      ]
    ],
    "location": [
      -60.836280391687666,
      -26.59269326190588,
      0.9806637649567733
    ],
    "rotation": [
      0.025265578030052072,
      -0.016009178613698678,
      -3.0915331534932595
    ]
  },
  {
    "label_id": "tme8SKJXoDfayi5l40MZCg",
    "size": [
      2.5358432169388987,
      6.373996801546928,
      1.9800000000000182
    ],
    "obj_class": "vehicle",
    "point_num_in_lidar": 180,
    "speed": 0.031460963492796805,
    "if_vehicle": true,
    "motion_state": false,
    "pose": [
      [
        -0.028292999466843875,
        0.9994912960064499,
        0.014719218339173099,
        -88.44430098472642
      ],
      [
        -0.9992499143447048,
        -0.028669532729927658,
        0.02603202979308029,
        44.31217846099753
      ],
      [
        0.026440780307498215,
        -0.013971653459583242,
        0.9995527389969656,
        1.060563137047211
      ],
      [
        0.0,
        0.0,
        0.0,
        1.0
      ]
    ],
    "location": [
      -88.44430098472642,
      44.31217846099753,
      1.060563137047211
    ],
    "rotation": [
      -0.013976994995278245,
      -0.02644386213422949,
      -1.599103001531907
    ]
  },
  {
    "label_id": "x7Qs85q0os6vyZ8t_1jsug",
    "size": [
      2.262018368186692,
      5.030003373164531,
      1.7699999999999818
    ],
    "obj_class": "vehicle",
    "point_num_in_lidar": 200,
    "speed": 9.162838808888782,
    "if_vehicle": true,
    "motion_state": true,
    "pose": [
      [
        0.9991895079891313,
        -0.03746560737424746,
        0.014719218339173099,
        -112.45859486881915
      ],
      [
        0.03707402218259751,
        0.9989733981963965,
        0.02603202979308029,
        -15.73145004997059
      ],
      [
        -0.015679413370460728,
        -0.025465230413689307,
        0.9995527389969656,
        1.5968798584552246
      ],
      [
        0.0,
        0.0,
        0.0,
        1.0
      ]
    ],
    "location": [
      -112.45859486881915,
      -15.73145004997059,
      1.5968798584552246
    ],
    "rotation": [
      -0.02547111532073043,
      0.015680055889838014,
      0.037087081565782797
    ]
  },
  {
    "label_id": "xOy_CuD_0CJtCeashJjsYg",
    "size": [
      2.0332978762345593,
      5.08331781141132,
      1.8600000000000136
    ],
    "obj_class": "vehicle",
    "point_num_in_lidar": 40,
    "speed": 5.632911232086568e-28,
    "if_vehicle": true,
    "motion_state": false,
    "pose": [
      [
        0.9989953695423693,
        -0.04232725179347682,
        0.014719218339173099,
        -84.66158185626142
      ],
      [
        0.041934619640746344,
        0.9987811677742218,
        0.02603202979308029,
        -54.50475629074208
      ],
      [
        -0.015803142361270048,
        -0.025388632400613897,
        0.9995527389969656,
        1.9452080122638904
      ],
      [
        0.0,
        0.0,
        0.0,
        1.0
      ]
    ],
    "location": [
      -84.66158185626142,
      -54.50475629074208,
      1.9452080122638904
    ],
    "rotation": [
      -0.0253945325903226,
      0.015803800212844738,
      0.04195216175504817
    ]
  },
  {
    "label_id": "yCCQR1Os652xmVMKFns4qw",
    "size": [
      2.0898409986633117,
      4.588581830183225,
      1.9800000000000182
    ],
    "obj_class": "vehicle",
    "point_num_in_lidar": 93,
    "speed": 1.9793498078809704e-30,
    "if_vehicle": true,
    "motion_state": false,
    "pose": [
      [
        0.9983177997037813,
        -0.056079545344842836,
        0.014719218339173099,
        -84.33673511156395
      ],
      [
        0.05568400083022894,
        0.9981090248446766,
        0.02603202979308029,
        -40.21549043647792
      ],
      [
        -0.016151249058187288,
        -0.025168613738632366,
        0.9995527389969656,
        2.109142641579922
      ],
      [
        0.0,
        0.0,
        0.0,
        1.0
      ]
    ],
    "location": [
      -84.33673511156395,
      -40.21549043647792,
      2.109142641579922
    ],
    "rotation": [
      -0.025174556172114917,
      0.016151951350764332,
      0.05572009334922498
    ]
  },
  {
    "label_id": "yt4iVsGB3GEo7xeAptjybw",
    "size": [
      2.3057010288477815,
      4.802346978210001,
      1.8999999999999773
    ],
    "obj_class": "vehicle",
    "point_num_in_lidar": 992,
    "speed": 9.423923941321528,
    "if_vehicle": true,
    "motion_state": true,
    "pose": [
      [
        0.9990687509330474,
        -0.04055829780161404,
        0.014719218339173099,
        -87.68745186439439
      ],
      [
        0.04016604554428188,
        0.9988538542800878,
        0.02603202979308029,
        -14.801169526508602
      ],
      [
        -0.015758162786801443,
        -0.025416574695437146,
        0.9995527389969656,
        1.4969121393922364
      ],
      [
        0.0,
        0.0,
        0.0,
        1.0
      ]
    ],
    "location": [
      -87.68745186439439,
      -14.801169526508602,
      1.4969121393922364
    ],
    "rotation": [
      -0.0254224693447267,
      0.015758815036716955,
      0.04018184541581429
    ]
  }
]