[
  {
    "label_id": "0dItGO83CJ_wt_3rDsNP2w",
    "size": [
      0.5982410950696826,
      0.1706041126485065,
      0.6399999999999864
    ],
    "obj_class": "sign",
    "point_num_in_lidar": 38,
    "speed": 0.0319098064066357,
    "if_vehicle": false,
    "motion_state": false,
    "pose": [
      [
        -0.20932988662115007,
        0.9777170829547537,
        0.01582100709891435,
        -65.10624261393963
      ],
      [
        -0.9774240098434064,
        -0.20968711844687665,
        0.025954139151242835,
        37.12857774714212
      ],
      [
        0.028693266611053838,
        -0.01003085519250265,
        0.9995379324444341,
        1.668719168831558
      ],
      [
        0.0,
        0.0,
        0.0,
        1.0
      ]
    ],
    "location": [
      -65.10624261393963,
      37.12857774714212,
      1.668719168831558
    ],
    "rotation": [
      -0.010035155393067721,
      -0.028697205281824442,
      -1.7817741188354055
    ]
  },
  {
    "label_id": "0lL4WpaXe4oMs38v5QTFMA",
    "size": [
      2.076629895102275,
      4.991979895020037,
      1.579999999999984
    ],
    "obj_class": "vehicle",
    "point_num_in_lidar": 56,
    "speed": 8.404150643490437,
    "if_vehicle": true,
    "motion_state": true,
    "pose": [
      [
        0.9995211870090618,
        -0.026591210096053433,
        0.01582100709891435,
        -116.06735581241853
      ],
      [
        0.026175050878221612,
        0.9993203937538954,
        0.025954139151242835,
        -18.93283482392144
      ],
      [
        -0.016500407010703166,
        -0.02552759630648981,
        0.9995379324444341,
        1.4243861582055501
      ],
      [
        0.0,
        0.0,
        0.0,
        1.0
      ]
    ],
    "location": [
      -116.06735581241853,
      -18.93283482392144,
      1.4243861582055501
    ],
    "rotation": [
      -0.025533846622794627,
      0.016501155845358623,
      0.026181605903940752
    ]
  },
  {
    "label_id": "20Y4i40d8raHY1Clo4K4wg",
    "size": [
      0.7999212305811713,
      0.15511676600605773,
      0.7769746969505036
    ],
    "obj_class": "sign",
    "point_num_in_lidar": 72,
    "speed": 0.030537908718421932,
    "if_vehicle": false,
    "motion_state": false,
    "pose": [
      [
        -0.20932988662278093,
        0.9777170829544044,
        0.01582100709891435,
        -65.08947872104883
      ],
      [
        -0.9774240098430567,
        -0.20968711844850701,
        0.025954139151242835,
        37.12715086569369
      ],
      [
        0.028693266611070568,
        -0.010030855192454788,
        0.9995379324444341,
        2.4111699948731484
      ],
      [
        0.0,
        0.0,
        0.0,
        1.0
      ]
    ],
    "location": [
      -65.08947872104883,
      37.12715086569369,
      2.4111699948731484
    ],
    "rotation": [
      -0.010035155393019843,
      -0.028697205281841182,
      -1.7817741188370742
    ]
  },
  {
    "label_id": "2gBQINdyd96o4z3Zr-BlXg",
    "size": [
      0.803758493495166,
      0.6746490747898556,
      1.8500000000000227
    ],
    "obj_class": "pedestrian",
    "point_num_in_lidar": 209,
    "speed": 0.1425786753350993,
    "if_vehicle": false,
    "motion_state": false,
    "pose": [
      [
        -0.9556555305954201,
        -0.29406156256260724,
        0.01582100709891435,
        -80.12900327633938
      ],
      [
        0.2943917856411669,
        -0.9553323291964546,
        0.025954139151242835,
        -9.177089284652538
      ],
      [
        0.007482204848257681,
        0.029460791152219307,
        0.9995379324444341,
        1.5132718363470872
      ],
      [
        0.0,
        0.0,
        0.0,
        1.0
      ]
    ],
    "location": [
      -80.12900327633938,
      -9.177089284652538,
      1.5132718363470872
    ],
    "rotation": [
      0.02946587955889264,
      -0.007482274663214431,
      2.8427649916512734
    ]
  },
  {
    "label_id": "4iGaZtbzD4XFf7YLTHe1Sg",
    "size": [
      0.9999999999985779,
      1.0,
      1.9499999999999886
    ],
    "obj_class": "pedestrian",
    "point_num_in_lidar": 72,
    "speed": 0.4273176392565047,
    "if_vehicle": false,
    "motion_state": false,
    "pose": [
      [
        0.017207369275902176,
        0.9997267637594679,
        0.01582100709891435,
        -59.25469791133821
      ],
      [
        -0.9995220727965464,
        0.01679311327340498,
        0.025954139151242835,
        -26.206004410998503
      ],
      [
        0.025681363575523485,
        -0.01626004826584933,
        0.9995379324444341,
        1.457066318908744
      ],
      [
        0.0,
        0.0,
        0.0,
        1.0
      ]
    ],
    "location": [
      -59.25469791133821,
      -26.206004410998503,
      1.457066318908744
    ],
    "rotation": [
      -0.016266130225828665,
      -0.025684187362383617,
      -1.5535824301822088
    ]
  },
  {
    "label_id": "6UnIBe0cOQDEznFzk4-t7g",
    "size": [
      2.1718263450577173,
      4.895286408426708,
      2.0
    ],
    "obj_class": "vehicle",
    "point_num_in_lidar": 142,
    "speed": 5.699976264827173e-13,
    "if_vehicle": true,
    "motion_state": false,
    "pose": [
      [
        -0.9983785855547943,
        0.05467993818563137,
        0.01582100709891435,
        -85.10398647734675
      ],
      [
        -0.054258298610289434,
        -0.9981895710198713,
        0.025954139151242835,
        -51.71350847689973
      ],
      [
        0.017211535013618887,
        0.025053635807621724,
        0.9995379324444341,
        2.17977941329832
      ],
      [
        0.0,
        0.0,
        0.0,
        1.0
      ]
    ],
    "location": [
      -85.10398647734675,
      -51.71350847689973,
      2.17977941329832
    ],
    "rotation": [
      0.02505997040852983,
      -0.017212384908990866,
      -3.0872996469425193
    ]
  },
  {
    "label_id": "7-k0-aAqBFIwuvVcth1ugQ",
    "size": [
      2.6543306808974214,
      7.4845826403753275,
      2.2900000000000205
    ],
    "obj_class": "vehicle",
    "point_num_in_lidar": 66,
    "speed": 0.001718140054734753,
    "if_vehicle": true,
    "motion_state": false,
    "pose": [
      [
        -0.039687253680818414,
        0.999086891931653,
        0.01582100709891435,
        -88.38497813164201
      ],
      [
        -0.9988589685495819,
        -0.0400891956639602,
        0.025954139151242835,
        57.720699464160134
      ],
      [
        0.026564691666566113,
        -0.014772906327674567,
        0.9995379324444341,
        0.6677483431519704
      ],
      [
        0.0,
        0.0,
        0.0,
        1.0
      ]
    ],
    "location": [
      -88.38497813164201,
      57.720699464160134,
      0.6677483431519704
    ],
    "rotation": [
      -0.014778659540297267,
      -0.026567817033675563,
      -1.610508028061526
    ]
  },
  {
    "label_id": "7H_jvU9tURSLSp0yi3ZSOA",
    "size": [
      1.4422854662712485,
      1.1313572277526598,
      1.8899999999999864
    ],
    "obj_class": "pedestrian",
    "point_num_in_lidar": 323,
    "speed": 0.7299298299342791,
    "if_vehicle": false,
    "motion_state": false,
    "pose": [
      [
        0.4111455078422883,
        -0.9114324259732496,
        0.01582100709891435,
        -81.33200969481506
      ],
      [
        0.911070502629968,
        0.4114327671667577,
        0.025954139151242835,
        -4.630035186981331
      ],
      [
        -0.0301647247407358,
        0.0037431251677730384,
        0.9995379324444341,
        1.4518240600120293
      ],
      [
        0.0,
        0.0,
        0.0,
        1.0
      ]
    ],
    "location": [
      -81.33200969481506,
      -4.630035186981331,
      1.4518240600120293
    ],
    "rotation": [
      0.0037448380382872227,
      0.03016930114873043,
      1.1468806397768767
    ]
  },
  {
    "label_id": "9OU84eagvEJrB0PWmD5Zkg",
    "size": [
      2.08903164811177,
      4.993037200368213,
      1.6999999999999886
    ],
    "obj_class": "vehicle",
    "point_num_in_lidar": 105,
    "speed": 8.878678919268701,
    "if_vehicle": true,
    "motion_state": true,
    "pose": [
      [
        0.99976664687817,
        -0.014708756723691265,
        0.01582100709891435,
        -96.91141100110312
      ],
      [
        0.014295013587150032,
        0.9995609212286468,
        0.025954139151242835,
        -18.461053799452202
      ],
      [
        -0.01619581354930425,
        -0.0257219211604061,
        0.9995379324444341,
        1.3373851116234619
      ],
      [
        0.0,
        0.0,
        0.0,
        1.0
      ]
    ],
    "location": [
      -96.91141100110312,
      -18.461053799452202,
      1.3373851116234619
    ],
    "rotation": [
      -0.025728133616511252,
      0.016196521671687947,
      0.014297375872974635
    ]
  },
  {
    "label_id": "AXKZxZOE2J4qe-CaUmIcQw",
    "size": [
      1.8770925018553264,
      4.241708010517512,
      1.7699999999999818
    ],
    "obj_class": "vehicle",
    "point_num_in_lidar": 50,
    "speed": 1.990015233685411e-12,
    "if_vehicle": true,
    "motion_state": false,
    "pose": [
      [
        -0.9986152244469859,
        0.050172993104579545,
        0.01582100709891435,
        -84.53197504032863
      ],
      [
        -0.04975221098057072,
        -0.9984243086801636,
        0.025954139151242835,
        -62.92957285135344
      ],
      [
        0.017098274920028127,
        0.02513106841073637,
        0.9995379324444341,
        1.759357480744427
      ],
      [
        0.0,
        0.0,
        0.0,
        1.0
      ]
    ],
    "location": [
      -84.53197504032863,
      -62.92957285135344,
      1.759357480744427
    ],
    "rotation": [
      0.025137390016752265,
      -0.017099108145960405,
      -3.0918126114132045
    ]
  },
  {
    "label_id": "BXDlU3DIkqaT24ZzQeHqcw",
    "size": [
      1.0220610767846907,
      1.090747265971741,
      1.0500000000000114
    ],
    "obj_class": "pedestrian",
    "point_num_in_lidar": 143,
    "speed": 0.052687545903583446,
    "if_vehicle": false,
    "motion_state": false,
    "pose": [
      [
        -0.38460651898756776,
        0.922945026145459,
        0.01582100709891435,
        -62.10518778701393
      ],
      [
        -0.922591564430122,
        -0.3849041281972669,
        0.025954139151242835,
        19.021090715790706
      ],
      [
        0.030043814582137094,
        -0.004614196577969006,
        0.9995379324444341,
        0.831327197853625
      ],
      [
        0.0,
        0.0,
        0.0,
        1.0
      ]
    ],
    "location": [
      -62.10518778701393,
      19.021090715790706,
      0.831327197853625
    ],
    "rotation": [
      -0.004616296842441548,
      -0.03004833616434342,
      -1.965766019852877
    ]
  },
  {
    "label_id": "Fww1o1EB4na9AHpv_SA6vw",
    "size": [
      1.9997895331551852,
      4.800593639312353,
      1.5600000000000023
    ],
    "obj_class": "vehicle",
    "point_num_in_lidar": 666,
    "speed": 9.224209949789106,
    "if_vehicle": true,
    "motion_state": true,
    "pose": [
      [
        0.99859722469204,
        -0.05052997696151569,
        0.01582100709891435,
        -80.54638782218586
      ],
      [
        0.05010912661542512,
        0.9984064593594921,
        0.025954139151242835,
        -18.326314407799146
      ],
      [
        -0.01710725773449674,
        -0.025124954477799073,
        0.9995379324444341,
        1.193507263955098
      ],
      [
        0.0,
        0.0,
        0.0,
        1.0
      ]
    ],
    "location": [
      -80.54638782218586,
      -18.326314407799146,
      1.193507263955098
    ],
    "rotation": [
      -0.02513127712081457,
      0.017108092274474674,
      0.050137463646048104
    ]
  },
  {
    "label_id": "GtCjV-L_DOEpw0nZQ3Dy6w",
    "size": [
      0.9397652133884573,
      0.9370266590153165,
      1.1100000000000136
    ],
    "obj_class": "sign",
    "point_num_in_lidar": 43,
    "speed": 0.015520986330683882,
    "if_vehicle": false,
    "motion_state": false,
    "pose": [
      [
        0.9998748400346795,
        -1.4193766203644997e-16,
        0.01582100709891435,
        -62.562473577190985
      ],
      [
        -0.00041067201945359493,
        0.9996630502371338,
        0.025954139151242835,
        -22.27472462373953
      ],
      [
        -0.01581567621432407,
        -0.025957387977021844,
        0.9995379324444341,
        0.854197392876415
      ],
      [
        0.0,
        0.0,
        0.0,
        1.0
      ]
    ],
    "location": [
      -62.562473577190985,
      -22.27472462373953,
      0.854197392876415
    ],
    "rotation": [
      -0.025963551952613954,
      0.01581633563253198,
      -0.0004107234024878104
    ]
  },
  {
    "label_id": "L6NBNCs9w739OKU74AEm5g",
    "size": [
      0.5234836372050915,
      0.08567682497549381,
      0.44999999999998863
    ],
    "obj_class": "sign",
    "point_num_in_lidar": 20,
    "speed": 0.02770162172188052,
    "if_vehicle": false,
    "motion_state": false,
    "pose": [
      [
        0.12818334985849592,
        0.991624285984077,
        0.01582100709891435,
        -94.07422545713095
      ],
      [
        -0.9914668916929896,
        0.12774891521089077,
        0.025954139151242835,
        18.530413736012633
      ],
      [
        0.023715638209752442,
        -0.01901289323091318,
        0.9995379324444341,
        3.139039466100769
      ],
      [
        0.0,
        0.0,
        0.0,
        1.0
      ]
    ],
    "location": [
      -94.07422545713095,
      18.530413736012633,
      3.139039466100769
    ],
    "rotation": [
      -0.019019388861523587,
      -0.023717861842898633,
      -1.4422229638399673
    ]
  },
  {
    "label_id": "Q6fs_63CkqvoTcB1qAcIFA",
    "size": [
      2.5817557177114328,
      5.077991374472059,
      2.1399999999999864
    ],
    "obj_class": "vehicle",
    "point_num_in_lidar": 264,
    "speed": 2.8421709430404007e-13,
    "if_vehicle": true,
    "motion_state": false,
    "pose": [
      [
        0.6057036724642331,
        0.7955330017653053,
        0.01582100709891435,
        -113.99894396238156
      ],
      [
        -0.7956132715888501,
        0.6052486305086567,
        0.025954139151242835,
        -10.840260225892052
      ],
      [
        0.011071731347336996,
        -0.028307920617353186,
        0.9995379324444341,
        1.7981363064998845
      ],
      [
        0.0,
        0.0,
        0.0,
        1.0
      ]
    ],
    "location": [
      -113.99894396238156,
      -10.840260225892052,
      1.7981363064998845
    ],
    "rotation": [
      -0.028313438578635684,
      -0.011071957561256719,
      -0.920099739860625
    ]
  },
  {
    "label_id": "Sv6Kp_7Yn7_dppLzJAxahA",
    "size": [
      2.2878795860031578,
      4.83846683002856,
      2.0
    ],
    "obj_class": "vehicle",
    "point_num_in_lidar": 277,
    "speed": 10.269285350104333,
    "if_vehicle": true,
    "motion_state": true,
    "pose": [
      [
        -0.02183535286737356,
        -0.999636390443812,
        0.01582100709891435,
        -71.52144290529546
      ],
      [
        0.9994336194447069,
        -0.02142015370091416,
        0.025954139151242835,
        39.023806504128515
      ],
      [
        -0.02560581357446281,
        0.016378764174864672,
        0.9995379324444341,
        0.830957852535164
      ],
      [
        0.0,
        0.0,
        0.0,
        1.0
      ]
    ],
    "location": [
      -71.52144290529546,
      39.023806504128515,
      0.830957852535164
    ],
    "rotation": [
      0.016384869362623195,
      0.025608612508447027,
      1.5926405786430866
    ]
  },
  {
    "label_id": "TF-e0qfWBKlF_b0k2fIi4w",
    "size": [
      1.9207280595212612,
      4.463873919194776,
      1.5600000000000023
    ],
    "obj_class": "vehicle",
    "point_num_in_lidar": 911,
    "speed": 7.856443161879388,
    "if_vehicle": true,
    "motion_state": true,
    "pose": [
      [
        0.9991246049638436,
        -0.03872621192705973,
        0.01582100709891435,
        -60.557895281553385
      ],
      [
        0.03830764520347295,
        0.9989288798407435,
        0.025954139151242835,
        -17.658258692959862
      ],
      [
        -0.016809166392426394,
        -0.025325353499955284,
        0.9995379324444341,
        1.1169121393924684
      ],
      [
        0.0,
        0.0,
        0.0,
        1.0
      ]
    ],
    "location": [
      -60.557895281553385,
      -17.658258692959862,
      1.1169121393924684
    ],
    "rotation": [
      -0.02533164117176369,
      0.016809958059355527,
      0.0383224376517784
    ]
  },
  {
    "label_id": "WASi6kOEGcG25GLiTIITRg",
    "size": [
      2.612012477036315,
      7.188040993103449,
      2.4399999999999977
    ],
    "obj_class": "vehicle",
    "point_num_in_lidar": 657,
    "speed": 0.011486934814371783,
    "if_vehicle": true,
    "motion_state": false,
    "pose": [
      [
        -0.009152590452466434,
        0.9998329489581675,
        0.01582100709891435,
        -88.33777621797594
      ],
      [
        -0.9996174088505312,
        -0.009561306598351168,
        0.025954139151242835,
        36.430658590565145
      ],
      [
        0.026101072984825162,
        -0.015577406515424972,
        0.9995379324444341,
        1.6352898771303899
      ],
      [
        0.0,
        0.0,
        0.0,
        1.0
      ]
    ],
    "location": [
      -88.33777621797594,
      36.430658590565145,
      1.6352898771303899
    ],
    "rotation": [
      -0.015583346111012749,
      -0.02610403752273165,
      -1.5799521644364392
    ]
  },
  {
    "label_id": "_2HZ08b-MNnh1BO8JN8aMw",
    "size": [
      0.9494860446133001,
      0.09810092609221567,
      0.7900000000000205
    ],
    "obj_class": "sign",
    "point_num_in_lidar": 32,
    "speed": 0.005043009939409466,
    "if_vehicle": false,
    "motion_state": false,
    "pose": [
      [
        0.02935290467837383,
        0.9994438967352387,
        0.01582100709891435,
        -65.06622490646757
      ],
      [
        -0.999244254144072,
        0.028936192233516494,
        0.025954139151242835,
        61.824944099415006
      ],
      [
        0.025481906266984742,
        -0.016570879810878424,
        0.9995379324444341,
        1.8893897201715504
      ],
      [
        0.0,
        0.0,
        0.0,
        1.0
      ]
    ],
    "location": [
      -65.06622490646757,
      61.824944099415006,
      1.8893897201715504
    ],
    "rotation": [
      -0.016577021607338465,
      -0.02548466475703259,
      -1.5414296668588106
    ]
  },
  {
    "label_id": "gReOadgSa6ggtDSZ_bnQ5Q",
    "size": [
      1.1020334662251128,
      0.8957830059557224,
      1.1000000000000227
    ],
    "obj_class": "pedestrian",
    "point_num_in_lidar": 57,
    "speed": 0.04469288986799182,
    "if_vehicle": false,
    "motion_state": false,
    "pose": [
      [
        -0.6335481846697919,
        -0.773541462001868,
        0.01582100709891435,
        -92.92248562854317
      ],
      [
        0.77363782638562,
        -0.6330962772329745,
        0.025954139151242835,
        18.663360280845154
      ],
      [
        -0.010060382047653166,
        0.02868292728717263,
        0.9995379324444341,
        1.1464010027452218
      ],
      [
        0.0,
        0.0,
        0.0,
        1.0
      ]
    ],
    "location": [
      -92.92248562854317,
      18.663360280845154,
      1.1464010027452218
    ],
    "rotation": [
      0.02868831392636523,
      0.010060551759418515,
      2.2569683943943986
    ]
  },
  {
    "label_id": "i5j529DQ3xVIaMhN_CqDdg",
    "size": [
      1.1681500733697168,
      1.1867695902315556,
      1.839999999999975
    ],
    "obj_class": "pedestrian",
    "point_num_in_lidar": 268,
    "speed": 0.44354934750049035,
    "if_vehicle": false,
    "motion_state": false,
    "pose": [
      [
        0.061699279206011065,
        -0.9979693856425832,
        0.01582100709891435,
        -63.57271294633327
      ],
      [
        0.997732658112041,
        0.06209609969715306,
        0.025954139151242835,
        21.261139551030283
      ],
      [
        -0.026883859137771474,
        0.014183783788765092,
        0.9995379324444341,
        1.2661776371542715
      ],
      [
        0.0,
        0.0,
        0.0,
        1.0
      ]
    ],
    "location": [
      -63.57271294633327,
      21.261139551030283,
      1.2661776371542715
    ],
    "rotation": [
      0.014189388316906281,
      0.026887098539937402,
      1.509035483211302
    ]
  },
  {
    "label_id": "iHBa2LA3ziDFWThMzfxSrQ",
    "size": [
      1.1548516358369647,
      1.0708842660739963,
      1.25
    ],
    "obj_class": "sign",
    "point_num_in_lidar": 91,
    "speed": 0.0,
    "if_vehicle": false,
    "motion_state": false,
    "pose": [
      [
        0.06212836915445361,
        0.9979427646316116,
        0.01582100709891435,
        -88.34112251324402
      ],
      [
        -0.9977569016557504,
        0.0617053308818225,
        0.025954139151242835,
        17.729811577084547
      ],
      [
        0.02492450490030265,
        -0.017398007362360888,
        0.9995379324444341,
        1.0479752104121758
      ],
      [
        0.0,
        0.0,
        0.0,
        1.0
      ]
    ],
    "location": [
      -88.34112251324402,
      17.729811577084547,
      1.0479752104121758
    ],
    "rotation": [
      -0.01740429261249793,
      -0.024927086267619317,
      -1.5086085750756697
    ]
  },
  {
    "label_id": "jcMjZDvyQh7S9D1-oC8sUA",
    "size": [
      2.5246044967032177,
      5.794295811722223,
      1.8600000000000136
    ],
    "obj_class": "vehicle",
    "point_num_in_lidar": 132,
    "speed": 2.8435583831733384e-13,
    "if_vehicle": true,
    "motion_state": false,
    "pose": [
      [
        -0.9998640870177635,
        -0.004637157158262888,
        0.01582100709891435,
        -65.21777013011135
      ],
      [
        0.005046842535689634,
        -0.999650394908809,
        0.025954139151242835,
        -40.020661225471486
      ],
      [
        0.015695122572133065,
        0.026030457778373654,
        0.9995379324444341,
        2.149595806509069
      ],
      [
        0.0,
        0.0,
        0.0,
        1.0
      ]
    ],
    "location": [
      -65.21777013011135,
      -40.020661225471486,
      2.149595806509069
    ],
    "rotation": [
      0.02603660612553981,
      -0.015695767024809022,
      3.136545167895
    ]
  },
  {
    "label_id": "piSZshXXJoBYeTBgNxYSAA",
    "size": [
      1.8486870772821054,
      4.196742963788994,
      1.670000000000016
    ],
    "obj_class": "vehicle",
    "point_num_in_lidar": 51,
    "speed": 4.440892098500626e-15,
    "if_vehicle": true,
    "motion_state": false,
    "pose": [
      [
        0.9964736511739227,
        -0.08240120296747867,
        0.01582100709891435,
        -84.88072985496454
      ],
      [
        0.08197447397733902,
        0.9962964259080008,
        0.025954139151242835,
        -46.20897618727395
      ],
      [
        -0.017901065114961222,
        -0.02456569706838975,
        0.9995379324444341,
        1.8012169171611276
      ],
      [
        0.0,
        0.0,
        0.0,
        1.0
      ]
    ],
    "location": [
      -84.88072985496454,
      -46.20897618727395,
      1.8012169171611276
    ],
    "rotation": [
      -0.02457210668143745,
      0.01790202131333326,
      0.0820797434026302
    ]
  },
  {
    "label_id": "svBSez9P1pi2LRX0iLADRg",
    "size": [
      1.1415801481534398,
      0.14765088546556446,
      0.7844704607815061
    ],
    "obj_class": "sign",
    "point_num_in_lidar": 40,
    "speed": 0.01815676079217544,
    "if_vehicle": false,
    "motion_state": false,
    "pose": [
      [
        0.19307529180794167,
        -0.9810563834090549,
        0.01582100709891435,
        -92.56628943679222
      ],
      [
        0.9807692791222756,
        0.19343733815085887,
        0.025954139151242835,
        24.899364146676817
      ],
      [
        -0.028522847390293482,
        0.0105056547371405,
        0.9995379324444341,
        3.192755805803074
      ],
      [
        0.0,
        0.0,
        0.0,
        1.0
      ]
    ],
    "location": [
      -92.56628943679222,
      24.899364146676817,
      3.192755805803074
    ],
    "rotation": [
      0.010510124294026134,
      0.028526716280693844,
      1.3764207806375712
    ]
  },
  {
    "label_id": "tHiLYp-JdD1GE2Xou2SH_g",
    "size": [
      2.2812866277286745,
      4.608025198634581,
      2.009999999999991
    ],
    "obj_class": "vehicle",
    "point_num_in_lidar": 86,
    "speed": 8.526541741130118e-13,
    "if_vehicle": true,
    "motion_state": false,
    "pose": [
      [
        0.9968621893422993,
        -0.07755946875819883,
        0.01582100709891435,
        -84.78771647126429
      ],
      [
        0.07713360574459847,
        0.9966828931639967,
        0.025954139151242835,
        -35.84062509401883
      ],
      [
        -0.01778151637276085,
        -0.024652368652752464,
        0.9995379324444341,
        1.9774965383238055
      ],
      [
        0.0,
        0.0,
        0.0,
        1.0
      ]
    ],
    "location": [
      -84.78771647126429,
      -35.84062509401883,
      1.9774965383238055
    ],
    "rotation": [
      -0.02465876580269965,
      0.017782453539639018,
      0.07722253033014728
    ]
  },
  {
    "label_id": "tkAwnC0RmnNm52uw7Er9_w",
    "size": [
      0.7246966419424696,
      0.7938529633716231,
      0.8600000000000136
    ],
    "obj_class": "pedestrian",
    "point_num_in_lidar": 28,
    "speed": 0.006214045245522111,
    "if_vehicle": false,
    "motion_state": false,
    "pose": [
      [
        -0.9986024962354253,
        0.05042569034483803,
        0.01582100709891435,
        -60.834970787083336
      ],
      [
        -0.05000485992320726,
        -0.998411686953322,
        0.025954139151242835,
        -26.589014819441218
      ],
      [
        0.01710463377093497,
        0.025126740900247396,
        0.9995379324444341,
        0.9022106109360948
      ],
      [
        0.0,
        0.0,
        0.0,
        1.0
      ]
    ],
    "location": [
      -60.834970787083336,
      -26.589014819441218,
      0.9022106109360948
    ],
    "rotation": [
      0.02513306324045755,
      -0.01710546792692521,
      -3.0915596050791123
    ]
  },
  {
    "label_id": "tme8SKJXoDfayi5l40MZCg",
    "size": [
      2.535843216938897,
      6.373996801546928,
      1.9800000000000182
    ],
    "obj_class": "vehicle",
    "point_num_in_lidar": 233,
    "speed": 5.684385254002266e-13,
    "if_vehicle": true,
    "motion_state": false,
    "pose": [
      [
        -0.028292523345853474,
        0.9994744763409921,
        0.01582100709891435,
        -88.44430098472642
      ],
      [
        -0.9992511509448989,
        -0.028697038108707107,
        0.025954139151242835,
        44.31217846099571
      ],
      [
        0.026394515680705343,
        -0.015074851464839514,
        0.9995379324444341,
        1.0640060422307442
      ],
      [
        0.0,
        0.0,
        0.0,
        1.0
      ]
    ],
    "location": [
      -88.44430098472642,
      44.31217846099571,
      1.0640060422307442
    ],
    "rotation": [
      -0.015080676930544153,
      -0.02639758135511819,
      -1.599102490424221
    ]
  },
  {
    "label_id": "x7Qs85q0os6vyZ8t_1jsug",
    "size": [
      2.2620183681852417,
      5.030003373164531,
      1.7699999999999818
    ],
    "obj_class": "vehicle",
    "point_num_in_lidar": 82,
    "speed": 9.21016258482444,
    "if_vehicle": true,
    "motion_state": true,
    "pose": [
      [
        0.99938477737931,
        -0.03130115775627476,
        0.01582100709891435,
        -119.82026774854668
      ],
      [
        0.030884056921346895,
        0.9991859475037651,
        0.025954139151242835,
        -15.952556052578075
      ],
      [
        -0.016620522572593888,
        -0.025449554693940547,
        0.9995379324444341,
        1.538557615699176
      ],
      [
        0.0,
        0.0,
        0.0,
        1.0
      ]
    ],
    "location": [
      -119.82026774854668,
      -15.952556052578075,
      1.538557615699176
    ],
    "rotation": [
      -0.025455819671568874,
      0.016621287881496253,
      0.030893237347805757
    ]
  },
  {
    "label_id": "xOy_CuD_0CJtCeashJjsYg",
    "size": [
      2.0332978762345624,
      5.08331781141132,
      1.8600000000000136
    ],
    "obj_class": "vehicle",
    "point_num_in_lidar": 40,
    "speed": 5.688677041670493e-13,
    "if_vehicle": true,
    "motion_state": false,
    "pose": [
      [
        0.9989785582224744,
        -0.04232653950091488,
        0.01582100709891435,
        -84.66158185626145
      ],
      [
        0.04190727015405005,
        0.9987843427733303,
        0.025954139151242835,
        -54.5047562907439
      ],
      [
        -0.01690032307329868,
        -0.02526461329061069,
        0.9995379324444341,
        1.9718750873803401
      ],
      [
        0.0,
        0.0,
        0.0,
        1.0
      ]
    ],
    "location": [
      -84.66158185626145,
      -54.5047562907439,
      1.9718750873803401
    ],
    "rotation": [
      -0.025270911776181938,
      0.016901127691024045,
      0.041925537594018764
    ]
  },
  {
    "label_id": "yCCQR1Os652xmVMKFns4qw",
    "size": [
      2.089840998663312,
      4.588581830183225,
      1.9800000000000182
    ],
    "obj_class": "vehicle",
    "point_num_in_lidar": 98,
    "speed": 8.529403544899535e-13,
    "if_vehicle": true,
    "motion_state": false,
    "pose": [
      [
        0.9983009997861847,
        -0.056078601625579066,
        0.01582100709891435,
        -84.33673511156394
      ],
      [
        0.05565669765680315,
        0.998112576149032,
        0.025954139151242835,
        -40.2154904364761
      ],
      [
        -0.01724661798276692,
        -0.025029498054545064,
        0.9995379324444341,
        2.071694065869508
      ],
      [
        0.0,
        0.0,
        0.0,
        1.0
      ]
    ],
    "location": [
      -84.33673511156394,
      -40.2154904364761,
      2.071694065869508
    ],
    "rotation": [
      -0.025035836644823548,
      0.017247473086333405,
      0.05569376424193903
    ]
  },
  {
    "label_id": "yt4iVsGB3GEo7xeAptjybw",
    "size": [
      2.3057010288474675,
      4.802346978210001,
      1.8999999999999773
    ],
    "obj_class": "vehicle",
    "point_num_in_lidar": 289,
    "speed": 9.420695783815505,
    "if_vehicle": true,
    "motion_state": true,
    "pose": [
      [
        0.9991025959273029,
        -0.03928992931656594,
        0.01582100709891435,
        -95.20627561587168
      ],
      [
        0.03887125222806958,
        0.998907106998013,
        0.025954139151242835,
        -15.090957049698773
      ],
      [
        -0.01682345272369621,
        -0.02531586544362118,
        0.9995379324444341,
        1.4769121393923115
      ],
      [
        0.0,
        0.0,
        0.0,
        1.0
      ]
    ],
    "location": [
      -95.20627561587168,
      -15.090957049698773,
      1.4769121393923115
    ],
    "rotation": [
      -0.02532215481692211,
      0.016824246411057425,
      0.03888655396736165
    ]
  }
]