[
  {
    "label_id": "0dItGO83CJ_wt_3rDsNP2w",
    "size": [
      0.5982410950696818,
      0.1706041126485065,
      0.6399999999999864
    ],
    "obj_class": "sign",
    "point_num_in_lidar": 36,
    "speed": 0.022431504883744277,
    "if_vehicle": false,
    "motion_state": false,
    "pose": [
      [
        -0.2093283184778411,
        0.9777097586279259,
        0.016287509538369643,
        -65.10639429323058
      ],
      [
        -0.9774084696935857,
        -0.2097036394191994,
        0.026402026164390496,
        37.109797873365096
      ],
      [
        0.029229068655745455,
        -0.010392858031617727,
        0.9995187092033107,
        1.6052378907921252
      ],
      [
        0.0,
        0.0,
        0.0,
        1.0
      ]
    ],
    "location": [
      -65.10639429323058,
      37.109797873365096,
      1.6052378907921252
    ],
    "rotation": [
      -0.010397487727901023,
      -0.029233232176176065,
      -1.7817758405565005
    ]
  },
  {
    "label_id": "0lL4WpaXe4oMs38v5QTFMA",
    "size": [
      2.0766298951025823,
      4.991979895020037,
      1.579999999999984
    ],
    "obj_class": "vehicle",
    "point_num_in_lidar": 25,
    "speed": 8.551739069900243,
    "if_vehicle": true,
    "motion_state": true,
    "pose": [
      [
        0.9996293340712733,
        -0.02181539587676352,
        0.016287509538369643,
        -121.14163377636253
      ],
      [
        0.021380704406186165,
        0.9994227326279456,
        0.026402026164390496,
        -19.04983627011279
      ],
      [
        -0.016854077943265964,
        -0.02604400140588919,
        0.9995187092033107,
        1.3118798584555407
      ],
      [
        0.0,
        0.0,
        0.0,
        1.0
      ]
    ],
    "location": [
      -121.14163377636253,
      -19.04983627011279,
      1.3118798584555407
    ],
    "rotation": [
      -0.02605064760853281,
      0.01685487597335082,
      0.02138537176024214
    ]
  },
  {
    "label_id": "20Y4i40d8raHY1Clo4K4wg",
    "size": [
      0.7999212305811697,
      0.15511676600605773,
      0.7769746969505036
    ],
    "obj_class": "sign",
    "point_num_in_lidar": 51,
    "speed": 0.018837597081919837,
    "if_vehicle": false,
    "motion_state": false,
    "pose": [
      [
        -0.20932831847946848,
        0.9777097586275774,
        0.016287509538369643,
        -65.09893405780971
      ],
      [
        -0.9774084696932367,
        -0.20970363942082623,
        0.026402026164390496,
        37.11165748453823
      ],
      [
        0.029229068655762754,
        -0.010392858031569073,
        0.9995187092033107,
        2.393210740861832
      ],
      [
        0.0,
        0.0,
        0.0,
        1.0
      ]
    ],
    "location": [
      -65.09893405780971,
      37.11165748453823,
      2.393210740861832
    ],
    "rotation": [
      -0.01039748772785235,
      -0.02923323217619337,
      -1.7817758405581656
    ]
  },
  {
    "label_id": "2gBQINdyd96o4z3Zr-BlXg",
    "size": [
      0.8037584934951676,
      0.6746490747898556,
      1.8500000000000227
    ],
    "obj_class": "pedestrian",
    "point_num_in_lidar": 172,
    "speed": 0.11151730268705363,
    "if_vehicle": false,
    "motion_state": false,
    "pose": [
      [
        -0.9556483715372804,
        -0.29405935967280716,
        0.016287509538369643,
        -80.1106904455936
      ],
      [
        0.294406883762373,
        -0.9553154033133472,
        0.026402026164390496,
        -9.26070539569264
      ],
      [
        0.0077959458356522135,
        0.030026208236725783,
        0.9995187092033107,
        1.44642686473793
      ],
      [
        0.0,
        0.0,
        0.0,
        1.0
      ]
    ],
    "location": [
      -80.1106904455936,
      -9.26070539569264,
      1.44642686473793
    ],
    "rotation": [
      0.03003163477341686,
      -0.007796024806548462,
      2.8427484545148918
    ]
  },
  {
    "label_id": "34QvoR6V_imNZ02CTvcFLg",
    "size": [
      1.902624116805356,
      4.357864290621819,
      1.5500000000000114
    ],
    "obj_class": "vehicle",
    "point_num_in_lidar": 21,
    "speed": 1.1369030711563004e-12,
    "if_vehicle": true,
    "motion_state": false,
    "pose": [
      [
        -0.9984789296185679,
        0.05267394176247284,
        0.016287509538369643,
        -84.97223997495972
      ],
      [
        -0.052233077667543086,
        -0.9982858501510432,
        0.026402026164390496,
        -43.08326108930487
      ],
      [
        0.017650289094948955,
        0.025511120073653536,
        0.9995187092033107,
        1.9519954291757244
      ],
      [
        0.0,
        0.0,
        0.0,
        1.0
      ]
    ],
    "location": [
      -84.97223997495972,
      -43.08326108930487,
      1.9519954291757244
    ],
    "rotation": [
      0.025517864060947394,
      -0.017651205663833,
      -3.089327646328938
    ]
  },
  {
    "label_id": "4iGaZtbzD4XFf7YLTHe1Sg",
    "size": [
      0.9999999999985264,
      1.0,
      1.9499999999999886
    ],
    "obj_class": "pedestrian",
    "point_num_in_lidar": 43,
    "speed": 0.2010623032862844,
    "if_vehicle": false,
    "motion_state": false,
    "pose": [
      [
        0.011308408851447094,
        0.9998033991351929,
        0.016287509538369643,
        -59.34673842477608
      ],
      [
        -0.9995922406347991,
        0.010875912702690518,
        0.026402026164390496,
        -26.03404103270441
      ],
      [
        0.026219693971330373,
        -0.016579433060193105,
        0.9995187092033107,
        1.3775510603278462
      ],
      [
        0.0,
        0.0,
        0.0,
        1.0
      ]
    ],
    "location": [
      -59.34673842477608,
      -26.03404103270441,
      1.3775510603278462
    ],
    "rotation": [
      -0.016585895381724457,
      -0.026222699120217425,
      -1.5594837875461292
    ]
  },
  {
    "label_id": "6UnIBe0cOQDEznFzk4-t7g",
    "size": [
      2.1718263450577195,
      4.895286408426708,
      2.0
    ],
    "obj_class": "vehicle",
    "point_num_in_lidar": 138,
    "speed": 1.7054196556390472e-12,
    "if_vehicle": true,
    "motion_state": false,
    "pose": [
      [
        -0.9983711064474068,
        0.05467952856433621,
        0.016287509538369643,
        -85.10398647734674
      ],
      [
        -0.05423827751077133,
        -0.998178912954526,
        0.026402026164390496,
        -51.71350847690155
      ],
      [
        0.017701498909558428,
        0.025475613611894498,
        0.9995187092033107,
        2.1767161948049534
      ],
      [
        0.0,
        0.0,
        0.0,
        1.0
      ]
    ],
    "location": [
      -85.10398647734674,
      -51.71350847690155,
      2.1767161948049534
    ],
    "rotation": [
      0.025482363596424126,
      -0.01770242348024945,
      -3.087319235746369
    ]
  },
  {
    "label_id": "7-k0-aAqBFIwuvVcth1ugQ",
    "size": [
      2.654330680897419,
      7.4845826403753275,
      2.2900000000000205
    ],
    "obj_class": "vehicle",
    "point_num_in_lidar": 89,
    "speed": 0.0017181400678134933,
    "if_vehicle": true,
    "motion_state": false,
    "pose": [
      [
        -0.03968695637352531,
        0.9990794075181628,
        0.016287509538369643,
        -88.38495353612117
      ],
      [
        -0.9988464704352987,
        -0.04010812278529698,
        0.026402026164390496,
        57.71966826156131
      ],
      [
        0.027030982090029916,
        -0.015220905354022941,
        0.9995187092033107,
        0.6731448559269779
      ],
      [
        0.0,
        0.0,
        0.0,
        1.0
      ]
    ],
    "location": [
      -88.38495353612117,
      57.71966826156131,
      0.6731448559269779
    ],
    "rotation": [
      -0.015227057588822335,
      -0.02703427497879283,
      -1.6105082272523565
    ]
  },
  {
    "label_id": "7H_jvU9tURSLSp0yi3ZSOA",
    "size": [
      1.4422854662725286,
      1.1313572277526598,
      1.8899999999999864
    ],
    "obj_class": "pedestrian",
    "point_num_in_lidar": 194,
    "speed": 0.8061131549985877,
    "if_vehicle": false,
    "motion_state": false,
    "pose": [
      [
        0.2601070334423324,
        -0.9654424106008949,
        0.016287509538369643,
        -81.29983418438559
      ],
      [
        0.9651219303904686,
        0.26046610622841193,
        0.026402026164390496,
        -5.074106277796091
      ],
      [
        -0.029731979974514322,
        0.008852079944438025,
        0.9995187092033107,
        1.451824060012143
      ],
      [
        0.0,
        0.0,
        0.0,
        1.0
      ]
    ],
    "location": [
      -81.29983418438559,
      -5.074106277796091,
      1.451824060012143
    ],
    "rotation": [
      0.008856110882948303,
      0.029736362183263088,
      1.307544131438582
    ]
  },
  {
    "label_id": "97LGRvZi3-yunSqGxMM_Jw",
    "size": [
      2.7330119442255176,
      6.870703637231516,
      2.9699999999999704
    ],
    "obj_class": "vehicle",
    "point_num_in_lidar": 6706,
    "speed": 0.007720677102626861,
    "if_vehicle": true,
    "motion_state": false,
    "pose": [
      [
        -0.999860079924997,
        0.0038128211885828417,
        0.016287509538369643,
        -55.16361759528564
      ],
      [
        -0.0033819201945596137,
        -0.9996456850455627,
        0.026402026164390496,
        12.210639461718529
      ],
      [
        0.016382404834950768,
        0.02634324893348245,
        0.9995187092033107,
        1.6800777032865426
      ],
      [
        0.0,
        0.0,
        0.0,
        1.0
      ]
    ],
    "location": [
      -55.16361759528564,
      12.210639461718529,
      1.6800777032865426
    ],
    "rotation": [
      0.026349833757182972,
      -0.016383137717139454,
      -3.1382102730292525
    ]
  },
  {
    "label_id": "9OU84eagvEJrB0PWmD5Zkg",
    "size": [
      2.0890316481124436,
      4.993037200368213,
      1.6999999999999886
    ],
    "obj_class": "vehicle",
    "point_num_in_lidar": 83,
    "speed": 8.366852359950487,
    "if_vehicle": true,
    "motion_state": true,
    "pose": [
      [
        0.9993287136971791,
        -0.032815225328784135,
        0.016287509538369643,
        -102.11720823594698
      ],
      [
        0.03237828648648123,
        0.9991269086450499,
        0.026402026164390496,
        -18.584045449129917
      ],
      [
        -0.017139677492318955,
        -0.025856941195874998,
        0.9995187092033107,
        1.3356425337811402
      ],
      [
        0.0,
        0.0,
        0.0,
        1.0
      ]
    ],
    "location": [
      -102.11720823594698,
      -18.584045449129917,
      1.3356425337811402
    ],
    "rotation": [
      -0.025863623393824354,
      0.017140516786293337,
      0.03238870587662094
    ]
  },
  {
    "label_id": "9c2B8y2r5Bvrgoj_U5Y_JA",
    "size": [
      2.035230187173577,
      4.669215735306136,
      1.7900000000000205
    ],
    "obj_class": "vehicle",
    "point_num_in_lidar": 1033,
    "speed": 9.594939523526527,
    "if_vehicle": true,
    "motion_state": true,
    "pose": [
      [
        0.9997112370505858,
        -0.017668037463869326,
        0.016287509538369643,
        -59.316283037708615
      ],
      [
        0.017234206863370415,
        0.9995028339770755,
        0.026402026164390496,
        -14.301074858682114
      ],
      [
        -0.016745883929423618,
        -0.02611369992877138,
        0.9995187092033107,
        1.2570433801211607
      ],
      [
        0.0,
        0.0,
        0.0,
        1.0
      ]
    ],
    "location": [
      -59.316283037708615,
      -14.301074858682114,
      1.2570433801211607
    ],
    "rotation": [
      -0.02612033225416757,
      0.016746666687918303,
      0.01723747743747741
    ]
  },
  {
    "label_id": "AdBkVx0b9kPemMNsgkGfrA",
    "size": [
      1.4666399194667545,
      1.0272516549106756,
      1.240000000000009
    ],
    "obj_class": "pedestrian",
    "point_num_in_lidar": 38,
    "speed": 0.020126304884731057,
    "if_vehicle": false,
    "motion_state": false,
    "pose": [
      [
        0.10732585963385877,
        -0.9940904772136643,
        0.016287509538369643,
        -90.94031930499855
      ],
      [
        0.9938295240454094,
        0.10773026571066222,
        0.026402026164390496,
        -28.16197757216287
      ],
      [
        -0.028000660519500106,
        0.013353387698234128,
        0.9995187092033107,
        0.9306466614688134
      ],
      [
        0.0,
        0.0,
        0.0,
        1.0
      ]
    ],
    "location": [
      -90.94031930499855,
      -28.16197757216287,
      0.9306466614688134
    ],
    "rotation": [
      0.013359022899487346,
      0.028004320736629163,
      1.4632210036943438
    ]
  },
  {
    "label_id": "BXDlU3DIkqaT24ZzQeHqcw",
    "size": [
      1.022061076784691,
      1.090747265971741,
      1.0500000000000114
    ],
    "obj_class": "pedestrian",
    "point_num_in_lidar": 133,
    "speed": 0.05268754502133796,
    "if_vehicle": false,
    "motion_state": false,
    "pose": [
      [
        -0.38460363780251533,
        0.9229381121300112,
        0.016287509538369643,
        -62.075500991758645
      ],
      [
        -0.9225732649762647,
        -0.3849175285245524,
        0.026402026164390496,
        19.01017134580252
      ],
      [
        0.03063678410189904,
        -0.004872105544963961,
        0.9995187092033107,
        0.7939761500037434
      ],
      [
        0.0,
        0.0,
        0.0,
        1.0
      ]
    ],
    "location": [
      -62.075500991758645,
      19.01017134580252,
      0.7939761500037434
    ],
    "rotation": [
      -0.004874412968087234,
      -0.030641578805632414,
      -1.9657704038210764
    ]
  },
  {
    "label_id": "D5j3i75zBvzZL7edy7Vfkg",
    "size": [
      1.0822184139979385,
      1.1221680693460732,
      1.079999999999984
    ],
    "obj_class": "sign",
    "point_num_in_lidar": 427,
    "speed": 0.012915843311542585,
    "if_vehicle": false,
    "motion_state": false,
    "pose": [
      [
        0.9993335546263643,
        -0.03266747053067934,
        0.016287509538369643,
        -59.241113001956535
      ],
      [
        0.03223056153077427,
        0.9991316849734202,
        0.026402026164390496,
        8.87961635100146
      ],
      [
        -0.017135854260767365,
        -0.025859475077839138,
        0.9995187092033107,
        0.6777579950791051
      ],
      [
        0.0,
        0.0,
        0.0,
        1.0
      ]
    ],
    "location": [
      -59.241113001956535,
      8.87961635100146,
      0.6777579950791051
    ],
    "rotation": [
      -0.025866156800323576,
      0.017136692993170714,
      0.03224087992819517
    ]
  },
  {
    "label_id": "Fww1o1EB4na9AHpv_SA6vw",
    "size": [
      1.9997895331551798,
      4.800593639312353,
      1.5600000000000023
    ],
    "obj_class": "vehicle",
    "point_num_in_lidar": 417,
    "speed": 9.424500705809024,
    "if_vehicle": true,
    "motion_state": true,
    "pose": [
      [
        0.9985897439467714,
        -0.05052959842863206,
        0.016287509538369643,
        -86.1893534202662
      ],
      [
        0.050089149986179665,
        0.9983957181739496,
        0.026402026164390496,
        -18.478560266579734
      ],
      [
        -0.017595463562614502,
        -0.025548965039005937,
        0.9995187092033107,
        1.1630912744604984
      ],
      [
        0.0,
        0.0,
        0.0,
        1.0
      ]
    ],
    "location": [
      -86.1893534202662,
      -18.478560266579734,
      1.1630912744604984
    ],
    "rotation": [
      -0.025555702563247355,
      0.01759637161604133,
      0.05011788399712876
    ]
  },
  {
    "label_id": "GtCjV-L_DOEpw0nZQ3Dy6w",
    "size": [
      0.9397652133884558,
      0.9370266590153165,
      1.1100000000000136
    ],
    "obj_class": "sign",
    "point_num_in_lidar": 30,
    "speed": 0.015520986200513407,
    "if_vehicle": false,
    "motion_state": false,
    "pose": [
      [
        0.99986734971847,
        -2.7202100258543684e-15,
        0.016287509538369643,
        -62.559201840487106
      ],
      [
        -0.0004300803032553831,
        0.9996513132314424,
        0.026402026164390496,
        -22.28344947777441
      ],
      [
        -0.01628183029930093,
        -0.02640552886522837,
        0.9995187092033107,
        0.8335409190919449
      ],
      [
        0.0,
        0.0,
        0.0,
        1.0
      ]
    ],
    "location": [
      -62.559201840487106,
      -22.28344947777441,
      0.8335409190919449
    ],
    "rotation": [
      -0.026412100323231987,
      0.016282549765234675,
      -0.0004301373345696927
    ]
  },
  {
    "label_id": "J4VvYddmPcAryqS-UZ_20A",
    "size": [
      1.875648120909324,
      4.310370117695685,
      1.8899999999999864
    ],
    "obj_class": "vehicle",
    "point_num_in_lidar": 28,
    "speed": 5.685035733124714e-13,
    "if_vehicle": true,
    "motion_state": false,
    "pose": [
      [
        0.99986734971847,
        -5.001976574730493e-16,
        0.016287509538369643,
        -35.03305038592504
      ],
      [
        -0.00043008030325760273,
        0.9996513132314424,
        0.026402026164390496,
        -67.55194797141303
      ],
      [
        -0.016281830299300873,
        -0.026405528865228404,
        0.9995187092033107,
        1.9972218085013083
      ],
      [
        0.0,
        0.0,
        0.0,
        1.0
      ]
    ],
    "location": [
      -35.03305038592504,
      -67.55194797141303,
      1.9972218085013083
    ],
    "rotation": [
      -0.026412100323232022,
      0.01628254976523462,
      -0.0004301373345719126
    ]
  },
  {
    "label_id": "Q6fs_63CkqvoTcB1qAcIFA",
    "size": [
      2.5817557177114296,
      5.077991374472059,
      2.1399999999999864
    ],
    "obj_class": "vehicle",
    "point_num_in_lidar": 202,
    "speed": 2.8421709430404007e-13,
    "if_vehicle": true,
    "motion_state": false,
    "pose": [
      [
        0.6056991349842876,
        0.7955270422256701,
        0.016287509538369643,
        -113.99894396238153
      ],
      [
        -0.7956156903849927,
        0.6052260786083381,
        0.026402026164390496,
        -10.840260225892052
      ],
      [
        0.011145900255118966,
        -0.028950282555625973,
        0.9995187092033107,
        1.7662449884977036
      ],
      [
        0.0,
        0.0,
        0.0,
        1.0
      ]
    ],
    "location": [
      -113.99894396238153,
      -10.840260225892052,
      1.7662449884977036
    ],
    "rotation": [
      -0.028956127228903485,
      -0.011146131045915586,
      -0.9201048156399831
    ]
  },
  {
    "label_id": "Sv6Kp_7Yn7_dppLzJAxahA",
    "size": [
      2.2878795860031764,
      4.83846683002856,
      2.0
    ],
    "obj_class": "vehicle",
    "point_num_in_lidar": 445,
    "speed": 9.791466499338132,
    "if_vehicle": true,
    "motion_state": true,
    "pose": [
      [
        -0.03491951023282131,
        -0.99925739668923,
        0.016287509538369643,
        -71.30554391820345
      ],
      [
        0.9990565121777765,
        -0.03448214740399851,
        0.026402026164390496,
        32.94037292710345
      ],
      [
        -0.025820791627603694,
        0.017194088294280492,
        0.9995187092033107,
        1.0389682358623418
      ],
      [
        0.0,
        0.0,
        0.0,
        1.0
      ]
    ],
    "location": [
      -71.30554391820345,
      32.94037292710345,
      1.0389682358623418
    ],
    "rotation": [
      0.017200671086850583,
      0.025823661666206445,
      1.6057345911553818
    ]
  },
  {
    "label_id": "TF-e0qfWBKlF_b0k2fIi4w",
    "size": [
      1.9207280595198444,
      4.463873919194776,
      1.5600000000000023
    ],
    "obj_class": "vehicle",
    "point_num_in_lidar": 990,
    "speed": 7.2638678956326315,
    "if_vehicle": true,
    "motion_state": true,
    "pose": [
      [
        0.9986202960221863,
        -0.04992215345514039,
        0.016287509538369643,
        -64.90964718291585
      ],
      [
        0.04948182311878708,
        0.9984260023633478,
        0.026402026164390496,
        -17.875807672367955
      ],
      [
        -0.017579919038554635,
        -0.02555966351784598,
        0.9995187092033107,
        1.0668823300759982
      ],
      [
        0.0,
        0.0,
        0.0,
        1.0
      ]
    ],
    "location": [
      -64.90964718291585,
      -17.875807672367955,
      1.0668823300759982
    ],
    "rotation": [
      -0.02556639920176672,
      0.017580824687253797,
      0.04950969512194956
    ]
  },
  {
    "label_id": "WASi6kOEGcG25GLiTIITRg",
    "size": [
      2.612012477036315,
      7.188040993103449,
      2.4399999999999977
    ],
    "obj_class": "vehicle",
    "point_num_in_lidar": 618,
    "speed": 0.011486934621904452,
    "if_vehicle": true,
    "motion_state": false,
    "pose": [
      [
        -0.009152521888089269,
        0.9998254589557747,
        0.016287509538369643,
        -88.33089062831382
      ],
      [
        -0.9996054946782684,
        -0.009580606631567734,
        0.026402026164390496,
        36.431041914067464
      ],
      [
        0.02655346214906913,
        -0.016039438906819515,
        0.9995187092033107,
        1.6336065661537873
      ],
      [
        0.0,
        0.0,
        0.0,
        1.0
      ]
    ],
    "location": [
      -88.33089062831382,
      36.431041914067464,
      1.6336065661537873
    ],
    "rotation": [
      -0.016045785028617702,
      -0.026556583553517834,
      -1.5799522049719317
    ]
  },
  {
    "label_id": "ctW65CIWnfgzcBsgEI6eEg",
    "size": [
      1.1205580076404509,
      0.99186347399398,
      1.0699999999999932
    ],
    "obj_class": "sign",
    "point_num_in_lidar": 208,
    "speed": 3.108624468950438e-14,
    "if_vehicle": false,
    "motion_state": false,
    "pose": [
      [
        0.9993335546263525,
        -0.03266747053103704,
        0.016287509538369643,
        -59.27119097334841
      ],
      [
        0.03223056153113189,
        0.9991316849734087,
        0.026402026164390496,
        11.721001093836094
      ],
      [
        -0.01713585426077662,
        -0.025859475077833004,
        0.9995187092033107,
        0.6660747156247453
      ],
      [
        0.0,
        0.0,
        0.0,
        1.0
      ]
    ],
    "location": [
      -59.27119097334841,
      11.721001093836094,
      0.6660747156247453
    ],
    "rotation": [
      -0.025866156800317442,
      0.017136692993179974,
      0.03224087992855303
    ]
  },
  {
    "label_id": "fxYJPKvGSuuDKaSQkZStYQ",
    "size": [
      1.8889588141068052,
      4.426904542688601,
      1.6800000000000068
    ],
    "obj_class": "vehicle",
    "point_num_in_lidar": 673,
    "speed": 6.042581215749451,
    "if_vehicle": true,
    "motion_state": true,
    "pose": [
      [
        0.9608324919453586,
        0.276650753577701,
        0.016287509538369643,
        -52.79097752966439
      ],
      [
        -0.27700426894419355,
        0.9605058917055675,
        0.026402026164390496,
        -19.45853878384878
      ],
      [
        -0.008340108438457861,
        -0.02987963426453554,
        0.9995187092033107,
        1.104145360419352
      ],
      [
        0.0,
        0.0,
        0.0,
        1.0
      ]
    ],
    "location": [
      -52.79097752966439,
      -19.45853878384878,
      1.104145360419352
    ],
    "rotation": [
      -0.029885121797580613,
      0.00834020512753964,
      -0.280684996508356
    ]
  },
  {
    "label_id": "gReOadgSa6ggtDSZ_bnQ5Q",
    "size": [
      1.1020334662251132,
      0.8957830059557224,
      1.1000000000000227
    ],
    "obj_class": "pedestrian",
    "point_num_in_lidar": 46,
    "speed": 0.035492294409714686,
    "if_vehicle": false,
    "motion_state": false,
    "pose": [
      [
        -0.6335434385995342,
        -0.7735356672064421,
        0.016287509538369643,
        -92.93713240277117
      ],
      [
        0.7736410438107445,
        -0.6330738253520172,
        0.026402026164390496,
        18.685841593098303
      ],
      [
        -0.01011171295576061,
        0.029327516322524578,
        0.9995187092033107,
        1.0974486666945609
      ],
      [
        0.0,
        0.0,
        0.0,
        1.0
      ]
    ],
    "location": [
      -92.93713240277117,
      18.685841593098303,
      1.0974486666945609
    ],
    "rotation": [
      0.02933322214744053,
      0.010111885278635218,
      2.256962683680128
    ]
  },
  {
    "label_id": "i5j529DQ3xVIaMhN_CqDdg",
    "size": [
      1.1681500733691854,
      1.1867695902315556,
      1.839999999999975
    ],
    "obj_class": "pedestrian",
    "point_num_in_lidar": 251,
    "speed": 0.407588678893624,
    "if_vehicle": false,
    "motion_state": false,
    "pose": [
      [
        0.14022806378821842,
        -0.9899852560312425,
        0.016287509538369643,
        -63.79701451752919
      ],
      [
        0.9897110373909411,
        0.14062359503640132,
        0.026402026164390496,
        21.11066120731448
      ],
      [
        -0.02842802477757291,
        0.012417622952616307,
        0.9995187092033107,
        1.2085921062678722
      ],
      [
        0.0,
        0.0,
        0.0,
        1.0
      ]
    ],
    "location": [
      -63.79701451752919,
      21.11066120731448,
      1.2085921062678722
    ],
    "rotation": [
      0.012422963199922034,
      0.028431855201063293,
      1.4300473128792375
    ]
  },
  {
    "label_id": "iHBa2LA3ziDFWThMzfxSrQ",
    "size": [
      1.1548516358369616,
      1.0708842660739963,
      1.25
    ],
    "obj_class": "sign",
    "point_num_in_lidar": 72,
    "speed": 0.0,
    "if_vehicle": false,
    "motion_state": false,
    "pose": [
      [
        0.062127903735072876,
        0.9979352887890692,
        0.016287509538369643,
        -88.341122513244
      ],
      [
        -0.9977463932856357,
        0.06168523080868088,
        0.026402026164390496,
        17.729811577082728
      ],
      [
        0.02534281481980467,
        -0.01789110643746583,
        0.9995187092033107,
        1.014070856217245
      ],
      [
        0.0,
        0.0,
        0.0,
        1.0
      ]
    ],
    "location": [
      -88.341122513244,
      17.729811577082728,
      1.014070856217245
    ],
    "rotation": [
      -0.017897810085657825,
      -0.02534552837617723,
      -1.508608386464017
    ]
  },
  {
    "label_id": "jcMjZDvyQh7S9D1-oC8sUA",
    "size": [
      2.52460449670322,
      5.794295811722223,
      1.8600000000000136
    ],
    "obj_class": "vehicle",
    "point_num_in_lidar": 199,
    "speed": 2.8435583831733384e-13,
    "if_vehicle": true,
    "motion_state": false,
    "pose": [
      [
        -0.9998565967821076,
        -0.0046371224201435,
        0.016287509538369643,
        -65.21777013011135
      ],
      [
        0.005066196177619325,
        -0.9996385680188138,
        0.026402026164390496,
        -40.020661225473305
      ],
      [
        0.01615919328406449,
        0.02648075574744587,
        0.9995187092033107,
        2.1372073781417384
      ],
      [
        0.0,
        0.0,
        0.0,
        1.0
      ]
    ],
    "location": [
      -65.21777013011135,
      -40.020661225473305,
      2.1372073781417384
    ],
    "rotation": [
      0.026487310788046795,
      -0.016159896613530934,
      3.1365257741607024
    ]
  },
  {
    "label_id": "piSZshXXJoBYeTBgNxYSAA",
    "size": [
      1.8486870772821022,
      4.196742963788994,
      1.670000000000016
    ],
    "obj_class": "vehicle",
    "point_num_in_lidar": 56,
    "speed": 4.440892098500626e-15,
    "if_vehicle": true,
    "motion_state": false,
    "pose": [
      [
        0.9964661863368822,
        -0.0824005856791521,
        0.016287509538369643,
        -84.88072985496454
      ],
      [
        0.08195416444858482,
        0.9962863282932016,
        0.026402026164390496,
        -46.208976187275766
      ],
      [
        -0.01840256549408487,
        -0.024973897088431344,
        0.9995187092033107,
        1.808650229808677
      ],
      [
        0.0,
        0.0,
        0.0,
        1.0
      ]
    ],
    "location": [
      -84.88072985496454,
      -46.208976187275766,
      1.808650229808677
    ],
    "rotation": [
      -0.024980724989880333,
      0.018403604337420717,
      0.08206011094854627
    ]
  },
  {
    "label_id": "svBSez9P1pi2LRX0iLADRg",
    "size": [
      1.1415801481534464,
      0.14765088546556446,
      0.7844704607815061
    ],
    "obj_class": "sign",
    "point_num_in_lidar": 28,
    "speed": 0.01815676109533116,
    "if_vehicle": false,
    "motion_state": false,
    "pose": [
      [
        0.19307384543194075,
        -0.9810490340666772,
        0.016287509538369643,
        -92.55857445409495
      ],
      [
        0.9807540152874369,
        0.1934541147455507,
        0.026402026164390496,
        24.89166346977254
      ],
      [
        -0.029052568005133454,
        0.010876499660034868,
        0.9995187092033107,
        3.14066185789801
      ],
      [
        0.0,
        0.0,
        0.0,
        1.0
      ]
    ],
    "location": [
      -92.55857445409495,
      24.89166346977254,
      3.14066185789801
    ],
    "rotation": [
      0.010881307460256279,
      0.02905665653651619,
      1.3764192508614714
    ]
  },
  {
    "label_id": "tHiLYp-JdD1GE2Xou2SH_g",
    "size": [
      2.281286627728678,
      4.608025198634581,
      2.009999999999991
    ],
    "obj_class": "vehicle",
    "point_num_in_lidar": 75,
    "speed": 8.526541741130118e-13,
    "if_vehicle": true,
    "motion_state": false,
    "pose": [
      [
        0.9968547215946206,
        -0.07755888774053478,
        0.016287509538369643,
        -84.78771647126429
      ],
      [
        0.07711334550861935,
        0.9966726970068374,
        0.026402026164390496,
        -35.84062509402247
      ],
      [
        -0.018281027842538086,
        -0.02506300009113015,
        0.9995187092033107,
        1.9724407113203597
      ],
      [
        0.0,
        0.0,
        0.0,
        1.0
      ]
    ],
    "location": [
      -84.78771647126429,
      -35.84062509402247,
      1.9724407113203597
    ],
    "rotation": [
      -0.025069815080393347,
      0.01828204623669941,
      0.07720290329875805
    ]
  },
  {
    "label_id": "tkAwnC0RmnNm52uw7Er9_w",
    "size": [
      0.7246966419424711,
      0.7938529633716231,
      0.8600000000000136
    ],
    "obj_class": "pedestrian",
    "point_num_in_lidar": 37,
    "speed": 0.013120145857490422,
    "if_vehicle": false,
    "motion_state": false,
    "pose": [
      [
        -0.9985950154506663,
        0.050425312593189685,
        0.016287509538369643,
        -60.83220693774021
      ],
      [
        -0.049984884415801,
        -0.9984009436816221,
        0.026402026164390496,
        -26.596060691306775
      ],
      [
        0.017592795315764638,
        0.025550802443861764,
        0.9995187092033107,
        0.858200788547947
      ],
      [
        0.0,
        0.0,
        0.0,
        1.0
      ]
    ],
    "location": [
      -60.83220693774021,
      -26.596060691306775,
      0.858200788547947
    ],
    "rotation": [
      0.025557539652454334,
      -0.01759370295611313,
      -3.0915791844892158
    ]
  },
  {
    "label_id": "tme8SKJXoDfayi5l40MZCg",
    "size": [
      2.535843216938897,
      6.373996801546928,
      1.9800000000000182
    ],
    "obj_class": "vehicle",
    "point_num_in_lidar": 131,
    "speed": 5.684385254002266e-13,
    "if_vehicle": true,
    "motion_state": false,
    "pose": [
      [
        -0.028292311399378347,
        0.9994669890240087,
        0.016287509538369643,
        -88.44430098472644
      ],
      [
        -0.9992388694608091,
        -0.028716106510090388,
        0.026402026164390496,
        44.31217846099389
      ],
      [
        0.026855667453344403,
        -0.015528138271635156,
        0.9995187092033107,
        1.0743352459215316
      ],
      [
        0.0,
        0.0,
        0.0,
        1.0
      ]
    ],
    "location": [
      -88.44430098472644,
      44.31217846099389,
      1.0743352459215316
    ],
    "rotation": [
      -0.0155343657333765,
      -0.02685889667302029,
      -1.5991026262069001
    ]
  },
  {
    "label_id": "x3_8SCCVCIWb3aFrS7pNiA",
    "size": [
      0.9479286807154336,
      0.9719301561155778,
      1.089999999999975
    ],
    "obj_class": "sign",
    "point_num_in_lidar": 55,
    "speed": 0.009045122491734012,
    "if_vehicle": false,
    "motion_state": false,
    "pose": [
      [
        0.9991652438715246,
        0.03746374877390306,
        0.016287509538369643,
        -61.417505180728426
      ],
      [
        -0.03788543246477659,
        0.9989332445270662,
        0.026402026164390496,
        -20.75164452086392
      ],
      [
        -0.015281015873084386,
        -0.026997046253880913,
        0.9995187092033107,
        0.7743657434540978
      ],
      [
        0.0,
        0.0,
        0.0,
        1.0
      ]
    ],
    "location": [
      -61.417505180728426,
      -20.75164452086392,
      0.7743657434540978
    ],
    "rotation": [
      -0.02700348048782124,
      0.015281610645843545,
      -0.03789892844482091
    ]
  },
  {
    "label_id": "x7Qs85q0os6vyZ8t_1jsug",
    "size": [
      2.262018368187085,
      5.030003373164531,
      1.7699999999999818
    ],
    "obj_class": "vehicle",
    "point_num_in_lidar": 28,
    "speed": 9.202278617352702,
    "if_vehicle": true,
    "motion_state": true,
    "pose": [
      [
        0.9994668178261115,
        -0.02829835856695265,
        0.016287509538369643,
        -125.34956136250722
      ],
      [
        0.02786233625839015,
        0.9992630400613439,
        0.026402026164390496,
        -16.120771505236917
      ],
      [
        -0.017022640299633376,
        -0.025934141007115316,
        0.9995187092033107,
        1.4968798584553156
      ],
      [
        0.0,
        0.0,
        0.0,
        1.0
      ]
    ],
    "location": [
      -125.34956136250722,
      -16.120771505236917,
      1.4968798584553156
    ],
    "rotation": [
      -0.025940808569856342,
      0.01702346251606766,
      0.0278699817701496
    ]
  },
  {
    "label_id": "xOy_CuD_0CJtCeashJjsYg",
    "size": [
      2.033297876234563,
      5.08331781141132,
      1.8600000000000136
    ],
    "obj_class": "vehicle",
    "point_num_in_lidar": 39,
    "speed": 5.688677041670493e-13,
    "if_vehicle": true,
    "motion_state": false,
    "pose": [
      [
        0.9989710746205394,
        -0.04232622242206607,
        0.016287509538369643,
        -84.66158185626144
      ],
      [
        0.041887382418695995,
        0.9987734378769414,
        0.026402026164390496,
        -54.50475629074572
      ],
      [
        -0.017385029927918128,
        -0.025692619308918925,
        0.9995187092033107,
        1.9918849632831552
      ],
      [
        0.0,
        0.0,
        0.0,
        1.0
      ]
    ],
    "location": [
      -84.66158185626144,
      -54.50475629074572,
      1.9918849632831552
    ],
    "rotation": [
      -0.025699331633153577,
      0.017385905786826514,
      0.04190597804101333
    ]
  },
  {
    "label_id": "yCCQR1Os652xmVMKFns4qw",
    "size": [
      2.0898409986633144,
      4.588581830183225,
      1.9800000000000182
    ],
    "obj_class": "vehicle",
    "point_num_in_lidar": 80,
    "speed": 8.529403544899535e-13,
    "if_vehicle": true,
    "motion_state": false,
    "pose": [
      [
        0.9982935212600119,
        -0.056078181526540184,
        0.016287509538369643,
        -84.33673511156394
      ],
      [
        0.05563666164510361,
        0.9981019461434804,
        0.026402026164390496,
        -40.21549043647792
      ],
      [
        -0.017737172583992395,
        -0.02545078901082069,
        0.9995187092033107,
        2.0435941955453245
      ],
      [
        0.0,
        0.0,
        0.0,
        1.0
      ]
    ],
    "location": [
      -84.33673511156394,
      -40.21549043647792,
      2.0435941955453245
    ],
    "rotation": [
      -0.025457543150195782,
      0.01773810275632288,
      0.05567417250590418
    ]
  },
  {
    "label_id": "yt4iVsGB3GEo7xeAptjybw",
    "size": [
      2.305701028849951,
      4.802346978210001,
      1.8999999999999773
    ],
    "obj_class": "vehicle",
    "point_num_in_lidar": 143,
    "speed": 9.3468059461179,
    "if_vehicle": true,
    "motion_state": true,
    "pose": [
      [
        0.9991529088999894,
        -0.0377912909243233,
        0.016287509538369643,
        -100.88065053098727
      ],
      [
        0.03735335254788191,
        0.9989532822248738,
        0.026402026164390496,
        -15.318522618734278
      ],
      [
        -0.017268227764393372,
        -0.025771268157090688,
        0.9995187092033107,
        1.4769121393924252
      ],
      [
        0.0,
        0.0,
        0.0,
        1.0
      ]
    ],
    "location": [
      -100.88065053098727,
      -15.318522618734278,
      1.4769121393924252
    ],
    "rotation": [
      -0.02577796623576452,
      0.017269086086577155,
      0.03736761872636973
    ]
  }
]