[
  {
    "label_id": "0dItGO83CJ_wt_3rDsNP2w",
    "size": [
      0.5982410950696817,
      0.1706041126485065,
      0.6399999999999864
    ],
    "obj_class": "sign",
    "point_num_in_lidar": 40,
    "speed": 0.036040984807737174,
    "if_vehicle": false,
    "motion_state": false,
    "pose": [
      [
        -0.20933428178938032,
        0.9777376114666108,
        0.014433349967738067,
        -65.10369731253613
      ],
      [
        -0.9774320379135877,
        -0.20965174788366694,
        0.02593753784409974,
        37.16026245724606
      ],
      [
        0.028386083347567856,
        -0.008678002816906743,
        0.9995593641896886,
        1.7835989522567957
      ],
      [
        0.0,
        0.0,
        0.0,
        1.0
      ]
    ],
    "location": [
      -65.10369731253613,
      37.16026245724606,
      1.7835989522567957
    ],
    "rotation": [
      -0.008681610222779166,
      -0.028389896838263106,
      -1.7817767363954389
    ]
  },
  {
    "label_id": "0lL4WpaXe4oMs38v5QTFMA",
    "size": [
      2.0766298951003583,
      4.991979895020037,
      1.579999999999984
    ],
    "obj_class": "vehicle",
    "point_num_in_lidar": 194,
    "speed": 8.290442444397517,
    "if_vehicle": true,
    "motion_state": true,
    "pose": [
      [
        0.9994674354455331,
        -0.029266429448054725,
        0.014433349967738067,
        -108.56131143942548
      ],
      [
        0.028885384873364704,
        0.9992461551946564,
        0.02593753784409974,
        -18.72415957269368
      ],
      [
        -0.015181568583211775,
        -0.025506811561983745,
        0.9995593641896886,
        1.4618798584553474
      ],
      [
        0.0,
        0.0,
        0.0,
        1.0
      ]
    ],
    "location": [
      -108.56131143942548,
      -18.72415957269368,
      1.4618798584553474
    ],
    "rotation": [
      -0.025512519020141042,
      0.015182151818421502,
      0.028892733927788513
    ]
  },
  {
    "label_id": "20Y4i40d8raHY1Clo4K4wg",
    "size": [
      0.7999212305811719,
      0.15511676600605773,
      0.7769746969505036
    ],
    "obj_class": "sign",
    "point_num_in_lidar": 69,
    "speed": 0.03395522182568532,
    "if_vehicle": false,
    "motion_state": false,
    "pose": [
      [
        -0.20933428179102856,
        0.9777376114662579,
        0.014433349967738067,
        -65.07444687175808
      ],
      [
        -0.9774320379132343,
        -0.20965174788531465,
        0.02593753784409974,
        37.15383332573947
      ],
      [
        0.028386083347582483,
        -0.00867800281685889,
        0.9995593641896886,
        2.561791192722751
      ],
      [
        0.0,
        0.0,
        0.0,
        1.0
      ]
    ],
    "location": [
      -65.07444687175808,
      37.15383332573947,
      2.561791192722751
    ],
    "rotation": [
      -0.008681610222731296,
      -0.02838989683827774,
      -1.7817767363971253
    ]
  },
  {
    "label_id": "2gBQINdyd96o4z3Zr-BlXg",
    "size": [
      0.8037584934951636,
      0.6746490747898556,
      1.8500000000000227
    ],
    "obj_class": "pedestrian",
    "point_num_in_lidar": 287,
    "speed": 0.12230493316378105,
    "if_vehicle": false,
    "motion_state": false,
    "pose": [
      [
        -0.9556755958947114,
        -0.2940677367886473,
        0.014433349967738067,
        -80.15645790463486
      ],
      [
        0.2943572530151134,
        -0.9553434208325204,
        0.02593753784409974,
        -9.051731862859015
      ],
      [
        0.006161412880567535,
        0.029036433183510797,
        0.9995593641896886,
        1.6134859362002203
      ],
      [
        0.0,
        0.0,
        0.0,
        1.0
      ]
    ],
    "location": [
      -80.15645790463486,
      -9.051731862859015,
      1.6134859362002203
    ],
    "rotation": [
      0.02904106630843102,
      -0.00616145186552865,
      2.842803901833382
    ]
  },
  {
    "label_id": "3hwNIAbvvRkoNMJXUuUAdg",
    "size": [
      0.5042101061776898,
      0.10189939179044397,
      0.410000000000025
    ],
    "obj_class": "sign",
    "point_num_in_lidar": 21,
    "speed": 0.009993644038193616,
    "if_vehicle": false,
    "motion_state": false,
    "pose": [
      [
        0.00023296324142498554,
        -0.9998958066402904,
        0.014433349967738067,
        -91.82344576832038
      ],
      [
        0.9996633809941742,
        0.0006073136606263009,
        0.02593753784409974,
        -27.541779542363656
      ],
      [
        -0.025943600895493173,
        0.014422448934930445,
        0.9995593641896886,
        2.660900155965635
      ],
      [
        0.0,
        0.0,
        0.0,
        1.0
      ]
    ],
    "location": [
      -91.82344576832038,
      -27.541779542363656,
      2.660900155965635
    ],
    "rotation": [
      0.014427805595626989,
      0.02594651208908392,
      1.570563285111429
    ]
  },
  {
    "label_id": "6UnIBe0cOQDEznFzk4-t7g",
    "size": [
      2.171826345057713,
      4.895286408426708,
      2.0
    ],
    "obj_class": "vehicle",
    "point_num_in_lidar": 99,
    "speed": 1.1868295184537436e-12,
    "if_vehicle": true,
    "motion_state": false,
    "pose": [
      [
        -0.9983995478832521,
        0.054681086265971644,
        0.014433349967738067,
        -85.10398647734678
      ],
      [
        -0.05429453613853214,
        -0.9981880321242523,
        0.02593753784409974,
        -51.71350847689973
      ],
      [
        0.015825489945637223,
        0.025112374015330483,
        0.9995593641896886,
        2.184371795890229
      ],
      [
        0.0,
        0.0,
        0.0,
        1.0
      ]
    ],
    "location": [
      -85.10398647734678,
      -51.71350847689973,
      2.184371795890229
    ],
    "rotation": [
      0.025118160437878224,
      -0.015826150592219337,
      -3.0872645959697023
    ]
  },
  {
    "label_id": "7-k0-aAqBFIwuvVcth1ugQ",
    "size": [
      2.6543306808974214,
      7.4845826403753275,
      2.2900000000000205
    ],
    "obj_class": "vehicle",
    "point_num_in_lidar": 152,
    "speed": 0.012202158359301942,
    "if_vehicle": true,
    "motion_state": false,
    "pose": [
      [
        -0.039688086969170394,
        0.9991078691319754,
        0.014433349967738067,
        -88.3850150052904
      ],
      [
        -0.9988608528558739,
        -0.040052974454115695,
        0.02593753784409974,
        57.72224544492383
      ],
      [
        0.026492496763493585,
        -0.013387497000619367,
        0.9995593641896886,
        0.6596578816396459
      ],
      [
        0.0,
        0.0,
        0.0,
        1.0
      ]
    ],
    "location": [
      -88.3850150052904,
      57.72224544492383,
      0.6596578816396459
    ],
    "rotation": [
      -0.013392597847948546,
      -0.026495596713000186,
      -1.6105087861496459
    ]
  },
  {
    "label_id": "7H_jvU9tURSLSp0yi3ZSOA",
    "size": [
      1.4422854662707751,
      1.1313572277526598,
      1.8899999999999864
    ],
    "obj_class": "pedestrian",
    "point_num_in_lidar": 882,
    "speed": 0.7635674373675023,
    "if_vehicle": false,
    "motion_state": false,
    "pose": [
      [
        0.3115699220591511,
        -0.9501136048266876,
        0.014433349967738067,
        -81.14676704316884
      ],
      [
        0.9497761685826825,
        0.31185328878013374,
        0.02593753784409974,
        -3.9926225699091447
      ],
      [
        -0.02914469523693999,
        0.005627095187678808,
        0.9995593641896886,
        1.4938232500941808
      ],
      [
        0.0,
        0.0,
        0.0,
        1.0
      ]
    ],
    "location": [
      -81.14676704316884,
      -3.9926225699091447,
      1.4938232500941808
    ],
    "rotation": [
      0.005629516310425099,
      0.029148822796604162,
      1.2538122299895698
    ]
  },
  {
    "label_id": "9OU84eagvEJrB0PWmD5Zkg",
    "size": [
      2.089031648110833,
      4.993037200368213,
      1.6999999999999886
    ],
    "obj_class": "vehicle",
    "point_num_in_lidar": 27,
    "speed": 9.537696982540297,
    "if_vehicle": true,
    "motion_state": true,
    "pose": [
      [
        0.9997144292842634,
        -0.019045689526721223,
        0.014433349967738067,
        -88.6042948991425
      ],
      [
        0.018666927384736846,
        0.9994892645509499,
        0.02593753784409974,
        -18.313707791681736
      ],
      [
        -0.014919976637127302,
        -0.025660704547086893,
        0.9995593641896886,
        1.377903521647056
      ],
      [
        0.0,
        0.0,
        0.0,
        1.0
      ]
    ],
    "location": [
      -88.6042948991425,
      -18.313707791681736,
      1.377903521647056
    ],
    "rotation": [
      -0.02566637905098411,
      0.014920530237899013,
      0.018670090040940692
    ]
  },
  {
    "label_id": "AXKZxZOE2J4qe-CaUmIcQw",
    "size": [
      1.8770925018553282,
      4.241708010517512,
      1.7699999999999818
    ],
    "obj_class": "vehicle",
    "point_num_in_lidar": 29,
    "speed": 6.757005357679459e-28,
    "if_vehicle": true,
    "motion_state": false,
    "pose": [
      [
        -0.9986361917440022,
        0.05017404655541908,
        0.014433349967738067,
        -84.53197504032863
      ],
      [
        -0.04978845508578745,
        -0.9984229333657938,
        0.02593753784409974,
        -62.92957285135344
      ],
      [
        0.01571197884440693,
        0.025183549819241518,
        0.9995593641896886,
        1.7593574807443133
      ],
      [
        0.0,
        0.0,
        0.0,
        1.0
      ]
    ],
    "location": [
      -84.53197504032863,
      -62.92957285135344,
      1.7593574807443133
    ],
    "rotation": [
      0.025189322574148177,
      -0.015712625375858626,
      -3.0917774511878062
    ]
  },
  {
    "label_id": "AdBkVx0b9kPemMNsgkGfrA",
    "size": [
      1.4666399194667525,
      1.0272516549106756,
      1.240000000000009
    ],
    "obj_class": "pedestrian",
    "point_num_in_lidar": 34,
    "speed": 0.020126304547965573,
    "if_vehicle": false,
    "motion_state": false,
    "pose": [
      [
        0.10732891711571528,
        -0.9941187967036318,
        0.014433349967738067,
        -90.96708439021029
      ],
      [
        0.993847612027871,
        0.10767621927372938,
        0.02593753784409974,
        -28.17596088633036
      ],
      [
        -0.02733912246701198,
        0.011560702549543916,
        0.9995593641896886,
        0.9931517020536376
      ],
      [
        0.0,
        0.0,
        0.0,
        1.0
      ]
    ],
    "location": [
      -90.96708439021029,
      -28.17596088633036,
      0.9931517020536376
    ],
    "rotation": [
      0.011565283185965461,
      0.02734252928218685,
      1.4632199055459845
    ]
  },
  {
    "label_id": "DQ-_y0xNV9wEGOZY-vEraw",
    "size": [
      2.0233923452174656,
      4.400605866043123,
      1.9499999999999886
    ],
    "obj_class": "vehicle",
    "point_num_in_lidar": 33,
    "speed": 3.378115362594284e-27,
    "if_vehicle": true,
    "motion_state": false,
    "pose": [
      [
        -0.9990693853595721,
        0.04064531517845066,
        0.014433349967738067,
        -84.15122656455097
      ],
      [
        -0.0402617756232943,
        -0.9988524583512047,
        0.02593753784409974,
        -70.30993858017428
      ],
      [
        0.015471026498144875,
        0.025332287693751815,
        0.9995593641896886,
        1.958429595456721
      ],
      [
        0.0,
        0.0,
        0.0,
        1.0
      ]
    ],
    "location": [
      -84.15122656455097,
      -70.30993858017428,
      1.958429595456721
    ],
    "rotation": [
      0.025338031062415403,
      -0.015471643736522343,
      -3.1013151694055794
    ]
  },
  {
    "label_id": "Fww1o1EB4na9AHpv_SA6vw",
    "size": [
      1.9997895331551834,
      4.800593639312353,
      1.5600000000000023
    ],
    "obj_class": "vehicle",
    "point_num_in_lidar": 1065,
    "speed": 8.783946359596623,
    "if_vehicle": true,
    "motion_state": true,
    "pose": [
      [
        0.9986181916111269,
        -0.0505310379077225,
        0.014433349967738067,
        -72.43043534375616
      ],
      [
        0.050145370226677026,
        0.9984050710885914,
        0.02593753784409974,
        -17.954837954501272
      ],
      [
        -0.015720980508619233,
        -0.02517793145897662,
        0.9995593641896886,
        1.2347983604298065
      ],
      [
        0.0,
        0.0,
        0.0,
        1.0
      ]
    ],
    "location": [
      -72.43043534375616,
      -17.954837954501272,
      1.2347983604298065
    ],
    "rotation": [
      -0.02518370530202421,
      0.015721628152017292,
      0.05017261526922499
    ]
  },
  {
    "label_id": "GtCjV-L_DOEpw0nZQ3Dy6w",
    "size": [
      0.9397652133884572,
      0.9370266590153165,
      1.1100000000000136
    ],
    "obj_class": "sign",
    "point_num_in_lidar": 64,
    "speed": 0.01552098632957795,
    "if_vehicle": false,
    "motion_state": false,
    "pose": [
      [
        0.9998958337790537,
        5.929480697245546e-16,
        0.014433349967738067,
        -62.56737857065332
      ],
      [
        -0.00037440456131419044,
        0.9996634953582182,
        0.02593753784409974,
        -22.26164430712015
      ],
      [
        -0.014428493078477446,
        -0.02594023994086483,
        0.9995593641896886,
        0.9208630600051038
      ],
      [
        0.0,
        0.0,
        0.0,
        1.0
      ]
    ],
    "location": [
      -62.56737857065332,
      -22.26164430712015,
      0.9208630600051038
    ],
    "rotation": [
      -0.025945851471660775,
      0.014428993749394126,
      -0.00037444354818539456
    ]
  },
  {
    "label_id": "L6NBNCs9w739OKU74AEm5g",
    "size": [
      0.5234836372050948,
      0.08567682497549381,
      0.44999999999998863
    ],
    "obj_class": "sign",
    "point_num_in_lidar": 39,
    "speed": 0.027701621954939692,
    "if_vehicle": false,
    "motion_state": false,
    "pose": [
      [
        0.1281860412437777,
        0.9916451064967534,
        0.014433349967738067,
        -94.0760218831729
      ],
      [
        -0.9914626836749232,
        0.12778494046915337,
        0.02593753784409974,
        18.555281916838794
      ],
      [
        0.02387646771127799,
        -0.017634958189278762,
        0.9995593641896886,
        3.227426889699018
      ],
      [
        0.0,
        0.0,
        0.0,
        1.0
      ]
    ],
    "location": [
      -94.0760218831729,
      18.555281916838794,
      3.227426889699018
    ],
    "rotation": [
      -0.017640902023114302,
      -0.023878736898969747,
      -1.4422197542052324
    ]
  },
  {
    "label_id": "Q6fs_63CkqvoTcB1qAcIFA",
    "size": [
      2.58175571771143,
      5.077991374472059,
      2.1399999999999864
    ],
    "obj_class": "vehicle",
    "point_num_in_lidar": 358,
    "speed": 2.6606202175296857e-27,
    "if_vehicle": true,
    "motion_state": false,
    "pose": [
      [
        0.6057163900440327,
        0.7955497050723696,
        0.014433349967738067,
        -113.99894396238159
      ],
      [
        -0.795591655659326,
        0.6052777557252854,
        0.02593753784409974,
        -10.840260225893871
      ],
      [
        0.011898414906106852,
        -0.027193844587101782,
        0.9995593641896886,
        1.8459478269448368
      ],
      [
        0.0,
        0.0,
        0.0,
        1.0
      ]
    ],
    "location": [
      -113.99894396238159,
      -10.840260225893871,
      1.8459478269448368
    ],
    "rotation": [
      -0.027199123231731195,
      -0.011898695671609805,
      -0.9200765256713763
    ]
  },
  {
    "label_id": "Sv6Kp_7Yn7_dppLzJAxahA",
    "size": [
      2.2878795860032115,
      4.83846683002856,
      2.0
    ],
    "obj_class": "vehicle",
    "point_num_in_lidar": 160,
    "speed": 10.568991275399624,
    "if_vehicle": true,
    "motion_state": true,
    "pose": [
      [
        -0.005151521974982732,
        -0.9998825632193263,
        0.014433349967738067,
        -71.7097333822743
      ],
      [
        0.99965215683633,
        -0.004775925361575097,
        0.02593753784409974,
        48.44573154005593
      ],
      [
        -0.025865559220993317,
        0.014561947221803758,
        0.9995593641896886,
        0.5989682358626851
      ],
      [
        0.0,
        0.0,
        0.0,
        1.0
      ]
    ],
    "location": [
      -71.7097333822743,
      48.44573154005593,
      0.5989682358626851
    ],
    "rotation": [
      0.014567336046752841,
      0.025868444216552152,
      1.5759495956975746
    ]
  },
  {
    "label_id": "WASi6kOEGcG25GLiTIITRg",
    "size": [
      2.612012477036316,
      7.188040993103449,
      2.4399999999999977
    ],
    "obj_class": "vehicle",
    "point_num_in_lidar": 667,
    "speed": 0.010869024553197392,
    "if_vehicle": true,
    "motion_state": false,
    "pose": [
      [
        -0.009152782623664516,
        0.9998539418229808,
        0.014433349967738067,
        -88.34809910619525
      ],
      [
        -0.9996181859357087,
        -0.009525044734206645,
        0.02593753784409974,
        36.43008391128933
      ],
      [
        0.02607122775871303,
        -0.01419043846604543,
        0.9995593641896886,
        1.6378134999287113
      ],
      [
        0.0,
        0.0,
        0.0,
        1.0
      ]
    ],
    "location": [
      -88.34809910619525,
      36.43008391128933,
      1.6378134999287113
    ],
    "rotation": [
      -0.014195740390271947,
      -0.026074182136785095,
      -1.5799523495477377
    ]
  },
  {
    "label_id": "_2HZ08b-MNnh1BO8JN8aMw",
    "size": [
      0.9494860446132996,
      0.09810092609221567,
      0.7900000000000205
    ],
    "obj_class": "sign",
    "point_num_in_lidar": 32,
    "speed": 0.005043009981788832,
    "if_vehicle": false,
    "motion_state": false,
    "pose": [
      [
        0.029353520982896075,
        0.9994648814313666,
        0.014433349967738067,
        -65.0650413379652
      ],
      [
        -0.9992436343848121,
        0.02897245712772256,
        0.02593753784409974,
        61.82932605782844
      ],
      [
        0.02550548857282502,
        -0.015183791139461939,
        0.9995593641896886,
        1.9625132220285195
      ],
      [
        0.0,
        0.0,
        0.0,
        1.0
      ]
    ],
    "location": [
      -65.0650413379652,
      61.82932605782844,
      1.9625132220285195
    ],
    "rotation": [
      -0.015189316367090044,
      -0.02550825473001855,
      -1.5414290324159807
    ]
  },
  {
    "label_id": "avGu-Bc1MOMmy9tHh9JxHg",
    "size": [
      1.8506681059002352,
      4.031615653258576,
      1.3400000000000318
    ],
    "obj_class": "vehicle",
    "point_num_in_lidar": 36,
    "speed": 0.0,
    "if_vehicle": true,
    "motion_state": false,
    "pose": [
      [
        0.9958859246787052,
        -0.0894589483257498,
        0.014433349967738067,
        -100.68127494382458
      ],
      [
        0.0890652583330197,
        0.9956880153384685,
        0.02593753784409974,
        56.66786490090453
      ],
      [
        -0.016691458441755163,
        -0.024545318816272702,
        0.9995593641896886,
        0.7268800134685875
      ],
      [
        0.0,
        0.0,
        0.0,
        1.0
      ]
    ],
    "location": [
      -100.68127494382458,
      56.66786490090453,
      0.7268800134685875
    ],
    "rotation": [
      -0.024551205099104946,
      0.01669223359230623,
      0.0891958932679118
    ]
  },
  {
    "label_id": "cx61ZVh9bXXlibstKYsImw",
    "size": [
      2.233084718741796,
      5.043147463031014,
      1.509999999999991
    ],
    "obj_class": "vehicle",
    "point_num_in_lidar": 25,
    "speed": 9.919267243315373,
    "if_vehicle": true,
    "motion_state": true,
    "pose": [
      [
        0.9996898182701399,
        -0.020296444410873374,
        0.014433349967738067,
        -124.84970872963883
      ],
      [
        0.019917400855636553,
        0.9994651275926248,
        0.02593753784409974,
        -19.469644742041055
      ],
      [
        -0.014952069762102027,
        -0.025642017676745815,
        0.9995593641896886,
        1.4579983081915202
      ],
      [
        0.0,
        0.0,
        0.0,
        1.0
      ]
    ],
    "location": [
      -124.84970872963883,
      -19.469644742041055,
      1.4579983081915202
    ],
    "rotation": [
      -0.02564769624689198,
      0.014952626943218177,
      0.019920945198447535
    ]
  },
  {
    "label_id": "gReOadgSa6ggtDSZ_bnQ5Q",
    "size": [
      1.1020334662251168,
      0.8957830059557224,
      1.1000000000000227
    ],
    "obj_class": "pedestrian",
    "point_num_in_lidar": 87,
    "speed": 0.04469288986821698,
    "if_vehicle": false,
    "motion_state": false,
    "pose": [
      [
        -0.6335614868833304,
        -0.7735577035663806,
        0.014433349967738067,
        -92.90052715867365
      ],
      [
        0.773615190689887,
        -0.6331246171682439,
        0.02593753784409974,
        18.629656257684474
      ],
      [
        -0.010926073038068435,
        0.02759888383018604,
        0.9995593641896886,
        1.2197904316722088
      ],
      [
        0.0,
        0.0,
        0.0,
        1.0
      ]
    ],
    "location": [
      -92.90052715867365,
      18.629656257684474,
      1.2197904316722088
    ],
    "rotation": [
      0.027604036842485,
      0.010926290440490998,
      2.25699302901099
    ]
  },
  {
    "label_id": "iHBa2LA3ziDFWThMzfxSrQ",
    "size": [
      1.1548516358369647,
      1.0708842660739963,
      1.25
    ],
    "obj_class": "sign",
    "point_num_in_lidar": 160,
    "speed": 9.852641256326412e-28,
    "if_vehicle": false,
    "motion_state": false,
    "pose": [
      [
        0.062129673624818076,
        0.9979637178094114,
        0.014433349967738067,
        -88.34112251324402
      ],
      [
        -0.9977550923966417,
        0.06174155591783293,
        0.02593753784409974,
        17.729811577082728
      ],
      [
        0.024993584213605327,
        -0.016012439191538844,
        0.9995593641896886,
        1.098804678283102
      ],
      [
        0.0,
        0.0,
        0.0,
        1.0
      ]
    ],
    "location": [
      -88.34112251324402,
      17.729811577082728,
      1.098804678283102
    ],
    "rotation": [
      -0.01601812783606367,
      -0.02499618710760788,
      -1.5086071602436661
    ]
  },
  {
    "label_id": "jcMjZDvyQh7S9D1-oC8sUA",
    "size": [
      2.5246044967032226,
      5.794295811722223,
      1.8600000000000136
    ],
    "obj_class": "vehicle",
    "point_num_in_lidar": 148,
    "speed": 5.911657421704809e-28,
    "if_vehicle": true,
    "motion_state": false,
    "pose": [
      [
        -0.9998850805363632,
        -0.004637254521741191,
        0.014433349967738067,
        -65.21777013011135
      ],
      [
        0.005010577531937991,
        -0.9996510082240613,
        0.02593753784409974,
        -40.020661225473305
      ],
      [
        0.014308033882649698,
        0.02600687653522158,
        0.9995593641896886,
        2.1681685602634957
      ],
      [
        0.0,
        0.0,
        0.0,
        1.0
      ]
    ],
    "location": [
      -65.21777013011135,
      -40.020661225473305,
      2.1681685602634957
    ],
    "rotation": [
      0.026012472457541187,
      -0.014308522117348368,
      3.1365815421242855
    ]
  },
  {
    "label_id": "nWQzYCSy1aIHXBe6aKKbtQ",
    "size": [
      0.49233604330766767,
      0.08293468375391241,
      0.3366231540518356
    ],
    "obj_class": "sign",
    "point_num_in_lidar": 31,
    "speed": 0.022913278391259534,
    "if_vehicle": false,
    "motion_state": false,
    "pose": [
      [
        0.12818604124414498,
        0.9916451064967059,
        0.014433349967738067,
        -94.06551304181555
      ],
      [
        -0.9914626836748758,
        0.1277849404695206,
        0.02593753784409974,
        18.558078917412786
      ],
      [
        0.023876467711271457,
        -0.017634958189287606,
        0.9995593641896886,
        2.798071518679535
      ],
      [
        0.0,
        0.0,
        0.0,
        1.0
      ]
    ],
    "location": [
      -94.06551304181555,
      18.558078917412786,
      2.798071518679535
    ],
    "rotation": [
      -0.017640902023123146,
      -0.02387873689896321,
      -1.4422197542048618
    ]
  },
  {
    "label_id": "svBSez9P1pi2LRX0iLADRg",
    "size": [
      1.141580148153447,
      0.14765088546556446,
      0.7844704607815061
    ],
    "obj_class": "sign",
    "point_num_in_lidar": 67,
    "speed": 0.018156760791362823,
    "if_vehicle": false,
    "motion_state": false,
    "pose": [
      [
        0.19307934568868113,
        -0.9810769820341011,
        0.014433349967738067,
        -92.57785575251914
      ],
      [
        0.9807767190923999,
        0.1934018392284145,
        0.02593753784409974,
        24.910909015130528
      ],
      [
        -0.028238157779472573,
        0.009147890791156355,
        0.9995593641896886,
        3.2708551447876175
      ],
      [
        0.0,
        0.0,
        0.0,
        1.0
      ]
    ],
    "location": [
      -92.57785575251914,
      24.910909015130528,
      3.2708551447876175
    ],
    "rotation": [
      0.009151667954509054,
      0.028241911947561257,
      1.3764182391431778
    ]
  },
  {
    "label_id": "tHiLYp-JdD1GE2Xou2SH_g",
    "size": [
      2.281286627728675,
      4.608025198634581,
      2.009999999999991
    ],
    "obj_class": "vehicle",
    "point_num_in_lidar": 92,
    "speed": 3.078988606605487e-29,
    "if_vehicle": true,
    "motion_state": false,
    "pose": [
      [
        0.9968831198319377,
        -0.07756109722568147,
        0.014433349967738067,
        -84.7877164712643
      ],
      [
        0.07716979845555803,
        0.9966805237070274,
        0.02593753784409974,
        -35.84062509402065
      ],
      [
        -0.016397182699212996,
        -0.024742874938736212,
        0.9995593641896886,
        2.021184053515526
      ],
      [
        0.0,
        0.0,
        0.0,
        1.0
      ]
    ],
    "location": [
      -84.7877164712643,
      -35.84062509402065,
      2.021184053515526
    ],
    "rotation": [
      -0.024748728241785797,
      0.016397917566656196,
      0.07725700511584872
    ]
  },
  {
    "label_id": "tkAwnC0RmnNm52uw7Er9_w",
    "size": [
      0.724696641942466,
      0.7938529633716231,
      0.8600000000000136
    ],
    "obj_class": "pedestrian",
    "point_num_in_lidar": 31,
    "speed": 0.02401388817346973,
    "if_vehicle": false,
    "motion_state": false,
    "pose": [
      [
        -0.9986234632651955,
        0.0504267491014011,
        0.014433349967738067,
        -60.83680039816477
      ],
      [
        -0.05004110367923949,
        -0.9984103024674521,
        0.02593753784409974,
        -26.595020403752642
      ],
      [
        0.015718351020080467,
        0.02517957310827262,
        0.9995593641896886,
        0.9922168445762622
      ],
      [
        0.0,
        0.0,
        0.0,
        1.0
      ]
    ],
    "location": [
      -60.83680039816477,
      -26.595020403752642,
      0.9922168445762622
    ],
    "rotation": [
      0.025185346633536713,
      -0.015718998338534615,
      -3.0915244509420337
    ]
  },
  {
    "label_id": "tme8SKJXoDfayi5l40MZCg",
    "size": [
      2.5358432169388982,
      6.373996801546928,
      1.9800000000000182
    ],
    "obj_class": "vehicle",
    "point_num_in_lidar": 166,
    "speed": 0.036616227940653875,
    "if_vehicle": true,
    "motion_state": false,
    "pose": [
      [
        -0.028293117386205324,
        0.9994954616791811,
        0.014433349967738067,
        -88.44430098472647
      ],
      [
        -0.9992526221140994,
        -0.028660797767732085,
        0.02593753784409974,
        44.31217846099389
      ],
      [
        0.02633812268684594,
        -0.013688708998220457,
        0.9995593641896886,
        1.0605631370473247
      ],
      [
        0.0,
        0.0,
        0.0,
        1.0
      ]
    ],
    "location": [
      -88.44430098472647,
      44.31217846099389,
      1.0605631370473247
    ],
    "rotation": [
      -0.013693887357465231,
      -0.02634116874930596,
      -1.5991030427806265
    ]
  },
  {
    "label_id": "x7Qs85q0os6vyZ8t_1jsug",
    "size": [
      2.262018368188034,
      5.030003373164531,
      1.7699999999999818
    ],
    "obj_class": "vehicle",
    "point_num_in_lidar": 226,
    "speed": 9.156045151543161,
    "if_vehicle": true,
    "motion_state": true,
    "pose": [
      [
        0.9991470634431429,
        -0.03868881003149358,
        0.014433349967738067,
        -111.5477709609313
      ],
      [
        0.03830569600895074,
        0.9989293857845286,
        0.02593753784409974,
        -15.709990324870887
      ],
      [
        -0.015421389892420782,
        -0.025362535253622667,
        0.9995593641896886,
        1.5968798584552815
      ],
      [
        0.0,
        0.0,
        0.0,
        1.0
      ]
    ],
    "location": [
      -111.5477709609313,
      -15.709990324870887,
      1.5968798584552815
    ],
    "rotation": [
      -0.025368272509317565,
      0.015422001208449974,
      0.038319629101374944
    ]
  },
  {
    "label_id": "xOy_CuD_0CJtCeashJjsYg",
    "size": [
      2.033297876234558,
      5.08331781141132,
      1.8600000000000136
    ],
    "obj_class": "vehicle",
    "point_num_in_lidar": 39,
    "speed": 6.759492404111328e-28,
    "if_vehicle": true,
    "motion_state": false,
    "pose": [
      [
        0.9989995331481817,
        -0.04232742820469747,
        0.014433349967738067,
        -84.66158185626148
      ],
      [
        0.041943523945053594,
        0.9987832522272571,
        0.02593753784409974,
        -54.50475629074572
      ],
      [
        -0.015513657492214356,
        -0.025306202637289773,
        0.9995593641896886,
        1.9418762459793015
      ],
      [
        0.0,
        0.0,
        0.0,
        1.0
      ]
    ],
    "location": [
      -84.66158185626148,
      -54.50475629074572,
      1.9418762459793015
    ],
    "rotation": [
      -0.025311951240461088,
      0.01551427984750532,
      0.0419608846535051
    ]
  },
  {
    "label_id": "yCCQR1Os652xmVMKFns4qw",
    "size": [
      2.089840998663309,
      4.588581830183225,
      1.9800000000000182
    ],
    "obj_class": "vehicle",
    "point_num_in_lidar": 86,
    "speed": 2.309241180353441e-30,
    "if_vehicle": true,
    "motion_state": false,
    "pose": [
      [
        0.9983219604856229,
        -0.056079779072774075,
        0.014433349967738067,
        -84.33673511156397
      ],
      [
        0.05569293299350399,
        0.9981109864865565,
        0.02593753784409974,
        -40.21549043647792
      ],
      [
        -0.01586065656659358,
        -0.02509017803806666,
        0.9995593641896886,
        2.1138214412388834
      ],
      [
        0.0,
        0.0,
        0.0,
        1.0
      ]
    ],
    "location": [
      -84.33673511156397,
      -40.21549043647792,
      2.1138214412388834
    ],
    "rotation": [
      -0.02509596867074868,
      0.01586132162747168,
      0.055728781023716305
    ]
  },
  {
    "label_id": "yt4iVsGB3GEo7xeAptjybw",
    "size": [
      2.3057010288506383,
      4.802346978210001,
      1.8999999999999773
    ],
    "obj_class": "vehicle",
    "point_num_in_lidar": 1135,
    "speed": 9.422972755779362,
    "if_vehicle": true,
    "motion_state": true,
    "pose": [
      [
        0.9990590905266349,
        -0.04089757993820757,
        0.014433349967738067,
        -86.74149003448834
      ],
      [
        0.04051398562098335,
        0.998842260369318,
        0.02593753784409974,
        -14.760837195073691
      ],
      [
        -0.015477422433856266,
        -0.025328380435970896,
        0.9995593641896886,
        1.511910914162911
      ],
      [
        0.0,
        0.0,
        0.0,
        1.0
      ]
    ],
    "location": [
      -86.74149003448834,
      -14.760837195073691,
      1.511910914162911
    ],
    "rotation": [
      -0.02533412459090119,
      0.015478040438129887,
      0.04052993441214043
    ]
  }
]