[
  {
    "label_id": "-jGx5h2KM1RTCWtkALlTPg",
    "size": [
      1.9723911586538665,
      4.593513203435377,
      1.6999999999999886
    ],
    "obj_class": "vehicle",
    "point_num_in_lidar": 183,
    "speed": 13.21342572059519,
    "if_vehicle": true,
    "motion_state": true,
    "pose": [
      [
        -0.9998637114142839,
        -0.016180494951208754,
        -0.0032787467098941217,
        -85.86615178116651
      ],
      [
        0.016065802452153385,
        -0.9993452862763259,
        0.032417414900891825,
        1.2080190609576675
      ],
      [
        -0.0038011298875618225,
        0.03236032108033061,
        0.9994690395560814,
        1.200773159815128
      ],
      [
        0.0,
        0.0,
        0.0,
        1.0
      ]
    ],
    "location": [
      -85.86615178116651,
      1.2080190609576675,
      1.200773159815128
    ],
    "rotation": [
      0.03236620555182623,
      0.003801139041114885,
      3.125526043852963
    ]
  },
  {
    "label_id": "0dItGO83CJ_wt_3rDsNP2w",
    "size": [
      0.5982410950696807,
      0.1706041126485065,
      0.6399999999999864
    ],
    "obj_class": "sign",
    "point_num_in_lidar": 23,
    "speed": 0.06894044350569904,
    "if_vehicle": false,
    "motion_state": false,
    "pose": [
      [
        -0.20935496431121453,
        0.9778342133195496,
        -0.0032787467098941217,
        -65.03694686955075
      ],
      [
        -0.9773477807196633,
        -0.20914212089747058,
        0.032417414900891825,
        37.045637299584996
      ],
      [
        0.031013133356674147,
        0.009991222560094961,
        0.9994690395560814,
        1.6260132487090004
      ],
      [
        0.0,
        0.0,
        0.0,
        1.0
      ]
    ],
    "location": [
      -65.03694686955075,
      37.045637299584996,
      1.6260132487090004
    ],
    "rotation": [
      0.00999619735575049,
      -0.031018106989563816,
      -1.7818146235585797
    ]
  },
  {
    "label_id": "20Y4i40d8raHY1Clo4K4wg",
    "size": [
      0.7999212305811735,
      0.15511676600605773,
      0.7769746969505036
    ],
    "obj_class": "sign",
    "point_num_in_lidar": 44,
    "speed": 0.02156158869407736,
    "if_vehicle": false,
    "motion_state": false,
    "pose": [
      [
        -0.209354964312869,
        0.9778342133191953,
        -0.0032787467098941217,
        -65.03510583575829
      ],
      [
        -0.9773477807193095,
        -0.20914212089912426,
        0.032417414900891825,
        37.048699981345635
      ],
      [
        0.031013133356657244,
        0.009991222560147435,
        0.9994690395560814,
        2.331585420558099
      ],
      [
        0.0,
        0.0,
        0.0,
        1.0
      ]
    ],
    "location": [
      -65.03510583575829,
      37.048699981345635,
      2.331585420558099
    ],
    "rotation": [
      0.009996197355802986,
      -0.031018106989546906,
      -1.7818146235602723
    ]
  },
  {
    "label_id": "2gBQINdyd96o4z3Zr-BlXg",
    "size": [
      0.8037584934951644,
      0.6746490747898556,
      1.8500000000000227
    ],
    "obj_class": "pedestrian",
    "point_num_in_lidar": 84,
    "speed": 0.05670664932842852,
    "if_vehicle": false,
    "motion_state": false,
    "pose": [
      [
        -0.9557700179894406,
        -0.29409679109517084,
        -0.0032787467098941217,
        -80.06390715267483
      ],
      [
        0.2938422088347083,
        -0.9553040707116678,
        0.032417414900891825,
        -9.247255514706922
      ],
      [
        -0.012666057776747406,
        0.030020159047551724,
        0.9994690395560814,
        1.61437930320551
      ],
      [
        0.0,
        0.0,
        0.0,
        1.0
      ]
    ],
    "location": [
      -80.06390715267483,
      -9.247255514706922,
      1.61437930320551
    ],
    "rotation": [
      0.030027079382987584,
      0.012666396468404392,
      2.8433239624281854
    ]
  },
  {
    "label_id": "4iGaZtbzD4XFf7YLTHe1Sg",
    "size": [
      1.000000000000675,
      1.0,
      1.9499999999999886
    ],
    "obj_class": "pedestrian",
    "point_num_in_lidar": 84,
    "speed": 0.011584009668051039,
    "if_vehicle": false,
    "motion_state": false,
    "pose": [
      [
        -0.6945974989914797,
        0.7193911065719353,
        -0.0032787467098941217,
        -59.27528659108407
      ],
      [
        -0.7190906964260799,
        -0.6941596945405278,
        0.032417414900891825,
        -25.889660114449725
      ],
      [
        0.021044826163138255,
        0.024874771568951078,
        0.9994690395560814,
        1.3359040188601057
      ],
      [
        0.0,
        0.0,
        0.0,
        1.0
      ]
    ],
    "location": [
      -59.27528659108407,
      -25.889660114449725,
      1.3359040188601057
    ],
    "rotation": [
      0.024882849376158703,
      -0.02104637987809317,
      -2.338870481153462
    ]
  },
  {
    "label_id": "7H_jvU9tURSLSp0yi3ZSOA",
    "size": [
      1.4422854662711742,
      1.1313572277526598,
      1.8899999999999864
    ],
    "obj_class": "pedestrian",
    "point_num_in_lidar": 119,
    "speed": 0.06712865703401863,
    "if_vehicle": false,
    "motion_state": false,
    "pose": [
      [
        0.9999756329946241,
        0.00616305419520057,
        -0.0032787467098941217,
        -80.43743432310777
      ],
      [
        -0.006053561031562543,
        0.9994560848831631,
        0.032417414900891825,
        -8.217461360260131
      ],
      [
        0.00347675363489683,
        -0.03239677689225329,
        0.9994690395560814,
        1.5268240600120748
      ],
      [
        0.0,
        0.0,
        0.0,
        1.0
      ]
    ],
    "location": [
      -80.43743432310777,
      -8.217461360260131,
      1.5268240600120748
    ],
    "rotation": [
      -0.032402642490615585,
      -0.003476760639327873,
      -0.006053634593070348
    ]
  },
  {
    "label_id": "8uBYsb-Gpcz4kEOFtaDN9Q",
    "size": [
      1.7404913752689097,
      4.142263119424243,
      1.9599999999999795
    ],
    "obj_class": "vehicle",
    "point_num_in_lidar": 22,
    "speed": 2.847716647714797e-13,
    "if_vehicle": true,
    "motion_state": false,
    "pose": [
      [
        0.9999946248955602,
        7.91147119482565e-17,
        -0.0032787467098941217,
        -35.68665881059391
      ],
      [
        0.00010628906376431159,
        0.9994744118354298,
        0.032417414900891825,
        -70.29387855043933
      ],
      [
        0.0032770234394287807,
        -0.03241758914881919,
        0.9994690395560814,
        1.87492931352989
      ],
      [
        0.0,
        0.0,
        0.0,
        1.0
      ]
    ],
    "location": [
      -35.68665881059391,
      -70.29387855043933,
      1.87492931352989
    ],
    "rotation": [
      -0.032423443934112145,
      -0.0032770293047188026,
      0.00010628963468193246
    ]
  },
  {
    "label_id": "97LGRvZi3-yunSqGxMM_Jw",
    "size": [
      2.7330119442255163,
      6.870703637231516,
      2.9699999999999704
    ],
    "obj_class": "vehicle",
    "point_num_in_lidar": 5587,
    "speed": 0.008542402977232032,
    "if_vehicle": true,
    "motion_state": false,
    "pose": [
      [
        -0.9999873541767,
        0.0038133065304549888,
        -0.0032787467098941217,
        -55.14113222873095
      ],
      [
        -0.0039176110788950785,
        -0.9994667395839533,
        0.032417414900891825,
        12.174620489449808
      ],
      [
        -0.003153380744117452,
        0.03242984981042672,
        0.9994690395560814,
        1.6268798584552542
      ],
      [
        0.0,
        0.0,
        0.0,
        1.0
      ]
    ],
    "location": [
      -55.14113222873095,
      12.174620489449808,
      1.6268798584552542
    ],
    "rotation": [
      0.0324356982125194,
      0.003153385970244062,
      -3.137675013011506
    ]
  },
  {
    "label_id": "D5j3i75zBvzZL7edy7Vfkg",
    "size": [
      1.0822184139979385,
      1.1221680693460732,
      1.079999999999984
    ],
    "obj_class": "sign",
    "point_num_in_lidar": 184,
    "speed": 0.004386105313867484,
    "if_vehicle": false,
    "motion_state": false,
    "pose": [
      [
        0.9994607618555762,
        -0.032671628840378365,
        -0.0032787467098941217,
        -59.191180089137646
      ],
      [
        0.03276086486065967,
        0.9989373538639573,
        0.032417414900891825,
        8.864188049688892
      ],
      [
        0.0022161328147653012,
        -0.032507348772108834,
        0.9994690395560814,
        0.7336733637819179
      ],
      [
        0.0,
        0.0,
        0.0,
        1.0
      ]
    ],
    "location": [
      -59.191180089137646,
      8.864188049688892,
      0.7336733637819179
    ],
    "rotation": [
      -0.032513156600720405,
      -0.002216134628764383,
      0.032766808416819754
    ]
  },
  {
    "label_id": "IRBl4-265z8DyVSL_Ay_RA",
    "size": [
      1.895927141591532,
      4.818296796365432,
      1.8799999999999955
    ],
    "obj_class": "vehicle",
    "point_num_in_lidar": 30,
    "speed": 2.8421709430404007e-13,
    "if_vehicle": true,
    "motion_state": false,
    "pose": [
      [
        0.9999946248955602,
        -1.697242127451994e-15,
        -0.0032787467098941217,
        -34.70737046475102
      ],
      [
        0.00010628906376608699,
        0.9994744118354298,
        0.032417414900891825,
        -49.41314930371118
      ],
      [
        0.003277023439428723,
        -0.0324175891488192,
        0.9994690395560814,
        1.6974878574666832
      ],
      [
        0.0,
        0.0,
        0.0,
        1.0
      ]
    ],
    "location": [
      -34.70737046475102,
      -49.41314930371118,
      1.6974878574666832
    ],
    "rotation": [
      -0.03242344393411215,
      -0.003277029304718745,
      0.00010628963468370785
    ]
  },
  {
    "label_id": "J4VvYddmPcAryqS-UZ_20A",
    "size": [
      1.8756481209093183,
      4.310370117695685,
      1.8899999999999864
    ],
    "obj_class": "vehicle",
    "point_num_in_lidar": 23,
    "speed": 5.685035733124714e-13,
    "if_vehicle": true,
    "motion_state": false,
    "pose": [
      [
        0.9999946248955602,
        9.672931316483817e-16,
        -0.0032787467098941217,
        -35.033050385925094
      ],
      [
        0.00010628906376342389,
        0.9994744118354298,
        0.032417414900891825,
        -67.55194797141121
      ],
      [
        0.0032770234394288093,
        -0.03241758914881918,
        0.9994690395560814,
        1.9959208502987735
      ],
      [
        0.0,
        0.0,
        0.0,
        1.0
      ]
    ],
    "location": [
      -35.033050385925094,
      -67.55194797141121,
      1.9959208502987735
    ],
    "rotation": [
      -0.03242344393411214,
      -0.003277029304718831,
      0.00010628963468104474
    ]
  },
  {
    "label_id": "LrTZhVUAGYTUkncIjh4pHw",
    "size": [
      1.7509685992957444,
      2.3537852381629554,
      1.7300000000000182
    ],
    "obj_class": "vehicle",
    "point_num_in_lidar": 1695,
    "speed": 0.007462899233355513,
    "if_vehicle": true,
    "motion_state": false,
    "pose": [
      [
        -0.9998175446370081,
        0.01881826920937361,
        -0.0032787467098941217,
        -49.47388991493631
      ],
      [
        -0.018914749889310255,
        -0.9992954235098689,
        0.032417414900891825,
        12.070175848179133
      ],
      [
        -0.0026663969413682938,
        0.03247351684365688,
        0.9994690395560814,
        0.9488077720870933
      ],
      [
        0.0,
        0.0,
        0.0,
        1.0
      ]
    ],
    "location": [
      -49.47388991493631,
      12.070175848179133,
      0.9488077720870933
    ],
    "rotation": [
      0.03247934243243908,
      0.002666400100913303,
      -3.1226767084196756
    ]
  },
  {
    "label_id": "N0xEeDcPODmUZyZL7O9KhQ",
    "size": [
      1.9987228837198996,
      4.597254965828016,
      1.920000000000016
    ],
    "obj_class": "vehicle",
    "point_num_in_lidar": 95,
    "speed": 0.0071754554661034265,
    "if_vehicle": true,
    "motion_state": false,
    "pose": [
      [
        0.9999946248955602,
        -1.2531529176019314e-15,
        -0.0032787467098941217,
        -35.009544614340484
      ],
      [
        0.00010628906376564314,
        0.9994744118354298,
        0.032417414900891825,
        -41.1312007760971
      ],
      [
        0.0032770234394287373,
        -0.03241758914881919,
        0.9994690395560814,
        1.6967389193524696
      ],
      [
        0.0,
        0.0,
        0.0,
        1.0
      ]
    ],
    "location": [
      -35.009544614340484,
      -41.1312007760971,
      1.6967389193524696
    ],
    "rotation": [
      -0.032423443934112145,
      -0.0032770293047187592,
      0.000106289634683264
    ]
  },
  {
    "label_id": "NXvHjeEjHAm4M20-7kGTYQ",
    "size": [
      2.1901589706560896,
      4.47866627860887,
      1.8899999999999864
    ],
    "obj_class": "vehicle",
    "point_num_in_lidar": 4993,
    "speed": 0.06407634557481812,
    "if_vehicle": true,
    "motion_state": false,
    "pose": [
      [
        0.9867044052932915,
        -0.16249205025115548,
        -0.0032787467098941217,
        -49.623813823559885
      ],
      [
        0.16251239576125753,
        0.9861738347954075,
        0.032417414900891825,
        -4.106765043043197
      ],
      [
        -0.0020341579948691606,
        -0.032519243073849596,
        0.9994690395560814,
        1.3304542028811284
      ],
      [
        0.0,
        0.0,
        0.0,
        1.0
      ]
    ],
    "location": [
      -49.623813823559885,
      -4.106765043043197,
      1.3304542028811284
    ],
    "rotation": [
      -0.032525044640845414,
      0.002034159397694507,
      0.1632367070203985
    ]
  },
  {
    "label_id": "Q6fs_63CkqvoTcB1qAcIFA",
    "size": [
      2.5817557177114243,
      5.077991374472059,
      2.1399999999999864
    ],
    "obj_class": "vehicle",
    "point_num_in_lidar": 107,
    "speed": 2.8421709430404007e-13,
    "if_vehicle": true,
    "motion_state": false,
    "pose": [
      [
        0.6057762356763855,
        0.7956283065035836,
        -0.0032787467098941217,
        -113.99894396238153
      ],
      [
        -0.795150020307752,
        0.6055456683155491,
        0.032417414900891825,
        -10.840260225892052
      ],
      [
        0.027777643786500848,
        -0.017030604056065535,
        0.9994690395560814,
        1.6918798584550245
      ],
      [
        0.0,
        0.0,
        0.0,
        1.0
      ]
    ],
    "location": [
      -113.99894396238153,
      -10.840260225892052,
      1.6918798584550245
    ],
    "rotation": [
      -0.017038002571515016,
      -0.02778121722079445,
      -0.9197612632498514
    ]
  },
  {
    "label_id": "S_sdIKXK1faFoobXAfXayg",
    "size": [
      2.064711696696419,
      4.549692621892605,
      1.5400000000000205
    ],
    "obj_class": "vehicle",
    "point_num_in_lidar": 448,
    "speed": 10.397043795100384,
    "if_vehicle": true,
    "motion_state": true,
    "pose": [
      [
        0.9999828722205141,
        -0.004848204371031287,
        -0.0032787467098941217,
        -41.60805938008636
      ],
      [
        0.0049519700728195256,
        0.9994621499604381,
        0.032417414900891825,
        -13.695434643086628
      ],
      [
        0.0031198169832264535,
        -0.032433095918141655,
        0.9994690395560814,
        1.0872633090449995
      ],
      [
        0.0,
        0.0,
        0.0,
        1.0
      ]
    ],
    "location": [
      -41.60805938008636,
      -13.695434643086628,
      1.0872633090449995
    ],
    "rotation": [
      -0.03243894262859984,
      -0.003119822044245894,
      0.004952014411623426
    ]
  },
  {
    "label_id": "Sv6Kp_7Yn7_dppLzJAxahA",
    "size": [
      2.2878795860030334,
      4.83846683002856,
      2.0
    ],
    "obj_class": "vehicle",
    "point_num_in_lidar": 3311,
    "speed": 7.186499141012679,
    "if_vehicle": true,
    "motion_state": true,
    "pose": [
      [
        -0.9998701580645096,
        0.015777098341097168,
        -0.0032787467098941217,
        -54.60870556490491
      ],
      [
        -0.015875166678603354,
        -0.999348332811973,
        0.032417414900891825,
        4.3408817669424025
      ],
      [
        -0.0027651573153899133,
        0.032465256411514,
        0.9994690395560814,
        1.1889682358620917
      ],
      [
        0.0,
        0.0,
        0.0,
        1.0
      ]
    ],
    "location": [
      -54.60870556490491,
      4.3408817669424025,
      1.1889682358620917
    ],
    "rotation": [
      0.032471086325346225,
      0.0027651608391779485,
      -3.1257167593236983
    ]
  },
  {
    "label_id": "WASi6kOEGcG25GLiTIITRg",
    "size": [
      2.612012477036315,
      7.188040993103449,
      2.4399999999999977
    ],
    "obj_class": "vehicle",
    "point_num_in_lidar": 195,
    "speed": 0.01148693462197569,
    "if_vehicle": true,
    "motion_state": false,
    "pose": [
      [
        -0.009153686931473757,
        0.9999527288005032,
        -0.0032787467098941217,
        -88.26781383119567
      ],
      [
        -0.9994335104774293,
        -0.00904264042774425,
        0.032417414900891825,
        36.4345534243439
      ],
      [
        0.03238623396325366,
        0.0035736282013662606,
        0.9994690395560814,
        1.618186265180384
      ],
      [
        0.0,
        0.0,
        0.0,
        1.0
      ]
    ],
    "location": [
      -88.26781383119567,
      36.4345534243439,
      1.618186265180384
    ],
    "rotation": [
      0.003575511427731325,
      -0.03239189811864177,
      -1.5799549460487654
    ]
  },
  {
    "label_id": "ZSFR0_-rEfWNevQkHaEhFQ",
    "size": [
      2.216010875333316,
      4.30560871595925,
      1.7900000000000205
    ],
    "obj_class": "vehicle",
    "point_num_in_lidar": 159,
    "speed": 11.275261829363506,
    "if_vehicle": true,
    "motion_state": true,
    "pose": [
      [
        0.9992680184663535,
        -0.03811400123759633,
        -0.0032787467098941217,
        -88.30084011086882
      ],
      [
        0.03820038556283597,
        0.9987441322751258,
        0.032417414900891825,
        -15.200228554644127
      ],
      [
        0.0020390716460708634,
        -0.03251893534029666,
        0.9994690395560814,
        1.418080843697112
      ],
      [
        0.0,
        0.0,
        0.0,
        1.0
      ]
    ],
    "location": [
      -88.30084011086882,
      -15.200228554644127,
      1.418080843697112
    ],
    "rotation": [
      -0.03252473706941107,
      -0.002039073059086667,
      0.038209761918398685
    ]
  },
  {
    "label_id": "ctW65CIWnfgzcBsgEI6eEg",
    "size": [
      1.1205580076404498,
      0.99186347399398,
      1.0699999999999932
    ],
    "obj_class": "sign",
    "point_num_in_lidar": 144,
    "speed": 3.108624468950438e-14,
    "if_vehicle": false,
    "motion_state": false,
    "pose": [
      [
        0.9994607618555645,
        -0.03267162884073522,
        -0.0032787467098941217,
        -59.27119097334844
      ],
      [
        0.03276086486101634,
        0.9989373538639456,
        0.032417414900891825,
        11.721001093836094
      ],
      [
        0.002216132814753694,
        -0.032507348772109625,
        0.9994690395560814,
        0.6613676158128783
      ],
      [
        0.0,
        0.0,
        0.0,
        1.0
      ]
    ],
    "location": [
      -59.27119097334844,
      11.721001093836094,
      0.6613676158128783
    ],
    "rotation": [
      -0.032513156600721196,
      -0.002216134628752776,
      0.032766808417176614
    ]
  },
  {
    "label_id": "eTJbViUbReuDWNa29L7KtA",
    "size": [
      2.0955711977667084,
      5.087237367976095,
      2.009999999999991
    ],
    "obj_class": "vehicle",
    "point_num_in_lidar": 409,
    "speed": 11.40059372958773,
    "if_vehicle": true,
    "motion_state": true,
    "pose": [
      [
        0.9999770561835566,
        -0.005927640886567457,
        -0.0032787467098941217,
        -42.594600428280756
      ],
      [
        0.006030844430179949,
        0.999456222216162,
        0.032417414900891825,
        -17.04601685414309
      ],
      [
        0.0030848050062711025,
        -0.032436444733008114,
        0.9994690395560814,
        1.2406991843836863
      ],
      [
        0.0,
        0.0,
        0.0,
        1.0
      ]
    ],
    "location": [
      -42.594600428280756,
      -17.04601685414309,
      1.2406991843836863
    ],
    "rotation": [
      -0.03244228969759241,
      -0.0030848098988040663,
      0.006030909684387644
    ]
  },
  {
    "label_id": "gReOadgSa6ggtDSZ_bnQ5Q",
    "size": [
      1.102033466226616,
      0.8957830059557224,
      1.1000000000000227
    ],
    "obj_class": "pedestrian",
    "point_num_in_lidar": 27,
    "speed": 0.021178923349977657,
    "if_vehicle": false,
    "motion_state": false,
    "pose": [
      [
        -0.9102611463696094,
        -0.4140216120323876,
        -0.0032787467098941217,
        -92.89945234020666
      ],
      [
        0.4137094800998616,
        -0.9098316202939122,
        0.032417414900891825,
        18.61117048063352
      ],
      [
        -0.01640461780678628,
        0.028151864653295628,
        0.9994690395560814,
        1.1801275095064625
      ],
      [
        0.0,
        0.0,
        0.0,
        1.0
      ]
    ],
    "location": [
      -92.89945234020666,
      18.61117048063352,
      1.1801275095064625
    ],
    "rotation": [
      0.02815937476337613,
      0.01640535367441432,
      2.715006666407487
    ]
  },
  {
    "label_id": "gofHjXzTs7FWeFilqynuPg",
    "size": [
      2.006230178023541,
      4.722435152556317,
      1.589999999999975
    ],
    "obj_class": "vehicle",
    "point_num_in_lidar": 34,
    "speed": 0.0,
    "if_vehicle": true,
    "motion_state": false,
    "pose": [
      [
        0.9999946248955602,
        5.232039217983192e-16,
        -0.0032787467098941217,
        -34.671216280914734
      ],
      [
        0.00010628906376386773,
        0.9994744118354298,
        0.032417414900891825,
        -46.9626592569748
      ],
      [
        0.003277023439428795,
        -0.03241758914881918,
        0.9994690395560814,
        1.4871551379208654
      ],
      [
        0.0,
        0.0,
        0.0,
        1.0
      ]
    ],
    "location": [
      -34.671216280914734,
      -46.9626592569748,
      1.4871551379208654
    ],
    "rotation": [
      -0.03242344393411214,
      -0.003277029304718817,
      0.0001062896346814886
    ]
  },
  {
    "label_id": "gy9mAZLClR19nDtkUsKYAA",
    "size": [
      1.9241991492926942,
      4.640621657728636,
      1.740000000000009
    ],
    "obj_class": "vehicle",
    "point_num_in_lidar": 44,
    "speed": 4.440892098500626e-15,
    "if_vehicle": true,
    "motion_state": false,
    "pose": [
      [
        0.9999946248955602,
        -8.090637077518687e-16,
        -0.0032787467098941217,
        -35.24436293139061
      ],
      [
        0.00010628906376519928,
        0.9994744118354298,
        0.032417414900891825,
        -36.498409425204954
      ],
      [
        0.003277023439428752,
        -0.03241758914881919,
        0.9994690395560814,
        1.438210737427994
      ],
      [
        0.0,
        0.0,
        0.0,
        1.0
      ]
    ],
    "location": [
      -35.24436293139061,
      -36.498409425204954,
      1.438210737427994
    ],
    "rotation": [
      -0.032423443934112145,
      -0.003277029304718774,
      0.00010628963468282015
    ]
  },
  {
    "label_id": "iHBa2LA3ziDFWThMzfxSrQ",
    "size": [
      1.1548516358369638,
      1.0708842660739963,
      1.25
    ],
    "obj_class": "sign",
    "point_num_in_lidar": 49,
    "speed": 0.0,
    "if_vehicle": false,
    "motion_state": false,
    "pose": [
      [
        0.06213581212407244,
        0.9980623180301389,
        -0.0032787467098941217,
        -88.34112251324399
      ],
      [
        -0.997536505793883,
        0.062209571768931424,
        0.032417414900891825,
        17.729811577086366
      ],
      [
        0.032558569689290176,
        0.0012563871345410511,
        0.9994690395560814,
        0.9479225363397177
      ],
      [
        0.0,
        0.0,
        0.0,
        1.0
      ]
    ],
    "location": [
      -88.34112251324399,
      17.729811577086366,
      0.9479225363397177
    ],
    "rotation": [
      0.001257053918673155,
      -0.03256432477710799,
      -1.5085874381967603
    ]
  },
  {
    "label_id": "ijjnSXQKMTGVXZdwniRX4Q",
    "size": [
      2.972577265569259,
      7.057856682623538,
      3.2299999999999613
    ],
    "obj_class": "vehicle",
    "point_num_in_lidar": 143,
    "speed": 0.07951285505695267,
    "if_vehicle": true,
    "motion_state": false,
    "pose": [
      [
        -0.19969226138015422,
        -0.9798531780654142,
        -0.0032787467098941217,
        -23.875643967357036
      ],
      [
        0.9793222176877037,
        -0.19969252653612568,
        0.032417414900891825,
        -39.43130207170361
      ],
      [
        -0.03241904822967474,
        0.0032625573904880244,
        0.9994690395560814,
        2.0530595607652913
      ],
      [
        0.0,
        0.0,
        0.0,
        1.0
      ]
    ],
    "location": [
      -23.875643967357036,
      -39.43130207170361,
      2.0530595607652913
    ],
    "rotation": [
      0.0032642790054305485,
      0.03242472962500133,
      1.7719473536809787
    ]
  },
  {
    "label_id": "jcMjZDvyQh7S9D1-oC8sUA",
    "size": [
      2.5246044967032226,
      5.794295811722223,
      1.8600000000000136
    ],
    "obj_class": "vehicle",
    "point_num_in_lidar": 51,
    "speed": 2.8435583831733384e-13,
    "if_vehicle": true,
    "motion_state": false,
    "pose": [
      [
        -0.9999838705904343,
        -0.004637712689017959,
        -0.0032787467098941217,
        -65.21777013011135
      ],
      [
        0.004529012156646736,
        -0.9994641560656532,
        0.032417414900891825,
        -40.020661225473305
      ],
      [
        -0.0034273324697883913,
        0.03240204254342215,
        0.9994690395560814,
        2.023720745756691
      ],
      [
        0.0,
        0.0,
        0.0,
        1.0
      ]
    ],
    "location": [
      -65.21777013011135,
      -40.020661225473305,
      2.023720745756691
    ],
    "rotation": [
      0.0324079054086513,
      0.003427339179745614,
      3.1370635993490854
    ]
  },
  {
    "label_id": "n3Oz4HnGjzXFqsql-WNSFg",
    "size": [
      2.2236566406135503,
      4.949832717164618,
      1.920000000000016
    ],
    "obj_class": "vehicle",
    "point_num_in_lidar": 418,
    "speed": 10.822041846754459,
    "if_vehicle": true,
    "motion_state": true,
    "pose": [
      [
        0.9996271520911834,
        -0.027107316762866596,
        -0.0032787467098941217,
        -66.73054890185813
      ],
      [
        0.027199465112077693,
        0.9991042489694257,
        0.032417414900891825,
        -14.335962489929443
      ],
      [
        0.0023970606347979958,
        -0.0324945082922839,
        0.9994690395560814,
        1.380640032572785
      ],
      [
        0.0,
        0.0,
        0.0,
        1.0
      ]
    ],
    "location": [
      -66.73054890185813,
      -14.335962489929443,
      1.380640032572785
    ],
    "rotation": [
      -0.03250032287029653,
      -0.002397062930348923,
      0.027202898144509744
    ]
  },
  {
    "label_id": "nIkRugAGG0nTBKZGfO4uEw",
    "size": [
      1.8637469243193798,
      4.217077508524435,
      1.5500000000000114
    ],
    "obj_class": "vehicle",
    "point_num_in_lidar": 29,
    "speed": 2.2531604920802096e-28,
    "if_vehicle": true,
    "motion_state": false,
    "pose": [
      [
        0.9993832990545942,
        -0.03496099813745963,
        -0.0032787467098941217,
        -35.61190845734822
      ],
      [
        0.03504903495803871,
        0.9988596880241256,
        0.032417414900891825,
        -54.7578144154395
      ],
      [
        0.0021416627337836358,
        -0.03251233995852848,
        0.9994690395560814,
        1.5768798584549018
      ],
      [
        0.0,
        0.0,
        0.0,
        1.0
      ]
    ],
    "location": [
      -35.61190845734822,
      -54.7578144154395,
      1.5768798584549018
    ],
    "rotation": [
      -0.0325181451607081,
      -0.0021416643709879684,
      0.035056295266830774
    ]
  },
  {
    "label_id": "slzRePUL32VlVCupH5t8lw",
    "size": [
      2.921623295265275,
      10.613183625004126,
      3.6399999999999864
    ],
    "obj_class": "vehicle",
    "point_num_in_lidar": 895,
    "speed": 12.001710997812351,
    "if_vehicle": true,
    "motion_state": true,
    "pose": [
      [
        -0.9952180438150433,
        -0.09762323025269463,
        -0.0032787467098941217,
        -84.17492457720563
      ],
      [
        0.09746666373766517,
        -0.9947106919456492,
        0.032417414900891825,
        5.886323429444019
      ],
      [
        -0.006426097167580201,
        0.03194282774015198,
        0.9994690395560814,
        2.118677629480487
      ],
      [
        0.0,
        0.0,
        0.0,
        1.0
      ]
    ],
    "location": [
      -84.17492457720563,
      5.886323429444019,
      2.118677629480487
    ],
    "rotation": [
      0.03194892224157252,
      0.006426141395721101,
      3.0439689861196584
    ]
  },
  {
    "label_id": "tHiLYp-JdD1GE2Xou2SH_g",
    "size": [
      2.28128662772867,
      4.608025198634581,
      2.009999999999991
    ],
    "obj_class": "vehicle",
    "point_num_in_lidar": 37,
    "speed": 8.526541741130118e-13,
    "if_vehicle": true,
    "motion_state": false,
    "pose": [
      [
        0.9969816132880636,
        -0.07756876037131397,
        -0.0032787467098941217,
        -84.78771647126429
      ],
      [
        0.07763437668407193,
        0.9964547228891131,
        0.032417414900891825,
        -35.84062509401883
      ],
      [
        0.000752543955926397,
        -0.03257411006364723,
        0.9994690395560814,
        1.9261258145839406
      ],
      [
        0.0,
        0.0,
        0.0,
        1.0
      ]
    ],
    "location": [
      -84.78771647126429,
      -35.84062509401883,
      1.9261258145839406
    ],
    "rotation": [
      -0.03257988262745163,
      -0.0007525440269568323,
      0.07771259598521336
    ]
  },
  {
    "label_id": "tkAwnC0RmnNm52uw7Er9_w",
    "size": [
      0.7246966419424714,
      0.7938529633716231,
      0.8600000000000136
    ],
    "obj_class": "pedestrian",
    "point_num_in_lidar": 30,
    "speed": 0.01260679253554338,
    "if_vehicle": false,
    "motion_state": false,
    "pose": [
      [
        -0.998722128669703,
        0.05043173133523382,
        -0.0032787467098941217,
        -60.806888152736235
      ],
      [
        -0.050511649759535204,
        -0.9981972172119663,
        0.032417414900891825,
        -26.660605785025837
      ],
      [
        -0.00163796948289462,
        0.03254160452124804,
        0.9994690395560814,
        0.9595067286539347
      ],
      [
        0.0,
        0.0,
        0.0,
        1.0
      ]
    ],
    "location": [
      -60.806888152736235,
      -26.660605785025837,
      0.9595067286539347
    ],
    "rotation": [
      0.032547394291422296,
      0.0016379702153255778,
      -3.091059431822063
    ]
  },
  {
    "label_id": "tme8SKJXoDfayi5l40MZCg",
    "size": [
      2.535843216938898,
      6.373996801546928,
      1.9800000000000182
    ],
    "obj_class": "vehicle",
    "point_num_in_lidar": 25,
    "speed": 5.684385254002266e-13,
    "if_vehicle": true,
    "motion_state": false,
    "pose": [
      [
        -0.028295912786047525,
        0.9995942132383603,
        -0.0032787467098941217,
        -88.44430098472642
      ],
      [
        -0.9990772160409674,
        -0.028174946299391004,
        0.032417414900891825,
        44.31217846099389
      ],
      [
        0.0323118818305979,
        0.004193001479809254,
        0.9994690395560814,
        1.168957946020214
      ],
      [
        0.0,
        0.0,
        0.0,
        1.0
      ]
    ],
    "location": [
      -88.44430098472642,
      44.31217846099389,
      1.168957946020214
    ],
    "rotation": [
      0.00419520436877617,
      -0.03231750705208515,
      -1.5991108056209404
    ]
  },
  {
    "label_id": "x3_8SCCVCIWb3aFrS7pNiA",
    "size": [
      0.9479286807154296,
      0.9719301561155778,
      1.089999999999975
    ],
    "obj_class": "sign",
    "point_num_in_lidar": 31,
    "speed": 0.017543362648454647,
    "if_vehicle": false,
    "motion_state": false,
    "pose": [
      [
        0.9992924296761132,
        0.03746851761175364,
        -0.0032787467098941217,
        -61.399315682933576
      ],
      [
        -0.037342811467087504,
        0.9987765644241343,
        0.032417414900891825,
        -20.81371278592451
      ],
      [
        0.004489367855666575,
        -0.03227203967989493,
        0.9994690395560814,
        0.8421611155522442
      ],
      [
        0.0,
        0.0,
        0.0,
        1.0
      ]
    ],
    "location": [
      -61.399315682933576,
      -20.81371278592451,
      0.8421611155522442
    ],
    "rotation": [
      -0.03227796949859065,
      -0.00448938293590703,
      -0.03735187249956485
    ]
  }
]