[
  {
    "label_id": "0dItGO83CJ_wt_3rDsNP2w",
    "size": [
      0.598241095069682,
      0.1706041126485065,
      0.6399999999999864
    ],
    "obj_class": "sign",
    "point_num_in_lidar": 40,
    "speed": 0.034928193628244265,
    "if_vehicle": false,
    "motion_state": false,
    "pose": [
      [
        -0.20933462525550883,
        0.9777392156938375,
        0.014319244516922321,
        -65.10539383627938
      ],
      [
        -0.9774268619592359,
        -0.20965059358845262,
        0.026141119496502982,
        37.13914359764567
      ],
      [
        0.028561235786580666,
        -0.008523772780242448,
        0.9995557018535457,
        1.707027949728456
      ],
      [
        0.0,
        0.0,
        0.0,
        1.0
      ]
    ],
    "location": [
      -65.10539383627938,
      37.13914359764567,
      1.707027949728456
    ],
    "rotation": [
      -0.008527354862935833,
      -0.02856512032306136,
      -1.7817781567664994
    ]
  },
  {
    "label_id": "0lL4WpaXe4oMs38v5QTFMA",
    "size": [
      2.0766298950998343,
      4.991979895020037,
      1.579999999999984
    ],
    "obj_class": "vehicle",
    "point_num_in_lidar": 82,
    "speed": 8.346274229951863,
    "if_vehicle": true,
    "motion_state": true,
    "pose": [
      [
        0.9995012489961422,
        -0.028146269586154654,
        0.014319244516922321,
        -113.5700756633517
      ],
      [
        0.02776532288475092,
        0.9992725998027642,
        0.026141119496502982,
        -18.863417194510475
      ],
      [
        -0.015044603692268895,
        -0.025730503139434084,
        0.9995557018535457,
        1.4618798584554042
      ],
      [
        0.0,
        0.0,
        0.0,
        1.0
      ]
    ],
    "location": [
      -113.5700756633517,
      -18.863417194510475,
      1.4618798584554042
    ],
    "rotation": [
      -0.025736256551359957,
      0.015045171282932972,
      0.027772035513728855
    ]
  },
  {
    "label_id": "20Y4i40d8raHY1Clo4K4wg",
    "size": [
      0.7999212305811714,
      0.15511676600605773,
      0.7769746969505036
    ],
    "obj_class": "sign",
    "point_num_in_lidar": 79,
    "speed": 0.03387723701167488,
    "if_vehicle": false,
    "motion_state": false,
    "pose": [
      [
        -0.2093346252571536,
        0.9777392156934853,
        0.014319244516922321,
        -65.08311004596686
      ],
      [
        -0.9774268619588832,
        -0.20965059359009686,
        0.026141119496502982,
        37.13575829723959
      ],
      [
        0.028561235786595005,
        -0.008523772780194401,
        0.9995557018535457,
        2.4419049705756493
      ],
      [
        0.0,
        0.0,
        0.0,
        1.0
      ]
    ],
    "location": [
      -65.08311004596686,
      37.13575829723959,
      2.4419049705756493
    ],
    "rotation": [
      -0.008527354862887767,
      -0.028565120323075704,
      -1.7817781567681823
    ]
  },
  {
    "label_id": "2gBQINdyd96o4z3Zr-BlXg",
    "size": [
      0.8037584934951655,
      0.6746490747898556,
      1.8500000000000227
    ],
    "obj_class": "pedestrian",
    "point_num_in_lidar": 241,
    "speed": 0.14256055834983777,
    "if_vehicle": false,
    "motion_state": false,
    "pose": [
      [
        -0.9556771639235903,
        -0.29406821928156035,
        0.014319244516922321,
        -80.13815852810441
      ],
      [
        0.2943556503341563,
        -0.9553383657049608,
        0.026141119496502982,
        -9.135286542150425
      ],
      [
        0.0059924511945631765,
        0.02919742147427811,
        0.9995557018535457,
        1.5466900747837258
      ],
      [
        0.0,
        0.0,
        0.0,
        1.0
      ]
    ],
    "location": [
      -80.13815852810441,
      -9.135286542150425,
      1.5466900747837258
    ],
    "rotation": [
      0.029202095951696632,
      -0.0059924870594351125,
      2.8428058951107587
    ]
  },
  {
    "label_id": "4iGaZtbzD4XFf7YLTHe1Sg",
    "size": [
      0.9999999999985764,
      1.0,
      1.9499999999999886
    ],
    "obj_class": "pedestrian",
    "point_num_in_lidar": 96,
    "speed": 0.5453295050892569,
    "if_vehicle": false,
    "motion_state": false,
    "pose": [
      [
        0.017207758801896154,
        0.9997493947352409,
        0.014319244516922321,
        -59.18954762575049
      ],
      [
        -0.9995165908040796,
        0.016829336851451004,
        0.026141119496502982,
        -26.325546300919086
      ],
      [
        0.02589358500489688,
        -0.014762152541551573,
        0.9995557018535457,
        1.5077666749315881
      ],
      [
        0.0,
        0.0,
        0.0,
        1.0
      ]
    ],
    "location": [
      -59.18954762575049,
      -26.325546300919086,
      1.5077666749315881
    ],
    "rotation": [
      -0.014767640635440414,
      -0.025896479390339518,
      -1.5535819461898537
    ]
  },
  {
    "label_id": "6UnIBe0cOQDEznFzk4-t7g",
    "size": [
      2.17182634505772,
      4.895286408426708,
      2.0
    ],
    "obj_class": "vehicle",
    "point_num_in_lidar": 134,
    "speed": 4.880321601780029e-13,
    "if_vehicle": true,
    "motion_state": false,
    "pose": [
      [
        -0.9984011860116402,
        0.05468117598420063,
        0.014319244516922321,
        -85.10398647734678
      ],
      [
        -0.054294291169747516,
        -0.9981827346823047,
        0.026141119496502982,
        -51.713508476897914
      ],
      [
        0.015722649806098415,
        0.025321871477847993,
        0.9995557018535457,
        2.1813108279064295
      ],
      [
        0.0,
        0.0,
        0.0,
        1.0
      ]
    ],
    "location": [
      -85.10398647734678,
      -51.713508476897914,
      2.1813108279064295
    ],
    "rotation": [
      0.025327709700669984,
      -0.01572329765583942,
      -3.087264929570855
    ]
  },
  {
    "label_id": "7-k0-aAqBFIwuvVcth1ugQ",
    "size": [
      2.65433068089742,
      7.4845826403753275,
      2.2900000000000205
    ],
    "obj_class": "vehicle",
    "point_num_in_lidar": 80,
    "speed": 0.0017193500296608728,
    "if_vehicle": true,
    "motion_state": false,
    "pose": [
      [
        -0.039688152087568096,
        0.9991095084225446,
        0.014319244516922321,
        -88.3849904278396
      ],
      [
        -0.9988555559136609,
        -0.04005271890747155,
        0.026141119496502982,
        57.72121499993773
      ],
      [
        0.026691365725369735,
        -0.013265364215897581,
        0.9995557018535457,
        0.6650504296620738
      ],
      [
        0.0,
        0.0,
        0.0,
        1.0
      ]
    ],
    "location": [
      -88.3849904278396,
      57.72121499993773,
      0.6650504296620738
    ],
    "rotation": [
      -0.01327048155511432,
      -0.02669453602570232,
      -1.6105090616141595
    ]
  },
  {
    "label_id": "7H_jvU9tURSLSp0yi3ZSOA",
    "size": [
      1.4422854662711873,
      1.1313572277526598,
      1.8899999999999864
    ],
    "obj_class": "pedestrian",
    "point_num_in_lidar": 397,
    "speed": 0.7310928747300413,
    "if_vehicle": false,
    "motion_state": false,
    "pose": [
      [
        0.4345607267174265,
        -0.9005286969504563,
        0.014319244516922321,
        -81.2884765128089
      ],
      [
        0.9001504960231469,
        0.43479388953934517,
        0.026141119496502982,
        -4.421957986676716
      ],
      [
        -0.029766748295789597,
        0.0015295711689769299,
        0.9995557018535457,
        1.4618276317697223
      ],
      [
        0.0,
        0.0,
        0.0,
        1.0
      ]
    ],
    "location": [
      -81.2884765128089,
      -4.421957986676716,
      1.4618276317697223
    ],
    "rotation": [
      0.001530249862239908,
      0.029771145900170975,
      1.1210319253115522
    ]
  },
  {
    "label_id": "9OU84eagvEJrB0PWmD5Zkg",
    "size": [
      2.089031648113357,
      4.993037200368213,
      1.6999999999999886
    ],
    "obj_class": "vehicle",
    "point_num_in_lidar": 136,
    "speed": 9.117721861372575,
    "if_vehicle": true,
    "motion_state": true,
    "pose": [
      [
        0.9997590492103523,
        -0.016637390374611857,
        0.014319244516922321,
        -94.27518604936047
      ],
      [
        0.016259101302395804,
        0.9995260294241006,
        0.026141119496502982,
        -18.42629893330195
      ],
      [
        -0.014747377626244885,
        -0.025902002725943608,
        0.9995557018535457,
        1.3426115622834232
      ],
      [
        0.0,
        0.0,
        0.0,
        1.0
      ]
    ],
    "location": [
      -94.27518604936047,
      -18.42629893330195,
      1.3426115622834232
    ],
    "rotation": [
      -0.025907717991220665,
      0.014747912234499198,
      0.0162615863380042
    ]
  },
  {
    "label_id": "AXKZxZOE2J4qe-CaUmIcQw",
    "size": [
      1.8770925018553326,
      4.241708010517512,
      1.7699999999999818
    ],
    "obj_class": "vehicle",
    "point_num_in_lidar": 47,
    "speed": 1.990015233685411e-12,
    "if_vehicle": true,
    "motion_state": false,
    "pose": [
      [
        -0.9986378302606644,
        0.05017412887870666,
        0.014319244516922321,
        -84.53197504032862
      ],
      [
        -0.04978823403060081,
        -0.9984176348720929,
        0.026141119496502982,
        -62.92957285135162
      ],
      [
        0.015608194142391977,
        0.025392580957422563,
        0.9995557018535457,
        1.7593574807443702
      ],
      [
        0.0,
        0.0,
        0.0,
        1.0
      ]
    ],
    "location": [
      -84.53197504032862,
      -62.92957285135162,
      1.7593574807443702
    ],
    "rotation": [
      0.025398405113483645,
      -0.015608827945463474,
      -3.091777753594892
    ]
  },
  {
    "label_id": "AdBkVx0b9kPemMNsgkGfrA",
    "size": [
      1.4666399194667559,
      1.0272516549106756,
      1.240000000000009
    ],
    "obj_class": "pedestrian",
    "point_num_in_lidar": 44,
    "speed": 0.020126304548150013,
    "if_vehicle": false,
    "motion_state": false,
    "pose": [
      [
        0.10732909321610855,
        -0.994120427808358,
        0.014319244516922321,
        -90.95638280479527
      ],
      [
        0.9938423445957955,
        0.10767560522143267,
        0.026141119496502982,
        -28.170369884852335
      ],
      [
        -0.02752925421692624,
        0.011425368892324964,
        0.9995557018535457,
        0.9681600748874075
      ],
      [
        0.0,
        0.0,
        0.0,
        1.0
      ]
    ],
    "location": [
      -90.95638280479527,
      -28.170369884852335,
      0.9681600748874075
    ],
    "rotation": [
      0.011429949642423696,
      0.027532732622677327,
      1.4632191646235977
    ]
  },
  {
    "label_id": "BXDlU3DIkqaT24ZzQeHqcw",
    "size": [
      1.022061076784691,
      1.090747265971741,
      1.0500000000000114
    ],
    "obj_class": "pedestrian",
    "point_num_in_lidar": 132,
    "speed": 0.052687544580820575,
    "if_vehicle": false,
    "motion_state": false,
    "pose": [
      [
        -0.38461522538728615,
        0.9229659190006703,
        0.014319244516922321,
        -62.12002929832545
      ],
      [
        -0.92260104818965,
        -0.38486874093751583,
        0.026141119496502982,
        19.026549706964943
      ],
      [
        0.029638391988200532,
        -0.0031566774335729563,
        0.9995557018535457,
        0.8607844296391249
      ],
      [
        0.0,
        0.0,
        0.0,
        1.0
      ]
    ],
    "location": [
      -62.12002929832545,
      19.026549706964943,
      0.8607844296391249
    ],
    "rotation": [
      -0.0031580700639659964,
      -0.029642732934295025,
      -1.9657704086964831
    ]
  },
  {
    "label_id": "DQ-_y0xNV9wEGOZY-vEraw",
    "size": [
      2.023392345217466,
      4.400605866043123,
      1.9499999999999886
    ],
    "obj_class": "vehicle",
    "point_num_in_lidar": 37,
    "speed": 5.684385254002266e-13,
    "if_vehicle": true,
    "motion_state": false,
    "pose": [
      [
        -0.9990710245869987,
        0.04064538186743092,
        0.014319244516922321,
        -84.15122656455094
      ],
      [
        -0.0402616051229261,
        -0.9988471579898474,
        0.026141119496502982,
        -70.30993858017428
      ],
      [
        0.015365252474667069,
        0.02554031927082345,
        0.9995557018535457,
        1.9584295954567779
      ],
      [
        0.0,
        0.0,
        0.0,
        1.0
      ]
    ],
    "location": [
      -84.15122656455094,
      -70.30993858017428,
      1.9584295954567779
    ],
    "rotation": [
      0.025546113215847516,
      -0.015365857138504354,
      -3.1013154058016807
    ]
  },
  {
    "label_id": "Fww1o1EB4na9AHpv_SA6vw",
    "size": [
      1.9997895331551803,
      4.800593639312353,
      1.5600000000000023
    ],
    "obj_class": "vehicle",
    "point_num_in_lidar": 862,
    "speed": 9.092327545537009,
    "if_vehicle": true,
    "motion_state": true,
    "pose": [
      [
        0.9986198300982555,
        -0.050531120816741215,
        0.014319244516922321,
        -77.8113045927764
      ],
      [
        0.050145147277383895,
        0.9983997726742525,
        0.026141119496502982,
        -18.21437639436408
      ],
      [
        -0.01561727053812494,
        -0.025386999684974057,
        0.9995557018535457,
        1.2076356416616818
      ],
      [
        0.0,
        0.0,
        0.0,
        1.0
      ]
    ],
    "location": [
      -77.8113045927764,
      -18.21437639436408,
      1.2076356416616818
    ],
    "rotation": [
      -0.025392824960580374,
      0.015617905447618109,
      0.050172310390606316
    ]
  },
  {
    "label_id": "GtCjV-L_DOEpw0nZQ3Dy6w",
    "size": [
      0.9397652133884525,
      0.9370266590153165,
      1.1100000000000136
    ],
    "obj_class": "sign",
    "point_num_in_lidar": 48,
    "speed": 0.015520986199973366,
    "if_vehicle": false,
    "motion_state": false,
    "pose": [
      [
        0.9998974743624792,
        5.874889455556512e-16,
        0.014319244516922321,
        -62.56410923765489
      ],
      [
        -0.00037435946345975197,
        0.9996581924470292,
        0.026141119496502982,
        -22.270362751107314
      ],
      [
        -0.014314350090993584,
        -0.0261437999062556,
        0.9995557018535457,
        0.8645243172446158
      ],
      [
        0.0,
        0.0,
        0.0,
        1.0
      ]
    ],
    "location": [
      -62.56410923765489,
      -22.270362751107314,
      0.8645243172446158
    ],
    "rotation": [
      -0.026149458797790216,
      0.014314838972603635,
      -0.00037439783134430855
    ]
  },
  {
    "label_id": "L6NBNCs9w739OKU74AEm5g",
    "size": [
      0.5234836372050946,
      0.08567682497549381,
      0.44999999999998863
    ],
    "obj_class": "sign",
    "point_num_in_lidar": 23,
    "speed": 0.027701621954040953,
    "if_vehicle": false,
    "motion_state": false,
    "pose": [
      [
        0.12818625156559268,
        0.9916467335427609,
        0.014319244516922321,
        -94.07482450850085
      ],
      [
        -0.9914574187396471,
        0.12778430536488317,
        0.026141119496502982,
        18.53870648920565
      ],
      [
        0.02409298104591333,
        -0.017547853327034596,
        0.9995557018535457,
        3.1685138813869003
      ],
      [
        0.0,
        0.0,
        0.0,
        1.0
      ]
    ],
    "location": [
      -94.07482450850085,
      18.53870648920565,
      3.1685138813869003
    ],
    "rotation": [
      -0.017553850048276465,
      -0.024095312537399795,
      -1.442218870279287
    ]
  },
  {
    "label_id": "Q6fs_63CkqvoTcB1qAcIFA",
    "size": [
      2.5817557177114385,
      5.077991374472059,
      2.1399999999999864
    ],
    "obj_class": "vehicle",
    "point_num_in_lidar": 286,
    "speed": 3.800871497092529e-28,
    "if_vehicle": true,
    "motion_state": false,
    "pose": [
      [
        0.605717383875824,
        0.7955510103740001,
        0.014319244516922321,
        -113.99894396238156
      ],
      [
        -0.7955874091710452,
        0.6052745792117603,
        0.026141119496502982,
        -10.840260225892052
      ],
      [
        0.012129519328139956,
        -0.027226341159512002,
        0.9995557018535457,
        1.8140799391084101
      ],
      [
        0.0,
        0.0,
        0.0,
        1.0
      ]
    ],
    "location": [
      -113.99894396238156,
      -10.840260225892052,
      1.8140799391084101
    ],
    "rotation": [
      -0.027231709781821725,
      -0.012129816774238484,
      -0.9200731623340506
    ]
  },
  {
    "label_id": "Sv6Kp_7Yn7_dppLzJAxahA",
    "size": [
      2.2878795860028354,
      4.83846683002856,
      2.0
    ],
    "obj_class": "vehicle",
    "point_num_in_lidar": 210,
    "speed": 10.402777609952352,
    "if_vehicle": true,
    "motion_state": true,
    "pose": [
      [
        -0.01652429396508501,
        -0.999760924894257,
        0.014319244516922321,
        -71.59306411608165
      ],
      [
        0.9995278623160897,
        -0.016146031255317262,
        0.026141119496502982,
        42.14376832921516
      ],
      [
        -0.025903670836072357,
        0.014744447405117383,
        0.9995557018535457,
        0.727517393969606
      ],
      [
        0.0,
        0.0,
        0.0,
        1.0
      ]
    ],
    "location": [
      -71.59306411608165,
      42.14376832921516,
      0.727517393969606
    ],
    "rotation": [
      0.014749931487149004,
      0.025906568605697355,
      1.5873269203029636
    ]
  },
  {
    "label_id": "TF-e0qfWBKlF_b0k2fIi4w",
    "size": [
      1.9207280595205134,
      4.463873919194776,
      1.5600000000000023
    ],
    "obj_class": "vehicle",
    "point_num_in_lidar": 752,
    "speed": 8.378253754440674,
    "if_vehicle": true,
    "motion_state": true,
    "pose": [
      [
        0.9990741098502635,
        -0.04056947452664928,
        0.014319244516922321,
        -58.087318448365465
      ],
      [
        0.04018571479214482,
        0.9988502140952437,
        0.026141119496502982,
        -17.586941165227472
      ],
      [
        -0.015363311932921472,
        -0.02554148661526206,
        0.9995557018535457,
        1.1518013469517427
      ],
      [
        0.0,
        0.0,
        0.0,
        1.0
      ]
    ],
    "location": [
      -58.087318448365465,
      -17.586941165227472,
      1.1518013469517427
    ],
    "rotation": [
      -0.02554728031714445,
      0.015363916367674924,
      0.040201285808184335
    ]
  },
  {
    "label_id": "WASi6kOEGcG25GLiTIITRg",
    "size": [
      2.6120124770363162,
      7.188040993103449,
      2.4399999999999977
    ],
    "obj_class": "vehicle",
    "point_num_in_lidar": 660,
    "speed": 0.0114861323755775,
    "if_vehicle": true,
    "motion_state": false,
    "pose": [
      [
        -0.009152797641130962,
        0.999855582337672,
        0.014319244516922321,
        -88.34121857529261
      ],
      [
        -0.9996128836595062,
        -0.009524951096790545,
        0.026141119496502982,
        36.43046695317207
      ],
      [
        0.02627373436090133,
        -0.014074436926522174,
        0.9995557018535457,
        1.6361314256603237
      ],
      [
        0.0,
        0.0,
        0.0,
        1.0
      ]
    ],
    "location": [
      -88.34121857529261,
      36.43046695317207,
      1.6361314256603237
    ],
    "rotation": [
      -0.014079762489167248,
      -0.026276758133359827,
      -1.5799524131336087
    ]
  },
  {
    "label_id": "_2HZ08b-MNnh1BO8JN8aMw",
    "size": [
      0.9494860446133001,
      0.09810092609221567,
      0.7900000000000205
    ],
    "obj_class": "sign",
    "point_num_in_lidar": 31,
    "speed": 0.005043009981453331,
    "if_vehicle": false,
    "motion_state": false,
    "pose": [
      [
        0.02935356914480628,
        0.9994665213077054,
        0.014319244516922321,
        -65.06583022373852
      ],
      [
        -0.9992383324352447,
        0.02897234653080233,
        0.026141119496502982,
        61.82640534420534
      ],
      [
        0.025712311652055304,
        -0.015075673171485221,
        0.9995557018535457,
        1.913774099455054
      ],
      [
        0.0,
        0.0,
        0.0,
        1.0
      ]
    ],
    "location": [
      -65.06583022373852,
      61.82640534420534,
      1.913774099455054
    ],
    "rotation": [
      -0.015081230762297549,
      -0.02571514566191228,
      -1.5414288285258941
    ]
  },
  {
    "label_id": "gReOadgSa6ggtDSZ_bnQ5Q",
    "size": [
      1.102033466225112,
      0.8957830059557224,
      1.1000000000000227
    ],
    "obj_class": "pedestrian",
    "point_num_in_lidar": 62,
    "speed": 0.044692889868407734,
    "if_vehicle": false,
    "motion_state": false,
    "pose": [
      [
        -0.6335625264020907,
        -0.773558972784535,
        0.014319244516922321,
        -92.91516317209364
      ],
      [
        0.7736110595794972,
        -0.6331212919873705,
        0.026141119496502982,
        18.652121053195515
      ],
      [
        -0.011155878956315698,
        0.027639559634297556,
        0.9995557018535457,
        1.1708740603109504
      ],
      [
        0.0,
        0.0,
        0.0,
        1.0
      ]
    ],
    "location": [
      -92.91516317209364,
      18.652121053195515,
      1.1708740603109504
    ],
    "rotation": [
      0.02764480076957114,
      0.011156110367557742,
      2.256996450928123
    ]
  },
  {
    "label_id": "i5j529DQ3xVIaMhN_CqDdg",
    "size": [
      1.168150073367819,
      1.1867695902315556,
      1.839999999999975
    ],
    "obj_class": "pedestrian",
    "point_num_in_lidar": 246,
    "speed": 0.48240600075761164,
    "if_vehicle": false,
    "motion_state": false,
    "pose": [
      [
        0.06335075944227986,
        -0.9978885912337866,
        0.014319244516922321,
        -63.55089292338562
      ],
      [
        0.9976260716689702,
        0.0637092065388387,
        0.026141119496502982,
        21.405145744271067
      ],
      [
        -0.02699819261404817,
        0.012629191883909801,
        0.9995557018535457,
        1.2917782819786225
      ],
      [
        0.0,
        0.0,
        0.0,
        1.0
      ]
    ],
    "location": [
      -63.55089292338562,
      21.405145744271067,
      1.2917782819786225
    ],
    "rotation": [
      0.012634133235967121,
      0.027001473531574963,
      1.5073799687739242
    ]
  },
  {
    "label_id": "iHBa2LA3ziDFWThMzfxSrQ",
    "size": [
      1.154851635836967,
      1.0708842660739963,
      1.25
    ],
    "obj_class": "sign",
    "point_num_in_lidar": 100,
    "speed": 1.4075192206779082e-28,
    "if_vehicle": false,
    "motion_state": false,
    "pose": [
      [
        0.062129775564349975,
        0.9979653552227092,
        0.014319244516922321,
        -88.341122513244
      ],
      [
        -0.9977497969301526,
        0.06174127142608,
        0.026141119496502982,
        17.729811577086366
      ],
      [
        0.02520384324191118,
        -0.015911165196271025,
        0.9995557018535457,
        1.0649252332073615
      ],
      [
        0.0,
        0.0,
        0.0,
        1.0
      ]
    ],
    "location": [
      -88.341122513244,
      17.729811577086366,
      1.0649252332073615
    ],
    "rotation": [
      -0.015916893335175254,
      -0.025206512393464654,
      -1.5086067292558707
    ]
  },
  {
    "label_id": "jcMjZDvyQh7S9D1-oC8sUA",
    "size": [
      2.5246044967032226,
      5.794295811722223,
      1.8600000000000136
    ],
    "obj_class": "vehicle",
    "point_num_in_lidar": 100,
    "speed": 8.445219135295251e-29,
    "if_vehicle": true,
    "motion_state": false,
    "pose": [
      [
        -0.9998867211021454,
        -0.00463726213033754,
        0.014319244516922321,
        -65.21777013011135
      ],
      [
        0.005010507841058736,
        -0.9996457055790539,
        0.026141119496502982,
        -40.020661225473305
      ],
      [
        0.014192948064992047,
        0.026209904946227804,
        0.9995557018535457,
        2.1557892335248994
      ],
      [
        0.0,
        0.0,
        0.0,
        1.0
      ]
    ],
    "location": [
      -65.21777013011135,
      -40.020661225473305,
      2.1557892335248994
    ],
    "rotation": [
      0.026215547894798723,
      -0.014193424612234917,
      3.1365816200431618
    ]
  },
  {
    "label_id": "piSZshXXJoBYeTBgNxYSAA",
    "size": [
      1.848687077282109,
      4.196742963788994,
      1.670000000000016
    ],
    "obj_class": "vehicle",
    "point_num_in_lidar": 43,
    "speed": 5.6301515537446145e-28,
    "if_vehicle": true,
    "motion_state": false,
    "pose": [
      [
        0.9964962085084621,
        -0.0824030682967833,
        0.014319244516922321,
        -84.88072985496456
      ],
      [
        0.0820102626741591,
        0.9962885920693788,
        0.026141119496502982,
        -46.20897618727213
      ],
      [
        -0.016420208414486416,
        -0.024875201460303545,
        0.9995557018535457,
        1.7975007331543225
      ],
      [
        0.0,
        0.0,
        0.0,
        1.0
      ]
    ],
    "location": [
      -84.88072985496456,
      -46.20897618727213,
      1.7975007331543225
    ],
    "rotation": [
      -0.024881122719267935,
      0.016420946382338906,
      0.08211356674949988
    ]
  },
  {
    "label_id": "svBSez9P1pi2LRX0iLADRg",
    "size": [
      1.1415801481534424,
      0.14765088546556446,
      0.7844704607815061
    ],
    "obj_class": "sign",
    "point_num_in_lidar": 51,
    "speed": 0.01815676079147068,
    "if_vehicle": false,
    "motion_state": false,
    "pose": [
      [
        0.19307966248446512,
        -0.9810785917404119,
        0.014319244516922321,
        -92.57014643792638
      ],
      [
        0.9807715246946761,
        0.19340077099006087,
        0.026141119496502982,
        24.903213995823535
      ],
      [
        -0.028415845631714946,
        0.008996588747986915,
        0.9995557018535457,
        3.218799469676185
      ],
      [
        0.0,
        0.0,
        0.0,
        1.0
      ]
    ],
    "location": [
      -92.57014643792638,
      24.903213995823535,
      3.218799469676185
    ],
    "rotation": [
      0.009000344656622434,
      0.028419671133026937,
      1.3764169244513904
    ]
  },
  {
    "label_id": "tHiLYp-JdD1GE2Xou2SH_g",
    "size": [
      2.281286627728665,
      4.608025198634581,
      2.009999999999991
    ],
    "obj_class": "vehicle",
    "point_num_in_lidar": 89,
    "speed": 4.39855065787699e-30,
    "if_vehicle": true,
    "motion_state": false,
    "pose": [
      [
        0.99688475547224,
        -0.07756122448438502,
        0.014319244516922321,
        -84.7877164712643
      ],
      [
        0.07716943207506999,
        0.9966752332754542,
        0.026141119496502982,
        -35.84062509402065
      ],
      [
        -0.01629917360677322,
        -0.024954675549927023,
        0.9995557018535457,
        1.9851843711313109
      ],
      [
        0.0,
        0.0,
        0.0,
        1.0
      ]
    ],
    "location": [
      -84.7877164712643,
      -35.84062509402065,
      1.9851843711313109
    ],
    "rotation": [
      -0.02496058276572177,
      0.016299895374452728,
      0.07725651352390679
    ]
  },
  {
    "label_id": "tkAwnC0RmnNm52uw7Er9_w",
    "size": [
      0.7246966419424696,
      0.7938529633716231,
      0.8600000000000136
    ],
    "obj_class": "pedestrian",
    "point_num_in_lidar": 44,
    "speed": 0.003594696676893064,
    "if_vehicle": false,
    "motion_state": false,
    "pose": [
      [
        -0.9986251017609739,
        0.050426831839305276,
        0.014319244516922321,
        -60.8336796449172
      ],
      [
        -0.050040881283273796,
        -0.9984050040298591,
        0.026141119496502982,
        -26.581054355641754
      ],
      [
        0.015614619216563706,
        0.025388630502403586,
        0.9995557018535457,
        0.9228824952385253
      ],
      [
        0.0,
        0.0,
        0.0,
        1.0
      ]
    ],
    "location": [
      -60.8336796449172,
      -26.581054355641754,
      0.9228824952385253
    ],
    "rotation": [
      0.025394455451048455,
      -0.015615253802725102,
      -3.0915247550986527
    ]
  },
  {
    "label_id": "tme8SKJXoDfayi5l40MZCg",
    "size": [
      2.5358432169388974,
      6.373996801546928,
      1.9800000000000182
    ],
    "obj_class": "vehicle",
    "point_num_in_lidar": 213,
    "speed": 6.21722835099053e-05,
    "if_vehicle": true,
    "motion_state": false,
    "pose": [
      [
        -0.028293163808261697,
        0.9994971016056945,
        0.014319244516922321,
        -88.44430098472644
      ],
      [
        -0.999247322602361,
        -0.02866060263641772,
        0.026141119496502982,
        44.31217846099571
      ],
      [
        0.02653837134663605,
        -0.013568851769177263,
        0.9995557018535457,
        1.0605631370473816
      ],
      [
        0.0,
        0.0,
        0.0,
        1.0
      ]
    ],
    "location": [
      -88.44430098472644,
      44.31217846099571,
      1.0605631370473816
    ],
    "rotation": [
      -0.013574049308465334,
      -0.02654148743113647,
      -1.5991032392450226
    ]
  },
  {
    "label_id": "x3_8SCCVCIWb3aFrS7pNiA",
    "size": [
      0.9479286807154335,
      0.9719301561155778,
      1.089999999999975
    ],
    "obj_class": "sign",
    "point_num_in_lidar": 74,
    "speed": 0.009045122414091682,
    "if_vehicle": false,
    "motion_state": false,
    "pose": [
      [
        0.9991953473620389,
        0.03746487750572668,
        0.014319244516922321,
        -61.42058242450054
      ],
      [
        -0.037830008507493094,
        0.9989422067005641,
        0.026141119496502982,
        -20.74410309058112
      ],
      [
        -0.013324723876220286,
        -0.02666178211763691,
        0.9995557018535457,
        0.8805535934821478
      ],
      [
        0.0,
        0.0,
        0.0,
        1.0
      ]
    ],
    "location": [
      -61.42058242450054,
      -20.74410309058112,
      0.8805535934821478
    ],
    "rotation": [
      -0.026667309919616508,
      0.01332511820466401,
      -0.03784239865071243
    ]
  },
  {
    "label_id": "x7Qs85q0os6vyZ8t_1jsug",
    "size": [
      2.262018368185826,
      5.030003373164531,
      1.7699999999999818
    ],
    "obj_class": "vehicle",
    "point_num_in_lidar": 124,
    "speed": 9.196837360427379,
    "if_vehicle": true,
    "motion_state": true,
    "pose": [
      [
        0.9993388103397535,
        -0.03342007458386667,
        0.014319244516922321,
        -117.05483869123591
      ],
      [
        0.033037926643591856,
        0.9991121745202399,
        0.026141119496502982,
        -15.86696925830256
      ],
      [
        -0.01518016969006818,
        -0.025650757108642886,
        0.9995557018535457,
        1.5635598847906067
      ],
      [
        0.0,
        0.0,
        0.0,
        1.0
      ]
    ],
    "location": [
      -117.05483869123591,
      -15.86696925830256,
      1.5635598847906067
    ],
    "rotation": [
      -0.025656527742328714,
      0.01518075276405643,
      0.033047749099607025
    ]
  },
  {
    "label_id": "xOy_CuD_0CJtCeashJjsYg",
    "size": [
      2.033297876234568,
      5.08331781141132,
      1.8600000000000136
    ],
    "obj_class": "vehicle",
    "point_num_in_lidar": 41,
    "speed": 5.688677041670493e-13,
    "if_vehicle": true,
    "motion_state": false,
    "pose": [
      [
        0.9990011722609982,
        -0.042327497653608416,
        0.014319244516922321,
        -84.66158185626144
      ],
      [
        0.041943344520506076,
        0.9987779521604909,
        0.026141119496502982,
        -54.50475629074208
      ],
      [
        -0.015408233889247938,
        -0.02551441201517467,
        0.9995557018535457,
        1.9618714208679648
      ],
      [
        0.0,
        0.0,
        0.0,
        1.0
      ]
    ],
    "location": [
      -84.66158185626144,
      -54.50475629074208,
      1.9618714208679648
    ],
    "rotation": [
      -0.025520211338411727,
      0.0154088436419572,
      0.04196063659900238
    ]
  },
  {
    "label_id": "yCCQR1Os652xmVMKFns4qw",
    "size": [
      2.0898409986633086,
      4.588581830183225,
      1.9800000000000182
    ],
    "obj_class": "vehicle",
    "point_num_in_lidar": 101,
    "speed": 3.2989137247247073e-31,
    "if_vehicle": true,
    "motion_state": false,
    "pose": [
      [
        0.9983235984867092,
        -0.056079871085913904,
        0.014319244516922321,
        -84.33673511156397
      ],
      [
        0.0556926806033031,
        0.9981056893930061,
        0.026141119496502982,
        -40.2154904364761
      ],
      [
        -0.015758110031555132,
        -0.02529981937285837,
        0.9995557018535457,
        2.0857422155498284
      ],
      [
        0.0,
        0.0,
        0.0,
        1.0
      ]
    ],
    "location": [
      -84.33673511156397,
      -40.2154904364761,
      2.0857422155498284
    ],
    "rotation": [
      -0.02530566193083526,
      0.015758762274919364,
      0.05572843774615288
    ]
  },
  {
    "label_id": "yt4iVsGB3GEo7xeAptjybw",
    "size": [
      2.30570102884994,
      4.802346978210001,
      1.8999999999999773
    ],
    "obj_class": "vehicle",
    "point_num_in_lidar": 425,
    "speed": 9.428680822190776,
    "if_vehicle": true,
    "motion_state": true,
    "pose": [
      [
        0.999106397626581,
        -0.03976638603269046,
        0.014319244516922321,
        -92.38572751633009
      ],
      [
        0.03938280639396893,
        0.9988821934702834,
        0.026141119496502982,
        -14.982248603428161
      ],
      [
        -0.015342776221125324,
        -0.025553827695559223,
        0.9995557018535457,
        1.4844147706356807
      ],
      [
        0.0,
        0.0,
        0.0,
        1.0
      ]
    ],
    "location": [
      -92.38572751633009,
      -14.982248603428161,
      1.4844147706356807
    ],
    "rotation": [
      -0.025559618822706843,
      0.015343378235152918,
      0.03939763378743386
    ]
  }
]