[
  {
    "label_id": "0dItGO83CJ_wt_3rDsNP2w",
    "size": [
      0.5982410950696835,
      0.1706041126485065,
      0.6399999999999864
    ],
    "obj_class": "sign",
    "point_num_in_lidar": 38,
    "speed": 0.01719173746599614,
    "if_vehicle": false,
    "motion_state": false,
    "pose": [
      [
        -0.20935136939704796,
        0.977817422554225,
        0.006715078628940654,
        -65.07987577932633
      ],
      [
        -0.9774943653474369,
        -0.20945503180671726,
        0.025166552502446458,
        37.085298144249464
      ],
      [
        0.02601480051032715,
        -0.0012952992932646124,
        0.9996607186211474,
        1.6131709657514648
      ],
      [
        0.0,
        0.0,
        0.0,
        1.0
      ]
    ],
    "location": [
      -65.07987577932633,
      37.085298144249464,
      1.6131709657514648
    ],
    "rotation": [
      -0.0012957381881948222,
      -0.026017735743083786,
      -1.7817803938131649
    ]
  },
  {
    "label_id": "1YQ_kpgKHcSW4kqTyRAkOQ",
    "size": [
      2.113992752621369,
      4.388851756526188,
      1.6100000000000136
    ],
    "obj_class": "vehicle",
    "point_num_in_lidar": 4897,
    "speed": 1.7636803307451807,
    "if_vehicle": true,
    "motion_state": true,
    "pose": [
      [
        -0.9999403062421904,
        -0.008619261643637991,
        0.006715078628940654,
        -55.81752032590572
      ],
      [
        0.008785718747665414,
        -0.9996446647590475,
        0.025166552502446458,
        4.550655527267736
      ],
      [
        0.006495775424171087,
        0.025224047008558806,
        0.9996607186211474,
        0.9718105056534228
      ],
      [
        0.0,
        0.0,
        0.0,
        1.0
      ]
    ],
    "location": [
      -55.81752032590572,
      4.550655527267736,
      0.9718105056534228
    ],
    "rotation": [
      0.025227254937177895,
      -0.006495821106685662,
      3.132806636441454
    ]
  },
  {
    "label_id": "20Y4i40d8raHY1Clo4K4wg",
    "size": [
      0.7999212305811683,
      0.15511676600605773,
      0.7769746969505036
    ],
    "obj_class": "sign",
    "point_num_in_lidar": 47,
    "speed": 0.016301521498165928,
    "if_vehicle": false,
    "motion_state": false,
    "pose": [
      [
        -0.20935136939866764,
        0.9778174225538783,
        0.006715078628940654,
        -65.07456123385398
      ],
      [
        -0.97749436534709,
        -0.2094550318083364,
        0.025166552502446458,
        37.08761714481625
      ],
      [
        0.026014800510329297,
        -0.0012952992932215215,
        0.9996607186211474,
        2.2616717528848085
      ],
      [
        0.0,
        0.0,
        0.0,
        1.0
      ]
    ],
    "location": [
      -65.07456123385398,
      37.08761714481625,
      2.2616717528848085
    ],
    "rotation": [
      -0.0012957381881517167,
      -0.02601773574308593,
      -1.7817803938148218
    ]
  },
  {
    "label_id": "2gBQINdyd96o4z3Zr-BlXg",
    "size": [
      0.803758493495167,
      0.6746490747898556,
      1.8500000000000227
    ],
    "obj_class": "pedestrian",
    "point_num_in_lidar": 106,
    "speed": 0.015164947364592861,
    "if_vehicle": false,
    "motion_state": false,
    "pose": [
      [
        -0.9557536060968561,
        -0.294091741046672,
        0.006715078628940654,
        -80.0869592787862
      ],
      [
        0.29416674378750196,
        -0.9554227187400348,
        0.025166552502446458,
        -9.293369860984967
      ],
      [
        -0.0009855365613713725,
        0.026028376121791576,
        0.9996607186211474,
        1.4727171760441706
      ],
      [
        0.0,
        0.0,
        0.0,
        1.0
      ]
    ],
    "location": [
      -80.0869592787862,
      -9.293369860984967,
      1.4727171760441706
    ],
    "rotation": [
      0.02603132859780743,
      0.000985536720910481,
      2.8430089337146707
    ]
  },
  {
    "label_id": "34QvoR6V_imNZ02CTvcFLg",
    "size": [
      1.9026241168053548,
      4.357864290621819,
      1.5500000000000114
    ],
    "obj_class": "vehicle",
    "point_num_in_lidar": 36,
    "speed": 1.1369030711563004e-12,
    "if_vehicle": true,
    "motion_state": false,
    "pose": [
      [
        -0.9985888806147007,
        0.05267974213761869,
        0.006715078628940654,
        -84.97223997495973
      ],
      [
        -0.05249547911674569,
        -0.998303996439684,
        0.025166552502446458,
        -43.08326108930487
      ],
      [
        0.008029457327999891,
        0.024778528222416246,
        0.9996607186211474,
        1.9519954291756108
      ],
      [
        0.0,
        0.0,
        0.0,
        1.0
      ]
    ],
    "location": [
      -84.97223997495973,
      -43.08326108930487,
      1.9519954291756108
    ],
    "rotation": [
      0.024781863538165638,
      -0.008029543609946194,
      -3.089071338898543
    ]
  },
  {
    "label_id": "4iGaZtbzD4XFf7YLTHe1Sg",
    "size": [
      1.000000000000932,
      1.0,
      1.9499999999999886
    ],
    "obj_class": "pedestrian",
    "point_num_in_lidar": 98,
    "speed": 0.11112594333581156,
    "if_vehicle": false,
    "motion_state": false,
    "pose": [
      [
        -0.8079794061226674,
        0.5891724594723253,
        0.006715078628940654,
        -59.37792085189173
      ],
      [
        -0.5888625725986238,
        -0.8078412685841644,
        0.025166552502446458,
        -25.919165104793137
      ],
      [
        0.020252157272551613,
        0.016379797668441585,
        0.9996607186211474,
        1.3359040188602762
      ],
      [
        0.0,
        0.0,
        0.0,
        1.0
      ]
    ],
    "location": [
      -59.37792085189173,
      -25.919165104793137,
      1.3359040188602762
    ],
    "rotation": [
      0.016383890771321553,
      -0.0202535419314227,
      -2.5117923689192576
    ]
  },
  {
    "label_id": "4svB2BL9suqhlT8qPQMSGA",
    "size": [
      1.8336943415088043,
      4.534747083223021,
      1.579999999999984
    ],
    "obj_class": "vehicle",
    "point_num_in_lidar": 20,
    "speed": 2.8452917319372777e-13,
    "if_vehicle": true,
    "motion_state": false,
    "pose": [
      [
        0.9999774536053336,
        4.205977143239074e-15,
        0.006715078628940654,
        -35.321961719812606
      ],
      [
        -0.00016899918919991273,
        0.9996832578744207,
        0.025166552502446458,
        -64.6297051130914
      ],
      [
        -0.006712951680662187,
        -0.02516711993026505,
        0.9996607186211474,
        1.7460773999512185
      ],
      [
        0.0,
        0.0,
        0.0,
        1.0
      ]
    ],
    "location": [
      -35.321961719812606,
      -64.6297051130914,
      1.7460773999512185
    ],
    "rotation": [
      -0.02517034469019052,
      0.006713002100114084,
      -0.00016900299799921972
    ]
  },
  {
    "label_id": "7-k0-aAqBFIwuvVcth1ugQ",
    "size": [
      2.654330680897425,
      7.4845826403753275,
      2.2900000000000205
    ],
    "obj_class": "vehicle",
    "point_num_in_lidar": 112,
    "speed": 0.0017181400953909143,
    "if_vehicle": true,
    "motion_state": false,
    "pose": [
      [
        -0.03969132664139532,
        0.999189424638018,
        0.006715078628940654,
        -88.38486750064601
      ],
      [
        -0.9988887527938295,
        -0.039848515369199,
        0.025166552502446458,
        57.71606110047833
      ],
      [
        0.025413739028992667,
        -0.005708722660762602,
        0.9996607186211474,
        0.6920219329482507
      ],
      [
        0.0,
        0.0,
        0.0,
        1.0
      ]
    ],
    "location": [
      -88.38486750064601,
      57.71606110047833,
      0.6920219329482507
    ],
    "rotation": [
      -0.0057105981046403215,
      -0.025416475436033127,
      -1.610510916271638
    ]
  },
  {
    "label_id": "7H_jvU9tURSLSp0yi3ZSOA",
    "size": [
      1.4422854662697542,
      1.1313572277526598,
      1.8899999999999864
    ],
    "obj_class": "pedestrian",
    "point_num_in_lidar": 126,
    "speed": 0.8004916765814791,
    "if_vehicle": false,
    "motion_state": false,
    "pose": [
      [
        -0.13762020295899444,
        -0.990462309962642,
        0.006715078628940654,
        -81.24009299071935
      ],
      [
        0.9901941718365898,
        -0.13741232366855538,
        0.025166552502446458,
        -6.854650493254667
      ],
      [
        -0.02400378716734943,
        0.010112657784966346,
        0.9996607186211474,
        1.4343236637046175
      ],
      [
        0.0,
        0.0,
        0.0,
        1.0
      ]
    ],
    "location": [
      -81.24009299071935,
      -6.854650493254667,
      1.4343236637046175
    ],
    "rotation": [
      0.010115744929489703,
      0.02400609285609894,
      1.7088947252675155
    ]
  },
  {
    "label_id": "97LGRvZi3-yunSqGxMM_Jw",
    "size": [
      2.7330119442255163,
      6.870703637231516,
      2.9699999999999704
    ],
    "obj_class": "vehicle",
    "point_num_in_lidar": 9796,
    "speed": 0.00772067704062551,
    "if_vehicle": true,
    "motion_state": false,
    "pose": [
      [
        -0.9999701830113218,
        0.0038132410507099868,
        0.006715078628940654,
        -55.15503155315443
      ],
      [
        -0.0036431212257344143,
        -0.9996766338686106,
        0.025166552502446458,
        12.196885609289893
      ],
      [
        0.0068088733310496165,
        0.025141338266149855,
        0.9996607186211474,
        1.6268798584551973
      ],
      [
        0.0,
        0.0,
        0.0,
        1.0
      ]
    ],
    "location": [
      -55.15503155315443,
      12.196885609289893,
      1.6268798584551973
    ],
    "rotation": [
      0.025144570595119445,
      -0.006808925942899796,
      -3.1379494398528007
    ]
  },
  {
    "label_id": "9c2B8y2r5Bvrgoj_U5Y_JA",
    "size": [
      2.0352301871740606,
      4.669215735306136,
      1.7900000000000205
    ],
    "obj_class": "vehicle",
    "point_num_in_lidar": 264,
    "speed": 10.22242657629052,
    "if_vehicle": true,
    "motion_state": true,
    "pose": [
      [
        0.9996867188786313,
        -0.024111653130459394,
        0.006715078628940654,
        -79.74571473964897
      ],
      [
        0.02393560937095087,
        0.9993966836242668,
        0.025166552502446458,
        -14.814335193150328
      ],
      [
        -0.007317834496467963,
        -0.024997938797699962,
        0.9996607186211474,
        1.2719871348109564
      ],
      [
        0.0,
        0.0,
        0.0,
        1.0
      ]
    ],
    "location": [
      -79.74571473964897,
      -14.814335193150328,
      1.2719871348109564
    ],
    "rotation": [
      -0.025001212617394727,
      0.007317899810570625,
      0.02393853655934527
    ]
  },
  {
    "label_id": "AXKZxZOE2J4qe-CaUmIcQw",
    "size": [
      1.8770925018553273,
      4.241708010517512,
      1.7699999999999818
    ],
    "obj_class": "vehicle",
    "point_num_in_lidar": 50,
    "speed": 1.990015233685411e-12,
    "if_vehicle": true,
    "motion_state": false,
    "pose": [
      [
        -0.9987177087478074,
        0.05017814217900984,
        0.006715078628940654,
        -84.53197504032863
      ],
      [
        -0.0499945933624178,
        -0.9984323638933525,
        0.025166552502446458,
        -62.92957285135526
      ],
      [
        0.007967362678846226,
        0.024798564026874175,
        0.9996607186211474,
        1.759357480744427
      ],
      [
        0.0,
        0.0,
        0.0,
        1.0
      ]
    ],
    "location": [
      -84.53197504032863,
      -62.92957285135526,
      1.759357480744427
    ],
    "rotation": [
      0.024801893826297775,
      -0.007967446974448235,
      -3.091575621329265
    ]
  },
  {
    "label_id": "AdBkVx0b9kPemMNsgkGfrA",
    "size": [
      1.4666399194667494,
      1.0272516549106756,
      1.240000000000009
    ],
    "obj_class": "pedestrian",
    "point_num_in_lidar": 20,
    "speed": 0.020126304548341918,
    "if_vehicle": false,
    "motion_state": false,
    "pose": [
      [
        0.10733767819590366,
        -0.9941999449600266,
        0.006715078628940654,
        -90.90285748707947
      ],
      [
        0.9938893085962301,
        0.10747412197012417,
        0.025166552502446458,
        -28.142405791792044
      ],
      [
        -0.02574228229237163,
        0.003972725541879237,
        0.9996607186211474,
        0.8973159800293047
      ],
      [
        0.0,
        0.0,
        0.0,
        1.0
      ]
    ],
    "location": [
      -90.90285748707947,
      -28.142405791792044,
      0.8973159800293047
    ],
    "rotation": [
      0.003974052950142026,
      0.02574512622584694,
      1.4632156706290733
    ]
  },
  {
    "label_id": "BXDlU3DIkqaT24ZzQeHqcw",
    "size": [
      1.022061076785305,
      1.090747265971741,
      1.0500000000000114
    ],
    "obj_class": "pedestrian",
    "point_num_in_lidar": 122,
    "speed": 0.04410235891694297,
    "if_vehicle": false,
    "motion_state": false,
    "pose": [
      [
        -0.2727127583234934,
        0.9620720654746187,
        0.006715078628940654,
        -62.07590263941603
      ],
      [
        -0.9617429323243196,
        -0.27279511865017064,
        0.025166552502446458,
        18.981945660611018
      ],
      [
        0.02604387781823119,
        0.000405060539049432,
        0.9996607186211474,
        0.7293376924171184
      ],
      [
        0.0,
        0.0,
        0.0,
        1.0
      ]
    ],
    "location": [
      -62.07590263941603,
      18.981945660611018,
      0.7293376924171184
    ],
    "rotation": [
      0.0004051979930148661,
      -0.02604682290632036,
      -1.8471040536609316
    ]
  },
  {
    "label_id": "D5j3i75zBvzZL7edy7Vfkg",
    "size": [
      1.0822184139979378,
      1.1221680693460732,
      1.079999999999984
    ],
    "obj_class": "sign",
    "point_num_in_lidar": 261,
    "speed": 0.004386105389194477,
    "if_vehicle": false,
    "motion_state": false,
    "pose": [
      [
        0.9994435997325161,
        -0.032671067823340186,
        0.006715078628940654,
        -59.19142406084433
      ],
      [
        0.03249254695165853,
        0.999155082571137,
        0.025166552502446458,
        8.879097171395188
      ],
      [
        -0.007531623085657958,
        -0.024934359818267516,
        0.9996607186211474,
        0.6284860401457308
      ],
      [
        0.0,
        0.0,
        0.0,
        1.0
      ]
    ],
    "location": [
      -59.19142406084433,
      8.879097171395188,
      0.6284860401457308
    ],
    "rotation": [
      -0.024937651704460072,
      0.007531694293130271,
      0.03249918919021167
    ]
  },
  {
    "label_id": "Fww1o1EB4na9AHpv_SA6vw",
    "size": [
      1.999789533155182,
      4.800593639312353,
      1.5600000000000023
    ],
    "obj_class": "vehicle",
    "point_num_in_lidar": 105,
    "speed": 8.50484286152961,
    "if_vehicle": true,
    "motion_state": true,
    "pose": [
      [
        0.9986997071456115,
        -0.0505351626719169,
        0.006715078628940654,
        -105.53695926200423
      ],
      [
        0.050351511861376576,
        0.9984144279248048,
        0.025166552502446458,
        -18.86430033304714
      ],
      [
        -0.007976227212386335,
        -0.024795714252822752,
        0.9996607186211474,
        1.0338952252651552
      ],
      [
        0.0,
        0.0,
        0.0,
        1.0
      ]
    ],
    "location": [
      -105.53695926200423,
      -18.86430033304714,
      1.0338952252651552
    ],
    "rotation": [
      -0.024799044838069745,
      0.0079763117896702,
      0.05037441578796366
    ]
  },
  {
    "label_id": "GtCjV-L_DOEpw0nZQ3Dy6w",
    "size": [
      0.9397652133884555,
      0.9370266590153165,
      1.1100000000000136
    ],
    "obj_class": "sign",
    "point_num_in_lidar": 53,
    "speed": 0.015520986198113634,
    "if_vehicle": false,
    "motion_state": false,
    "pose": [
      [
        0.9999774536053335,
        -1.1230933749616772e-15,
        0.006715078628940654,
        -62.54775725982404
      ],
      [
        -0.00016899918919458548,
        0.9996832578744207,
        0.025166552502446458,
        -22.313969138973334
      ],
      [
        -0.006712951680662321,
        -0.025167119930265013,
        0.9996607186211474,
        0.7612842854316
      ],
      [
        0.0,
        0.0,
        0.0,
        1.0
      ]
    ],
    "location": [
      -62.54775725982404,
      -22.313969138973334,
      0.7612842854316
    ],
    "rotation": [
      -0.025170344690190482,
      0.006713002100114217,
      -0.00016900299799389238
    ]
  },
  {
    "label_id": "IRBl4-265z8DyVSL_Ay_RA",
    "size": [
      1.8959271415915282,
      4.818296796365432,
      1.8799999999999955
    ],
    "obj_class": "vehicle",
    "point_num_in_lidar": 45,
    "speed": 2.8421709430404007e-13,
    "if_vehicle": true,
    "motion_state": false,
    "pose": [
      [
        0.9999774536053335,
        -2.3491495526155186e-16,
        0.006715078628940654,
        -34.70737046475102
      ],
      [
        -0.00016899918919547336,
        0.9996832578744207,
        0.025166552502446458,
        -49.413149303713
      ],
      [
        -0.006712951680662298,
        -0.02516711993026502,
        0.9996607186211474,
        1.6413743660095292
      ],
      [
        0.0,
        0.0,
        0.0,
        1.0
      ]
    ],
    "location": [
      -34.70737046475102,
      -49.413149303713,
      1.6413743660095292
    ],
    "rotation": [
      -0.02517034469019049,
      0.006713002100114195,
      -0.00016900299799478026
    ]
  },
  {
    "label_id": "J4VvYddmPcAryqS-UZ_20A",
    "size": [
      1.8756481209093168,
      4.310370117695685,
      1.8899999999999864
    ],
    "obj_class": "vehicle",
    "point_num_in_lidar": 25,
    "speed": 5.685035733124714e-13,
    "if_vehicle": true,
    "motion_state": false,
    "pose": [
      [
        0.9999774536053335,
        1.5414418841386985e-15,
        0.006715078628940654,
        -35.03305038592501
      ],
      [
        -0.00016899918919724912,
        0.9996832578744207,
        0.025166552502446458,
        -67.55194797141485
      ],
      [
        -0.006712951680662254,
        -0.025167119930265033,
        0.9996607186211474,
        1.9629138287403407
      ],
      [
        0.0,
        0.0,
        0.0,
        1.0
      ]
    ],
    "location": [
      -35.03305038592501,
      -67.55194797141485,
      1.9629138287403407
    ],
    "rotation": [
      -0.025170344690190503,
      0.0067130021001141505,
      -0.00016900299799655607
    ]
  },
  {
    "label_id": "N0xEeDcPODmUZyZL7O9KhQ",
    "size": [
      1.9987228837198923,
      4.597254965828016,
      1.920000000000016
    ],
    "obj_class": "vehicle",
    "point_num_in_lidar": 166,
    "speed": 0.007175455346247813,
    "if_vehicle": true,
    "motion_state": false,
    "pose": [
      [
        0.9999774536053335,
        -2.3491495526155186e-16,
        0.006715078628940654,
        -35.03324711575408
      ],
      [
        -0.00016899918919547336,
        0.9996832578744207,
        0.025166552502446458,
        -41.12543431613085
      ],
      [
        -0.006712951680662298,
        -0.02516711993026502,
        0.9996607186211474,
        1.6723458499560024
      ],
      [
        0.0,
        0.0,
        0.0,
        1.0
      ]
    ],
    "location": [
      -35.03324711575408,
      -41.12543431613085,
      1.6723458499560024
    ],
    "rotation": [
      -0.02517034469019049,
      0.006713002100114195,
      -0.00016900299799478026
    ]
  },
  {
    "label_id": "Q6fs_63CkqvoTcB1qAcIFA",
    "size": [
      2.5817557177114363,
      5.077991374472059,
      2.1399999999999864
    ],
    "obj_class": "vehicle",
    "point_num_in_lidar": 179,
    "speed": 2.8421709430404007e-13,
    "if_vehicle": true,
    "motion_state": false,
    "pose": [
      [
        0.6057658336609154,
        0.7956146444655876,
        0.006715078628940654,
        -113.99894396238157
      ],
      [
        -0.7954829489992072,
        0.6054531546591083,
        0.025166552502446458,
        -10.840260225892052
      ],
      [
        0.015957212181982403,
        -0.020586768207526942,
        0.9996607186211474,
        1.6918798584550814
      ],
      [
        0.0,
        0.0,
        0.0,
        1.0
      ]
    ],
    "location": [
      -113.99894396238157,
      -10.840260225892052,
      1.6918798584550814
    ],
    "rotation": [
      -0.02059084473634031,
      -0.015957889464050707,
      -0.9199713224952489
    ]
  },
  {
    "label_id": "Sv6Kp_7Yn7_dppLzJAxahA",
    "size": [
      2.2878795860042827,
      4.83846683002856,
      2.0
    ],
    "obj_class": "vehicle",
    "point_num_in_lidar": 1242,
    "speed": 6.655492479925904,
    "if_vehicle": true,
    "motion_state": true,
    "pose": [
      [
        -0.25818401941688246,
        -0.966072419561158,
        0.006715078628940654,
        -69.8380613439274
      ],
      [
        0.9658318326451476,
        -0.2579447919312526,
        0.025166552502446458,
        15.61055322910397
      ],
      [
        -0.022580592708307267,
        0.012983238378493646,
        0.9996607186211474,
        1.1589682358622326
      ],
      [
        0.0,
        0.0,
        0.0,
        1.0
      ]
    ],
    "location": [
      -69.8380613439274,
      15.61055322910397,
      1.1589682358622326
    ],
    "rotation": [
      0.012986914671146162,
      0.022582512059417418,
      1.8320065039615678
    ]
  },
  {
    "label_id": "TF-e0qfWBKlF_b0k2fIi4w",
    "size": [
      1.920728059520365,
      4.463873919194776,
      1.5600000000000023
    ],
    "obj_class": "vehicle",
    "point_num_in_lidar": 150,
    "speed": 9.123183162277204,
    "if_vehicle": true,
    "motion_state": true,
    "pose": [
      [
        0.9994227133465274,
        -0.033303870136546856,
        0.006715078628940654,
        -81.73977954618793
      ],
      [
        0.03312516662279052,
        0.9991343092754617,
        0.025166552502446458,
        -18.549725476490494
      ],
      [
        -0.007547409043983102,
        -0.024929586089104082,
        0.9996607186211474,
        1.0743367749024628
      ],
      [
        0.0,
        0.0,
        0.0,
        1.0
      ]
    ],
    "location": [
      -81.73977954618793,
      -18.549725476490494,
      1.0743367749024628
    ],
    "rotation": [
      -0.024932879323651076,
      0.007547480700145604,
      0.033132171547213575
    ]
  },
  {
    "label_id": "WASi6kOEGcG25GLiTIITRg",
    "size": [
      2.612012477036319,
      7.188040993103449,
      2.4399999999999977
    ],
    "obj_class": "vehicle",
    "point_num_in_lidar": 302,
    "speed": 0.011486934526055204,
    "if_vehicle": true,
    "motion_state": false,
    "pose": [
      [
        -0.009153529750012497,
        0.9999355582296905,
        0.006715078628940654,
        -88.30680473955391
      ],
      [
        -0.9996398278505114,
        -0.009319828868671597,
        0.025166552502446458,
        36.43238278503486
      ],
      [
        0.025227514108912014,
        -0.006482297257600489,
        0.9996607186211474,
        1.6277183208582073
      ],
      [
        0.0,
        0.0,
        0.0,
        1.0
      ]
    ],
    "location": [
      -88.30680473955391,
      36.43238278503486,
      1.6277183208582073
    ],
    "rotation": [
      -0.006484406440848016,
      -0.025230190789385595,
      -1.5799528986664384
    ]
  },
  {
    "label_id": "ZSFR0_-rEfWNevQkHaEhFQ",
    "size": [
      2.216010875331985,
      4.30560871595925,
      1.7900000000000205
    ],
    "obj_class": "vehicle",
    "point_num_in_lidar": 882,
    "speed": 10.419175059437872,
    "if_vehicle": true,
    "motion_state": true,
    "pose": [
      [
        0.9999259413851335,
        -0.010149850445300805,
        0.006715078628940654,
        -51.619581454766205
      ],
      [
        0.0099778738518284,
        0.9996334761644082,
        0.025166552502446458,
        -14.20040018200234
      ],
      [
        -0.0069680541366889176,
        -0.02509768649496248,
        0.9996607186211474,
        1.1380808436973666
      ],
      [
        0.0,
        0.0,
        0.0,
        1.0
      ]
    ],
    "location": [
      -51.619581454766205,
      -14.20040018200234,
      1.1380808436973666
    ],
    "rotation": [
      -0.02510093156316211,
      0.006968110525480442,
      0.009978281674670715
    ]
  },
  {
    "label_id": "ctW65CIWnfgzcBsgEI6eEg",
    "size": [
      1.1205580076404493,
      0.99186347399398,
      1.0699999999999932
    ],
    "obj_class": "sign",
    "point_num_in_lidar": 179,
    "speed": 3.108624468950438e-14,
    "if_vehicle": false,
    "motion_state": false,
    "pose": [
      [
        0.9994435997325043,
        -0.032671067823698365,
        0.006715078628940654,
        -59.27119097334844
      ],
      [
        0.0324925469520166,
        0.9991550825711254,
        0.025166552502446458,
        11.721001093836094
      ],
      [
        -0.007531623085666894,
        -0.024934359818264817,
        0.9996607186211474,
        0.5782845864394517
      ],
      [
        0.0,
        0.0,
        0.0,
        1.0
      ]
    ],
    "location": [
      -59.27119097334844,
      11.721001093836094,
      0.5782845864394517
    ],
    "rotation": [
      -0.024937651704457373,
      0.007531694293139208,
      0.032499189190569946
    ]
  },
  {
    "label_id": "fxYJPKvGSuuDKaSQkZStYQ",
    "size": [
      1.888958814104968,
      4.426904542688601,
      1.6800000000000068
    ],
    "obj_class": "vehicle",
    "point_num_in_lidar": 787,
    "speed": 8.031416835975556,
    "if_vehicle": true,
    "motion_state": true,
    "pose": [
      [
        0.9997466375420393,
        -0.02148414397627546,
        0.006715078628940654,
        -67.26333719218502
      ],
      [
        0.021308863109737987,
        0.9994561406025338,
        0.025166552502446458,
        -18.03025178277494
      ],
      [
        -0.007252108407672637,
        -0.025017085551570818,
        0.9996607186211474,
        1.1041453604192952
      ],
      [
        0.0,
        0.0,
        0.0,
        1.0
      ]
    ],
    "location": [
      -67.26333719218502,
      -18.03025178277494,
      1.1041453604192952
    ],
    "rotation": [
      -0.02502035389099325,
      0.0072521719776256904,
      0.021311036548927523
    ]
  },
  {
    "label_id": "gReOadgSa6ggtDSZ_bnQ5Q",
    "size": [
      1.102033466225118,
      0.8957830059557224,
      1.1000000000000227
    ],
    "obj_class": "pedestrian",
    "point_num_in_lidar": 41,
    "speed": 0.02117892334848076,
    "if_vehicle": false,
    "motion_state": false,
    "pose": [
      [
        -0.6336132034489477,
        -0.7736208477892574,
        0.006715078628940654,
        -92.93337125309806
      ],
      [
        0.7735003292388803,
        -0.6332960487027257,
        0.025166552502446458,
        18.67468085573455
      ],
      [
        -0.015216736920439252,
        0.0211399754811918,
        0.9996607186211474,
        0.9629970737850613
      ],
      [
        0.0,
        0.0,
        0.0,
        1.0
      ]
    ],
    "location": [
      -92.93337125309806,
      18.67468085573455,
      0.9629970737850613
    ],
    "rotation": [
      0.021143998812012822,
      0.015217324218548173,
      2.257105829316265
    ]
  },
  {
    "label_id": "gofHjXzTs7FWeFilqynuPg",
    "size": [
      2.0062301780235456,
      4.722435152556317,
      1.589999999999975
    ],
    "obj_class": "vehicle",
    "point_num_in_lidar": 85,
    "speed": 0.0,
    "if_vehicle": true,
    "motion_state": false,
    "pose": [
      [
        0.9999774536053335,
        -1.1230933749616772e-15,
        0.006715078628940654,
        -34.67121628091476
      ],
      [
        -0.00016899918919458548,
        0.9996832578744207,
        0.025166552502446458,
        -46.96265925697662
      ],
      [
        -0.006712951680662321,
        -0.025167119930265013,
        0.9996607186211474,
        1.4871551379209222
      ],
      [
        0.0,
        0.0,
        0.0,
        1.0
      ]
    ],
    "location": [
      -34.67121628091476,
      -46.96265925697662,
      1.4871551379209222
    ],
    "rotation": [
      -0.025170344690190482,
      0.006713002100114217,
      -0.00016900299799389238
    ]
  },
  {
    "label_id": "i5j529DQ3xVIaMhN_CqDdg",
    "size": [
      1.168150073368159,
      1.1867695902315556,
      1.839999999999975
    ],
    "obj_class": "pedestrian",
    "point_num_in_lidar": 187,
    "speed": 0.1920815660215664,
    "if_vehicle": false,
    "motion_state": false,
    "pose": [
      [
        0.7110424698748534,
        -0.7031169986234691,
        0.006715078628940654,
        -63.86970845947104
      ],
      [
        0.7027899716299695,
        0.7109521083810697,
        0.025166552502446458,
        20.64772228030779
      ],
      [
        -0.02246913017041013,
        -0.013175197730448484,
        0.9996607186211474,
        1.1229145866869317
      ],
      [
        0.0,
        0.0,
        0.0,
        1.0
      ]
    ],
    "location": [
      -63.86970845947104,
      20.64772228030779,
      1.1229145866869317
    ],
    "rotation": [
      -0.013178906307321167,
      0.022471021234358457,
      0.7795612591908035
    ]
  },
  {
    "label_id": "i9VNOB2WBRj9osW_hX1lgQ",
    "size": [
      1.8065306483404193,
      4.5505860144962815,
      1.8000000000000114
    ],
    "obj_class": "vehicle",
    "point_num_in_lidar": 37,
    "speed": 5.685902922862834e-13,
    "if_vehicle": true,
    "motion_state": false,
    "pose": [
      [
        0.9999774536053335,
        6.532634644385734e-16,
        0.006715078628940654,
        -34.7451814293201
      ],
      [
        -0.00016899918919636124,
        0.9996832578744207,
        0.025166552502446458,
        -52.27160028350954
      ],
      [
        -0.006712951680662276,
        -0.025167119930265026,
        0.9996607186211474,
        1.7202005225922221
      ],
      [
        0.0,
        0.0,
        0.0,
        1.0
      ]
    ],
    "location": [
      -34.7451814293201,
      -52.27160028350954,
      1.7202005225922221
    ],
    "rotation": [
      -0.025170344690190496,
      0.006713002100114172,
      -0.00016900299799566817
    ]
  },
  {
    "label_id": "iHBa2LA3ziDFWThMzfxSrQ",
    "size": [
      1.1548516358369638,
      1.0708842660739963,
      1.25
    ],
    "obj_class": "sign",
    "point_num_in_lidar": 57,
    "speed": 0.0,
    "if_vehicle": false,
    "motion_state": false,
    "pose": [
      [
        0.06213474516628075,
        0.9980451799202922,
        0.006715078628940654,
        -88.34112251324399
      ],
      [
        -0.9977620536271783,
        0.06194779234821223,
        0.025166552502446458,
        17.729811577084547
      ],
      [
        0.024701372123770122,
        -0.008263767969533141,
        0.9996607186211474,
        0.8954729519434181
      ],
      [
        0.0,
        0.0,
        0.0,
        1.0
      ]
    ],
    "location": [
      -88.34112251324399,
      17.729811577084547,
      0.8954729519434181
    ],
    "rotation": [
      -0.008266384369305876,
      -0.024703884769480346,
      -1.50860252972736
    ]
  },
  {
    "label_id": "jcMjZDvyQh7S9D1-oC8sUA",
    "size": [
      2.5246044967032217,
      5.794295811722223,
      1.8600000000000136
    ],
    "obj_class": "vehicle",
    "point_num_in_lidar": 270,
    "speed": 2.8435583831733384e-13,
    "if_vehicle": true,
    "motion_state": false,
    "pose": [
      [
        -0.9999666994848739,
        -0.004637633053078777,
        0.006715078628940654,
        -65.21777013011135
      ],
      [
        0.004805266022187753,
        -0.9996717231439516,
        0.025166552502446458,
        -40.02066122547512
      ],
      [
        0.0065961609883228405,
        0.025197982182456145,
        0.9996607186211474,
        2.0938724827722694
      ],
      [
        0.0,
        0.0,
        0.0,
        1.0
      ]
    ],
    "location": [
      -65.21777013011135,
      -40.02066122547512,
      2.0938724827722694
    ],
    "rotation": [
      0.025201197837777887,
      -0.006596208821694337,
      3.136787264533088
    ]
  },
  {
    "label_id": "nIkRugAGG0nTBKZGfO4uEw",
    "size": [
      1.863746924319385,
      4.217077508524435,
      1.5500000000000114
    ],
    "obj_class": "vehicle",
    "point_num_in_lidar": 46,
    "speed": 0.0,
    "if_vehicle": true,
    "motion_state": false,
    "pose": [
      [
        0.9993661382616777,
        -0.03496039780878462,
        0.006715078628940654,
        -35.61190845734819
      ],
      [
        0.03478121650202993,
        0.9990780307932812,
        0.025166552502446458,
        -54.75781441543768
      ],
      [
        -0.007588720220185268,
        -0.024917041784108338,
        0.9996607186211474,
        1.5768798584549586
      ],
      [
        0.0,
        0.0,
        0.0,
        1.0
      ]
    ],
    "location": [
      -35.61190845734819,
      -54.75781441543768,
      1.5768798584549586
    ],
    "rotation": [
      -0.02492033855641875,
      0.00758879305946278,
      0.034789235138395325
    ]
  },
  {
    "label_id": "piSZshXXJoBYeTBgNxYSAA",
    "size": [
      1.8486870772821078,
      4.196742963788994,
      1.670000000000016
    ],
    "obj_class": "vehicle",
    "point_num_in_lidar": 51,
    "speed": 4.440892098500626e-15,
    "if_vehicle": true,
    "motion_state": false,
    "pose": [
      [
        0.9965759156927557,
        -0.08240965950756328,
        0.006715078628940654,
        -84.88072985496456
      ],
      [
        0.08221699007182498,
        0.9962966481819915,
        0.025166552502446458,
        -46.208976187275766
      ],
      [
        -0.008764177352997924,
        -0.024528286551988254,
        0.9996607186211474,
        1.8346520612177528
      ],
      [
        0.0,
        0.0,
        0.0,
        1.0
      ]
    ],
    "location": [
      -84.88072985496456,
      -46.208976187275766,
      1.8346520612177528
    ],
    "rotation": [
      -0.024531689094765788,
      0.00876428955412865,
      0.08231306756953664
    ]
  },
  {
    "label_id": "slzRePUL32VlVCupH5t8lw",
    "size": [
      2.9216232952625796,
      10.613183625004126,
      3.6399999999999864
    ],
    "obj_class": "vehicle",
    "point_num_in_lidar": 296,
    "speed": 12.995368193672784,
    "if_vehicle": true,
    "motion_state": true,
    "pose": [
      [
        -0.9994870338585571,
        -0.03131416400976818,
        0.006715078628940654,
        -127.14732385903183
      ],
      [
        0.03147386761547364,
        -0.9991876902226453,
        0.025166552502446458,
        8.469830041087334
      ],
      [
        0.005921554352292611,
        0.025364992408910634,
        0.9996607186211474,
        2.1198527051612928
      ],
      [
        0.0,
        0.0,
        0.0,
        1.0
      ]
    ],
    "location": [
      -127.14732385903183,
      8.469830041087334,
      2.1198527051612928
    ],
    "rotation": [
      0.025368157960924134,
      -0.005921588959197726,
      3.110113035197667
    ]
  },
  {
    "label_id": "tHiLYp-JdD1GE2Xou2SH_g",
    "size": [
      2.2812866277286754,
      4.608025198634581,
      2.009999999999991
    ],
    "obj_class": "vehicle",
    "point_num_in_lidar": 54,
    "speed": 8.526541741130118e-13,
    "if_vehicle": true,
    "motion_state": false,
    "pose": [
      [
        0.996964493735412,
        -0.07756742840845647,
        0.006715078628940654,
        -84.78771647126429
      ],
      [
        0.07737611789770034,
        0.9966842935524883,
        0.025166552502446458,
        -35.84062509402247
      ],
      [
        -0.008644918158956306,
        -0.024570572558981957,
        0.9996607186211474,
        1.9547553578831867
      ],
      [
        0.0,
        0.0,
        0.0,
        1.0
      ]
    ],
    "location": [
      -84.78771647126429,
      -35.84062509402247,
      1.9547553578831867
    ],
    "rotation": [
      -0.0245739639581982,
      0.00864502584167559,
      0.07745643614201501
    ]
  },
  {
    "label_id": "tkAwnC0RmnNm52uw7Er9_w",
    "size": [
      0.724696641942472,
      0.7938529633716231,
      0.8600000000000136
    ],
    "obj_class": "pedestrian",
    "point_num_in_lidar": 37,
    "speed": 0.012606792745963732,
    "if_vehicle": false,
    "motion_state": false,
    "pose": [
      [
        -0.998704979229996,
        0.05043086535268203,
        0.006715078628940654,
        -60.82253895415508
      ],
      [
        -0.050247244335661516,
        -0.9984196808315698,
        0.025166552502446458,
        -26.62070724944533
      ],
      [
        0.007973637682107905,
        0.024796547097644835,
        0.9996607186211474,
        0.8614037059140287
      ],
      [
        0.0,
        0.0,
        0.0,
        1.0
      ]
    ],
    "location": [
      -60.82253895415508,
      -26.62070724944533,
      0.8614037059140287
    ],
    "rotation": [
      0.02479987745327704,
      -0.007973722177041365,
      -3.0913226418468853
    ]
  },
  {
    "label_id": "tme8SKJXoDfayi5l40MZCg",
    "size": [
      2.5358432169388943,
      6.373996801546928,
      1.9800000000000182
    ],
    "obj_class": "vehicle",
    "point_num_in_lidar": 124,
    "speed": 5.684385254002266e-13,
    "if_vehicle": true,
    "motion_state": false,
    "pose": [
      [
        -0.028295426906102854,
        0.9995770488237555,
        0.006715078628940654,
        -88.44430098472644
      ],
      [
        -0.9992781888808537,
        -0.02845603384419999,
        0.025166552502446458,
        44.31217846099571
      ],
      [
        0.02534699278419513,
        -0.005998133263708771,
        0.9996607186211474,
        1.110466944626296
      ],
      [
        0.0,
        0.0,
        0.0,
        1.0
      ]
    ],
    "location": [
      -88.44430098472644,
      44.31217846099571,
      1.110466944626296
    ],
    "rotation": [
      -0.006000097004794475,
      -0.025349707683101793,
      -1.5991046282701467
    ]
  },
  {
    "label_id": "x3_8SCCVCIWb3aFrS7pNiA",
    "size": [
      0.9479286807154281,
      0.9719301561155778,
      1.089999999999975
    ],
    "obj_class": "sign",
    "point_num_in_lidar": 57,
    "speed": 0.009045122417256224,
    "if_vehicle": false,
    "motion_state": false,
    "pose": [
      [
        0.9992752704435495,
        0.03746787422550631,
        0.006715078628940654,
        -61.410328715615435
      ],
      [
        -0.03762573160646588,
        0.9989749491134499,
        0.025166552502446458,
        -20.76923195146628
      ],
      [
        -0.005765258107787541,
        -0.025400973304222807,
        0.9996607186211474,
        0.705410931136953
      ],
      [
        0.0,
        0.0,
        0.0,
        1.0
      ]
    ],
    "location": [
      -61.410328715615435,
      -20.76923195146628,
      0.705410931136953
    ],
    "rotation": [
      -0.02540412787702302,
      0.005765290046066598,
      -0.03763524079572194
    ]
  },
  {
    "label_id": "y40MdU03HNPLavol6f7X_Q",
    "size": [
      0.5331937326918641,
      0.11898147683831953,
      0.8000000000000114
    ],
    "obj_class": "sign",
    "point_num_in_lidar": 22,
    "speed": 0.027098381076833242,
    "if_vehicle": false,
    "motion_state": false,
    "pose": [
      [
        0.9999774536053336,
        -1.0005716154398128e-14,
        0.006715078628940654,
        -84.76543724528219
      ],
      [
        -0.0001689991891857059,
        0.9996832578744207,
        0.025166552502446458,
        -32.120005083157594
      ],
      [
        -0.0067129516806625445,
