[
  {
    "label_id": "-jGx5h2KM1RTCWtkALlTPg",
    "size": [
      1.9723911586524805,
      4.593513203435377,
      1.6999999999999886
    ],
    "obj_class": "vehicle",
    "point_num_in_lidar": 90,
    "speed": 14.873517809940095,
    "if_vehicle": true,
    "motion_state": true,
    "pose": [
      [
        -0.9999984479644117,
        2.0707841271958045e-05,
        -0.001761715060116896,
        -110.96508586521361
      ],
      [
        -6.678060733023341e-05,
        -0.9996578662023464,
        0.026156186268689603,
        1.6173395038294984
      ],
      [
        -0.0017605706796994629,
        0.026156263321759323,
        0.9996563160806441,
        1.2007731598150713
      ],
      [
        0.0,
        0.0,
        0.0,
        1.0
      ]
    ],
    "location": [
      -110.96508586521361,
      1.6173395038294984,
      1.2007731598150713
    ],
    "rotation": [
      0.026159287259811915,
      0.0017605715892142202,
      -3.1415258728789164
    ]
  },
  {
    "label_id": "0dItGO83CJ_wt_3rDsNP2w",
    "size": [
      0.5982410950696812,
      0.1706041126485065,
      0.6399999999999864
    ],
    "obj_class": "sign",
    "point_num_in_lidar": 32,
    "speed": 0.017191737754864447,
    "if_vehicle": false,
    "motion_state": false,
    "pose": [
      [
        -0.20935576473885448,
        0.9778379518768211,
        -0.001761715060116896,
        -65.05967251309701
      ],
      [
        -0.9775145656110132,
        -0.20923940340717306,
        0.026156186268689603,
        37.066632899599426
      ],
      [
        0.025207891401731783,
        0.007198050510653985,
        0.9996563160806441,
        1.6192148197169445
      ],
      [
        0.0,
        0.0,
        0.0,
        1.0
      ]
    ],
    "location": [
      -65.05967251309701,
      37.066632899599426,
      1.6192148197169445
    ],
    "rotation": [
      0.007200400776023381,
      -0.02521056183986868,
      -1.7817804613264683
    ]
  },
  {
    "label_id": "1YQ_kpgKHcSW4kqTyRAkOQ",
    "size": [
      2.1139927526199274,
      4.388851756526188,
      1.6100000000000136
    ],
    "obj_class": "vehicle",
    "point_num_in_lidar": 5050,
    "speed": 5.497112976535008,
    "if_vehicle": true,
    "motion_state": true,
    "pose": [
      [
        -0.9996773278713176,
        -0.025340412390268626,
        -0.001761715060116896,
        -50.338368490039244
      ],
      [
        0.025285716897166813,
        -0.9993380241144004,
        0.026156186268689603,
        4.413284220705464
      ],
      [
        -0.002423357393835077,
        0.026103200168124487,
        0.9996563160806441,
        0.9718105056534228
      ],
      [
        0.0,
        0.0,
        0.0,
        1.0
      ]
    ],
    "location": [
      -50.338368490039244,
      4.413284220705464,
      0.9718105056534228
    ],
    "rotation": [
      0.026106242105137036,
      0.002423359765767445,
      3.116304167168281
    ]
  },
  {
    "label_id": "20Y4i40d8raHY1Clo4K4wg",
    "size": [
      0.7999212305811725,
      0.15511676600605773,
      0.7769746969505036
    ],
    "obj_class": "sign",
    "point_num_in_lidar": 40,
    "speed": 0.016301521771901282,
    "if_vehicle": false,
    "motion_state": false,
    "pose": [
      [
        -0.20935576474049591,
        0.9778379518764697,
        -0.001761715060116896,
        -65.05599267676556
      ],
      [
        -0.9775145656106621,
        -0.20923940340881397,
        0.026156186268689603,
        37.06930189249579
      ],
      [
        0.025207891401719702,
        0.0071980505106963005,
        0.9996563160806441,
        2.2409237273315057
      ],
      [
        0.0,
        0.0,
        0.0,
        1.0
      ]
    ],
    "location": [
      -65.05599267676556,
      37.06930189249579,
      2.2409237273315057
    ],
    "rotation": [
      0.007200400776065708,
      -0.025210561839856597,
      -1.7817804613281474
    ]
  },
  {
    "label_id": "2gBQINdyd96o4z3Zr-BlXg",
    "size": [
      0.8037584934951678,
      0.6746490747898556,
      1.8500000000000227
    ],
    "obj_class": "pedestrian",
    "point_num_in_lidar": 121,
    "speed": 0.015164947238051157,
    "if_vehicle": false,
    "motion_state": false,
    "pose": [
      [
        -0.9557736721885911,
        -0.2940979155165543,
        -0.001761715060116896,
        -80.07611045352104
      ],
      [
        0.29395370930949494,
        -0.9554617055136572,
        0.026156186268689603,
        -9.271667459976015
      ],
      [
        -0.009375731135452717,
        0.024481531523806506,
        0.9996563160806441,
        1.539386413269483
      ],
      [
        0.0,
        0.0,
        0.0,
        1.0
      ]
    ],
    "location": [
      -80.07611045352104,
      -9.271667459976015,
      1.539386413269483
    ],
    "rotation": [
      0.024485054075705046,
      0.009375868502120637,
      2.8432184542744805
    ]
  },
  {
    "label_id": "34QvoR6V_imNZ02CTvcFLg",
    "size": [
      1.9026241168053473,
      4.357864290621819,
      1.5500000000000114
    ],
    "obj_class": "vehicle",
    "point_num_in_lidar": 37,
    "speed": 1.1369030711563004e-12,
    "if_vehicle": true,
    "motion_state": false,
    "pose": [
      [
        -0.9986098460350316,
        0.0526808481512728,
        -0.001761715060116896,
        -84.97223997495975
      ],
      [
        -0.05270892186974239,
        -0.9982673106313795,
        0.026156186268689603,
        -43.08326108930123
      ],
      [
        -0.0003807324781244489,
        0.026212683244100185,
        0.9996563160806441,
        1.9519954291756676
      ],
      [
        0.0,
        0.0,
        0.0,
        1.0
      ]
    ],
    "location": [
      -84.97223997495975,
      -43.08326108930123,
      1.9519954291756676
    ],
    "rotation": [
      0.02621568788306048,
      0.00038073248732276976,
      -3.088859291075877
    ]
  },
  {
    "label_id": "4iGaZtbzD4XFf7YLTHe1Sg",
    "size": [
      0.9999999999986064,
      1.0,
      1.9499999999999886
    ],
    "obj_class": "pedestrian",
    "point_num_in_lidar": 96,
    "speed": 0.041394923934021825,
    "if_vehicle": false,
    "motion_state": false,
    "pose": [
      [
        -0.5391276360599789,
        0.8422222321907833,
        -0.001761715060116896,
        -59.296729573917844
      ],
      [
        -0.841960229959677,
        -0.5389052097411245,
        0.026156186268689603,
        -25.908500108896988
      ],
      [
        0.021079924160837284,
        0.015584816888522557,
        0.9996563160806441,
        1.3359040188602194
      ],
      [
        0.0,
        0.0,
        0.0,
        1.0
      ]
    ],
    "location": [
      -59.296729573917844,
      -25.908500108896988,
      1.3359040188602194
    ],
    "rotation": [
      0.015588912082640566,
      -0.0210814856635361,
      -2.140339583978054
    ]
  },
  {
    "label_id": "4svB2BL9suqhlT8qPQMSGA",
    "size": [
      1.8336943415088238,
      4.534747083223021,
      1.579999999999984
    ],
    "obj_class": "vehicle",
    "point_num_in_lidar": 25,
    "speed": 2.8452917319372777e-13,
    "if_vehicle": true,
    "motion_state": false,
    "pose": [
      [
        0.9999984481788193,
        -3.763629897196974e-15,
        -0.001761715060116896,
        -35.321961719812606
      ],
      [
        4.607981877617153e-05,
        0.999657867370896,
        0.026156186268689603,
        -64.6297051130914
      ],
      [
        0.0017611123199115478,
        -0.026156226858476454,
        0.9996563160806441,
        1.7460773999512185
      ],
      [
        0.0,
        0.0,
        0.0,
        1.0
      ]
    ],
    "location": [
      -35.321961719812606,
      -64.6297051130914,
      1.7460773999512185
    ],
    "rotation": [
      -0.026159250808947872,
      -0.001761113230266002,
      4.6079890251306596e-05
    ]
  },
  {
    "label_id": "7-k0-aAqBFIwuvVcth1ugQ",
    "size": [
      2.654330680897426,
      7.4845826403753275,
      2.2900000000000205
    ],
    "obj_class": "vehicle",
    "point_num_in_lidar": 119,
    "speed": 0.0017181400700867426,
    "if_vehicle": true,
    "motion_state": false,
    "pose": [
      [
        -0.039692159962662094,
        0.9992104026667984,
        -0.001761715060116896,
        -88.38480195407668
      ],
      [
        -0.9988719192628448,
        -0.039632598048053955,
        0.026156186268689603,
        57.71331296625249
      ],
      [
        0.026065712068912308,
        0.002797923232683236,
        0.9996563160806441,
        0.7064035311808539
      ],
      [
        0.0,
        0.0,
        0.0,
        1.0
      ]
    ],
    "location": [
      -88.38480195407668,
      57.71331296625249,
      0.7064035311808539
    ],
    "rotation": [
      0.00279887785594425,
      -0.026068664571893416,
      -1.610512417807033
    ]
  },
  {
    "label_id": "7H_jvU9tURSLSp0yi3ZSOA",
    "size": [
      1.4422854662702709,
      1.1313572277526598,
      1.8899999999999864
    ],
    "obj_class": "pedestrian",
    "point_num_in_lidar": 147,
    "speed": 0.5724159628404611,
    "if_vehicle": false,
    "motion_state": false,
    "pose": [
      [
        0.8040102816536768,
        -0.5946127843859582,
        -0.001761715060116896,
        -80.72886166988499
      ],
      [
        0.5944473190747478,
        0.8037090510655723,
        0.026156186268689603,
        -7.889283668850112
      ],
      [
        -0.014136896406928818,
        -0.022077089483335262,
        0.9996563160806441,
        1.4712691401407483
      ],
      [
        0.0,
        0.0,
        0.0,
        1.0
      ]
    ],
    "location": [
      -80.72886166988499,
      -7.889283668850112,
      1.4712691401407483
    ],
    "rotation": [
      -0.022081090206707614,
      0.014137367330074917,
      0.6366520570867531
    ]
  },
  {
    "label_id": "8uBYsb-Gpcz4kEOFtaDN9Q",
    "size": [
      1.7404913752688975,
      4.142263119424243,
      1.9599999999999795
    ],
    "obj_class": "vehicle",
    "point_num_in_lidar": 41,
    "speed": 2.847716647714797e-13,
    "if_vehicle": true,
    "motion_state": false,
    "pose": [
      [
        0.9999984481788193,
        -2.1091621839647302e-16,
        -0.001761715060116896,
        -35.68665881059394
      ],
      [
        4.607981877262016e-05,
        0.9996578673708961,
        0.026156186268689603,
        -70.29387855043933
      ],
      [
        0.0017611123199116408,
        -0.02615622685847645,
        0.9996563160806441,
        1.8661496832170315
      ],
      [
        0.0,
        0.0,
        0.0,
        1.0
      ]
    ],
    "location": [
      -35.68665881059394,
      -70.29387855043933,
      1.8661496832170315
    ],
    "rotation": [
      -0.02615925080894787,
      -0.001761113230266095,
      4.6079890247755225e-05
    ]
  },
  {
    "label_id": "97LGRvZi3-yunSqGxMM_Jw",
    "size": [
      2.7330119442255185,
      6.870703637231516,
      2.9699999999999704
    ],
    "obj_class": "vehicle",
    "point_num_in_lidar": 9912,
    "speed": 0.007720677038458004,
    "if_vehicle": true,
    "motion_state": false,
    "pose": [
      [
        -0.999991177432161,
        0.0038133211098849095,
        -0.001761715060116896,
        -55.14849023279001
      ],
      [
        -0.0038581018476222147,
        -0.9996504233831001,
        0.026156186268689603,
        12.186407166065692
      ],
      [
        -0.0016613572684737628,
        0.026162752380090262,
        0.9996563160806441,
        1.6268798584552542
      ],
      [
        0.0,
        0.0,
        0.0,
        1.0
      ]
    ],
    "location": [
      -55.14849023279001,
      12.186407166065692,
      1.6268798584552542
    ],
    "rotation": [
      0.026165774106963444,
      0.0016613580327289525,
      -3.137734536846392
    ]
  },
  {
    "label_id": "9c2B8y2r5Bvrgoj_U5Y_JA",
    "size": [
      2.035230187175539,
      4.669215735306136,
      1.7900000000000205
    ],
    "obj_class": "vehicle",
    "point_num_in_lidar": 42,
    "speed": 10.513493520439061,
    "if_vehicle": true,
    "motion_state": true,
    "pose": [
      [
        0.9988873309238728,
        -0.047127449324446236,
        -0.001761715060116896,
        -96.53258174699388
      ],
      [
        0.0471574272133833,
        0.9985449569140551,
        0.026156186268689603,
        -15.292314915224779
      ],
      [
        0.000526477345900822,
        -0.026210161038797197,
        0.9996563160806441,
        1.3268105056529294
      ],
      [
        0.0,
        0.0,
        0.0,
        1.0
      ]
    ],
    "location": [
      -96.53258174699388,
      -15.292314915224779,
      1.3268105056529294
    ],
    "rotation": [
      -0.026213166544066722,
      -0.0005264773702221827,
      0.04717492956499533
    ]
  },
  {
    "label_id": "AXKZxZOE2J4qe-CaUmIcQw",
    "size": [
      1.8770925018553353,
      4.241708010517512,
      1.7699999999999818
    ],
    "obj_class": "vehicle",
    "point_num_in_lidar": 24,
    "speed": 6.757008042672579e-28,
    "if_vehicle": true,
    "motion_state": false,
    "pose": [
      [
        -0.9987386768728909,
        0.05017919567145429,
        -0.001761715060116896,
        -84.53197504032863
      ],
      [
        -0.05020812734257964,
        -0.9983962128677317,
        0.026156186268689603,
        -62.92957285135344
      ],
      [
        -0.0004463932553771756,
        0.026211647280111623,
        0.9996563160806441,
        1.759357480744427
      ],
      [
        0.0,
        0.0,
        0.0,
        1.0
      ]
    ],
    "location": [
      -84.53197504032863,
      -62.92957285135344,
      1.759357480744427
    ],
    "rotation": [
      0.02621465227493784,
      0.00044639327020241313,
      -3.0913634026962025
    ]
  },
  {
    "label_id": "AdBkVx0b9kPemMNsgkGfrA",
    "size": [
      1.4666399194667568,
      1.0272516549106756,
      1.240000000000009
    ],
    "obj_class": "pedestrian",
    "point_num_in_lidar": 22,
    "speed": 0.020126304379089556,
    "if_vehicle": false,
    "motion_state": false,
    "pose": [
      [
        0.10733993175547496,
        -0.9942208182344489,
        -0.001761715060116896,
        -90.87431700839404
      ],
      [
        0.9938871513917314,
        0.10725756019184532,
        0.026156186268689603,
        -28.127494930240573
      ],
      [
        -0.025816067654847865,
        -0.004558549211728128,
        0.9996563160806441,
        0.8973159800294752
      ],
      [
        0.0,
        0.0,
        0.0,
        1.0
      ]
    ],
    "location": [
      -90.87431700839404,
      -28.127494930240573,
      0.8973159800294752
    ],
    "rotation": [
      -0.004560084842123413,
      0.025818936118183432,
      1.4632131976475242
    ]
  },
  {
    "label_id": "BXDlU3DIkqaT24ZzQeHqcw",
    "size": [
      1.022061076785774,
      1.090747265971741,
      1.0500000000000114
    ],
    "obj_class": "pedestrian",
    "point_num_in_lidar": 104,
    "speed": 0.08678954861739811,
    "if_vehicle": false,
    "motion_state": false,
    "pose": [
      [
        -0.2731017329465319,
        0.9619835444651057,
        -0.001761715060116896,
        -61.996437813166324
      ],
      [
        -0.9616684953217836,
        -0.2729643914971594,
        0.026156186268689603,
        18.952812272997107
      ],
      [
        0.024680935297067365,
        0.008837485668299755,
        0.9996563160806441,
        0.7806586465520695
      ],
      [
        0.0,
        0.0,
        0.0,
        1.0
      ]
    ],
    "location": [
      -61.996437813166324,
      18.952812272997107,
      0.7806586465520695
    ],
    "rotation": [
      0.008840293715054933,
      -0.024683441710240235,
      -1.847498701227229
    ]
  },
  {
    "label_id": "D5j3i75zBvzZL7edy7Vfkg",
    "size": [
      1.082218413997939,
      1.1221680693460732,
      1.079999999999984
    ],
    "obj_class": "sign",
    "point_num_in_lidar": 317,
    "speed": 0.0043861053147199475,
    "if_vehicle": false,
    "motion_state": false,
    "pose": [
      [
        0.9994645830977148,
        -0.0326717537539397,
        -0.001761715060116896,
        -59.191309242523374
      ],
      [
        0.03270668158271024,
        0.9991226786034461,
        0.026156186268689603,
        8.872080618759355
      ],
      [
        0.0009056009928872183,
        -0.026199801657972737,
        0.9996563160806441,
        0.6454275347095404
      ],
      [
        0.0,
        0.0,
        0.0,
        1.0
      ]
    ],
    "location": [
      -59.191309242523374,
      8.872080618759355,
      0.6454275347095404
    ],
    "rotation": [
      -0.026202810717913,
      -0.0009056011166698124,
      0.032712529013789175
    ]
  },
  {
    "label_id": "Fww1o1EB4na9AHpv_SA6vw",
    "size": [
      1.9997895331551803,
      4.800593639312353,
      1.5600000000000023
    ],
    "obj_class": "vehicle",
    "point_num_in_lidar": 59,
    "speed": 7.614245575815251,
    "if_vehicle": true,
    "motion_state": true,
    "pose": [
      [
        0.9987206748927503,
        -0.05053622366002466,
        -0.001761715060116896,
        -118.25185884494414
      ],
      [
        0.05056503290455125,
        0.9983782005669191,
        0.026156186268689603,
        -19.144368406268768
      ],
      [
        0.0004370230322633844,
        -0.02621180518286943,
        0.9996563160806441,
        1.227744940804996
      ],
      [
        0.0,
        0.0,
        0.0,
        1.0
      ]
    ],
    "location": [
      -118.25185884494414,
      -19.144368406268768,
      1.227744940804996
    ],
    "rotation": [
      -0.02621481012345781,
      -0.00043702304617449373,
      0.05058661020537104
    ]
  },
  {
    "label_id": "GtCjV-L_DOEpw0nZQ3Dy6w",
    "size": [
      0.9397652133884553,
      0.9370266590153165,
      1.1100000000000136
    ],
    "obj_class": "sign",
    "point_num_in_lidar": 59,
    "speed": 0.01428250071527275,
    "if_vehicle": false,
    "motion_state": false,
    "pose": [
      [
        0.9999984481788193,
        -1.0990946380965982e-15,
        -0.001761715060116896,
        -62.54606524013445
      ],
      [
        4.6079818773508e-05,
        0.999657867370896,
        0.026156186268689603,
        -22.315485845683725
      ],
      [
        0.0017611123199116176,
        -0.02615622685847645,
        0.9996563160806441,
        0.7428826283352237
      ],
      [
        0.0,
        0.0,
        0.0,
        1.0
      ]
    ],
    "location": [
      -62.54606524013445,
      -22.315485845683725,
      0.7428826283352237
    ],
    "rotation": [
      -0.02615925080894787,
      -0.0017611132302660717,
      4.607989024864307e-05
    ]
  },
  {
    "label_id": "IRBl4-265z8DyVSL_Ay_RA",
    "size": [
      1.8959271415915324,
      4.818296796365432,
      1.8799999999999955
    ],
    "obj_class": "vehicle",
    "point_num_in_lidar": 31,
    "speed": 2.8421709430404007e-13,
    "if_vehicle": true,
    "motion_state": false,
    "pose": [
      [
        0.9999984481788193,
        -1.9872730577967236e-15,
        -0.001761715060116896,
        -34.707370464750994
      ],
      [
        4.607981877439585e-05,
        0.999657867370896,
        0.026156186268689603,
        -49.413149303713
      ],
      [
        0.0017611123199115942,
        -0.026156226858476454,
        0.9996563160806441,
        1.6677825793298666
      ],
      [
        0.0,
        0.0,
        0.0,
        1.0
      ]
    ],
    "location": [
      -34.707370464750994,
      -49.413149303713,
      1.6677825793298666
    ],
    "rotation": [
      -0.026159250808947872,
      -0.0017611132302660483,
      4.607989024953092e-05
    ]
  },
  {
    "label_id": "J4VvYddmPcAryqS-UZ_20A",
    "size": [
      1.8756481209093245,
      4.310370117695685,
      1.8899999999999864
    ],
    "obj_class": "vehicle",
    "point_num_in_lidar": 23,
    "speed": 5.685035733124714e-13,
    "if_vehicle": true,
    "motion_state": false,
    "pose": [
      [
        0.9999984481788193,
        3.3427612584729977e-15,
        -0.001761715060116896,
        -35.033050385925094
      ],
      [
        4.6079818769068804e-05,
        0.999657867370896,
        0.026156186268689603,
        -67.55194797141121
      ],
      [
        0.0017611123199117336,
        -0.02615622685847644,
        0.9996563160806441,
        1.9784476414429264
      ],
      [
        0.0,
        0.0,
        0.0,
        1.0
      ]
    ],
    "location": [
      -35.033050385925094,
      -67.55194797141121,
      1.9784476414429264
    ],
    "rotation": [
      -0.02615925080894786,
      -0.0017611132302661878,
      4.6079890244203866e-05
    ]
  },
  {
    "label_id": "LrTZhVUAGYTUkncIjh4pHw",
    "size": [
      1.750968599295745,
      2.3537852381629554,
      1.7300000000000182
    ],
    "obj_class": "vehicle",
    "point_num_in_lidar": 1568,
    "speed": 0.007462899420854731,
    "if_vehicle": true,
    "motion_state": false,
    "pose": [
      [
        -0.9998213672432357,
        0.018818341157333177,
        -0.001761715060116896,
        -49.48316015264231
      ],
      [
        -0.01885800364045447,
        -0.9994799795986783,
        0.026156186268689603,
        12.079894475591573
      ],
      [
        -0.001268582895765365,
        0.026184736346047118,
        0.9996563160806441,
        0.8626432949455989
      ],
      [
        0.0,
        0.0,
        0.0,
        1.0
      ]
    ],
    "location": [
      -49.48316015264231,
      12.079894475591573,
      0.8626432949455989
    ],
    "rotation": [
      0.026187750565398574,
      0.001268583236021229,
      -3.122733516866201
    ]
  },
  {
    "label_id": "N0xEeDcPODmUZyZL7O9KhQ",
    "size": [
      1.9987228837198867,
      4.597254965828016,
      1.920000000000016
    ],
    "obj_class": "vehicle",
    "point_num_in_lidar": 116,
    "speed": 0.007175455285967743,
    "if_vehicle": true,
    "motion_state": false,
    "pose": [
      [
        0.9999984481788193,
        -1.0990946380965982e-15,
        -0.001761715060116896,
        -35.022092209914064
      ],
      [
        4.6079818773508e-05,
        0.999657867370896,
        0.026156186268689603,
        -41.128148135943775
      ],
      [
        0.0017611123199116176,
        -0.02615622685847645,
        0.9996563160806441,
        1.6838257519089552
      ],
      [
        0.0,
        0.0,
        0.0,
        1.0
      ]
    ],
    "location": [
      -35.022092209914064,
      -41.128148135943775,
      1.6838257519089552
    ],
    "rotation": [
      -0.02615925080894787,
      -0.0017611132302660717,
      4.607989024864307e-05
    ]
  },
  {
    "label_id": "NXvHjeEjHAm4M20-7kGTYQ",
    "size": [
      2.190158970656091,
      4.47866627860887,
      1.8899999999999864
    ],
    "obj_class": "vehicle",
    "point_num_in_lidar": 6739,
    "speed": 0.051733396373181494,
    "if_vehicle": true,
    "motion_state": false,
    "pose": [
      [
        0.9867081777640034,
        -0.16249267150763036,
        -0.001761715060116896,
        -49.77357475870528
      ],
      [
        0.16248279694097573,
        0.9863646357296654,
        0.026156186268689603,
        -4.109597406672037
      ],
      [
        -0.0025124951497189044,
        -0.0260947712808154,
        0.9996563160806441,
        1.3155542353435408
      ],
      [
        0.0,
        0.0,
        0.0,
        1.0
      ]
    ],
    "location": [
      -49.77357475870528,
      -4.109597406672037,
      1.3155542353435408
    ],
    "rotation": [
      -0.026097816063363984,
      0.002512497793135909,
      0.163206888504969
    ]
  },
  {
    "label_id": "Q6fs_63CkqvoTcB1qAcIFA",
    "size": [
      2.5817557177114323,
      5.077991374472059,
      2.1399999999999864
    ],
    "obj_class": "vehicle",
    "point_num_in_lidar": 173,
    "speed": 2.8421709430404007e-13,
    "if_vehicle": true,
    "motion_state": false,
    "pose": [
      [
        0.6057785517429729,
        0.7956313484323208,
        -0.001761715060116896,
        -113.99894396238153
      ],
      [
        -0.7953324570351561,
        0.60560889747947,
        0.026156186268689603,
        -10.840260225892052
      ],
      [
        0.02187759206603484,
        -0.014443707469607615,
        0.9996563160806441,
        1.6918798584550814
      ],
      [
        0.0,
        0.0,
        0.0,
        1.0
      ]
    ],
    "location": [
      -113.99894396238153,
      -10.840260225892052,
      1.6918798584550814
    ],
    "rotation": [
      -0.014447667917143785,
      -0.021879337650491996,
      -0.9198700054410011
    ]
  },
  {
    "label_id": "Sv6Kp_7Yn7_dppLzJAxahA",
    "size": [
      2.287879586003129,
      4.83846683002856,
      2.0
    ],
    "obj_class": "vehicle",
    "point_num_in_lidar": 1961,
    "speed": 5.7463074834489545,
    "if_vehicle": true,
    "motion_state": true,
    "pose": [
      [
        -0.7993193917818143,
        -0.6009038244857469,
        -0.001761715060116896,
        -64.94591587797296
      ],
      [
        0.6006623353082567,
        -0.7990748480974165,
        0.026156186268689603,
        7.470412190596107
      ],
      [
        -0.017125094556871,
        0.01984895101746328,
        0.9996563160806441,
        1.1889682358620917
      ],
      [
        0.0,
        0.0,
        0.0,
        1.0
      ]
    ],
    "location": [
      -64.94591587797296,
      7.470412190596107,
      1.1889682358620917
    ],
    "rotation": [
      0.019853166353427647,
      0.01712593171019223,
      2.4971531738737234
    ]
  },
  {
    "label_id": "TF-e0qfWBKlF_b0k2fIi4w",
    "size": [
      1.920728059521392,
      4.463873919194776,
      1.5600000000000023
    ],
    "obj_class": "vehicle",
    "point_num_in_lidar": 63,
    "speed": 9.296681102311998,
    "if_vehicle": true,
    "motion_state": true,
    "pose": [
      [
        0.9997523675393652,
        -0.02218332615909514,
        -0.001761715060116896,
        -96.61667200428364
      ],
      [
        0.02222183941162863,
        0.9994108483366796,
        0.026156186268689603,
        -18.91334818022915
      ],
      [
        0.0011804459316825443,
        -0.026188857697078037,
        0.9996563160806441,
        1.1771576838168016
      ],
      [
        0.0,
        0.0,
        0.0,
        1.0
      ]
    ],
    "location": [
      -96.61667200428364,
      -18.91334818022915,
      1.1771576838168016
    ],
    "rotation": [
      -0.026191870506173016,
      -0.0011804462058319577,
      0.022223684199499282
    ]
  },
  {
    "label_id": "WASi6kOEGcG25GLiTIITRg",
    "size": [
      2.6120124770363122,
      7.188040993103449,
      2.4399999999999977
    ],
    "obj_class": "vehicle",
    "point_num_in_lidar": 354,
    "speed": 0.011486934525950168,
    "if_vehicle": true,
    "motion_state": false,
    "pose": [
      [
        -0.009153721928798453,
        0.9999565519235809,
        -0.001761715060116896,
        -88.2884547813043
      ],
      [
        -0.9996164071872423,
        -0.009104526453752934,
        0.026156186268689603,
        36.433404334480656
      ],
      [
        0.026139010251340963,
        0.0020004657347031493,
        0.9996563160806441,
        1.6232323308905166
      ],
      [
        0.0,
        0.0,
        0.0,
        1.0
      ]
    ],
    "location": [
      -88.2884547813043,
      36.433404334480656,
      1.6232323308905166
    ],
    "rotation": [
      0.002001150827704006,
      -0.026141987737350294,
      -1.5799533054261403
    ]
  },
  {
    "label_id": "ZSFR0_-rEfWNevQkHaEhFQ",
    "size": [
      2.2160108753302667,
      4.30560871595925,
      1.7900000000000205
    ],
    "obj_class": "vehicle",
    "point_num_in_lidar": 935,
    "speed": 10.773204899914843,
    "if_vehicle": true,
    "motion_state": true,
    "pose": [
      [
        0.9997752105822869,
        -0.021128763929550952,
        -0.001761715060116896,
        -68.36950311759077
      ],
      [
        0.021167637398902858,
        0.9994337321937989,
        0.026156186268689603,
        -14.601413410451642
      ],
      [
        0.0012080695726261474,
        -0.026187597980401413,
        0.9996563160806441,
        1.268080807935462
      ],
      [
        0.0,
        0.0,
        0.0,
        1.0
      ]
    ],
    "location": [
      -68.36950311759077,
      -14.601413410451642,
      1.268080807935462
    ],
    "rotation": [
      -0.026190611220644457,
      -0.0012080698664755911,
      0.021169233927467095
    ]
  },
  {
    "label_id": "ctW65CIWnfgzcBsgEI6eEg",
    "size": [
      1.12055800764045,
      0.99186347399398,
      1.0699999999999932
    ],
    "obj_class": "sign",
    "point_num_in_lidar": 205,
    "speed": 3.108624468950438e-14,
    "if_vehicle": false,
    "motion_state": false,
    "pose": [
      [
        0.9994645830977031,
        -0.03267175375429433,
        -0.001761715060116896,
        -59.27119097334844
      ],
      [
        0.03270668158306476,
        0.9991226786034344,
        0.026156186268689603,
        11.721001093836094
      ],
      [
        0.000905600992877922,
        -0.02619980165797306,
        0.9996563160806441,
        0.6047448986113864
      ],
      [
        0.0,
        0.0,
        0.0,
        1.0
      ]
    ],
    "location": [
      -59.27119097334844,
      11.721001093836094,
      0.6047448986113864
    ],
    "rotation": [
      -0.026202810717913323,
      -0.0009056011166605161,
      0.032712529014143885
    ]
  },
  {
    "label_id": "e77kk_vcRBpLr9l4bv96mQ",
    "size": [
      1.7928639518383305,
      3.800205796457263,
      1.7900000000000205
    ],
    "obj_class": "vehicle",
    "point_num_in_lidar": 26,
    "speed": 1.4210854715202004e-12,
    "if_vehicle": true,
    "motion_state": false,
    "pose": [
      [
        -0.9985273929538393,
        0.05422123090502242,
        -0.001761715060116896,
        -85.34572550943807
      ],
      [
        -0.05424877619844616,
        -0.9981848146514996,
        0.026156186268689603,
        -60.30942985915681
      ],
      [
        -0.00034029660548214345,
        0.026213239370511357,
        0.9996563160806441,
        1.9639022863620994
      ],
      [
        0.0,
        0.0,
        0.0,
        1.0
      ]
    ],
    "location": [
      -85.34572550943807,
      -60.30942985915681,
      1.9639022863620994
    ],
    "rotation": [
      0.026216243818412432,
      0.0003402966120499692,
      -3.087317230556549
    ]
  },
  {
    "label_id": "fxYJPKvGSuuDKaSQkZStYQ",
    "size": [
      1.888958814105748,
      4.426904542688601,
      1.6800000000000068
    ],
    "obj_class": "vehicle",
    "point_num_in_lidar": 334,
    "speed": 9.44860669618736,
    "if_vehicle": true,
    "motion_state": true,
    "pose": [
      [
        0.9999113474885796,
        -0.013198239413652455,
        -0.001761715060116896,
        -81.72074143248086
      ],
      [
        0.013239820144816398,
        0.9995701881721016,
        0.026156186268689603,
        -18.283018985272065
      ],
      [
        0.0014157422456244169,
        -0.026177192247630068,
        0.9996563160806441,
        1.1941482096521554
      ],
      [
        0.0,
        0.0,
        0.0,
        1.0
      ]
    ],
    "location": [
      -81.72074143248086,
      -18.283018985272065,
      1.1941482096521554
    ],
    "rotation": [
      -0.02618020904614064,
      -0.0014157427185597005,
      0.013240220252580055
    ]
  },
  {
    "label_id": "gReOadgSa6ggtDSZ_bnQ5Q",
    "size": [
      1.1020334662251132,
      0.8957830059557224,
      1.1000000000000227
    ],
    "obj_class": "pedestrian",
    "point_num_in_lidar": 44,
    "speed": 0.021178923528444735,
    "if_vehicle": false,
    "motion_state": false,
    "pose": [
      [
        -0.6336265061878352,
        -0.7736370899952019,
        -0.001761715060116896,
        -92.91740828476424
      ],
      [
        0.7733444062012844,
        -0.6334463539377746,
        0.026156186268689603,
        18.64479151022715
      ],
      [
        -0.0213513478117898,
        0.015210840433566063,
        0.9996563160806441,
        1.0642493376356015
      ],
      [
        0.0,
        0.0,
        0.0,
        1.0
      ]
    ],
    "location": [
      -92.91740828476424,
      18.64479151022715,
      1.0642493376356015
    ],
    "rotation": [
      0.015214895795835588,
      0.02135297042028022,
      2.2572149513922675
    ]
  },
  {
    "label_id": "gofHjXzTs7FWeFilqynuPg",
    "size": [
      2.006230178023546,
      4.722435152556317,
      1.589999999999975
    ],
    "obj_class": "vehicle",
    "point_num_in_lidar": 36,
    "speed": 0.0,
    "if_vehicle": true,
    "motion_state": false,
    "pose": [
      [
        0.9999984481788193,
        -2.1091621839647302e-16,
        -0.001761715060116896,
        -34.67121628091479
      ],
      [
        4.607981877262016e-05,
        0.9996578673708961,
        0.026156186268689603,
        -46.96265925697662
      ],
      [
        0.0017611123199116408,
        -0.02615622685847645,
        0.9996563160806441,
        1.487155137921036
      ],
      [
        0.0,
        0.0,
        0.0,
        1.0
      ]
    ],
    "location": [
      -34.67121628091479,
      -46.96265925697662,
      1.487155137921036
    ],
    "rotation": [
      -0.02615925080894787,
      -0.001761113230266095,
      4.6079890247755225e-05
    ]
  },
  {
    "label_id": "i5j529DQ3xVIaMhN_CqDdg",
    "size": [
      1.168150073368138,
      1.1867695902315556,
      1.839999999999975
    ],
    "obj_class": "pedestrian",
    "point_num_in_lidar": 232,
    "speed": 0.4944755708417313,
    "if_vehicle": false,
    "motion_state": false,
    "pose": [
      [
        -0.0020445688358203895,
        -0.9999963580425293,
        -0.001761715060116896,
        -63.77578808736547
      ],
      [
        0.9996556837329599,
        -0.0020899522162929926,
        0.026156186268689603,
        20.222334498474083
      ],
      [
        -0.02615977290926599,
        -0.001707630349654932,
        0.9996563160806441,
        1.1514897324897788
      ],
      [
        0.0,
        0.0,
        0.0,
        1.0
      ]
    ],
    "location": [
      -63.77578808736547,
      20.222334498474083,
      1.1514897324897788
    ],
    "rotation": [
      -0.0017082157749914982,
      0.02616275749757426,
      1.572841596999619
    ]
  },
  {
    "label_id": "i9VNOB2WBRj9osW_hX1lgQ",
    "size": [
      1.8065306483404164,
      4.5505860144962815,
      1.8000000000000114
    ],
    "obj_class": "vehicle",
    "point_num_in_lidar": 30,
    "speed": 5.685902922862834e-13,
    "if_vehicle": true,
    "motion_state": false,
    "pose": [
      [
        0.9999984481788193,
        -1.9872730577967236e-15,
        -0.001761715060116896,
        -34.7451814293201
      ],
      [
        4.607981877439585e-05,
        0.999657867370896,
        0.026156186268689603,
        -52.27160028350954
      ],
      [
        0.0017611123199115942,
        -0.026156226858476454,
        0.9996563160806441,
        1.7101104996625622
      ],
      [
        0.0,
        0.0,
        0.0,
        1.0
      ]
    ],
    "location": [
      -34.7451814293201,
      -52.27160028350954,
      1.7101104996625622
    ],
    "rotation": [
      -0.026159250808947872,
      -0.0017611132302660483,
      4.607989024953092e-05
    ]
  },
  {
    "label_id": "iHBa2LA3ziDFWThMzfxSrQ",
    "size": [
      1.154851635836966,
      1.0708842660739963,
      1.25
    ],
    "obj_class": "sign",
    "point_num_in_lidar": 61,
    "speed": 0.0,
    "if_vehicle": false,
    "motion_state": false,
    "pose": [
      [
        0.0621360496881664,
        0.9980661339256014,
        -0.001761715060116896,
        -88.34112251324402
      ],
      [
        -0.9977233480054969,
        0.06216087808726585,
        0.026156186268689603,
        17.729811577084547
      ],
      [
        0.026215113462505366,
        0.00013246215836730155,
        0.9996563160806441,
        0.9120671729741616
      ],
      [
        0.0,
        0.0,
        0.0,
        1.0
      ]
    ],
    "location": [
      -88.34112251324402,
      17.729811577084547,
      0.9120671729741616
    ],
    "rotation": [
      0.0001325076983571481,
      -0.026218117036368883,
      -1.50859882075499
    ]
  },
  {
    "label_id": "jcMjZDvyQh7S9D1-oC8sUA",
    "size": [
      2.524604496703211,
      5.794295811722223,
      1.8600000000000136
    ],
    "obj_class": "vehicle",
    "point_num_in_lidar": 238,
    "speed": 2.8435583831733384e-13,
    "if_vehicle": true,
    "motion_state": false,
    "pose": [
      [
        -0.9999876938325765,
        -0.004637730420402017,
        -0.001761715060116896,
        -65.21777013011135
      ],
      [
        0.004590071572764052,
        -0.9996473303934916,
        0.026156186268689603,
        -40.020661225473305
      ],
      [
        -0.0018823990974998683,
        0.02614777798806547,
        0.9996563160806441,
        2.0608575698200866
      ],
      [
        0.0,
        0.0,
        0.0,
        1.0
      ]
    ],
    "location": [
      -65.21777013011135,
      -40.020661225473305,
      2.0608575698200866
    ],
    "rotation": [
      0.026150804814216107,
      0.0018824002091920719,
      3.1370025577666283
    ]
  },
  {
    "label_id": "n3Oz4HnGjzXFqsql-WNSFg",
    "size": [
      2.22365664061259,
      4.949832717164618,
      1.920000000000016
    ],
    "obj_class": "vehicle",
    "point_num_in_lidar": 631,
    "speed": 10.880624054632335,
    "if_vehicle": true,
    "motion_state": true,
    "pose": [
      [
        0.9999722404569362,
        -0.007239798034636924,
        -0.001761715060116896,
        -47.0560237214531
      ],
      [
        0.00728341090567016,
        0.9996313349657747,
        0.026156186268689603,
        -13.872238753214333
      ],
      [
        0.0015717000714323066,
        -0.026168291479592036,
        0.9996563160806441,
        1.1406400325730033
      ],
      [
        0.0,
        0.0,
        0.0,
        1.0
      ]
    ],
    "location": [
      -47.0560237214531,
      -13.872238753214333,
      1.1406400325730033
    ],
    "rotation": [
      -0.02617131131724659,
      -0.0015717007185127151,
      0.007283484298507207
    ]
  },
  {
    "label_id": "nIkRugAGG0nTBKZGfO4uEw",
    "size": [
      1.8637469243193887,
      4.217077508524435,
      1.5500000000000114
    ],
    "obj_class": "vehicle",
    "point_num_in_lidar": 46,
    "speed": 0.0,
    "if_vehicle": true,
    "motion_state": false,
    "pose": [
      [
        0.9993871200005692,
        -0.03496113180397442,
        -0.001761715060116896,
        -35.61190845734822
      ],
      [
        0.03499527634381804,
        0.9990451363944962,
        0.026156186268689603,
        -54.7578144154395
      ],
      [
        0.0008455829868937591,
        -0.026201807370631998,
        0.9996563160806441,
        1.5768798584549018
      ],
      [
        0.0,
        0.0,
        0.0,
        1.0
      ]
    ],
    "location": [
      -35.61190845734822,
      -54.7578144154395,
      1.5768798584549018
    ],
    "rotation": [
      -0.026204815742780056,
      -0.0008455830876605896,
      0.0350024357423288
    ]
  },
  {
    "label_id": "slzRePUL32VlVCupH5t8lw",
    "size": [
      2.92162329526266,
      10.613183625004126,
      3.6399999999999864
    ],
    "obj_class": "vehicle",
    "point_num_in_lidar": 558,
    "speed": 12.795262423954844,
    "if_vehicle": true,
    "motion_state": true,
    "pose": [
      [
        -0.9983841427372196,
        -0.05679788632435083,
        -0.001761715060116896,
        -106.6573242611386
      ],
      [
        0.05673253659256446,
        -0.998046728971971,
        0.026156186268689603,
