[
  {
    "label_id": "-jGx5h2KM1RTCWtkALlTPg",
    "size": [
      1.9723911586541787,
      4.593513203435377,
      1.6999999999999886
    ],
    "obj_class": "vehicle",
    "point_num_in_lidar": 186,
    "speed": 12.116450147112493,
    "if_vehicle": true,
    "motion_state": true,
    "pose": [
      [
        -0.9999522387496739,
        0.0014988461142540145,
        0.009657829975769852,
        -52.63694665198517
      ],
      [
        -0.0012246856851884406,
        -0.9995978459191923,
        0.02833101796058404,
        0.8974546322388051
      ],
      [
        0.009696409876216432,
        0.02831783702962192,
        0.9995519394916285,
        1.0807731598152372
      ],
      [
        0.0,
        0.0,
        0.0,
        1.0
      ]
    ],
    "location": [
      -52.63694665198517,
      0.8974546322388051,
      1.0807731598152372
    ],
    "rotation": [
      0.02832295492911098,
      -0.009696561825977185,
      -3.1403679100216624
    ]
  },
  {
    "label_id": "1YQ_kpgKHcSW4kqTyRAkOQ",
    "size": [
      2.1139927526196196,
      4.388851756526188,
      1.6100000000000136
    ],
    "obj_class": "vehicle",
    "point_num_in_lidar": 5297,
    "speed": 8.652534967004812,
    "if_vehicle": true,
    "motion_state": true,
    "pose": [
      [
        -0.9996252405476903,
        -0.025614542356472838,
        0.009657829975769852,
        -12.187612945271212
      ],
      [
        0.0258789929347681,
        -0.9992635443895665,
        0.02833101796058404,
        3.5526282357222954
      ],
      [
        0.008925031353146212,
        0.028570335557517892,
        0.9995519394916285,
        0.9140565861620757
      ],
      [
        0.0,
        0.0,
        0.0,
        1.0
      ]
    ],
    "location": [
      -12.187612945271212,
      3.5526282357222954,
      0.9140565861620757
    ],
    "rotation": [
      0.028575362243690266,
      -0.008925149846384605,
      3.1157097400432603
    ]
  },
  {
    "label_id": "2geLnJ4dNoqnnCkA3l0v-Q",
    "size": [
      2.340519833018332,
      5.096364475401939,
      2.0
    ],
    "obj_class": "vehicle",
    "point_num_in_lidar": 1371,
    "speed": 12.272531179558408,
    "if_vehicle": true,
    "motion_state": true,
    "pose": [
      [
        0.9999533620725314,
        5.373774854576531e-16,
        0.009657829975769852,
        -17.105250343931004
      ],
      [
        -0.0002736289159898798,
        0.9995985586967067,
        0.02833101796058404,
        -16.86462115516406
      ],
      [
        -0.009653952923917379,
        -0.028332339322170365,
        0.9995519394916285,
        1.21373148300529
      ],
      [
        0.0,
        0.0,
        0.0,
        1.0
      ]
    ],
    "location": [
      -17.105250343931004,
      -16.86462115516406,
      1.21373148300529
    ],
    "rotation": [
      -0.02833745208082773,
      0.009654102886356125,
      -0.00027364167124053926
    ]
  },
  {
    "label_id": "4iGaZtbzD4XFf7YLTHe1Sg",
    "size": [
      0.9999999999986795,
      1.0,
      1.9499999999999886
    ],
    "obj_class": "pedestrian",
    "point_num_in_lidar": 24,
    "speed": 0.011584009471464332,
    "if_vehicle": false,
    "motion_state": false,
    "pose": [
      [
        -0.965832334297121,
        0.2589876992181939,
        0.009657829975769852,
        -59.27315703227103
      ],
      [
        -0.25863151324177736,
        -0.965560507570388,
        0.02833101796058404,
        -25.85962425947946
      ],
      [
        0.016662604371553837,
        0.024865194028619385,
        0.9995519394916285,
        1.3359040188601625
      ],
      [
        0.0,
        0.0,
        0.0,
        1.0
      ]
    ],
    "location": [
      -59.27315703227103,
      -25.85962425947946,
      1.3359040188601625
    ],
    "rotation": [
      0.024871210611099485,
      -0.016663375508771016,
      -2.8799502319424928
    ]
  },
  {
    "label_id": "97LGRvZi3-yunSqGxMM_Jw",
    "size": [
      2.733011944225519,
      6.870703637231516,
      2.9699999999999704
    ],
    "obj_class": "vehicle",
    "point_num_in_lidar": 436,
    "speed": 0.033691861998468686,
    "if_vehicle": true,
    "motion_state": false,
    "pose": [
      [
        -0.9999460916536832,
        0.0038131491818189115,
        0.009657829975769852,
        -55.194816019761674
      ],
      [
        -0.0035381692740167063,
        -0.9995923342940888,
        0.02833101796058404,
        12.127785281547403
      ],
      [
        0.009761923207651707,
        0.028295319644982365,
        0.9995519394916285,
        1.6990504119985985
      ],
      [
        0.0,
        0.0,
        0.0,
        1.0
      ]
    ],
    "location": [
      -55.194816019761674,
      12.127785281547403,
      1.6990504119985985
    ],
    "rotation": [
      0.028300445502928588,
      -0.009762078258281598,
      -3.138054308335274
    ]
  },
  {
    "label_id": "AaB0H-SNWGrrmu6BOxOx3g",
    "size": [
      1.9255438066377395,
      4.384545949004037,
      1.8999999999999773
    ],
    "obj_class": "vehicle",
    "point_num_in_lidar": 35,
    "speed": 5.687116766346677e-13,
    "if_vehicle": true,
    "motion_state": false,
    "pose": [
      [
        -0.017601582603768512,
        0.9997984349907745,
        0.009657829975769852,
        11.563095583817812
      ],
      [
        -0.9994388700595647,
        -0.0178689237330514,
        0.02833101796058404,
        -59.95454349215834
      ],
      [
        0.028497882445951254,
        -0.009153739925328745,
        0.9995519394916285,
        1.6020919378458416
      ],
      [
        0.0,
        0.0,
        0.0,
        1.0
      ]
    ],
    "location": [
      11.563095583817812,
      -59.95454349215834,
      1.6020919378458416
    ],
    "rotation": [
      -0.009157587195247313,
      -0.02850174118389729,
      -1.5884059712453484
    ]
  },
  {
    "label_id": "BXDlU3DIkqaT24ZzQeHqcw",
    "size": [
      1.022061076784695,
      1.090747265971741,
      1.0500000000000114
    ],
    "obj_class": "pedestrian",
    "point_num_in_lidar": 28,
    "speed": 0.050885724077294386,
    "if_vehicle": false,
    "motion_state": false,
    "pose": [
      [
        -0.38463672285552664,
        0.9230175067414051,
        0.009657829975769852,
        -61.68111265184686
      ],
      [
        -0.9225847491016238,
        -0.3847528221422303,
        0.02833101796058404,
        18.855312470626814
      ],
      [
        0.029865902900371527,
        0.001986983258458339,
        0.9995519394916285,
        0.8143554111342723
      ],
      [
        0.0,
        0.0,
        0.0,
        1.0
      ]
    ],
    "location": [
      -61.68111265184686,
      18.855312470626814,
      0.8143554111342723
    ],
    "rotation": [
      0.0019878713278195514,
      -0.029870344609082576,
      -1.9657965342870904
    ]
  },
  {
    "label_id": "Ga0feveMqrXZh2Y0ZZ4I6A",
    "size": [
      1.7461204438912288,
      4.004460509402721,
      1.5300000000000296
    ],
    "obj_class": "vehicle",
    "point_num_in_lidar": 59,
    "speed": 0.02788087924480581,
    "if_vehicle": true,
    "motion_state": false,
    "pose": [
      [
        0.036472783329336705,
        0.9992879777103147,
        0.009657829975769852,
        -12.582398687791624
      ],
      [
        -0.9989433908997528,
        0.0361863952200358,
        0.02833101796058404,
        -60.464289289477165
      ],
      [
        0.02796136359183551,
        -0.010680936504304742,
        0.9995519394916285,
        1.6319542665325457
      ],
      [
        0.0,
        0.0,
        0.0,
        1.0
      ]
    ],
    "location": [
      -12.582398687791624,
      -60.464289289477165,
      1.6319542665325457
    ],
    "rotation": [
      -0.010685317667826131,
      -0.027965008416412866,
      -1.5343011764469603
    ]
  },
  {
    "label_id": "LrTZhVUAGYTUkncIjh4pHw",
    "size": [
      1.7509685992957433,
      2.3537852381629554,
      1.7300000000000182
    ],
    "obj_class": "vehicle",
    "point_num_in_lidar": 203,
    "speed": 0.0074628992962021065,
    "if_vehicle": true,
    "motion_state": false,
    "pose": [
      [
        -0.99977628912085,
        0.018817492710290405,
        0.009657829975769852,
        -49.460500446672086
      ],
      [
        -0.018537235427509426,
        -0.9994266978243188,
        0.02833101796058404,
        12.05613874822484
      ],
      [
        0.01018541184478078,
        0.028145650535669156,
        0.9995519394916285,
        1.0986658847623971
      ],
      [
        0.0,
        0.0,
        0.0,
        1.0
      ]
    ],
    "location": [
      -49.460500446672086,
      12.05613874822484,
      1.0986658847623971
    ],
    "rotation": [
      0.028150828564162993,
      -0.01018558796321185,
      -3.1230533945517758
    ]
  },
  {
    "label_id": "N0xEeDcPODmUZyZL7O9KhQ",
    "size": [
      1.998722883719899,
      4.597254965828016,
      1.920000000000016
    ],
    "obj_class": "vehicle",
    "point_num_in_lidar": 84,
    "speed": 0.007175455346332259,
    "if_vehicle": true,
    "motion_state": false,
    "pose": [
      [
        0.9999533620725314,
        9.814666953077157e-16,
        0.009657829975769852,
        -34.99142149408698
      ],
      [
        -0.0002736289159903234,
        0.9995985586967067,
        0.02833101796058404,
        -41.135609857043164
      ],
      [
        -0.009653952923917365,
        -0.02833233932217037,
        0.9995519394916285,
        1.7153900533532465
      ],
      [
        0.0,
        0.0,
        0.0,
        1.0
      ]
    ],
    "location": [
      -34.99142149408698,
      -41.135609857043164,
      1.7153900533532465
    ],
    "rotation": [
      -0.028337452080827732,
      0.009654102886356111,
      -0.00027364167124098286
    ]
  },
  {
    "label_id": "NXvHjeEjHAm4M20-7kGTYQ",
    "size": [
      2.1901589706560913,
      4.47866627860887,
      1.8899999999999864
    ],
    "obj_class": "vehicle",
    "point_num_in_lidar": 220,
    "speed": 0.04328962223387806,
    "if_vehicle": true,
    "motion_state": false,
    "pose": [
      [
        0.9866636908651897,
        -0.16248534533440495,
        0.009657829975769852,
        -49.65903635736427
      ],
      [
        0.1621576999884809,
        0.9863580656920502,
        0.02833101796058404,
        -4.1922512650908175
      ],
      [
        -0.01412945373068378,
        -0.02638709525120718,
        0.9995519394916285,
        1.4238738025562725
      ],
      [
        0.0,
        0.0,
        0.0,
        1.0
      ]
    ],
    "location": [
      -49.65903635736427,
      -4.1922512650908175,
      1.4238738025562725
    ],
    "rotation": [
      -0.02639279363149991,
      0.014129923910393707,
      0.1628933087410007
    ]
  },
  {
    "label_id": "Sv6Kp_7Yn7_dppLzJAxahA",
    "size": [
      2.2878795860021075,
      4.83846683002856,
      2.0
    ],
    "obj_class": "vehicle",
    "point_num_in_lidar": 1448,
    "speed": 9.461344588354565,
    "if_vehicle": true,
    "motion_state": true,
    "pose": [
      [
        -0.9999492739517752,
        -0.0028593431897638868,
        0.009657829975769852,
        -31.593364170715006
      ],
      [
        0.003131956435140035,
        -0.9995936895910285,
        0.02833101796058404,
        4.271505782935492
      ],
      [
        0.009572897795657946,
        0.028359828742742812,
        0.9995519394916285,
        1.1378695433083976
      ],
      [
        0.0,
        0.0,
        0.0,
        1.0
      ]
    ],
    "location": [
      -31.593364170715006,
      4.271505782935492,
      1.1378695433083976
    ],
    "rotation": [
      0.028364931724137243,
      -0.009573044012340583,
      3.1384605485169303
    ]
  },
  {
    "label_id": "c-Q-RtXcVA34W3hfnuENdg",
    "size": [
      2.965465019237314,
      7.449051383300613,
      3.3899999999999864
    ],
    "obj_class": "vehicle",
    "point_num_in_lidar": 838,
    "speed": 10.31630518095812,
    "if_vehicle": true,
    "motion_state": true,
    "pose": [
      [
        0.9991990224165508,
        -0.03883348969598783,
        0.009657829975769852,
        -49.29551497747903
      ],
      [
        0.038546288302909446,
        0.998855113156751,
        0.02833101796058404,
        -17.25387149290691
      ],
      [
        -0.010746965147345444,
        -0.027936051951654807,
        0.9995519394916285,
        2.1389682358612845
      ],
      [
        0.0,
        0.0,
        0.0,
        1.0
      ]
    ],
    "location": [
      -49.29551497747903,
      -17.25387149290691,
      2.1389682358612845
    ],
    "rotation": [
      -0.02794130092305334,
      0.010747172032269301,
      0.03855806798563464
    ]
  },
  {
    "label_id": "gy9mAZLClR19nDtkUsKYAA",
    "size": [
      1.924199149292684,
      4.640621657728636,
      1.740000000000009
    ],
    "obj_class": "vehicle",
    "point_num_in_lidar": 32,
    "speed": 4.440892098500626e-15,
    "if_vehicle": true,
    "motion_state": false,
    "pose": [
      [
        0.9999533620725314,
        9.814666953077157e-16,
        0.009657829975769852,
        -35.24436293139058
      ],
      [
        -0.0002736289159903234,
        0.9995985586967067,
        0.02833101796058404,
        -36.498409425204954
      ],
      [
        -0.009653952923917365,
        -0.02833233932217037,
        0.9995519394916285,
        1.5297421349661704
      ],
      [
        0.0,
        0.0,
        0.0,
        1.0
      ]
    ],
    "location": [
      -35.24436293139058,
      -36.498409425204954,
      1.5297421349661704
    ],
    "rotation": [
      -0.028337452080827732,
      0.009654102886356111,
      -0.00027364167124098286
    ]
  },
  {
    "label_id": "i5j529DQ3xVIaMhN_CqDdg",
    "size": [
      1.1681500733672083,
      1.1867695902315556,
      1.839999999999975
    ],
    "obj_class": "pedestrian",
    "point_num_in_lidar": 51,
    "speed": 0.0,
    "if_vehicle": false,
    "motion_state": false,
    "pose": [
      [
        -0.9383572697665138,
        0.34553199648729094,
        0.009657829975769852,
        -63.01984315798566
      ],
      [
        -0.3451526211926673,
        -0.9381188738668187,
        0.02833101796058404,
        20.033506547457364
      ],
      [
        0.01884946577930432,
        0.023251191332029623,
        0.9995519394916285,
        1.4025287734733638
      ],
      [
        0.0,
        0.0,
        0.0,
        1.0
      ]
    ],
    "location": [
      -63.01984315798566,
      20.033506547457364,
      1.4025287734733638
    ],
    "rotation": [
      0.02325741966366204,
      -0.018850582167755026,
      -2.7891259091263034
    ]
  },
  {
    "label_id": "iHup_TyQroYLLb9o9b4nUQ",
    "size": [
      1.9549742437232547,
      4.55316170265996,
      1.6100000000000136
    ],
    "obj_class": "vehicle",
    "point_num_in_lidar": 68,
    "speed": 0.015005733408545463,
    "if_vehicle": true,
    "motion_state": false,
    "pose": [
      [
        0.013147988333124696,
        0.9998669195062667,
        0.009657829975769852,
        0.272034696461958
      ],
      [
        -0.9995157446395774,
        0.012869717903204571,
        0.02833101796058404,
        -60.10447955455129
      ],
      [
        0.028202954107380607,
        -0.010025649013445343,
        0.9995519394916285,
        1.5190793332938028
      ],
      [
        0.0,
        0.0,
        0.0,
        1.0
      ]
    ],
    "location": [
      0.272034696461958,
      -60.10447955455129,
      1.5190793332938028
    ],
    "rotation": [
      -0.01002980678803354,
      -0.02820669424899058,
      -1.5576427270453135
    ]
  },
  {
    "label_id": "iS--Vq4c9quQ_K-Ckea5OQ",
    "size": [
      0.9073869867057542,
      0.11923040422253371,
      0.970231929654517
    ],
    "obj_class": "sign",
    "point_num_in_lidar": 51,
    "speed": 0.011444964663156358,
    "if_vehicle": false,
    "motion_state": false,
    "pose": [
      [
        0.9991161733960598,
        0.040909636744580584,
        0.009657829975769852,
        -59.2658433218304
      ],
      [
        -0.04116852101665953,
        0.9987504724898095,
        0.02833101796058404,
        17.28661769502105
      ],
      [
        -0.008486750598154704,
        -0.028703576829526574,
        0.9995519394916285,
        3.3063943928060553
      ],
      [
        0.0,
        0.0,
        0.0,
        1.0
      ]
    ],
    "location": [
      -59.2658433218304,
      17.28661769502105,
      3.3063943928060553
    ],
    "rotation": [
      -0.028708553917272756,
      0.00848685247773449,
      -0.041181642871331046
    ]
  },
  {
    "label_id": "iXTQZojLqoKlsbwX2uyUog",
    "size": [
      2.015323130729732,
      4.453522781562739,
      1.4499999999999886
    ],
    "obj_class": "vehicle",
    "point_num_in_lidar": 101,
    "speed": 5.687116766346677e-13,
    "if_vehicle": true,
    "motion_state": false,
    "pose": [
      [
        0.01853131682432584,
        -0.9997816344667048,
        0.009657829975769852,
        1.044120580205231
      ],
      [
        0.9994218210826233,
        0.018798323468059756,
        0.02833101796058404,
        39.29491860755479
      ],
      [
        -0.028506382454622323,
        0.009127234952307007,
        0.9995519394916285,
        0.344809647236616
      ],
      [
        0.0,
        0.0,
        0.0,
        1.0
      ]
    ],
    "location": [
      1.044120580205231,
      39.29491860755479,
      0.344809647236616
    ],
    "rotation": [
      0.009131072558316865,
      0.028510244647256024,
      1.5522564138788968
    ]
  },
  {
    "label_id": "ijjnSXQKMTGVXZdwniRX4Q",
    "size": [
      2.9725772655692624,
      7.057856682623538,
      3.2299999999999613
    ],
    "obj_class": "vehicle",
    "point_num_in_lidar": 176,
    "speed": 0.03419936762785317,
    "if_vehicle": true,
    "motion_state": false,
    "pose": [
      [
        -0.19968402146942163,
        -0.979812746339809,
        0.009657829975769852,
        -24.061492628422343
      ],
      [
        0.9795197311264442,
        -0.1993450519960188,
        0.02833101796058404,
        -39.58155445169905
      ],
      [
        -0.025833851895873748,
        0.015117286619822833,
        0.9995519394916285,
        2.0406813665614436
      ],
      [
        0.0,
        0.0,
        0.0,
        1.0
      ]
    ],
    "location": [
      -24.061492628422343,
      -39.58155445169905,
      2.0406813665614436
    ],
    "rotation": [
      0.015122910127753198,
      0.025836726292586588,
      1.7718998013906841
    ]
  },
  {
    "label_id": "slzRePUL32VlVCupH5t8lw",
    "size": [
      2.921623295263512,
      10.613183625004126,
      3.6399999999999864
    ],
    "obj_class": "vehicle",
    "point_num_in_lidar": 953,
    "speed": 10.156199928004144,
    "if_vehicle": true,
    "motion_state": true,
    "pose": [
      [
        -0.9996690784168674,
        -0.023842398732723927,
        0.009657829975769852,
        -55.74968944882687
      ],
      [
        0.02410749009875297,
        -0.9993078516365492,
        0.02833101796058404,
        4.384944474466465
      ],
      [
        0.00897566589783743,
        0.028554468655785075,
        0.9995519394916285,
        2.0420205997147036
      ],
      [
        0.0,
        0.0,
        0.0,
        1.0
      ]
    ],
    "location": [
      -55.74968944882687,
      4.384944474466465,
      2.0420205997147036
    ],
    "rotation": [
      0.02855950118066889,
      -0.008975786419337897,
      3.117481856362342
    ]
  },
  {
    "label_id": "wXjYVrS_dk7sP6eAi61Mlg",
    "size": [
      2.0873318631274755,
      4.614035761484056,
      1.5699999999999932
    ],
    "obj_class": "vehicle",
    "point_num_in_lidar": 100,
    "speed": 13.76388748751527,
    "if_vehicle": true,
    "motion_state": true,
    "pose": [
      [
        0.9999533620725315,
        -7.948901440925347e-16,
        0.009657829975769852,
        -29.90863548963887
      ],
      [
        -0.00027362891598854894,
        0.9995985586967067,
        0.02833101796058404,
        -13.81184048799878
      ],
      [
        -0.009653952923917417,
        -0.028332339322170354,
        0.9995519394916285,
        1.0134732383826872
      ],
      [
        0.0,
        0.0,
        0.0,
        1.0
      ]
    ],
    "location": [
      -29.90863548963887,
      -13.81184048799878,
      1.0134732383826872
    ],
    "rotation": [
      -0.02833745208082772,
      0.009654102886356163,
      -0.0002736416712392083
    ]
  }
]