[
  {
    "label_id": "0dItGO83CJ_wt_3rDsNP2w",
    "size": [
      0.5982410950696808,
      0.1706041126485065,
      0.6399999999999864
    ],
    "obj_class": "sign",
    "point_num_in_lidar": 37,
    "speed": 0.03419737679623313,
    "if_vehicle": false,
    "motion_state": false,
    "pose": [
      [
        -0.20933319737140524,
        0.9777325464757151,
        0.014787834201748102,
        -65.10567671766674
      ],
      [
        -0.9774433461191787,
        -0.20965648625523342,
        0.025468861349744392,
        37.1356222014183
      ],
      [
        0.02800210002138597,
        -0.009122791964261303,
        0.9995662344543103,
        1.694260364534955
      ],
      [
        0.0,
        0.0,
        0.0,
        1.0
      ]
    ],
    "location": [
      -65.10567671766674,
      37.1356222014183,
      1.694260364534955
    ],
    "rotation": [
      -0.00912649743489341,
      -0.028005760803187486,
      -1.781773306528921
    ]
  },
  {
    "label_id": "0lL4WpaXe4oMs38v5QTFMA",
    "size": [
      2.0766298951026863,
      4.991979895020037,
      1.579999999999984
    ],
    "obj_class": "vehicle",
    "point_num_in_lidar": 68,
    "speed": 8.363972611294038,
    "if_vehicle": true,
    "motion_state": true,
    "pose": [
      [
        0.9994996738655415,
        -0.027959290089307937,
        0.014787834201748102,
        -114.40524525759776
      ],
      [
        0.027576751936346126,
        0.9992951815425654,
        0.025468861349744392,
        -18.88663723967875
      ],
      [
        -0.015489502745979093,
        -0.025048318177338793,
        0.9995662344543103,
        1.4618798584552906
      ],
      [
        0.0,
        0.0,
        0.0,
        1.0
      ]
    ],
    "location": [
      -114.40524525759776,
      -18.88663723967875,
      1.4618798584552906
    ],
    "rotation": [
      -0.025053944551684217,
      0.015490122198565805,
      0.02758355840804403
    ]
  },
  {
    "label_id": "20Y4i40d8raHY1Clo4K4wg",
    "size": [
      0.7999212305811714,
      0.15511676600605773,
      0.7769746969505036
    ],
    "obj_class": "sign",
    "point_num_in_lidar": 79,
    "speed": 0.03314169452387752,
    "if_vehicle": false,
    "motion_state": false,
    "pose": [
      [
        -0.20933319737305345,
        0.977732546475362,
        0.014787834201748102,
        -65.08523260376626
      ],
      [
        -0.9774433461188252,
        -0.20965648625688116,
        0.025468861349744392,
        37.132889604657976
      ],
      [
        0.028002100021401348,
        -0.009122791964214096,
        0.9995662344543103,
        2.4316615900369243
      ],
      [
        0.0,
        0.0,
        0.0,
        1.0
      ]
    ],
    "location": [
      -65.08523260376626,
      37.132889604657976,
      2.4316615900369243
    ],
    "rotation": [
      -0.009126497434846188,
      -0.028005760803202866,
      -1.7817733065306074
    ]
  },
  {
    "label_id": "2gBQINdyd96o4z3Zr-BlXg",
    "size": [
      0.8037584934951642,
      0.6746490747898556,
      1.8500000000000227
    ],
    "obj_class": "pedestrian",
    "point_num_in_lidar": 229,
    "speed": 0.14257867414191042,
    "if_vehicle": false,
    "motion_state": false,
    "pose": [
      [
        -0.9556706451920499,
        -0.2940662134245158,
        0.014787834201748102,
        -80.13510725750433
      ],
      [
        0.29436296250262994,
        -0.9553542711519234,
        0.025468861349744392,
        -9.149218598031439
      ],
      [
        0.0066380889483732075,
        0.02869283384304137,
        0.9995662344543103,
        1.5355524140107946
      ],
      [
        0.0,
        0.0,
        0.0,
        1.0
      ]
    ],
    "location": [
      -80.13510725750433,
      -9.149218598031439,
      1.5355524140107946
    ],
    "rotation": [
      0.028697404780587646,
      -0.006638137699713938,
      2.8427969878566945
    ]
  },
  {
    "label_id": "4iGaZtbzD4XFf7YLTHe1Sg",
    "size": [
      0.9999999999985777,
      1.0,
      1.9499999999999886
    ],
    "obj_class": "pedestrian",
    "point_num_in_lidar": 98,
    "speed": 0.509965304504393,
    "if_vehicle": false,
    "motion_state": false,
    "pose": [
      [
        0.01720764142673353,
        0.999742575384359,
        0.014787834201748102,
        -59.21126097193749
      ],
      [
        -0.9995339805337478,
        0.01682732479953184,
        0.025468861349744392,
        -26.28570527157717
      ],
      [
        0.02521346534870618,
        -0.015219201816799971,
        0.9995662344543103,
        1.4908692143571898
      ],
      [
        0.0,
        0.0,
        0.0,
        1.0
      ]
    ],
    "location": [
      -59.21126097193749,
      -26.28570527157717,
      1.4908692143571898
    ],
    "rotation": [
      -0.015224629835513667,
      -0.025216137559027782,
      -1.5535823630187802
    ]
  },
  {
    "label_id": "6UnIBe0cOQDEznFzk4-t7g",
    "size": [
      2.171826345057725,
      4.895286408426708,
      2.0
    ],
    "obj_class": "vehicle",
    "point_num_in_lidar": 138,
    "speed": 5.703435146019825e-13,
    "if_vehicle": true,
    "motion_state": false,
    "pose": [
      [
        -0.9983943758569712,
        0.05468080300060112,
        0.014787834201748102,
        -85.10398647734677
      ],
      [
        -0.054292932559081124,
        -0.9982001876255496,
        0.025468861349744392,
        -51.71350847689973
      ],
      [
        0.01615387666487547,
        0.02462509304605541,
        0.9995662344543103,
        2.180800436658785
      ],
      [
        0.0,
        0.0,
        0.0,
        1.0
      ]
    ],
    "location": [
      -85.10398647734677,
      -51.71350847689973,
      2.180800436658785
    ],
    "rotation": [
      0.02463079701676662,
      -0.016154579300297844,
      -3.087265916507591
    ]
  },
  {
    "label_id": "7-k0-aAqBFIwuvVcth1ugQ",
    "size": [
      2.6543306808974214,
      7.4845826403753275,
      2.2900000000000205
    ],
    "obj_class": "vehicle",
    "point_num_in_lidar": 59,
    "speed": 0.0017181400678135464,
    "if_vehicle": true,
    "motion_state": false,
    "pose": [
      [
        -0.03968788137229399,
        0.9991026934363656,
        0.014787834201748102,
        -88.38498632975173
      ],
      [
        -0.9988728030373101,
        -0.04005571686956101,
        0.025468861349744392,
        57.7210431817075
      ],
      [
        0.026038345273186204,
        -0.01376036025201507,
        0.9995662344543103,
        0.6659495927133889
      ],
      [
        0.0,
        0.0,
        0.0,
        1.0
      ]
    ],
    "location": [
      -88.38498632975173,
      57.7210431817075,
      0.6659495927133889
    ],
    "rotation": [
      -0.013765462083405884,
      -0.026041288484402084,
      -1.610508106037909
    ]
  },
  {
    "label_id": "7H_jvU9tURSLSp0yi3ZSOA",
    "size": [
      1.442285466271308,
      1.1313572277526598,
      1.8899999999999864
    ],
    "obj_class": "pedestrian",
    "point_num_in_lidar": 360,
    "speed": 0.7268641117376248,
    "if_vehicle": false,
    "motion_state": false,
    "pose": [
      [
        0.4349752088216209,
        -0.9003209914637162,
        0.014787834201748102,
        -81.31291889648446
      ],
      [
        0.8999634428716262,
        0.43522079292721816,
        0.025468861349744392,
        -4.488985128524291
      ],
      [
        -0.02936612342881484,
        0.0022301868967660333,
        0.9995662344543103,
        1.4568268530550768
      ],
      [
        0.0,
        0.0,
        0.0,
        1.0
      ]
    ],
    "location": [
      -81.31291889648446,
      -4.488985128524291,
      1.4568268530550768
    ],
    "rotation": [
      0.0022311509925433104,
      0.029370345807669458,
      1.1205771454957165
    ]
  },
  {
    "label_id": "9OU84eagvEJrB0PWmD5Zkg",
    "size": [
      2.0890316481136115,
      4.993037200368213,
      1.6999999999999886
    ],
    "obj_class": "vehicle",
    "point_num_in_lidar": 117,
    "speed": 9.04397104367871,
    "if_vehicle": true,
    "motion_state": true,
    "pose": [
      [
        0.9997627178620001,
        -0.015994621996417775,
        0.014787834201748102,
        -95.15378948889403
      ],
      [
        0.015614558741273384,
        0.999553661719501,
        0.025468861349744392,
        -18.437882066569728
      ],
      [
        -0.015188598635226525,
        -0.025231912538071496,
        0.9995662344543103,
        1.3408696860738587
      ],
      [
        0.0,
        0.0,
        0.0,
        1.0
      ]
    ],
    "location": [
      -95.15378948889403,
      -18.437882066569728,
      1.3408696860738587
    ],
    "rotation": [
      -0.025237502469391947,
      0.015189182681094936,
      0.01561699494024086
    ]
  },
  {
    "label_id": "AXKZxZOE2J4qe-CaUmIcQw",
    "size": [
      1.8770925018553262,
      4.241708010517512,
      1.7699999999999818
    ],
    "obj_class": "vehicle",
    "point_num_in_lidar": 50,
    "speed": 1.990015233685411e-12,
    "if_vehicle": true,
    "motion_state": false,
    "pose": [
      [
        -0.9986310184918308,
        0.050173786637949344,
        0.014787834201748102,
        -84.53197504032862
      ],
      [
        -0.04978679665631048,
        -0.9984350815051776,
        0.025468861349744392,
        -62.92957285135344
      ],
      [
        0.016042561661781005,
        0.0246977560551328,
        0.9995662344543103,
        1.759357480744427
      ],
      [
        0.0,
        0.0,
        0.0,
        1.0
      ]
    ],
    "location": [
      -84.53197504032862,
      -62.92957285135344,
      1.759357480744427
    ],
    "rotation": [
      0.024703447334946508,
      -0.016043249870552174,
      -3.091778850139967
    ]
  },
  {
    "label_id": "AdBkVx0b9kPemMNsgkGfrA",
    "size": [
      1.466639919466755,
      1.0272516549106756,
      1.240000000000009
    ],
    "obj_class": "pedestrian",
    "point_num_in_lidar": 38,
    "speed": 0.020126304548180752,
    "if_vehicle": false,
    "motion_state": false,
    "pose": [
      [
        0.10732836111790009,
        -0.994113646852998,
        0.014787834201748102,
        -90.95459840340338
      ],
      [
        0.9938593488016145,
        0.10767976551413057,
        0.025468861349744392,
        -28.169437631317123
      ],
      [
        -0.026911293156893844,
        0.011963496121728515,
        0.9995662344543103,
        0.9639929265095475
      ],
      [
        0.0,
        0.0,
        0.0,
        1.0
      ]
    ],
    "location": [
      -90.95459840340338,
      -28.169437631317123,
      0.9639929265095475
    ],
    "rotation": [
      0.01196811627241885,
      0.026914542488425355,
      1.4632217191527948
    ]
  },
  {
    "label_id": "BXDlU3DIkqaT24ZzQeHqcw",
    "size": [
      1.0220610767846914,
      1.090747265971741,
      1.0500000000000114
    ],
    "obj_class": "pedestrian",
    "point_num_in_lidar": 141,
    "speed": 0.05268754458087701,
    "if_vehicle": false,
    "motion_state": false,
    "pose": [
      [
        -0.38461260190364915,
        0.9229596233945051,
        0.014787834201748102,
        -62.11508291778313
      ],
      [
        -0.9226161766779621,
        -0.3848775488823513,
        0.025468861349744392,
        19.02473033377828
      ],
      [
        0.029198236060494365,
        -0.0038478500213159606,
        0.9995662344543103,
        0.8437769587545176
      ],
      [
        0.0,
        0.0,
        0.0,
        1.0
      ]
    ],
    "location": [
      -62.11508291778313,
      19.02473033377828,
      0.8437769587545176
    ],
    "rotation": [
      -0.003849500795454609,
      -0.029202386415650084,
      -1.9657621624838084
    ]
  },
  {
    "label_id": "DQ-_y0xNV9wEGOZY-vEraw",
    "size": [
      2.02339234521747,
      4.400605866043123,
      1.9499999999999886
    ],
    "obj_class": "vehicle",
    "point_num_in_lidar": 35,
    "speed": 5.684385254002266e-13,
    "if_vehicle": true,
    "motion_state": false,
    "pose": [
      [
        -0.9990642098633203,
        0.040645104622832204,
        0.014787834201748102,
        -84.15122656455095
      ],
      [
        -0.04026000138260965,
        -0.998864590117309,
        0.025468861349744392,
        -70.30993858017428
      ],
      [
        0.01580622848283661,
        0.02484966961509266,
        0.9995662344543103,
        1.9584295954567779
      ],
      [
        0.0,
        0.0,
        0.0,
        1.0
      ]
    ],
    "location": [
      -84.15122656455095,
      -70.30993858017428,
      1.9584295954567779
    ],
    "rotation": [
      0.024855333519008198,
      -0.01580688671992172,
      -3.1013167340031536
    ]
  },
  {
    "label_id": "Fww1o1EB4na9AHpv_SA6vw",
    "size": [
      1.9997895331551803,
      4.800593639312353,
      1.5600000000000023
    ],
    "obj_class": "vehicle",
    "point_num_in_lidar": 798,
    "speed": 9.140540562750521,
    "if_vehicle": true,
    "motion_state": true,
    "pose": [
      [
        0.998613018452202,
        -0.05053077614092081,
        0.014787834201748102,
        -78.70851959162346
      ],
      [
        0.05014371614004481,
        0.998417219820058,
        0.025468861349744392,
        -18.257652261190742
      ],
      [
        -0.016051389642297388,
        -0.02469201954847037,
        0.9995662344543103,
        1.2031064852075701
      ],
      [
        0.0,
        0.0,
        0.0,
        1.0
      ]
    ],
    "location": [
      -78.70851959162346,
      -18.257652261190742,
      1.2031064852075701
    ],
    "rotation": [
      -0.024697711839661712,
      0.016052078987914598,
      0.0501712225266674
    ]
  },
  {
    "label_id": "GtCjV-L_DOEpw0nZQ3Dy6w",
    "size": [
      0.9397652133884549,
      0.9370266590153165,
      1.1100000000000136
    ],
    "obj_class": "sign",
    "point_num_in_lidar": 49,
    "speed": 0.015520986330682322,
    "if_vehicle": false,
    "motion_state": false,
    "pose": [
      [
        0.9998906540015371,
        1.8787031440552812e-15,
        0.014787834201748102,
        -62.56356410325404
      ],
      [
        -0.00037667048635963134,
        0.9996755449749144,
        0.025468861349744392,
        -22.271816479968038
      ],
      [
        -0.014783036214631163,
        -0.02547164657237137,
        0.9995662344543103,
        0.8610825505380717
      ],
      [
        0.0,
        0.0,
        0.0,
        1.0
      ]
    ],
    "location": [
      -62.56356410325404,
      -22.271816479968038,
      0.8610825505380717
    ],
    "rotation": [
      -0.02547718635442459,
      0.014783574710511276,
      -0.0003767116604542963
    ]
  },
  {
    "label_id": "L6NBNCs9w739OKU74AEm5g",
    "size": [
      0.5234836372050911,
      0.08567682497549381,
      0.44999999999998863
    ],
    "obj_class": "sign",
    "point_num_in_lidar": 24,
    "speed": 0.027701622418314198,
    "if_vehicle": false,
    "motion_state": false,
    "pose": [
      [
        0.12818537719945752,
        0.9916399694606175,
        0.014787834201748102,
        -94.07462485611774
      ],
      [
        -0.9914749243533783,
        0.12778423799518554,
        0.025468861349744392,
        18.535942672910096
      ],
      [
        0.023366288765987706,
        -0.01792650239548617,
        0.9995662344543103,
        3.158690621565597
      ],
      [
        0.0,
        0.0,
        0.0,
        1.0
      ]
    ],
    "location": [
      -94.07462485611774,
      18.535942672910096,
      3.158690621565597
    ],
    "rotation": [
      -0.01793235925503426,
      -0.023368415556394115,
      -1.4422219829082028
    ]
  },
  {
    "label_id": "Q6fs_63CkqvoTcB1qAcIFA",
    "size": [
      2.5817557177114385,
      5.077991374472059,
      2.1399999999999864
    ],
    "obj_class": "vehicle",
    "point_num_in_lidar": 284,
    "speed": 2.8421709430404007e-13,
    "if_vehicle": true,
    "motion_state": false,
    "pose": [
      [
        0.6057132522410373,
        0.795545583872607,
        0.014787834201748102,
        -113.99894396238153
      ],
      [
        -0.7956026153779081,
        0.6052832522921644,
        0.025468861349744392,
        -10.840260225890233
      ],
      [
        0.011310811793061485,
        -0.027192066405715396,
        0.9995662344543103,
        1.8087662307925712
      ],
      [
        0.0,
        0.0,
        0.0,
        1.0
      ]
    ],
    "location": [
      -113.99894396238153,
      -10.840260225890233,
      1.8087662307925712
    ],
    "rotation": [
      -0.027197158740244917,
      -0.011311052980719967,
      -0.9200856617935556
    ]
  },
  {
    "label_id": "Sv6Kp_7Yn7_dppLzJAxahA",
    "size": [
      2.287879586003699,
      4.83846683002856,
      2.0
    ],
    "obj_class": "vehicle",
    "point_num_in_lidar": 253,
    "speed": 10.363220537075575,
    "if_vehicle": true,
    "motion_state": true,
    "pose": [
      [
        -0.018391894122888944,
        -0.9997214903112738,
        0.014787834201748102,
        -71.57093490213572
      ],
      [
        0.9995133461185688,
        -0.01801133066737755,
        0.025468861349744392,
        41.094251712193
      ],
      [
        -0.025195419453435623,
        0.015249058246210897,
        0.9995662344543103,
        0.753237634821744
      ],
      [
        0.0,
        0.0,
        0.0,
        1.0
      ]
    ],
    "location": [
      -71.57093490213572,
      41.094251712193,
      0.753237634821744
    ],
    "rotation": [
      0.015254492284777548,
      0.025198085929071502,
      1.5891950993953916
    ]
  },
  {
    "label_id": "TF-e0qfWBKlF_b0k2fIi4w",
    "size": [
      1.920728059520026,
      4.463873919194776,
      1.5600000000000023
    ],
    "obj_class": "vehicle",
    "point_num_in_lidar": 803,
    "speed": 8.191790542805965,
    "if_vehicle": true,
    "motion_state": true,
    "pose": [
      [
        0.9990920394009498,
        -0.039955184460500046,
        0.014787834201748102,
        -58.91071518699229
      ],
      [
        0.03957021916084983,
        0.9988921537669168,
        0.025468861349744392,
        -17.610709954344202
      ],
      [
        -0.015789064608560173,
        -0.02486057878685867,
        0.9995662344543103,
        1.1401734310205711
      ],
      [
        0.0,
        0.0,
        0.0,
        1.0
      ]
    ],
    "location": [
      -58.91071518699229,
      -17.610709954344202,
      1.1401734310205711
    ],
    "rotation": [
      -0.02486624068080516,
      0.0157897207034875,
      0.039585490076685145
    ]
  },
  {
    "label_id": "WASi6kOEGcG25GLiTIITRg",
    "size": [
      2.612012477036314,
      7.188040993103449,
      2.4399999999999977
    ],
    "obj_class": "vehicle",
    "point_num_in_lidar": 663,
    "speed": 0.011486934526031094,
    "if_vehicle": true,
    "motion_state": false,
    "pose": [
      [
        -0.009152735209345633,
        0.999848762262478,
        0.014787834201748102,
        -88.34007130332841
      ],
      [
        -0.9996302143058904,
        -0.009527420863326365,
        0.025468861349744392,
        36.430530822255605
      ],
      [
        0.025605899416873742,
        -0.014549256128195683,
        0.9995662344543103,
        1.6358509536039492
      ],
      [
        0.0,
        0.0,
        0.0,
        1.0
      ]
    ],
    "location": [
      -88.34007130332841,
      36.430530822255605,
      1.6358509536039492
    ],
    "rotation": [
      -0.014554542026813359,
      -0.025608698379013518,
      -1.579952191953241
    ]
  },
  {
    "label_id": "_2HZ08b-MNnh1BO8JN8aMw",
    "size": [
      0.9494860446133001,
      0.09810092609221567,
      0.7900000000000205
    ],
    "obj_class": "sign",
    "point_num_in_lidar": 24,
    "speed": 0.005043009981512477,
    "if_vehicle": false,
    "motion_state": false,
    "pose": [
      [
        0.02935336892233921,
        0.9994597038863201,
        0.014787834201748102,
        -65.0659617639559
      ],
      [
        -0.9992557453279646,
        0.0289705459148004,
        0.025468861349744392,
        61.82591833921833
      ],
      [
        0.025026688993215078,
        -0.015524425170285119,
        0.9995662344543103,
        1.9056472514425877
      ],
      [
        0.0,
        0.0,
        0.0,
        1.0
      ]
    ],
    "location": [
      -65.0659617639559,
      61.82591833921833,
      1.9056472514425877
    ],
    "rotation": [
      -0.01552991344056364,
      -0.02502930224571346,
      -1.5414295401845242
    ]
  },
  {
    "label_id": "gReOadgSa6ggtDSZ_bnQ5Q",
    "size": [
      1.1020334662251141,
      0.8957830059557224,
      1.1000000000000227
    ],
    "obj_class": "pedestrian",
    "point_num_in_lidar": 57,
    "speed": 0.044692889868940724,
    "if_vehicle": false,
    "motion_state": false,
    "pose": [
      [
        -0.6335582048339066,
        -0.7735536962921575,
        0.014787834201748102,
        -92.91760360701105
      ],
      [
        0.7736259484871467,
        -0.6331304991302426,
        0.025468861349744392,
        18.655866873166815
      ],
      [
        -0.010338902988239194,
        0.02757625833630577,
        0.9995662344543103,
        1.162717657520318
      ],
      [
        0.0,
        0.0,
        0.0,
        1.0
      ]
    ],
    "location": [
      -92.91760360701105,
      18.655866873166815,
      1.162717657520318
    ],
    "rotation": [
      0.027581229126196323,
      0.010339087189679474,
      2.2569836731831905
    ]
  },
  {
    "label_id": "i5j529DQ3xVIaMhN_CqDdg",
    "size": [
      1.1681500733692447,
      1.1867695902315556,
      1.839999999999975
    ],
    "obj_class": "pedestrian",
    "point_num_in_lidar": 261,
    "speed": 0.4634305255583579,
    "if_vehicle": false,
    "motion_state": false,
    "pose": [
      [
        0.05596014604984534,
        -0.9983234856566792,
        0.014787834201748102,
        -63.543116726688936
      ],
      [
        0.9980876329384447,
        0.05632418731663936,
        0.025468861349744392,
        21.345691784616065
      ],
      [
        -0.026259075181970164,
        0.01333431323385398,
        0.9995662344543103,
        1.2837773322995076
      ],
      [
        0.0,
        0.0,
        0.0,
        1.0
      ]
    ],
    "location": [
      -63.543116726688936,
      21.345691784616065,
      1.2837773322995076
    ],
    "rotation": [
      0.013339308466988524,
      0.026262093894950562,
      1.5147875989812662
    ]
  },
  {
    "label_id": "iHBa2LA3ziDFWThMzfxSrQ",
    "size": [
      1.154851635836964,
      1.0708842660739963,
      1.25
    ],
    "obj_class": "sign",
    "point_num_in_lidar": 94,
    "speed": 0.0,
    "if_vehicle": false,
    "motion_state": false,
    "pose": [
      [
        0.06212935177341129,
        0.997958548040868,
        0.014787834201748102,
        -88.341122513244
      ],
      [
        -0.9977672595255049,
        0.06174004308802427,
        0.025468861349744392,
        17.729811577084547
      ],
      [
        0.024503866372050608,
        -0.016337180651862244,
        0.9995662344543103,
        1.05927611425858
      ],
      [
        0.0,
        0.0,
        0.0,
        1.0
      ]
    ],
    "location": [
      -88.341122513244,
      17.729811577084547,
      1.05927611425858
    ],
    "rotation": [
      -0.01634281508991756,
      -0.024506319216272814,
      -1.5086082379724643
    ]
  },
  {
    "label_id": "jcMjZDvyQh7S9D1-oC8sUA",
    "size": [
      2.524604496703221,
      5.794295811722223,
      1.8600000000000136
    ],
    "obj_class": "vehicle",
    "point_num_in_lidar": 122,
    "speed": 2.8435583831733384e-13,
    "if_vehicle": true,
    "motion_state": false,
    "pose": [
      [
        -0.9998799008145518,
        -0.004637230499292107,
        0.014787834201748102,
        -65.21777013011135
      ],
      [
        0.005012899315574147,
        -0.9996630472024057,
        0.025468861349744392,
        -40.020661225473305
      ],
      [
        0.014664746419010185,
        0.025539932484190765,
        0.9995662344543103,
        2.1537250825595606
      ],
      [
        0.0,
        0.0,
        0.0,
        1.0
      ]
    ],
    "location": [
      -65.21777013011135,
      -40.020661225473305,
      2.1537250825595606
    ],
    "rotation": [
      0.025545457447153464,
      -0.014665272090537685,
      3.136579194161262
    ]
  },
  {
    "label_id": "piSZshXXJoBYeTBgNxYSAA",
    "size": [
      1.8486870772821093,
      4.196742963788994,
      1.670000000000016
    ],
    "obj_class": "vehicle",
    "point_num_in_lidar": 43,
    "speed": 2.8150724210412736e-28,
    "if_vehicle": true,
    "motion_state": false,
    "pose": [
      [
        0.9964894113477595,
        -0.0824025062204876,
        0.014787834201748102,
        -84.88072985496453
      ],
      [
        0.08200938956062684,
        0.9963060760255559,
        0.025468861349744392,
        -46.20897618727213
      ],
      [
        -0.016831907072261208,
        -0.02416670939829537,
        0.9995662344543103,
        1.7987392663258674
      ],
      [
        0.0,
        0.0,
        0.0,
        1.0
      ]
    ],
    "location": [
      -84.88072985496453,
      -46.20897618727213,
      1.7987392663258674
    ],
    "rotation": [
      -0.02417248746400281,
      0.016832701956889094,
      0.08211325404565736
    ]
  },
  {
    "label_id": "svBSez9P1pi2LRX0iLADRg",
    "size": [
      1.1415801481534433,
      0.14765088546556446,
      0.7844704607815061
    ],
    "obj_class": "sign",
    "point_num_in_lidar": 48,
    "speed": 0.018156760638965368,
    "if_vehicle": false,
    "motion_state": false,
    "pose": [
      [
        0.19307834547641553,
        -0.9810718997442092,
        0.014787834201748102,
        -92.5688609730951
      ],
      [
        0.9807881043766248,
        0.1934063892813641,
        0.025468861349744392,
        24.90193091461515
      ],
      [
        -0.02784684580696716,
        0.009586246263991464,
        0.9995662344543103,
        3.2101196137929264
      ],
      [
        0.0,
        0.0,
        0.0,
        1.0
      ]
    ],
    "location": [
      -92.5688609730951,
      24.90193091461515,
      3.2101196137929264
    ],
    "rotation": [
      0.00959011223929427,
      0.027850446021418545,
      1.3764214208935037
    ]
  },
  {
    "label_id": "tHiLYp-JdD1GE2Xou2SH_g",
    "size": [
      2.2812866277286727,
      4.608025198634581,
      2.009999999999991
    ],
    "obj_class": "vehicle",
    "point_num_in_lidar": 91,
    "speed": 8.526541741130118e-13,
    "if_vehicle": true,
    "motion_state": false,
    "pose": [
      [
        0.996877955661235,
        -0.0775606954345978,
        0.014787834201748102,
        -84.78771647126429
      ],
      [
        0.07716847403666005,
        0.9966927127838353,
        0.025468861349744392,
        -35.84062509402065
      ],
      [
        -0.01671430918495142,
        -0.0242481918356966,
        0.9995662344543103,
        1.9791817343484581
      ],
      [
        0.0,
        0.0,
        0.0,
        1.0
      ]
    ],
    "location": [
      -84.78771647126429,
      -35.84062509402065,
      1.9791817343484581
    ],
    "rotation": [
      -0.024253957478044114,
      0.016715087523692558,
      0.07725608309027435
    ]
  },
  {
    "label_id": "tkAwnC0RmnNm52uw7Er9_w",
    "size": [
      0.7246966419424684,
      0.7938529633716231,
      0.8600000000000136
    ],
    "obj_class": "pedestrian",
    "point_num_in_lidar": 46,
    "speed": 0.0027907135203258,
    "if_vehicle": false,
    "motion_state": false,
    "pose": [
      [
        -0.9986182900789614,
        0.05042648787485648,
        0.014787834201748102,
        -60.83589202665942
      ],
      [
        -0.05003944832389778,
        -0.9984224510261113,
        0.025468861349744392,
        -26.586666306477127
      ],
      [
        0.01604881089711638,
        0.024693695705979152,
        0.9995662344543103,
        0.9168798584556157
      ],
      [
        0.0,
        0.0,
        0.0,
        1.0
      ]
    ],
    "location": [
      -60.83589202665942,
      -26.586666306477127,
      0.9168798584556157
    ],
    "rotation": [
      0.024699387701822798,
      -0.01604949991051965,
      -3.091525845498637
    ]
  },
  {
    "label_id": "tme8SKJXoDfayi5l40MZCg",
    "size": [
      2.5358432169388943,
      6.373996801546928,
      1.9800000000000182
    ],
    "obj_class": "vehicle",
    "point_num_in_lidar": 217,
    "speed": 5.684385254002266e-13,
    "if_vehicle": true,
    "motion_state": false,
    "pose": [
      [
        -0.028292970818883274,
        0.999490283975719,
        0.014787834201748102,
        -88.44430098472642
      ],
      [
        -0.9992646027892006,
        -0.028663403742203004,
        0.025468861349744392,
        44.31217846099753
      ],
      [
        0.025879749125191705,
        -0.01405636951876387,
        0.9995662344543103,
        1.060563137047211
      ],
      [
        0.0,
        0.0,
        0.0,
        1.0
      ]
    ],
    "location": [
      -88.44430098472642,
      44.31217846099753,
      1.060563137047211
    ],
    "rotation": [
      -0.01406154247804751,
      -0.025882638872456388,
      -1.5991025570210422
    ]
  },
  {
    "label_id": "x3_8SCCVCIWb3aFrS7pNiA",
    "size": [
      0.9479286807154345,
      0.9719301561155778,
      1.089999999999975
    ],
    "obj_class": "sign",
    "point_num_in_lidar": 77,
    "speed": 0.009045122414882817,
    "if_vehicle": false,
    "motion_state": false,
    "pose": [
      [
        0.9991885317903474,
        0.037464621955539845,
        0.014787834201748102,
        -61.42024059126743
      ],
      [
        -0.03783296808458602,
        0.998959460452454,
        0.025468861349744392,
        -20.7449408245011
      ],
      [
        -0.013818265613332395,
        -0.02600766183781791,
        0.9995662344543103,
        0.8687577986807469
      ],
      [
        0.0,
        0.0,
        0.0,
        1.0
      ]
    ],
    "location": [
      -61.42024059126743,
      -20.7449408245011,
      0.8687577986807469
    ],
    "rotation": [
      -0.0260130788599472,
      0.013818705404677301,
      -0.03784561427197552
    ]
  },
  {
    "label_id": "x7Qs85q0os6vyZ8t_1jsug",
    "size": [
      2.2620183681880635,
      5.030003373164531,
      1.7699999999999818
    ],
    "obj_class": "vehicle",
    "point_num_in_lidar": 94,
    "speed": 9.202530029526189,
    "if_vehicle": true,
    "motion_state": true,
    "pose": [
      [
        0.9993553522641659,
        -0.03271390928315694,
        0.014787834201748102,
        -117.97650339209278
      ],
      [
        0.03233040262447394,
        0.99915268211004,
        0.025468861349744392,
        -15.895493702615568
      ],
      [
        -0.01560849022501604,
        -0.024974346272254526,
        0.9995662344543103,
        1.5552271059033842
      ],
      [
        0.0,
        0.0,
        0.0,
        1.0
      ]
    ],
    "location": [
      -117.97650339209278,
      -15.895493702615568,
      1.5552271059033842
    ],
    "rotation": [
      -0.024979986851885808,
      0.015609124064160002,
      0.03233997855433284
    ]
  },
  {
    "label_id": "xOy_CuD_0CJtCeashJjsYg",
    "size": [
      2.033297876234565,
      5.08331781141132,
      1.8600000000000136
    ],
    "obj_class": "vehicle",
    "point_num_in_lidar": 41,
    "speed": 5.688677041670493e-13,
    "if_vehicle": true,
    "motion_state": false,
    "pose": [
      [
        0.9989943580137869,
        -0.04232720893519387,
        0.014787834201748102,
        -84.66158185626142
      ],
      [
        0.041941770133587845,
        0.9987953869635205,
        0.025468861349744392,
        -54.50475629074208
      ],
      [
        -0.015848046399579492,
        -0.024823020850566722,
        0.9995662344543103,
        1.9652054519033868
      ],
      [
        0.0,
        0.0,
        0.0,
        1.0
      ]
    ],
    "location": [
      -84.66158185626142,
      -54.50475629074208,
      1.9652054519033868
    ],
    "rotation": [
      -0.024828689639537375,
      0.015848709875309973,
      0.04195934928246902
    ]
  },
  {
    "label_id": "yCCQR1Os652xmVMKFns4qw",
    "size": [
      2.0898409986633095,
      4.588581830183225,
      1.9800000000000182
    ],
    "obj_class": "vehicle",
    "point_num_in_lidar": 89,
    "speed": 8.529403544899535e-13,
    "if_vehicle": true,
    "motion_state": false,
    "pose": [
      [
        0.9983167888612693,
        -0.05607948856173523,
        0.014787834201748102,
        -84.33673511156395
      ],
      [
        0.05569134644535047,
        0.998123144222521,
        0.025468861349744392,
        -40.2154904364761
      ],
      [
        -0.01618836028843356,
        -0.024602437480923757,
        0.9995662344543103,
        2.0810602355010133
      ],
      [
        0.0,
        0.0,
        0.0,
        1.0
      ]
    ],
    "location": [
      -84.33673511156395,
      -40.2154904364761,
      2.0810602355010133
    ],
    "rotation": [
      -0.024608145355305484,
      0.01618906743356339,
      0.05572748482790358
    ]
  },
  {
    "label_id": "yt4iVsGB3GEo7xeAptjybw",
    "size": [
      2.305701028850285,
      4.802346978210001,
      1.8999999999999773
    ],
    "obj_class": "vehicle",
    "point_num_in_lidar": 379,
    "speed": 9.42918654010234,
    "if_vehicle": true,
    "motion_state": true,
    "pose": [
      [
        0.9991058785025285,
        -0.039607619233078754,
        0.014787834201748102,
        -93.32576308822763
      ],
      [
        0.0392227234926712,
        0.9989058589593741,
        0.025468861349744392,
        -15.01847908164018
      ],
      [
        -0.01578041518808675,
        -0.024866069961344835,
        0.9995662344543103,
        1.4819142849134437
      ],
      [
        0.0,
        0.0,
        0.0,
        1.0
      ]
    ],
    "location": [
      -93.32576308822763,
      -15.01847908164018,
      1.4819142849134437
    ],
    "rotation": [
      -0.02487173084132665,
      0.01578107020527644,
      0.039237675636826584
    ]
  }
]