[
  {
    "label_id": "0dItGO83CJ_wt_3rDsNP2w",
    "size": [
      0.5982410950696838,
      0.1706041126485065,
      0.6399999999999864
    ],
    "obj_class": "sign",
    "point_num_in_lidar": 37,
    "speed": 0.017191737465430578,
    "if_vehicle": false,
    "motion_state": false,
    "pose": [
      [
        -0.2093426121588155,
        0.9777765201224182,
        0.011346692549725703,
        -65.08619105108642
      ],
      [
        -0.9774484574021127,
        -0.20957352365080448,
        0.02595094038403776,
        37.09113265096494
      ],
      [
        0.027752186522037117,
        -0.005658169481373275,
        0.9995988201580502,
        1.611281737552531
      ],
      [
        0.0,
        0.0,
        0.0,
        1.0
      ]
    ],
    "location": [
      -65.08619105108642,
      37.09113265096494,
      1.611281737552531
    ],
    "rotation": [
      -0.0056603798824885945,
      -0.02775575013827134,
      -1.781781445314094
    ]
  },
  {
    "label_id": "1YQ_kpgKHcSW4kqTyRAkOQ",
    "size": [
      2.113992752619654,
      4.388851756526188,
      1.6100000000000136
    ],
    "obj_class": "vehicle",
    "point_num_in_lidar": 4972,
    "speed": 1.1827249610218167,
    "if_vehicle": true,
    "motion_state": true,
    "pose": [
      [
        -0.9999355761538683,
        0.0003100161500997045,
        0.011346692549725703,
        -56.44194581826787
      ],
      [
        -1.5455395872682224e-05,
        -0.9996632175159367,
        0.02595094038403776,
        4.549280115534202
      ],
      [
        0.011350916393052229,
        0.025949093157022284,
        0.9995988201580502,
        0.9718105056533659
      ],
      [
        0.0,
        0.0,
        0.0,
        1.0
      ]
    ],
    "location": [
      -56.44194581826787,
      4.549280115534202,
      0.9718105056533659
    ],
    "rotation": [
      0.02595367860846327,
      -0.011351160155445666,
      -3.1415771971981616
    ]
  },
  {
    "label_id": "20Y4i40d8raHY1Clo4K4wg",
    "size": [
      0.7999212305811697,
      0.15511676600605773,
      0.7769746969505036
    ],
    "obj_class": "sign",
    "point_num_in_lidar": 50,
    "speed": 0.016301521500523032,
    "if_vehicle": false,
    "motion_state": false,
    "pose": [
      [
        -0.20934261216043426,
        0.9777765201220716,
        0.011346692549725703,
        -65.08036551732354
      ],
      [
        -0.9774484574017658,
        -0.20957352365242268,
        0.02595094038403776,
        37.09334224859049
      ],
      [
        0.027752186522046484,
        -0.005658169481327331,
        0.9995988201580502,
        2.284690182491886
      ],
      [
        0.0,
        0.0,
        0.0,
        1.0
      ]
    ],
    "location": [
      -65.08036551732354,
      37.09334224859049,
      2.284690182491886
    ],
    "rotation": [
      -0.005660379882442633,
      -0.02775575013828071,
      -1.7817814453157503
    ]
  },
  {
    "label_id": "2gBQINdyd96o4z3Zr-BlXg",
    "size": [
      0.803758493495166,
      0.6746490747898556,
      1.8500000000000227
    ],
    "obj_class": "pedestrian",
    "point_num_in_lidar": 120,
    "speed": 0.015164947365345599,
    "if_vehicle": false,
    "motion_state": false,
    "pose": [
      [
        -0.9557136266019145,
        -0.2940794390901855,
        0.011346692549725703,
        -80.09035047697415
      ],
      [
        0.29428076513415524,
        -0.9553666207091601,
        0.02595094038403776,
        -9.30015374229697
      ],
      [
        0.0032086133254565817,
        0.028140780713434104,
        0.9995988201580502,
        1.451877261035463
      ],
      [
        0.0,
        0.0,
        0.0,
        1.0
      ]
    ],
    "location": [
      -80.09035047697415,
      -9.30015374229697,
      1.451877261035463
    ],
    "rotation": [
      0.028144641084238843,
      -0.0032086188310344577,
      2.842888196083151
    ]
  },
  {
    "label_id": "34QvoR6V_imNZ02CTvcFLg",
    "size": [
      1.9026241168053502,
      4.357864290621819,
      1.5500000000000114
    ],
    "obj_class": "vehicle",
    "point_num_in_lidar": 33,
    "speed": 1.1369030711563004e-12,
    "if_vehicle": true,
    "motion_state": false,
    "pose": [
      [
        -0.9985471093058126,
        0.05267753852627908,
        0.011346692549725703,
        -84.97223997495975
      ],
      [
        -0.052369118221594374,
        -0.9982905509669401,
        0.02595094038403776,
        -43.08326108930305
      ],
      [
        0.012694327618991466,
        0.025319020220687705,
        0.9995988201580502,
        1.9519954291757244
      ],
      [
        0.0,
        0.0,
        0.0,
        1.0
      ]
    ],
    "location": [
      -84.97223997495975,
      -43.08326108930305,
      1.9519954291757244
    ],
    "rotation": [
      0.025323767069167107,
      -0.012694668583639114,
      -3.0891953426677246
    ]
  },
  {
    "label_id": "4iGaZtbzD4XFf7YLTHe1Sg",
    "size": [
      0.999999999999851,
      1.0,
      1.9499999999999886
    ],
    "obj_class": "pedestrian",
    "point_num_in_lidar": 99,
    "speed": 0.08721140366197128,
    "if_vehicle": false,
    "motion_state": false,
    "pose": [
      [
        -0.7367503583521832,
        0.6760696428890381,
        0.011346692549725703,
        -59.437208804076846
      ],
      [
        -0.6756684664041923,
        -0.7367487171350833,
        0.02595094038403776,
        -25.958273089452632
      ],
      [
        0.02590430417780774,
        0.01145276227368292,
        0.9995988201580502,
        1.3359040188602762
      ],
      [
        0.0,
        0.0,
        0.0,
        1.0
      ]
    ],
    "location": [
      -59.437208804076846,
      -25.958273089452632,
      1.3359040188602762
    ],
    "rotation": [
      0.011456857434622172,
      -0.02590720216003114,
      -2.399413862683637
    ]
  },
  {
    "label_id": "6UnIBe0cOQDEznFzk4-t7g",
    "size": [
      2.1718263450577258,
      4.895286408426708,
      2.0
    ],
    "obj_class": "vehicle",
    "point_num_in_lidar": 21,
    "speed": 3.3306690738754696e-14,
    "if_vehicle": true,
    "motion_state": false,
    "pose": [
      [
        -0.9984392787721023,
        0.054683262276733105,
        0.011346692549725703,
        -85.10398647734671
      ],
      [
        -0.05437432723311403,
        -0.9981833404896769,
        0.02595094038403776,
        -51.71350847689973
      ],
      [
        0.012745161552142734,
        0.02529346942678416,
        0.9995988201580502,
        2.1685527887333365
      ],
      [
        0.0,
        0.0,
        0.0,
        1.0
      ]
    ],
    "location": [
      -85.10398647734671,
      -51.71350847689973,
      2.1685527887333365
    ],
    "rotation": [
      0.02529822239278595,
      -0.0127455066295543,
      -3.0871870737430815
    ]
  },
  {
    "label_id": "7-k0-aAqBFIwuvVcth1ugQ",
    "size": [
      2.654330680897421,
      7.4845826403753275,
      2.2900000000000205
    ],
    "obj_class": "vehicle",
    "point_num_in_lidar": 111,
    "speed": 0.0017181400970959439,
    "if_vehicle": true,
    "motion_state": false,
    "pose": [
      [
        -0.039689666339850244,
        0.9991476282081708,
        0.011346692549725703,
        -88.38488798962999
      ],
      [
        -0.9988637045436463,
        -0.03997309643407048,
        0.02595094038403776,
        57.71692013061147
      ],
      [
        0.0263823829699809,
        -0.010303815189489004,
        0.9995988201580502,
        0.6875264370146397
      ],
      [
        0.0,
        0.0,
        0.0,
        1.0
      ]
    ],
    "location": [
      -88.38488798962999,
      57.71692013061147,
      0.6875264370146397
    ],
    "rotation": [
      -0.01030758546827092,
      -0.026385444417878077,
      -1.6105102515673986
    ]
  },
  {
    "label_id": "7H_jvU9tURSLSp0yi3ZSOA",
    "size": [
      1.4422854662717357,
      1.1313572277526598,
      1.8899999999999864
    ],
    "obj_class": "pedestrian",
    "point_num_in_lidar": 127,
    "speed": 0.8344510523047974,
    "if_vehicle": false,
    "motion_state": false,
    "pose": [
      [
        0.18596637505657157,
        -0.982490590243235,
        0.011346692549725703,
        -81.22344468495774
      ],
      [
        0.9821681272830409,
        0.18620504408449431,
        0.02595094038403776,
        -6.41760188738408
      ],
      [
        -0.02760936612171514,
        0.006318357459891831,
        0.9995988201580502,
        1.451824060012143
      ],
      [
        0.0,
        0.0,
        0.0,
        1.0
      ]
    ],
    "location": [
      -81.22344468495774,
      -6.41760188738408,
      1.451824060012143
    ],
    "rotation": [
      0.0063208090958675155,
      0.027612874990056106,
      1.38366884508478
    ]
  },
  {
    "label_id": "8uBYsb-Gpcz4kEOFtaDN9Q",
    "size": [
      1.7404913752688989,
      4.142263119424243,
      1.9599999999999795
    ],
    "obj_class": "vehicle",
    "point_num_in_lidar": 31,
    "speed": 2.847716647714797e-13,
    "if_vehicle": true,
    "motion_state": false,
    "pose": [
      [
        0.9999356242119698,
        -7.303929329183027e-16,
        0.011346692549725703,
        -35.68665881059388
      ],
      [
        -0.00029447629905701483,
        0.9996631742626579,
        0.02595094038403776,
        -70.29387855043933
      ],
      [
        -0.011342870691641267,
        -0.02595261110382899,
        0.9995988201580502,
        1.8970168113053774
      ],
      [
        0.0,
        0.0,
        0.0,
        1.0
      ]
    ],
    "location": [
      -35.68665881059388,
      -70.29387855043933,
      1.8970168113053774
    ],
    "rotation": [
      -0.02595719559675995,
      0.011343113936034616,
      -0.0002944952489076747
    ]
  },
  {
    "label_id": "97LGRvZi3-yunSqGxMM_Jw",
    "size": [
      2.7330119442255163,
      6.870703637231516,
      2.9699999999999704
    ],
    "obj_class": "vehicle",
    "point_num_in_lidar": 9624,
    "speed": 0.0077206770413487955,
    "if_vehicle": true,
    "motion_state": false,
    "pose": [
      [
        -0.9999283539220895,
        0.003813081541553781,
        0.011346692549725703,
        -55.15707628271946
      ],
      [
        -0.0035175684428065774,
        -0.9996570288881254,
        0.02595094038403776,
        12.200161030988966
      ],
      [
        0.011441754013730161,
        0.025909168333298007,
        0.9995988201580502,
        1.6268798584552542
      ],
      [
        0.0,
        0.0,
        0.0,
        1.0
      ]
    ],
    "location": [
      -55.15707628271946,
      12.200161030988966,
      1.6268798584552542
    ],
    "rotation": [
      0.025913764617792854,
      -0.011442003675563627,
      -3.1380748476199196
    ]
  },
  {
    "label_id": "9OU84eagvEJrB0PWmD5Zkg",
    "size": [
      2.089031648111333,
      4.993037200368213,
      1.6999999999999886
    ],
    "obj_class": "vehicle",
    "point_num_in_lidar": 42,
    "speed": 7.8562137583698615,
    "if_vehicle": true,
    "motion_state": true,
    "pose": [
      [
        0.9994481996353799,
        -0.031217764394326865,
        0.011346692549725703,
        -114.81050951373032
      ],
      [
        0.030914925813599167,
        0.9991850759769803,
        0.02595094038403776,
        -19.037244414279485
      ],
      [
        -0.012147576200105224,
        -0.025585838487267122,
        0.9995988201580502,
        1.3356425337810833
      ],
      [
        0.0,
        0.0,
        0.0,
        1.0
      ]
    ],
    "location": [
      -114.81050951373032,
      -19.037244414279485,
      1.3356425337810833
    ],
    "rotation": [
      -0.025590519471314226,
      0.012147874976639982,
      0.030922134635727554
    ]
  },
  {
    "label_id": "9c2B8y2r5Bvrgoj_U5Y_JA",
    "size": [
      2.0352301871742213,
      4.669215735306136,
      1.7900000000000205
    ],
    "obj_class": "vehicle",
    "point_num_in_lidar": 407,
    "speed": 9.974755840475543,
    "if_vehicle": true,
    "motion_state": true,
    "pose": [
      [
        0.9996289422584673,
        -0.024763488595099886,
        0.011346692549725703,
        -74.67371971501646
      ],
      [
        0.02446235536685121,
        0.999363868599966,
        0.02595094038403776,
        -14.691506733914139
      ],
      [
        -0.011982110378540526,
        -0.025663744261318417,
        0.9995988201580502,
        1.219575518648469
      ],
      [
        0.0,
        0.0,
        0.0,
        1.0
      ]
    ],
    "location": [
      -74.67371971501646,
      -14.691506733914139,
      1.219575518648469
    ],
    "rotation": [
      -0.02566840532885137,
      0.011982397110932345,
      0.024466552521042368
    ]
  },
  {
    "label_id": "AXKZxZOE2J4qe-CaUmIcQw",
    "size": [
      1.8770925018553328,
      4.241708010517512,
      1.7699999999999818
    ],
    "obj_class": "vehicle",
    "point_num_in_lidar": 31,
    "speed": 1.990015233685411e-12,
    "if_vehicle": true,
    "motion_state": false,
    "pose": [
      [
        -0.998675932049995,
        0.05017604321043825,
        0.011346692549725703,
        -84.53197504032865
      ],
      [
        -0.04986826654421534,
        -0.9984186019326059,
        0.02595094038403776,
        -62.92957285135162
      ],
      [
        0.012630864418117236,
        0.025350739687137778,
        0.9995988201580502,
        1.7593574807443133
      ],
      [
        0.0,
        0.0,
        0.0,
        1.0
      ]
    ],
    "location": [
      -84.53197504032865,
      -62.92957285135162,
      1.7593574807443133
    ],
    "rotation": [
      0.025355478895160502,
      -0.012631200294255027,
      -3.09169971138827
    ]
  },
  {
    "label_id": "BXDlU3DIkqaT24ZzQeHqcw",
    "size": [
      1.0220610767848608,
      1.090747265971741,
      1.0500000000000114
    ],
    "obj_class": "pedestrian",
    "point_num_in_lidar": 119,
    "speed": 0.04624562655496498,
    "if_vehicle": false,
    "motion_state": false,
    "pose": [
      [
        -0.353138949913579,
        0.9355020762254441,
        0.011346692549725703,
        -62.02616673262665
      ],
      [
        -0.935143184577239,
        -0.3533182319551654,
        0.02595094038403776,
        18.98391975537561
      ],
      [
        0.02828615195947798,
        -0.0014464943688803423,
        0.9995988201580502,
        0.7132954461451959
      ],
      [
        0.0,
        0.0,
        0.0,
        1.0
      ]
    ],
    "location": [
      -62.02616673262665,
      18.98391975537561,
      0.7132954461451959
    ],
    "rotation": [
      -0.0014470738960930334,
      -0.02828992530672274,
      -1.931871530418408
    ]
  },
  {
    "label_id": "D5j3i75zBvzZL7edy7Vfkg",
    "size": [
      1.082218413997939,
      1.1221680693460732,
      1.079999999999984
    ],
    "obj_class": "sign",
    "point_num_in_lidar": 245,
    "speed": 0.0071945957969164155,
    "if_vehicle": false,
    "motion_state": false,
    "pose": [
      [
        0.9994017926704396,
        -0.03266970118157891,
        0.011346692549725703,
        -59.19145995152127
      ],
      [
        0.032366480661910786,
        0.9991391092449271,
        0.02595094038403776,
        8.881290452236499
      ],
      [
        -0.012184733754736471,
        -0.025568163836303698,
        0.9995988201580502,
        0.6231903547363231
      ],
      [
        0.0,
        0.0,
        0.0,
        1.0
      ]
    ],
    "location": [
      -59.19145995152127,
      8.881290452236499,
      0.6231903547363231
    ],
    "rotation": [
      -0.025572849295600626,
      0.012185035281522478,
      0.032374538672542766
    ]
  },
  {
    "label_id": "Fww1o1EB4na9AHpv_SA6vw",
    "size": [
      1.9997895331551843,
      4.800593639312353,
      1.5600000000000023
    ],
    "obj_class": "vehicle",
    "point_num_in_lidar": 109,
    "speed": 8.906912838487209,
    "if_vehicle": true,
    "motion_state": true,
    "pose": [
      [
        0.9986579312008119,
        -0.05053304876906151,
        0.011346692549725703,
        -101.15214317842549
      ],
      [
        0.05022518013159498,
        0.9984007111245128,
        0.02595094038403776,
        -18.79781580825147
      ],
      [
        -0.01263992604658694,
        -0.02534622275943095,
        0.9995988201580502,
        1.0432081821072074
      ],
      [
        0.0,
        0.0,
        0.0,
        1.0
      ]
    ],
    "location": [
      -101.15214317842549,
      -18.79781580825147,
      1.0432081821072074
    ],
    "rotation": [
      -0.025350963058586095,
      0.012640262646170438,
      0.050250337949200106
    ]
  },
  {
    "label_id": "GtCjV-L_DOEpw0nZQ3Dy6w",
    "size": [
      0.9397652133884539,
      0.9370266590153165,
      1.1100000000000136
    ],
    "obj_class": "sign",
    "point_num_in_lidar": 30,
    "speed": 0.015520986199971807,
    "if_vehicle": false,
    "motion_state": false,
    "pose": [
      [
        0.9999356242119698,
        -7.303929329183027e-16,
        0.011346692549725703,
        -62.550482738232404
      ],
      [
        -0.00029447629905701483,
        0.9996631742626579,
        0.02595094038403776,
        -22.306701010931647
      ],
      [
        -0.011342870691641267,
        -0.02595261110382899,
        0.9995988201580502,
        0.7784918966756891
      ],
      [
        0.0,
        0.0,
        0.0,
        1.0
      ]
    ],
    "location": [
      -62.550482738232404,
      -22.306701010931647,
      0.7784918966756891
    ],
    "rotation": [
      -0.02595719559675995,
      0.011343113936034616,
      -0.0002944952489076747
    ]
  },
  {
    "label_id": "IRBl4-265z8DyVSL_Ay_RA",
    "size": [
      1.8959271415915337,
      4.818296796365432,
      1.8799999999999955
    ],
    "obj_class": "vehicle",
    "point_num_in_lidar": 43,
    "speed": 2.8421709430404007e-13,
    "if_vehicle": true,
    "motion_state": false,
    "pose": [
      [
        0.9999356242119698,
        1.577854867818226e-16,
        0.011346692549725703,
        -34.70737046475102
      ],
      [
        -0.0002944762990579027,
        0.9996631742626579,
        0.02595094038403776,
        -49.413149303713
      ],
      [
        -0.011342870691641244,
        -0.025952611103829,
        0.9995988201580502,
        1.6331195104864378
      ],
      [
        0.0,
        0.0,
        0.0,
        1.0
      ]
    ],
    "location": [
      -34.70737046475102,
      -49.413149303713,
      1.6331195104864378
    ],
    "rotation": [
      -0.02595719559675996,
      0.011343113936034594,
      -0.00029449524890856263
    ]
  },
  {
    "label_id": "J4VvYddmPcAryqS-UZ_20A",
    "size": [
      1.8756481209093212,
      4.310370117695685,
      1.8899999999999864
    ],
    "obj_class": "vehicle",
    "point_num_in_lidar": 22,
    "speed": 5.685035733124714e-13,
    "if_vehicle": true,
    "motion_state": false,
    "pose": [
      [
        0.9999356242119698,
        2.82145338414421e-15,
        0.011346692549725703,
        -35.03305038592504
      ],
      [
        -0.00029447629906056625,
        0.999663174262658,
        0.02595094038403776,
        -67.55194797141121
      ],
      [
        -0.011342870691641175,
        -0.025952611103829033,
        0.9995988201580502,
        1.9580581659196241
      ],
      [
        0.0,
        0.0,
        0.0,
        1.0
      ]
    ],
    "location": [
      -35.03305038592504,
      -67.55194797141121,
      1.9580581659196241
    ],
    "rotation": [
      -0.02595719559675999,
      0.011343113936034524,
      -0.00029449524891122635
    ]
  },
  {
    "label_id": "N0xEeDcPODmUZyZL7O9KhQ",
    "size": [
      1.99872288371989,
      4.597254965828016,
      1.920000000000016
    ],
    "obj_class": "vehicle",
    "point_num_in_lidar": 160,
    "speed": 0.007175455345849012,
    "if_vehicle": true,
    "motion_state": false,
    "pose": [
      [
        0.9999356242119698,
        1.0459639064819478e-15,
        0.011346692549725703,
        -35.03673399065033
      ],
      [
        -0.00029447629905879054,
        0.9996631742626579,
        0.02595094038403776,
        -41.124586012227155
      ],
      [
        -0.01134287069164122,
        -0.025952611103829012,
        0.9995988201580502,
        1.668757385606284
      ],
      [
        0.0,
        0.0,
        0.0,
        1.0
      ]
    ],
    "location": [
      -35.03673399065033,
      -41.124586012227155,
      1.668757385606284
    ],
    "rotation": [
      -0.02595719559675997,
      0.01134311393603457,
      -0.00029449524890945054
    ]
  },
  {
    "label_id": "Q6fs_63CkqvoTcB1qAcIFA",
    "size": [
      2.58175571771143,
      5.077991374472059,
      2.1399999999999864
    ],
    "obj_class": "vehicle",
    "point_num_in_lidar": 163,
    "speed": 2.8421709430404007e-13,
    "if_vehicle": true,
    "motion_state": false,
    "pose": [
      [
        0.6057404942722628,
        0.7955813636372943,
        0.011346692549725703,
        -113.99894396238156
      ],
      [
        -0.7955429812831462,
        0.6053411547419421,
        0.02595094038403776,
        -10.840260225890233
      ],
      [
        0.01377746456785014,
        -0.024746317073769106,
        0.9995988201580502,
        1.6918798584550814
      ],
      [
        0.0,
        0.0,
        0.0,
        1.0
      ]
    ],
    "location": [
      -113.99894396238156,
      -10.840260225890233,
      1.6918798584550814
    ],
    "rotation": [
      -0.024751193171316393,
      -0.01377790047476399,
      -0.9200278576169967
    ]
  },
  {
    "label_id": "Sv6Kp_7Yn7_dppLzJAxahA",
    "size": [
      2.2878795860041223,
      4.83846683002856,
      2.0
    ],
    "obj_class": "vehicle",
    "point_num_in_lidar": 1053,
    "speed": 7.411521190476672,
    "if_vehicle": true,
    "motion_state": true,
    "pose": [
      [
        -0.16244608148519554,
        -0.9866521794321883,
        0.011346692549725703,
        -70.50061971813292
      ],
      [
        0.9864311883903133,
        -0.16211125582160657,
        0.02595094038403776,
        18.99115300068297
      ],
      [
        -0.023765125309567942,
        0.015408359992368286,
        0.9995988201580502,
        1.1589682358622895
      ],
      [
        0.0,
        0.0,
        0.0,
        1.0
      ]
    ],
    "location": [
      -70.50061971813292,
      18.99115300068297,
      1.1589682358622895
    ],
    "rotation": [
      0.015413323296870687,
      0.023767362894223248,
      1.7340119963753087
    ]
  },
  {
    "label_id": "TF-e0qfWBKlF_b0k2fIi4w",
    "size": [
      1.9207280595215264,
      4.463873919194776,
      1.5600000000000023
    ],
    "obj_class": "vehicle",
    "point_num_in_lidar": 57,
    "speed": 8.739624042127817,
    "if_vehicle": true,
    "motion_state": true,
    "pose": [
      [
        0.9992542659433402,
        -0.03690751362823401,
        0.011346692549725703,
        -77.22658404771411
      ],
      [
        0.03660318188836854,
        0.9989928707297321,
        0.02595094038403776,
        -18.386998545036477
      ],
      [
        -0.012293049649427505,
        -0.025516262832762024,
        0.9995988201580502,
        1.0484263887145175
      ],
      [
        0.0,
        0.0,
        0.0,
        1.0
      ]
    ],
    "location": [
      -77.22658404771411,
      -18.386998545036477,
      1.0484263887145175
    ],
    "rotation": [
      -0.02552096134119875,
      0.01229335928952237,
      0.036614128155341014
    ]
  },
  {
    "label_id": "WASi6kOEGcG25GLiTIITRg",
    "size": [
      2.612012477036317,
      7.188040993103449,
      2.4399999999999977
    ],
    "obj_class": "vehicle",
    "point_num_in_lidar": 403,
    "speed": 0.011486934526039962,
    "if_vehicle": true,
    "motion_state": false,
    "pose": [
      [
        -0.009153146854787844,
        0.9998937305888245,
        0.011346692549725703,
        -88.31254069193989
      ],
      [
        -0.9996185964958236,
        -0.009445116881426598,
        0.02595094038403776,
        36.43206346229272
      ],
      [
        0.026055353430233467,
        -0.011104832113071483,
        0.9995988201580502,
        1.629120581534039
      ],
      [
        0.0,
        0.0,
        0.0,
        1.0
      ]
    ],
    "location": [
      -88.31254069193989,
      36.43206346229272,
      1.629120581534039
    ],
    "rotation": [
      -0.011108831947242562,
      -0.026058302413879998,
      -1.5799527101269648
    ]
  },
  {
    "label_id": "ctW65CIWnfgzcBsgEI6eEg",
    "size": [
      1.12055800764045,
      0.99186347399398,
      1.0699999999999932
    ],
    "obj_class": "sign",
    "point_num_in_lidar": 164,
    "speed": 3.108624468950438e-14,
    "if_vehicle": false,
    "motion_state": false,
    "pose": [
      [
        0.9994017926704278,
        -0.03266970118193663,
        0.011346692549725703,
        -59.27119097334844
      ],
      [
        0.03236648066226842,
        0.9991391092449154,
        0.02595094038403776,
        11.721001093837913
      ],
      [
        -0.012184733754745622,
        -0.025568163836299333,
        0.9995988201580502,
        0.5991914338463857
      ],
      [
        0.0,
        0.0,
        0.0,
        1.0
      ]
    ],
    "location": [
      -59.27119097334844,
      11.721001093837913,
      0.5991914338463857
    ],
    "rotation": [
      -0.025572849295596264,
      0.01218503528153163,
      0.03237453867290062
    ]
  },
  {
    "label_id": "fxYJPKvGSuuDKaSQkZStYQ",
    "size": [
      1.8889588141069573,
      4.426904542688601,
      1.6800000000000068
    ],
    "obj_class": "vehicle",
    "point_num_in_lidar": 899,
    "speed": 7.434787593386463,
    "if_vehicle": true,
    "motion_state": true,
    "pose": [
      [
        0.9997626074975109,
        -0.018600570366519905,
        0.011346692549725703,
        -63.52913497102813
      ],
      [
        0.018301076969350735,
        0.9994956824693871,
        0.02595094038403776,
        -17.950200699386187
      ],
      [
        -0.011823672506449058,
        -0.025737123131657956,
        0.9995988201580502,
        1.104145360419409
      ],
      [
        0.0,
        0.0,
        0.0,
        1.0
      ]
    ],
    "location": [
      -63.52913497102813,
      -17.950200699386187,
      1.104145360419409
    ],
    "rotation": [
      -0.02574176515512757,
      0.011823948013836549,
      0.01830337830490806
    ]
  },
  {
    "label_id": "gReOadgSa6ggtDSZ_bnQ5Q",
    "size": [
      1.1020334662251074,
      0.8957830059557224,
      1.1000000000000227
    ],
    "obj_class": "pedestrian",
    "point_num_in_lidar": 38,
    "speed": 0.021178923350226267,
    "if_vehicle": false,
    "motion_state": false,
    "pose": [
      [
        -0.6335866991954497,
        -0.7735884869688772,
        0.011346692549725703,
        -92.93836106424945
      ],
      [
        0.7735642975339115,
        -0.6331862492774539,
        0.02595094038403776,
        18.68402386678281
      ],
      [
        -0.012890779009842052,
        0.02521956691050221,
        0.9995988201580502,
        0.9833442551808957
      ],
      [
        0.0,
        0.0,
        0.0,
        1.0
      ]
    ],
    "location": [
      -92.93836106424945,
      18.68402386678281,
      0.9833442551808957
    ],
    "rotation": [
      0.025224337384911238,
      0.01289113605135717,
      2.257044784971737
    ]
  },
  {
    "label_id": "gofHjXzTs7FWeFilqynuPg",
    "size": [
      2.0062301780235456,
      4.722435152556317,
      1.589999999999975
    ],
    "obj_class": "vehicle",
    "point_num_in_lidar": 84,
    "speed": 0.0,
    "if_vehicle": true,
    "motion_state": false,
    "pose": [
      [
        0.9999356242119698,
        1.0459639064819478e-15,
        0.011346692549725703,
        -34.67121628091476
      ],
      [
        -0.00029447629905879054,
        0.9996631742626579,
        0.02595094038403776,
        -46.96265925697662
      ],
      [
        -0.01134287069164122,
        -0.025952611103829012,
        0.9995988201580502,
        1.4940132279835439
      ],
      [
        0.0,
        0.0,
        0.0,
        1.0
      ]
    ],
    "location": [
      -34.67121628091476,
      -46.96265925697662,
      1.4940132279835439
    ],
    "rotation": [
      -0.02595719559675997,
      0.01134311393603457,
      -0.00029449524890945054
    ]
  },
  {
    "label_id": "i5j529DQ3xVIaMhN_CqDdg",
    "size": [
      1.1681500733696544,
      1.1867695902315556,
      1.839999999999975
    ],
    "obj_class": "pedestrian",
    "point_num_in_lidar": 184,
    "speed": 0.18191683118556268,
    "if_vehicle": false,
    "motion_state": false,
    "pose": [
      [
        0.5466586319651383,
        -0.8372786827969438,
        0.011346692549725703,
        -63.86959423272836
      ],
      [
        0.8368895632015864,
        0.5467562598612311,
        0.02595094038403776,
        20.778986578632612
      ],
      [
        -0.027932044362372472,
        -0.004690376996824302,
        0.9995988201580502,
        1.1586313583480319
      ],
      [
        0.0,
        0.0,
        0.0,
        1.0
      ]
    ],
    "location": [
      -63.86959423272836,
      20.778986578632612,
      1.1586313583480319
    ],
    "rotation": [
      -0.004692225000219356,
      0.02793567773081091,
      0.9921728495083021
    ]
  },
  {
    "label_id": "i9VNOB2WBRj9osW_hX1lgQ",
    "size": [
      1.806530648340411,
      4.5505860144962815,
      1.8000000000000114
    ],
    "obj_class": "vehicle",
    "point_num_in_lidar": 36,
    "speed": 5.685902922862834e-13,
    "if_vehicle": true,
    "motion_state": false,
    "pose": [
      [
        0.9999356242119698,
        1.0459639064819478e-15,
        0.011346692549725703,
        -34.7451814293201
      ],
      [
        -0.00029447629905879054,
        0.9996631742626579,
        0.02595094038403776,
        -52.27160028350954
      ],
      [
        -0.01134287069164122,
        -0.025952611103829012,
        0.9995988201580502,
        1.7233545292833696
      ],
      [
        0.0,
        0.0,
        0.0,
        1.0
      ]
    ],
    "location": [
      -34.7451814293201,
      -52.27160028350954,
      1.7233545292833696
    ],
    "rotation": [
      -0.02595719559675997,
      0.01134311393603457,
      -0.00029449524890945054
    ]
  },
  {
    "label_id": "iHBa2LA3ziDFWThMzfxSrQ",
    "size": [
      1.1548516358369612,
      1.0708842660739963,
      1.25
    ],
    "obj_class": "sign",
    "point_num_in_lidar": 57,
    "speed": 0.0,
    "if_vehicle": false,
    "motion_state": false,
    "pose": [
      [
        0.06213214604897276,
        0.9980034313545876,
        0.011346692549725703,
        -88.34112251324402
      ],
      [
        -0.9977498054873579,
        0.0618213097816892,
        0.02595094038403776,
        17.729811577084547
      ],
      [
        0.025197660155033844,
        -0.012933547902462893,
        0.9995988201580502,
        0.9237165404933876
      ],
      [
        0.0,
        0.0,
        0.0,
        1.0
      ]
    ],
    "location": [
      -88.34112251324402,
      17.729811577084547,
      0.9237165404933876
    ],
    "rotation": [
      -0.012938016707232429,
      -0.025200327342280775,
      -1.5086043631343056
    ]
  },
  {
    "label_id": "jcMjZDvyQh7S9D1-oC8sUA",
    "size": [
      2.524604496703222,
      5.794295811722223,
      1.8600000000000136
    ],
    "obj_class": "vehicle",
    "point_num_in_lidar": 268,
    "speed": 2.8435583831733384e-13,
    "if_vehicle": true,
    "motion_state": false,
    "pose": [
      [
        -0.9999248705413587,
        -0.0046374390593280565,
        0.011346692549725703,
        -65.21777013011132
      ],
      [
        0.00493064864010204,
        -0.9996510578182629,
        0.02595094038403776,
        -40.02066122547512
      ],
      [
        0.011222387305508669,
        0.026004937258125433,
        0.9995988201580502,
        2.1041925045479957
      ],
      [
        0.0,
        0.0,
        0.0,
        1.0
      ]
    ],
    "location": [
      -65.21777013011132,
      -40.02066122547512,
      2.1041925045479957
    ],
    "rotation": [
      0.02600950741824728,
      -0.011222622880466873,
      3.136661674450139
    ]
  },
  {
    "label_id": "nIkRugAGG0nTBKZGfO4uEw",
    "size": [
      1.8637469243193898,
      4.217077508524435,
      1.5500000000000114
    ],
    "obj_class": "vehicle",
    "point_num_in_lidar": 39,
    "speed": 0.0,
    "if_vehicle": true,
    "motion_state": false,
    "pose": [
      [
        0.9993243344398405,
        -0.03495893540358194,
        0.011346692549725703,
        -35.61190845734819
      ],
      [
        0.03465511395309375,
        0.9990623462877991,
        0.02595094038403776,
        -54.7578144154395
      ],
      [
        -0.01224327052988303,
        -0.025540185304065044,
        0.9995988201580502,
        1.5768798584549586
      ],
      [
        0.0,
        0.0,
        0.0,
        1.0
      ]
    ],
    "location": [
      -35.61190845734819,
      -54.7578144154395,
      1.5768798584549586
    ],
    "rotation": [
      -0.02554487781492031,
      0.01224357642347815,
      0.034664653583877145
    ]
  },
  {
    "label_id": "piSZshXXJoBYeTBgNxYSAA",
    "size": [
      1.8486870772821145,
      4.196742963788994,
      1.670000000000016
    ],
    "obj_class": "vehicle",
    "point_num_in_lidar": 62,
    "speed": 4.440892098500626e-15,
    "if_vehicle": true,
    "motion_state": false,
    "pose": [
      [
        0.9965342285868677,
        -0.08240621228377457,
        0.011346692549725703,
        -84.88072985496454
      ],
      [
        0.08209028466580688,
        0.9962869736459827,
        0.02595094038403776,
        -46.20897618727395
      ],
      [
        -0.013443080683508232,
        -0.024929547135288485,
        0.9995988201580502,
        1.8284598352052512
      ],
      [
        0.0,
        0.0,
        0.0,
        1.0
      ]
    ],
    "location": [
      -84.88072985496454,
      -46.20897618727395,
      1.8284598352052512
    ],
    "rotation": [
      -0.02493438366489499,
      0.01344348561400427,
      0.08219020758151122
    ]
  },
  {
    "label_id": "slzRePUL32VlVCupH5t8lw",
    "size": [
      2.9216232952618433,
      10.613183625004126,
      3.6399999999999864
    ],
    "obj_class": "vehicle",
    "point_num_in_lidar": 210,
    "speed": 13.293737735470431,
    "if_vehicle": true,
    "motion_state": true,
    "pose": [
      [
        -0.9993478785511031,
        -0.03427929701133568,
        0.011346692549725703,
        -133.63956180036263
      ],
      [
        0.034564260228081074,
        -0.9990654936529785,
        0.02595094038403776,
        8.689618119624356
      ],
      [
        0.010446509000372386,
        0.026326207253211033,
        0.9995988201580502,
        2.1198527051613496
      ],
      [
        0.0,
        0.0,
        0.0,
        1.0
      ]
    ],
    "location": [
      -133.63956180036263,
      8.689618119624356,
      2.1198527051613496
    ],
    "rotation": [
      0.026330686281822616,
      -0.01044669901350865,
      3.1070196201342553
    ]
  },
  {
    "label_id": "tHiLYp-JdD1GE2Xou2SH_g",
    "size": [
      2.2812866277286696,
      4.608025198634581,
      2.009999999999991
    ],
    "obj_class": "vehicle",
    "point_num_in_lidar": 55,
    "speed": 8.526541741130118e-13,
    "if_vehicle": true,
    "motion_state": false,
    "pose": [
      [
        0.9969227903751733,
        -0.07756418373682664,
        0.011346692549725703,
        -84.78771647126428
      ],
      [
        0.07724946098461793,
        0.9966740036093898,
        0.02595094038403776,
        -35.84062509402065
      ],
      [
        -0.013321816999350892,
        -0.0249945580170902,
        0.9995988201580502,
        1.9589670498931469
      ],
      [
        0.0,
        0.0,
        0.0,
        1.0
      ]
    ],
    "location": [
      -84.78771647126428,
      -35.84062509402065,
      1.9589670498931469
    ],
    "rotation": [
      -0.02499938010613477,
      0.013322211069761083,
      0.07733337502209073
    ]
  },
  {
    "label_id": "tkAwnC0RmnNm52uw7Er9_w",
    "size": [
      0.7246966419424723,
      0.7938529633716231,
      0.8600000000000136
    ],
    "obj_class": "pedestrian",
    "point_num_in_lidar": 39,
    "speed": 0.012606792745692656,
    "if_vehicle": false,
    "motion_state": false,
    "pose": [
      [
        -0.9986632030646635,
        0.05042875581261771,
        0.011346692549725703,
        -60.8248413434946
      ],
      [
        -0.0501209140390523,
        -0.9984059508381719,
        0.02595094038403776,
        -26.614837776020067
      ],
      [
        0.01263727899971173,
        0.025347542644550917,
        0.9995988201580502,
        0.8419257703066592
      ],
      [
        0.0,
        0.0,
        0.0,
        1.0
      ]
    ],
    "location": [
      -60.8248413434946,
      -26.614837776020067,
      0.8419257703066592
    ],
    "rotation": [
      0.02535228262497474,
      -0.012637615387857841,
      -3.0914467232588425
    ]
  },
  {
    "label_id": "tme8SKJXoDfayi5l40MZCg",
    "size": [
      2.535843216938899,
      6.373996801546928,
      1.9800000000000182
    ],
    "obj_class": "vehicle",
    "point_num_in_lidar": 90,
    "speed": 5.684385254002266e-13,
    "if_vehicle": true,
    "motion_state": false,
    "pose": [
      [
        -0.028294243298877392,
        0.9995352361794584,
        0.011346692549725703,
        -88.44430098472644
      ],
      [
        -0.9992545628024048,
        -0.028580892424116055,
        0.02595094038403776,
        44.31217846099571
      ],
      [
        0.026263177924971456,
        -0.010603972081968832,
        0.9995988201580502,
        1.1018623336252062
      ],
      [
        0.0,
        0.0,
        0.0,
        1.0
      ]
    ],
    "location": [
      -88.44430098472644,
      44.31217846099571,
      1.1018623336252062
    ],
    "rotation": [
      -0.010607829985486416,
      -0.02626619805340575,
      -1.599104113684466
    ]
  },
  {
    "label_id": "x3_8SCCVCIWb3aFrS7pNiA",
    "size": [
      0.9479286807154346,
      0.9719301561155778,
      1.089999999999975
    ],
    "obj_class": "sign",
    "point_num_in_lidar": 68,
    "speed": 0.009045122414361544,
    "if_vehicle": false,
    "motion_state": false,
    "pose": [
      [
        0.9992334704227437,
        0.037466306931718624,
        0.011346692549725703,
        -61.412037760384266
      ],
      [
        -0.037750368099220395,
        0.9989501781378076,
        0.02595094038403776,
        -20.76504357936392
      ],
      [
        -0.010362494646228333,
        -0.026359390041136604,
        0.9995988201580502,
        0.6956417403546311
      ],
      [
        0.0,
        0.0,
        0.0,
        1.0
      ]
    ],
    "location": [
      -61.412037760384266,
      -20.76504357936392,
      0.6956417403546311
    ],
    "rotation": [
      -0.026363859348653044,
      0.010362680111540047,
      -0.03776136858552453
    ]
  },
  {
    "label_id": "y40MdU03HNPLavol6f7X_Q",
    "size": [
      0.5331937326918714,
      0.11898147683831953,
      0.8000000000000114
    ],
    "obj_class": "sign",
    "point_num_in_lidar": 24,
    "speed": 0.021283502513145428,
    "if_vehicle": false,
    "motion_state": false,
    "pose": [
      [
        0.9999356242119698,
        2.4136693502306983e-14,
        0.011346692549725703,
        -84.77419373792686
      ],
      [
        -0.00029447629908187586,
        0.999663174262658,
        0.02595094038403776,
        -32.10832984884655
      ],
      [
        -0.011342870691640623,
        -0.025952611103829275,
        0.9995988201580502,
        4.164352284008089
