[
  {
    "label_id": "-jGx5h2KM1RTCWtkALlTPg",
    "size": [
      1.9723911586541492,
      4.593513203435377,
      1.6999999999999886
    ],
    "obj_class": "vehicle",
    "point_num_in_lidar": 73,
    "speed": 15.317121752515728,
    "if_vehicle": true,
    "motion_state": true,
    "pose": [
      [
        -0.9999797357960254,
        0.006253206033931869,
        -0.0011939060300447128,
        -117.03191117759123
      ],
      [
        -0.0062837784377713325,
        -0.9995993254025412,
        0.027598963446650762,
        1.5513172372575355
      ],
      [
        -0.0010208456574718595,
        0.027605906416594307,
        0.9996183630791612,
        1.2007731598150713
      ],
      [
        0.0,
        0.0,
        0.0,
        1.0
      ]
    ],
    "location": [
      -117.03191117759123,
      1.5513172372575355,
      1.2007731598150713
    ],
    "rotation": [
      0.027609428355629254,
      0.0010208458347802185,
      -3.135308830523565
    ]
  },
  {
    "label_id": "0dItGO83CJ_wt_3rDsNP2w",
    "size": [
      0.5982410950696836,
      0.1706041126485065,
      0.6399999999999864
    ],
    "obj_class": "sign",
    "point_num_in_lidar": 25,
    "speed": 0.01719173746639492,
    "if_vehicle": false,
    "motion_state": false,
    "pose": [
      [
        -0.20935594041272212,
        0.9778387723967057,
        -0.0011939060300447128,
        -65.06472365630879
      ],
      [
        -0.9774738847184891,
        -0.2092441203714366,
        0.027598963446650762,
        37.07129951254683
      ],
      [
        0.02673751871903167,
        0.006945018911966546,
        0.9996183630791612,
        1.6177037585061385
      ],
      [
        0.0,
        0.0,
        0.0,
        1.0
      ]
    ],
    "location": [
      -65.06472365630879,
      37.07129951254683,
      1.6177037585061385
    ],
    "rotation": [
      0.006947558614438474,
      -0.02674070549699405,
      -1.7817891556997527
    ]
  },
  {
    "label_id": "1YQ_kpgKHcSW4kqTyRAkOQ",
    "size": [
      2.1139927526193403,
      4.388851756526188,
      1.6100000000000136
    ],
    "obj_class": "vehicle",
    "point_num_in_lidar": 5155,
    "speed": 4.427158390063723,
    "if_vehicle": true,
    "motion_state": true,
    "pose": [
      [
        -0.9994713272373624,
        -0.03249062355167536,
        -0.0011939060300447128,
        -52.30345866430184
      ],
      [
        0.03244533702929335,
        -0.9990923867799844,
        0.027598963446650762,
        4.468910881594638
      ],
      [
        -0.0020895299569099663,
        0.02754563594287338,
        0.9996183630791612,
        0.9718105056533659
      ],
      [
        0.0,
        0.0,
        0.0,
        1.0
      ]
    ],
    "location": [
      -52.30345866430184,
      4.468910881594638,
      0.9718105056533659
    ],
    "rotation": [
      0.027549180720392325,
      0.0020895314774414205,
      3.109141550460446
    ]
  },
  {
    "label_id": "20Y4i40d8raHY1Clo4K4wg",
    "size": [
      0.7999212305811734,
      0.15511676600605773,
      0.7769746969505036
    ],
    "obj_class": "sign",
    "point_num_in_lidar": 28,
    "speed": 0.01630152149872675,
    "if_vehicle": false,
    "motion_state": false,
    "pose": [
      [
        -0.2093559404143662,
        0.9778387723963538,
        -0.0011939060300447128,
        -65.06063511626144
      ],
      [
        -0.9774738847181373,
        -0.20924412037308007,
        0.027598963446650762,
        37.07388100170465
      ],
      [
        0.026737518719019995,
        0.006945018912011502,
        0.9996183630791612,
        2.2358261110932744
      ],
      [
        0.0,
        0.0,
        0.0,
        1.0
      ]
    ],
    "location": [
      -65.06063511626144,
      37.07388100170465,
      2.2358261110932744
    ],
    "rotation": [
      0.006947558614483444,
      -0.026740705496982372,
      -1.7817891557014345
    ]
  },
  {
    "label_id": "2gBQINdyd96o4z3Zr-BlXg",
    "size": [
      0.8037584934951657,
      0.6746490747898556,
      1.8500000000000227
    ],
    "obj_class": "pedestrian",
    "point_num_in_lidar": 129,
    "speed": 0.015164947239332198,
    "if_vehicle": false,
    "motion_state": false,
    "pose": [
      [
        -0.9557744741939787,
        -0.29409816229894215,
        -0.0011939060300447128,
        -80.07882283524538
      ],
      [
        0.29395484927586507,
        -0.9554207679362395,
        0.027598963446650762,
        -9.277093411123133
      ],
      [
        -0.009257487047084694,
        0.026027430309410127,
        0.9996183630791612,
        1.5227180260284285
      ],
      [
        0.0,
        0.0,
        0.0,
        1.0
      ]
    ],
    "location": [
      -80.07882283524538,
      -9.277093411123133,
      1.5227180260284285
    ],
    "rotation": [
      0.02603148555910241,
      0.009257619281603173,
      2.8432176004029768
    ]
  },
  {
    "label_id": "34QvoR6V_imNZ02CTvcFLg",
    "size": [
      1.9026241168053455,
      4.357864290621819,
      1.5500000000000114
    ],
    "obj_class": "vehicle",
    "point_num_in_lidar": 39,
    "speed": 1.1369030711563004e-12,
    "if_vehicle": true,
    "motion_state": false,
    "pose": [
      [
        -0.9986106839849551,
        0.05268089235663737,
        -0.0011939060300447128,
        -84.97223997495972
      ],
      [
        -0.05269376728352782,
        -0.9982292643006113,
        0.027598963446650762,
        -43.08326108930305
      ],
      [
        0.0002621460844721811,
        0.027623531171241264,
        0.9996183630791612,
        1.9519954291756108
      ],
      [
        0.0,
        0.0,
        0.0,
        1.0
      ]
    ],
    "location": [
      -84.97223997495972,
      -43.08326108930305,
      1.9519954291756108
    ],
    "rotation": [
      0.027627046393805497,
      -0.00026214608747465257,
      -3.0888744687639424
    ]
  },
  {
    "label_id": "4iGaZtbzD4XFf7YLTHe1Sg",
    "size": [
      0.99999999999889,
      1.0,
      1.9499999999999886
    ],
    "obj_class": "pedestrian",
    "point_num_in_lidar": 105,
    "speed": 0.05041328252279563,
    "if_vehicle": false,
    "motion_state": false,
    "pose": [
      [
        -0.6148875200096525,
        0.7886139184193814,
        -0.0011939060300447128,
        -59.31702870614413
      ],
      [
        -0.7883343388263259,
        -0.6146277470501392,
        0.027598963446650762,
        -25.911166530306218
      ],
      [
        0.021031118934540575,
        0.017911455309364197,
        0.9996183630791612,
        1.3359040188600488
      ],
      [
        0.0,
        0.0,
        0.0,
        1.0
      ]
    ],
    "location": [
      -59.31702870614413,
      -25.911166530306218,
      1.3359040188600488
    ],
    "rotation": [
      0.01791637631397767,
      -0.021032669615103836,
      -2.2332121594029184
    ]
  },
  {
    "label_id": "4svB2BL9suqhlT8qPQMSGA",
    "size": [
      1.8336943415088287,
      4.534747083223021,
      1.579999999999984
    ],
    "obj_class": "vehicle",
    "point_num_in_lidar": 21,
    "speed": 2.8452917319372777e-13,
    "if_vehicle": true,
    "motion_state": false,
    "pose": [
      [
        0.9999992872939418,
        -2.0619336513546017e-15,
        -0.0011939060300447128,
        -35.321961719812634
      ],
      [
        3.2950592368089064e-05,
        0.9996190755137323,
        0.027598963446650762,
        -64.6297051130914
      ],
      [
        0.0011934512420035093,
        -0.027598983116613234,
        0.9996183630791612,
        1.746077399950991
      ],
      [
        0.0,
        0.0,
        0.0,
        1.0
      ]
    ],
    "location": [
      -35.321961719812634,
      -64.6297051130914,
      1.746077399950991
    ],
    "rotation": [
      -0.027602507689300265,
      -0.0011934515253142703,
      3.29506158402673e-05
    ]
  },
  {
    "label_id": "7-k0-aAqBFIwuvVcth1ugQ",
    "size": [
      2.654330680897427,
      7.4845826403753275,
      2.2900000000000205
    ],
    "obj_class": "vehicle",
    "point_num_in_lidar": 120,
    "speed": 0.0017181400544508812,
    "if_vehicle": true,
    "motion_state": false,
    "pose": [
      [
        -0.03969219326900271,
        0.999211241120659,
        -0.0011939060300447128,
        -88.38481834177878
      ],
      [
        -0.998832636847314,
        -0.03964417719302441,
        0.027598963446650762,
        57.7140000442414
      ],
      [
        0.027529863096964688,
        0.002287975699286072,
        0.9996183630791612,
        0.7028078990954327
      ],
      [
        0.0,
        0.0,
        0.0,
        1.0
      ]
    ],
    "location": [
      -88.38481834177878,
      57.7140000442414,
      0.7028078990954327
    ],
    "rotation": [
      0.0022888452116983887,
      -0.027533341733574974,
      -1.6105140114249887
    ]
  },
  {
    "label_id": "7H_jvU9tURSLSp0yi3ZSOA",
    "size": [
      1.4422854662704958,
      1.1313572277526598,
      1.8899999999999864
    ],
    "obj_class": "pedestrian",
    "point_num_in_lidar": 125,
    "speed": 0.6797745308016839,
    "if_vehicle": false,
    "motion_state": false,
    "pose": [
      [
        0.6158649190436858,
        -0.787850859033425,
        -0.0011939060300447128,
        -80.8652302800788
      ],
      [
        0.787571601770644,
        0.6156047996085576,
        0.027598963446650762,
        -7.64984192016891
      ],
      [
        -0.021008892777498775,
        -0.01793751987320716,
        0.9996183630791612,
        1.4557120041319536
      ],
      [
        0.0,
        0.0,
        0.0,
        1.0
      ]
    ],
    "location": [
      -80.8652302800788,
      -7.64984192016891,
      1.4557120041319536
    ],
    "rotation": [
      -0.017942442447704286,
      0.021010438546224034,
      0.907140431240978
    ]
  },
  {
    "label_id": "8uBYsb-Gpcz4kEOFtaDN9Q",
    "size": [
      1.7404913752688966,
      4.142263119424243,
      1.9599999999999795
    ],
    "obj_class": "vehicle",
    "point_num_in_lidar": 31,
    "speed": 2.847716647714797e-13,
    "if_vehicle": true,
    "motion_state": false,
    "pose": [
      [
        0.9999992872939418,
        1.49172403355582e-15,
        -0.0011939060300447128,
        -35.68665881059394
      ],
      [
        3.295059236453783e-05,
        0.9996190755137322,
        0.027598963446650762,
        -70.29387855043933
      ],
      [
        0.0011934512420036074,
        -0.027598983116613227,
        0.9996183630791612,
        1.86419826784919
      ],
      [
        0.0,
        0.0,
        0.0,
        1.0
      ]
    ],
    "location": [
      -35.68665881059394,
      -70.29387855043933,
      1.86419826784919
    ],
    "rotation": [
      -0.027602507689300258,
      -0.0011934515253143683,
      3.295061583671606e-05
    ]
  },
  {
    "label_id": "97LGRvZi3-yunSqGxMM_Jw",
    "size": [
      2.733011944225519,
      6.870703637231516,
      2.9699999999999704
    ],
    "obj_class": "vehicle",
    "point_num_in_lidar": 9863,
    "speed": 0.007720677104799069,
    "if_vehicle": true,
    "motion_state": false,
    "pose": [
      [
        -0.9999920165411824,
        0.003813324309704916,
        -0.0011939060300447128,
        -55.15012566864377
      ],
      [
        -0.003844824790637522,
        -0.9996116818740164,
        0.027598963446650762,
        12.18902694629287
      ],
      [
        -0.0010881986164587548,
        0.02760333347096468,
        0.9996183630791612,
        1.6268798584551973
      ],
      [
        0.0,
        0.0,
        0.0,
        1.0
      ]
    ],
    "location": [
      -55.15012566864377,
      12.18902694629287,
      1.6268798584551973
    ],
    "rotation": [
      0.027606856389067683,
      0.0010881988312286916,
      -3.1377478170497977
    ]
  },
  {
    "label_id": "9OU84eagvEJrB0PWmD5Zkg",
    "size": [
      2.0890316481114524,
      4.993037200368213,
      1.6999999999999886
    ],
    "obj_class": "vehicle",
    "point_num_in_lidar": 24,
    "speed": 8.244308013623812,
    "if_vehicle": true,
    "motion_state": true,
    "pose": [
      [
        0.9996843774706063,
        -0.02509422303235595,
        -0.0011939060300447128,
        -128.2854989480676
      ],
      [
        0.025117622122237237,
        0.9993034585528036,
        0.027598963446650762,
        -19.398056029451254
      ],
      [
        0.0005004998808186355,
        -0.027620240672511207,
        0.9996183630791612,
        1.3356425337810265
      ],
      [
        0.0,
        0.0,
        0.0,
        1.0
      ]
    ],
    "location": [
      -128.2854989480676,
      -19.398056029451254,
      1.3356425337810265
    ],
    "rotation": [
      -0.02762375715032624,
      -0.0005004999017145189,
      0.025120267116098903
    ]
  },
  {
    "label_id": "9c2B8y2r5Bvrgoj_U5Y_JA",
    "size": [
      2.035230187174188,
      4.669215735306136,
      1.7900000000000205
    ],
    "obj_class": "vehicle",
    "point_num_in_lidar": 111,
    "speed": 10.573758541587644,
    "if_vehicle": true,
    "motion_state": true,
    "pose": [
      [
        0.9994800220979769,
        -0.03222204238435217,
        -0.0011939060300447128,
        -92.23153838971828
      ],
      [
        0.03224272465778175,
        0.9990989460125123,
        0.027598963446650762,
        -15.113199972272923
      ],
      [
        0.00030353528631348845,
        -0.027623107378933757,
        0.9996183630791612,
        1.3268105056527588
      ],
      [
        0.0,
        0.0,
        0.0,
        1.0
      ]
    ],
    "location": [
      -92.23153838971828,
      -15.113199972272923,
      1.3268105056527588
    ],
    "rotation": [
      -0.02762662276319871,
      -0.0003035352909744586,
      0.032248315312363364
    ]
  },
  {
    "label_id": "AXKZxZOE2J4qe-CaUmIcQw",
    "size": [
      1.877092501855331,
      4.241708010517512,
      1.7699999999999818
    ],
    "obj_class": "vehicle",
    "point_num_in_lidar": 43,
    "speed": 2.252336014224193e-28,
    "if_vehicle": true,
    "motion_state": false,
    "pose": [
      [
        -0.9987395149309185,
        0.05017923777764118,
        -0.0011939060300447128,
        -84.53197504032863
      ],
      [
        -0.05019306810880948,
        -0.9983581286945555,
        0.027598963446650762,
        -62.92957285135344
      ],
      [
        0.00019294915921333047,
        0.02762410117198568,
        0.9996183630791612,
        1.7593574807443133
      ],
      [
        0.0,
        0.0,
        0.0,
        1.0
      ]
    ],
    "location": [
      -84.53197504032863,
      -62.92957285135344,
      1.7593574807443133
    ],
    "rotation": [
      0.02762761617704677,
      -0.00019294916041056004,
      -3.091378485014521
    ]
  },
  {
    "label_id": "BXDlU3DIkqaT24ZzQeHqcw",
    "size": [
      1.0220610767843024,
      1.090747265971741,
      1.0500000000000114
    ],
    "obj_class": "pedestrian",
    "point_num_in_lidar": 108,
    "speed": 0.08677910551759041,
    "if_vehicle": false,
    "motion_state": false,
    "pose": [
      [
        -0.25790369636000043,
        0.9661698908536946,
        -0.0011939060300447128,
        -62.0300723174831
      ],
      [
        -0.9658110395033213,
        -0.25777380237367875,
        0.027598963446650762,
        18.961412806471344
      ],
      [
        0.026357529803884183,
        0.008270962312542537,
        0.9996183630791612,
        0.767827578240599
      ],
      [
        0.0,
        0.0,
        0.0,
        1.0
      ]
    ],
    "location": [
      -62.0300723174831,
      18.961412806471344,
      0.767827578240599
    ],
    "rotation": [
      0.008273931211637777,
      -0.026360582606141273,
      -1.831740967549568
    ]
  },
  {
    "label_id": "D5j3i75zBvzZL7edy7Vfkg",
    "size": [
      1.0822184139979396,
      1.1221680693460732,
      1.079999999999984
    ],
    "obj_class": "sign",
    "point_num_in_lidar": 304,
    "speed": 0.004386105278619182,
    "if_vehicle": false,
    "motion_state": false,
    "pose": [
      [
        0.9994654217648622,
        -0.032671781169345854,
        -0.0011939060300447128,
        -59.191337948959955
      ],
      [
        0.03269229196557953,
        0.9990843364114501,
        0.027598963446650762,
        8.87383487036277
      ],
      [
        0.0002911055195351019,
        -0.027623241165993503,
        0.9996183630791612,
        0.6411918871517628
      ],
      [
        0.0,
        0.0,
        0.0,
        1.0
      ]
    ],
    "location": [
      -59.191337948959955,
      8.87383487036277,
      0.6411918871517628
    ],
    "rotation": [
      -0.0276267564992122,
      -0.00029110552364659993,
      0.03269811966456366
    ]
  },
  {
    "label_id": "Fww1o1EB4na9AHpv_SA6vw",
    "size": [
      1.9997895331551787,
      4.800593639312353,
      1.5600000000000023
    ],
    "obj_class": "vehicle",
    "point_num_in_lidar": 58,
    "speed": 7.742096286925033,
    "if_vehicle": true,
    "motion_state": true,
    "pose": [
      [
        0.9987215129356721,
        -0.05053626606580049,
        -0.0011939060300447128,
        -115.23109666595458
      ],
      [
        0.050549960057334184,
        0.9983401217795828,
        0.027598963446650762,
        -19.08097721177728
      ],
      [
        -0.00020282426845202794,
        -0.02762403043102633,
        0.9996183630791612,
        1.1544109081216902
      ],
      [
        0.0,
        0.0,
        0.0,
        1.0
      ]
    ],
    "location": [
      -115.23109666595458,
      -19.08097721177728,
      1.1544109081216902
    ],
    "rotation": [
      -0.02762754546308201,
      0.00020282426984264809,
      0.050571514263805274
    ]
  },
  {
    "label_id": "GtCjV-L_DOEpw0nZQ3Dy6w",
    "size": [
      0.9397652133884575,
      0.9370266590153165,
      1.1100000000000136
    ],
    "obj_class": "sign",
    "point_num_in_lidar": 56,
    "speed": 0.009494079823540676,
    "if_vehicle": false,
    "motion_state": false,
    "pose": [
      [
        0.9999992872939418,
        6.03545613855695e-16,
        -0.0011939060300447128,
        -62.54356041201609
      ],
      [
        3.295059236542564e-05,
        0.9996190755137322,
        0.027598963446650762,
        -22.32416253987867
      ],
      [
        0.0011934512420035829,
        -0.027598983116613227,
        0.9996183630791612,
        0.7268798584555043
      ],
      [
        0.0,
        0.0,
        0.0,
        1.0
      ]
    ],
    "location": [
      -62.54356041201609,
      -22.32416253987867,
      0.7268798584555043
    ],
    "rotation": [
      -0.027602507689300258,
      -0.0011934515253143438,
      3.2950615837603875e-05
    ]
  },
  {
    "label_id": "IRBl4-265z8DyVSL_Ay_RA",
    "size": [
      1.8959271415915286,
      4.818296796365432,
      1.8799999999999955
    ],
    "obj_class": "vehicle",
    "point_num_in_lidar": 49,
    "speed": 2.8421709430404007e-13,
    "if_vehicle": true,
    "motion_state": false,
    "pose": [
      [
        0.9999992872939417,
        -2.8463280584443033e-16,
        -0.0011939060300447128,
        -34.70737046475102
      ],
      [
        3.2950592366313446e-05,
        0.9996190755137322,
        0.027598963446650762,
        -49.413149303713
      ],
      [
        0.0011934512420035584,
        -0.027598983116613227,
        0.9996183630791612,
        1.6611800990212373
      ],
      [
        0.0,
        0.0,
        0.0,
        1.0
      ]
    ],
    "location": [
      -34.70737046475102,
      -49.413149303713,
      1.6611800990212373
    ],
    "rotation": [
      -0.027602507689300258,
      -0.0011934515253143193,
      3.295061583849169e-05
    ]
  },
  {
    "label_id": "J4VvYddmPcAryqS-UZ_20A",
    "size": [
      1.8756481209093074,
      4.310370117695685,
      1.8899999999999864
    ],
    "obj_class": "vehicle",
    "point_num_in_lidar": 31,
    "speed": 5.685035733124714e-13,
    "if_vehicle": true,
    "motion_state": false,
    "pose": [
      [
        0.9999992872939418,
        -1.1737552316544764e-15,
        -0.0011939060300447128,
        -35.033050385925065
      ],
      [
        3.295059236720125e-05,
        0.9996190755137323,
        0.027598963446650762,
        -67.55194797141121
      ],
      [
        0.0011934512420035339,
        -0.02759898311661323,
        0.9996183630791612,
        1.9745639371103607
      ],
      [
        0.0,
        0.0,
        0.0,
        1.0
      ]
    ],
    "location": [
      -35.033050385925065,
      -67.55194797141121,
      1.9745639371103607
    ],
    "rotation": [
      -0.02760250768930026,
      -0.0011934515253142948,
      3.2950615839379486e-05
    ]
  },
  {
    "label_id": "LrTZhVUAGYTUkncIjh4pHw",
    "size": [
      1.7509685992957449,
      2.3537852381629554,
      1.7300000000000182
    ],
    "obj_class": "vehicle",
    "point_num_in_lidar": 1563,
    "speed": 0.00734343023409793,
    "if_vehicle": true,
    "motion_state": false,
    "pose": [
      [
        -0.9998222062097665,
        0.018818356948113287,
        -0.0011939060300447128,
        -49.48522061346776
      ],
      [
        -0.01884414673945329,
        -0.9994414416814685,
        0.027598963446650762,
        12.082054598307877
      ],
      [
        -0.0006738720183630816,
        0.027616554662756344,
        0.9996183630791612,
        0.8474022581776239
      ],
      [
        0.0,
        0.0,
        0.0,
        1.0
      ]
    ],
    "location": [
      -49.48522061346776,
      12.082054598307877,
      0.8474022581776239
    ],
    "rotation": [
      0.02762007254599069,
      0.0006738720693643654,
      -3.1227473871274505
    ]
  },
  {
    "label_id": "N0xEeDcPODmUZyZL7O9KhQ",
    "size": [
      1.9987228837198965,
      4.597254965828016,
      1.920000000000016
    ],
    "obj_class": "vehicle",
    "point_num_in_lidar": 160,
    "speed": 0.007175455285449976,
    "if_vehicle": true,
    "motion_state": false,
    "pose": [
      [
        0.9999992872939418,
        -1.1737552316544764e-15,
        -0.0011939060300447128,
        -35.024881116731024
      ],
      [
        3.295059236720125e-05,
        0.9996190755137323,
        0.027598963446650762,
        -41.12746963711288
      ],
      [
        0.0011934512420035339,
        -0.02759898311661323,
        0.9996183630791612,
        1.6809555908088782
      ],
      [
        0.0,
        0.0,
        0.0,
        1.0
      ]
    ],
    "location": [
      -35.024881116731024,
      -41.12746963711288,
      1.6809555908088782
    ],
    "rotation": [
      -0.02760250768930026,
      -0.0011934515253142948,
      3.2950615839379486e-05
    ]
  },
  {
    "label_id": "Q6fs_63CkqvoTcB1qAcIFA",
    "size": [
      2.581755717711434,
      5.077991374472059,
      2.1399999999999864
    ],
    "obj_class": "vehicle",
    "point_num_in_lidar": 166,
    "speed": 2.8421709430404007e-13,
    "if_vehicle": true,
    "motion_state": false,
    "pose": [
      [
        0.6057790600617053,
        0.7956320160596532,
        -0.0011939060300447128,
        -113.99894396238155
      ],
      [
        -0.7953095463857374,
        0.6055749521276312,
        0.027598963446650762,
        -10.840260225892052
      ],
      [
        0.022681618515204633,
        -0.015769349272207404,
        0.9996183630791612,
        1.6918798584549677
      ],
      [
        0.0,
        0.0,
        0.0,
        1.0
      ]
    ],
    "location": [
      -113.99894396238155,
      -10.840260225892052,
      1.6918798584549677
    ],
    "rotation": [
      -0.015774061299557558,
      -0.022683563747339062,
      -0.9198557152829178
    ]
  },
  {
    "label_id": "Sv6Kp_7Yn7_dppLzJAxahA",
    "size": [
      2.287879586002821,
      4.83846683002856,
      2.0
    ],
    "obj_class": "vehicle",
    "point_num_in_lidar": 1877,
    "speed": 5.8010265917465365,
    "if_vehicle": true,
    "motion_state": true,
    "pose": [
      [
        -0.6590622824372467,
        -0.7520874167654968,
        -0.0011939060300447128,
        -66.5581369149516
      ],
      [
        0.7517797475580051,
        -0.6588364807585356,
        0.027598963446650762,
        9.091350585149485
      ],
      [
        -0.021543421971187995,
        0.017291881468176798,
        0.9996183630791612,
        1.168968442490609
      ],
      [
        0.0,
        0.0,
        0.0,
        1.0
      ]
    ],
    "location": [
      -66.5581369149516,
      9.091350585149485,
      1.168968442490609
    ],
    "rotation": [
      0.01729675806602344,
      0.021545088771347466,
      2.290571032063802
    ]
  },
  {
    "label_id": "TF-e0qfWBKlF_b0k2fIi4w",
    "size": [
      1.92072805951937,
      4.463873919194776,
      1.5600000000000023
    ],
    "obj_class": "vehicle",
    "point_num_in_lidar": 89,
    "speed": 9.294015956906675,
    "if_vehicle": true,
    "motion_state": true,
    "pose": [
      [
        0.9997402032426038,
        -0.022761823495246174,
        -0.0011939060300447128,
        -92.9031409124533
      ],
      [
        0.02278611123103323,
        0.9993593399531708,
        0.027598963446650762,
        -18.833463896899048
      ],
      [
        0.0005649384075271793,
        -0.02761899780103982,
        0.9996183630791612,
        1.1778749649225233
      ],
      [
        0.0,
        0.0,
        0.0,
        1.0
      ]
    ],
    "location": [
      -92.9031409124533,
      -18.833463896899048,
      1.1778749649225233
    ],
    "rotation": [
      -0.027622514752826625,
      -0.000564938437577708,
      0.022788087113199643
    ]
  },
  {
    "label_id": "WASi6kOEGcG25GLiTIITRg",
    "size": [
      2.6120124770363216,
      7.188040993103449,
      2.4399999999999977
    ],
    "obj_class": "vehicle",
    "point_num_in_lidar": 365,
    "speed": 0.011486934622116198,
    "if_vehicle": true,
    "motion_state": false,
    "pose": [
      [
        -0.009153729609841234,
        0.9999573910035473,
        -0.0011939060300447128,
        -88.29304256755609
      ],
      [
        -0.9995774967738403,
        -0.00911730003967279,
        0.027598963446650762,
        36.43314893060233
      ],
      [
        0.027586902283020073,
        0.0014460350497978206,
        0.9996183630791612,
        1.6243539009137749
      ],
      [
        0.0,
        0.0,
        0.0,
        1.0
      ]
    ],
    "location": [
      -88.29304256755609,
      36.43314893060233,
      1.6243539009137749
    ],
    "rotation": [
      0.0014465861118039837,
      -0.02759040259160043,
      -1.579953669542285
    ]
  },
  {
    "label_id": "ZSFR0_-rEfWNevQkHaEhFQ",
    "size": [
      2.216010875330346,
      4.30560871595925,
      1.7900000000000205
    ],
    "obj_class": "vehicle",
    "point_num_in_lidar": 1316,
    "speed": 10.619458336375958,
    "if_vehicle": true,
    "motion_state": true,
    "pose": [
      [
        0.9997216750773341,
        -0.02356155701478127,
        -0.0011939060300447128,
        -64.11559216862375
      ],
      [
        0.023585540071731997,
        0.9993407924808209,
        0.027598963446650762,
        -14.50249958261702
      ],
      [
        0.0005428444474153881,
        -0.027619440885797313,
        0.9996183630791612,
        1.208080843697303
      ],
      [
        0.0,
        0.0,
        0.0,
        1.0
      ]
    ],
    "location": [
      -64.11559216862375,
      -14.50249958261702,
      1.208080843697303
    ],
    "rotation": [
      -0.027622957668622553,
      -0.0005428444740763005,
      0.023587730780356735
    ]
  },
  {
    "label_id": "ctW65CIWnfgzcBsgEI6eEg",
    "size": [
      1.1205580076404502,
      0.99186347399398,
      1.0699999999999932
    ],
    "obj_class": "sign",
    "point_num_in_lidar": 200,
    "speed": 3.108624468950438e-14,
    "if_vehicle": false,
    "motion_state": false,
    "pose": [
      [
        0.9994654217648505,
        -0.03267178116970316,
        -0.0011939060300447128,
        -59.27119097334847
      ],
      [
        0.03269229196593669,
        0.9990843364114385,
        0.027598963446650762,
        11.721001093837913
      ],
      [
        0.0002911055195252269,
        -0.027623241165993608,
        0.9996183630791612,
        0.5927429929155892
      ],
      [
        0.0,
        0.0,
        0.0,
        1.0
      ]
    ],
    "location": [
      -59.27119097334847,
      11.721001093837913,
      0.5927429929155892
    ],
    "rotation": [
      -0.027626756499212306,
      -0.0002911055236367249,
      0.03269811966492101
    ]
  },
  {
    "label_id": "fxYJPKvGSuuDKaSQkZStYQ",
    "size": [
      1.8889588141057085,
      4.426904542688601,
      1.6800000000000068
    ],
    "obj_class": "vehicle",
    "point_num_in_lidar": 438,
    "speed": 9.335706717667277,
    "if_vehicle": true,
    "motion_state": true,
    "pose": [
      [
        0.9999509204996215,
        -0.009835201083413127,
        -0.0011939060300447128,
        -77.90304290319793
      ],
      [
        0.009864410620085716,
        0.9995704030331174,
        0.027598963446650762,
        -18.274159376744137
      ],
      [
        0.000921951776443884,
        -0.02760938608263599,
        0.9996183630791612,
        1.154145360419193
      ],
      [
        0.0,
        0.0,
        0.0,
        1.0
      ]
    ],
    "location": [
      -77.90304290319793,
      -18.274159376744137,
      1.154145360419193
    ],
    "rotation": [
      -0.027612906696992633,
      -0.0009219519070530127,
      0.009864574798352774
    ]
  },
  {
    "label_id": "gReOadgSa6ggtDSZ_bnQ5Q",
    "size": [
      1.1020334662251088,
      0.8957830059557224,
      1.1000000000000227
    ],
    "obj_class": "pedestrian",
    "point_num_in_lidar": 43,
    "speed": 0.021178923880840087,
    "if_vehicle": false,
    "motion_state": false,
    "pose": [
      [
        -0.6336270378742478,
        -0.7736377391667874,
        -0.0011939060300447128,
        -92.92139928494329
      ],
      [
        0.7733227143739844,
        -0.6334116170784393,
        0.027598963446650762,
        18.65226432986674
      ],
      [
        -0.02210783363334402,
        0.016564174805239314,
        0.9996183630791612,
        1.0389346345860417
      ],
      [
        0.0,
        0.0,
        0.0,
        1.0
      ]
    ],
    "location": [
      -92.92139928494329,
      18.65226432986674,
      1.0389346345860417
    ],
    "rotation": [
      0.01656898231876547,
      0.0221096349200717,
      2.2572291137748786
    ]
  },
  {
    "label_id": "gofHjXzTs7FWeFilqynuPg",
    "size": [
      2.006230178023539,
      4.722435152556317,
      1.589999999999975
    ],
    "obj_class": "vehicle",
    "point_num_in_lidar": 64,
    "speed": 0.0,
    "if_vehicle": true,
    "motion_state": false,
    "pose": [
      [
        0.9999992872939418,
        6.03545613855695e-16,
        -0.0011939060300447128,
        -34.671216280914706
      ],
      [
        3.295059236542564e-05,
        0.9996190755137322,
        0.027598963446650762,
        -46.96265925697662
      ],
      [
        0.0011934512420035829,
        -0.027598983116613227,
        0.9996183630791612,
        1.487155137920979
      ],
      [
        0.0,
        0.0,
        0.0,
        1.0
      ]
    ],
    "location": [
      -34.671216280914706,
      -46.96265925697662,
      1.487155137920979
    ],
    "rotation": [
      -0.027602507689300258,
      -0.0011934515253143438,
      3.2950615837603875e-05
    ]
  },
  {
    "label_id": "gy9mAZLClR19nDtkUsKYAA",
    "size": [
      1.9241991492926909,
      4.640621657728636,
      1.740000000000009
    ],
    "obj_class": "vehicle",
    "point_num_in_lidar": 87,
    "speed": 4.440892098500626e-15,
    "if_vehicle": true,
    "motion_state": false,
    "pose": [
      [
        0.9999992872939418,
        -1.1737552316544764e-15,
        -0.0011939060300447128,
        -35.24436293139058
      ],
      [
        3.295059236720125e-05,
        0.9996190755137323,
        0.027598963446650762,
        -36.498409425204954
      ],
      [
        0.0011934512420035339,
        -0.02759898311661323,
        0.9996183630791612,
        1.4029304013889714
      ],
      [
        0.0,
        0.0,
        0.0,
        1.0
      ]
    ],
    "location": [
      -35.24436293139058,
      -36.498409425204954,
      1.4029304013889714
    ],
    "rotation": [
      -0.02760250768930026,
      -0.0011934515253142948,
      3.2950615839379486e-05
    ]
  },
  {
    "label_id": "i5j529DQ3xVIaMhN_CqDdg",
    "size": [
      1.1681500733680772,
      1.1867695902315556,
      1.839999999999975
    ],
    "obj_class": "pedestrian",
    "point_num_in_lidar": 193,
    "speed": 0.3835736195518043,
    "if_vehicle": false,
    "motion_state": false,
    "pose": [
      [
        0.09561733506895459,
        -0.9954174500292341,
        -0.0011939060300447128,
        -63.799635617105196
      ],
      [
        0.9950421309688456,
        0.09554818058785236,
        0.027598963446650762,
        20.44244311842158
      ],
      [
        -0.0273584142685515,
        -0.003826926135746481,
        0.9996183630791612,
        1.122916474349779
      ],
      [
        0.0,
        0.0,
        0.0,
        1.0
      ]
    ],
    "location": [
      -63.799635617105196,
      20.44244311842158,
      1.122916474349779
    ],
    "rotation": [
      -0.0038283684861623187,
      0.027361828302477374,
      1.4749967203729957
    ]
  },
  {
    "label_id": "i9VNOB2WBRj9osW_hX1lgQ",
    "size": [
      1.8065306483404164,
      4.5505860144962815,
      1.8000000000000114
    ],
    "obj_class": "vehicle",
    "point_num_in_lidar": 33,
    "speed": 5.685902922862834e-13,
    "if_vehicle": true,
    "motion_state": false,
    "pose": [
      [
        0.9999992872939418,
        1.49172403355582e-15,
        -0.0011939060300447128,
        -34.7451814293201
      ],
      [
        3.295059236453783e-05,
        0.9996190755137322,
        0.027598963446650762,
        -52.27160028350954
      ],
      [
        0.0011934512420036074,
        -0.027598983116613227,
        0.9996183630791612,
        1.7126331685344098
      ],
      [
        0.0,
        0.0,
        0.0,
        1.0
      ]
    ],
    "location": [
      -34.7451814293201,
      -52.27160028350954,
      1.7126331685344098
    ],
    "rotation": [
      -0.027602507689300258,
      -0.0011934515253143683,
      3.295061583671606e-05
    ]
  },
  {
    "label_id": "iHBa2LA3ziDFWThMzfxSrQ",
    "size": [
      1.1548516358369645,
      1.0708842660739963,
      1.25
    ],
    "obj_class": "sign",
    "point_num_in_lidar": 74,
    "speed": 0.0,
    "if_vehicle": false,
    "motion_state": false,
    "pose": [
      [
        0.06213610182753835,
        0.9980669714192877,
        -0.0011939060300447128,
        -88.34112251324397
      ],
      [
        -0.9976854469060388,
        0.06214536385417756,
        0.027598963446650762,
        17.729811577082728
      ],
      [
        0.027619809586155175,
        -0.0005237493319066264,
        0.9996183630791612,
        0.9040977363815159
      ],
      [
        0.0,
        0.0,
        0.0,
        1.0
      ]
    ],
    "location": [
      -88.34112251324397,
      17.729811577082728,
      0.9040977363815159
    ],
    "rotation": [
      -0.0005239492423551079,
      -0.027623322438687637,
      -1.508596411963243
    ]
  },
  {
    "label_id": "jcMjZDvyQh7S9D1-oC8sUA",
    "size": [
      2.52460449670321,
      5.794295811722223,
      1.8600000000000136
    ],
    "obj_class": "vehicle",
    "point_num_in_lidar": 266,
    "speed": 2.8435583831733384e-13,
    "if_vehicle": true,
    "motion_state": false,
    "pose": [
      [
        -0.9999885329386746,
        -0.004637734311998155,
        -0.0011939060300447128,
        -65.21777013011138
      ],
      [
        0.0046030207515191214,
        -0.9996084780636023,
        0.027598963446650762,
        -40.020661225471486
      ],
      [
        -0.001321435249396068,
        0.02759315139341274,
        0.9996183630791612,
        2.069111831856276
      ],
      [
        0.0,
        0.0,
        0.0,
        1.0
      ]
    ],
    "location": [
      -65.21777013011138,
      -40.020661225471486,
      2.069111831856276
    ],
    "rotation": [
      0.02759667818245935,
      0.0013214356339761196,
      3.136989612564547
    ]
  },
  {
    "label_id": "nIkRugAGG0nTBKZGfO4uEw",
    "size": [
      1.8637469243193827,
      4.217077508524435,
      1.5500000000000114
    ],
    "obj_class": "vehicle",
    "point_num_in_lidar": 39,
    "speed": 0.0,
    "if_vehicle": true,
    "motion_state": false,
    "pose": [
      [
        0.9993879586027159,
        -0.034961161140436195,
        -0.0011939060300447128,
        -35.61190845734819
      ],
      [
        0.034980798934356204,
        0.9990068272652517,
        0.027598963446650762,
        -54.75781441543768
      ],
      [
        0.00022782846676045547,
        -0.02762383552528279,
        0.9996183630791612,
        1.576879858454788
      ],
      [
        0.0,
        0.0,
        0.0,
        1.0
      ]
    ],
    "location": [
      -35.61190845734819,
      -54.75781441543768,
      1.576879858454788
    ],
    "rotation": [
      -0.027627350631712632,
      -0.00022782846873139242,
      0.034987937853107956
    ]
  },
  {
    "label_id": "piSZshXXJoBYeTBgNxYSAA",
    "size": [
      1.8486870772821138,
      4.196742963788994,
      1.670000000000016
    ],
    "obj_class": "vehicle",
    "point_num_in_lidar": 22,
    "speed": 4.440892098500626e-15,
    "if_vehicle": true,
    "motion_state": false,
    "pose": [
      [
        0.9965976751115698,
        -0.08241145885497612,
        -0.0011939060300447128,
        -84.88072985496453
      ],
      [
        0.08241296353231313,
        0.9962160411569831,
        0.027598963446650762,
        -46.20897618727213
      ],
      [
        -0.0010850825017590547,
        -0.027603456140536428,
        0.9996183630791612,
        1.8495089626870822
      ],
      [
        0.0,
        0.0,
        0.0,
        1.0
      ]
    ],
    "location": [
      -84.88072985496453,
      -46.20897618727213,
      1.8495089626870822
    ],
    "rotation": [
      -0.027606979011968985,
      0.0010850827146892538,
      0.08250658855397719
    ]
  },
  {
    "label_id": "slzRePUL32VlVCupH5t8lw",
    "size": [
      2.9216232952637244,
      10.613183625004126,
      3.6399999999999864
    ],
    "obj_class": "vehicle",
    "point_num_in_lidar": 466,
    "speed": 12.81421100431164,
    "if_vehicle": true,
    "motion_state": true,
    "pose": [
      [
        -0.9986958390705098,
        -0.051041116872986646,
        -0.0011939060300447128,
        -111.7761471029636
      ],
      [
        0.05098880278230106,
        -0.9983178047132577,
        0.027598963446650762,
        7.799505225326357
      ],
      [
        -0.002600579565801946,
        0.02750209411772266,
        0.9996183630791612,
        2.1198527051613496
      ],
      [
        0.0,
        0.0,
        0.0,
        1.0
      ]
    ],
    "location": [
      -111.7761471029636,
      7.799505225326357,
      2.1198527051613496
    ],
    "rotation": [
      0.027505655270195287,
      0.0026005824971035694,
      3.0905815583332625
    ]
  },
  {
    "label_id": "tHiLYp-JdD1GE2Xou2SH_g",
    "size": [
      2.281286627728669,
      4.608025198634581,
      2.009999999999991
    ],
    "obj_class": "vehicle",
    "point_num_in_lidar": 54,
    "speed": 8.526541741130118e-13,
    "if_vehicle": true,
    "motion_state": false,
    "pose": [
      [
        0.9969862616385092,
        -0.07756912202972004,
        -0.0011939060300447128,
        -84.78771647126428
      ],
      [
        0.07757248062603929,
        0.9966046394966226,
