[
  {
    "label_id": "-jGx5h2KM1RTCWtkALlTPg",
    "size": [
      1.9723911586516014,
      4.593513203435377,
      1.6999999999999886
    ],
    "obj_class": "vehicle",
    "point_num_in_lidar": 42,
    "speed": 16.335440525534736,
    "if_vehicle": true,
    "motion_state": true,
    "pose": [
      [
        -0.9999416462978497,
        0.01055776990273441,
        0.002288557149641689,
        -131.23961585559456
      ],
      [
        -0.01049424415273488,
        -0.9996019211257887,
        0.026189122194056946,
        1.3737110604306508
      ],
      [
        0.0025641448494674395,
        0.026163577284335028,
        0.9996543864680821,
        1.2007731598149576
      ],
      [
        0.0,
        0.0,
        0.0,
        1.0
      ]
    ],
    "location": [
      -131.23961585559456,
      1.3737110604306508,
      1.2007731598149576
    ],
    "rotation": [
      0.026166649215762082,
      -0.002564147659282264,
      -3.131098182306077
    ]
  },
  {
    "label_id": "0dItGO83CJ_wt_3rDsNP2w",
    "size": [
      0.59824109506968,
      0.1706041126485065,
      0.6399999999999864
    ],
    "obj_class": "sign",
    "point_num_in_lidar": 38,
    "speed": 0.017191737321898583,
    "if_vehicle": false,
    "motion_state": false,
    "pose": [
      [
        -0.20935554137071885,
        0.9778369085913796,
        0.002288557149641689,
        -65.07608719009824
      ],
      [
        -0.9774915267418257,
        -0.20934288864597075,
        0.026189122194056946,
        37.0817979703661
      ],
      [
        0.026087783449495916,
        0.0032457926327215253,
        0.9996543864680821,
        1.6143043310088956
      ],
      [
        0.0,
        0.0,
        0.0,
        1.0
      ]
    ],
    "location": [
      -65.07608719009824,
      37.0817979703661,
      1.6143043310088956
    ],
    "rotation": [
      0.0032469034003372206,
      -0.026090743460540577,
      -1.7817850693330328
    ]
  },
  {
    "label_id": "1YQ_kpgKHcSW4kqTyRAkOQ",
    "size": [
      2.113992752621913,
      4.388851756526188,
      1.6100000000000136
    ],
    "obj_class": "vehicle",
    "point_num_in_lidar": 4872,
    "speed": 2.3137024927954393,
    "if_vehicle": true,
    "motion_state": true,
    "pose": [
      [
        -0.9998286258468071,
        -0.018370668018837213,
        0.002288557149641689,
        -55.31982991899906
      ],
      [
        0.018424340396226906,
        -0.9994872053006325,
        0.026189122194056946,
        4.541511054900184
      ],
      [
        0.001806271920134371,
        0.026226799211359293,
        0.9996543864680821,
        0.9718105056534796
      ],
      [
        0.0,
        0.0,
        0.0,
        1.0
      ]
    ],
    "location": [
      -55.31982991899906,
      4.541511054900184,
      0.9718105056534796
    ],
    "rotation": [
      0.026229849603340565,
      -0.001806272902331768,
      3.1231672405968727
    ]
  },
  {
    "label_id": "20Y4i40d8raHY1Clo4K4wg",
    "size": [
      0.7999212305811708,
      0.15511676600605773,
      0.7769746969505036
    ],
    "obj_class": "sign",
    "point_num_in_lidar": 49,
    "speed": 0.016301521363742504,
    "if_vehicle": false,
    "motion_state": false,
    "pose": [
      [
        -0.20935554137237855,
        0.9778369085910243,
        0.002288557149641689,
        -65.07107919117004
      ],
      [
        -0.9774915267414704,
        -0.20934288864762987,
        0.026189122194056946,
        37.08418260275721
      ],
      [
        0.026087783449490407,
        0.003245792632765804,
        0.9996543864680821,
        2.247862786656526
      ],
      [
        0.0,
        0.0,
        0.0,
        1.0
      ]
    ],
    "location": [
      -65.07107919117004,
      37.08418260275721,
      2.247862786656526
    ],
    "rotation": [
      0.003246903400381514,
      -0.026090743460535065,
      -1.7817850693347308
    ]
  },
  {
    "label_id": "2gBQINdyd96o4z3Zr-BlXg",
    "size": [
      0.8037584934951661,
      0.6746490747898556,
      1.8500000000000227
    ],
    "obj_class": "pedestrian",
    "point_num_in_lidar": 113,
    "speed": 0.015164947367397251,
    "if_vehicle": false,
    "motion_state": false,
    "pose": [
      [
        -0.9557726524442062,
        -0.29409760173442345,
        0.002288557149641689,
        -80.08492486800975
      ],
      [
        0.2940547822570368,
        -0.9554297017104249,
        0.026189122194056946,
        -9.289300148604525
      ],
      [
        -0.005515602553972491,
        0.025703807958919907,
        0.9996543864680821,
        1.4852192314608033
      ],
      [
        0.0,
        0.0,
        0.0,
        1.0
      ]
    ],
    "location": [
      -80.08492486800975,
      -9.289300148604525,
      1.4852192314608033
    ],
    "rotation": [
      0.025707030274438207,
      0.005515630520180732,
      2.8431215459210146
    ]
  },
  {
    "label_id": "34QvoR6V_imNZ02CTvcFLg",
    "size": [
      1.9026241168053528,
      4.357864290621819,
      1.5500000000000114
    ],
    "obj_class": "vehicle",
    "point_num_in_lidar": 38,
    "speed": 1.1369030711563004e-12,
    "if_vehicle": true,
    "motion_state": false,
    "pose": [
      [
        -0.9986087805874121,
        0.0526807919444526,
        0.002288557149641689,
        -84.97223997495973
      ],
      [
        -0.05260300833813266,
        -0.9982720337625827,
        0.026189122194056946,
        -43.08326108930487
      ],
      [
        0.003664266297667667,
        0.026032302388037044,
        0.9996543864680821,
        1.9519954291757244
      ],
      [
        0.0,
        0.0,
        0.0,
        1.0
      ]
    ],
    "location": [
      -84.97223997495973,
      -43.08326108930487,
      1.9519954291757244
    ],
    "rotation": [
      0.026035418377048192,
      -0.0036642744976413417,
      -3.088965001930318
    ]
  },
  {
    "label_id": "4iGaZtbzD4XFf7YLTHe1Sg",
    "size": [
      0.999999999999334,
      1.0,
      1.9499999999999886
    ],
    "obj_class": "pedestrian",
    "point_num_in_lidar": 102,
    "speed": 0.06935289653232922,
    "if_vehicle": false,
    "motion_state": false,
    "pose": [
      [
        -0.7650421609881566,
        0.6439761287631277,
        0.002288557149641689,
        -59.362695571105206
      ],
      [
        -0.6437110802980004,
        -0.7648203547110172,
        0.026189122194056946,
        -25.917165166361883
      ],
      [
        0.018615504617198693,
        0.018562613042604658,
        0.9996543864680821,
        1.3359040188601625
      ],
      [
        0.0,
        0.0,
        0.0,
        1.0
      ]
    ],
    "location": [
      -59.362695571105206,
      -25.917165166361883,
      1.3359040188601625
    ],
    "rotation": [
      0.018566896936636434,
      -0.01861657994512051,
      -2.442109044051428
    ]
  },
  {
    "label_id": "4svB2BL9suqhlT8qPQMSGA",
    "size": [
      1.8336943415088036,
      4.534747083223021,
      1.579999999999984
    ],
    "obj_class": "vehicle",
    "point_num_in_lidar": 22,
    "speed": 2.8452917319372777e-13,
    "if_vehicle": true,
    "motion_state": false,
    "pose": [
      [
        0.9999973812496575,
        -3.9018464984235153e-16,
        0.002288557149641689,
        -35.32196171981258
      ],
      [
        -5.993545979566518e-05,
        0.9996570043202045,
        0.026189122194056946,
        -64.6297051130914
      ],
      [
        -0.002287772184426407,
        -0.026189190777009267,
        0.9996543864680821,
        1.7460773999511048
      ],
      [
        0.0,
        0.0,
        0.0,
        1.0
      ]
    ],
    "location": [
      -35.32196171981258,
      -64.6297051130914,
      1.7460773999511048
    ],
    "rotation": [
      -0.026192254007249623,
      0.002287774180093511,
      -5.993561668031361e-05
    ]
  },
  {
    "label_id": "7-k0-aAqBFIwuvVcth1ugQ",
    "size": [
      2.6543306808974183,
      7.4845826403753275,
      2.2900000000000205
    ],
    "obj_class": "vehicle",
    "point_num_in_lidar": 115,
    "speed": 0.0017181400527459577,
    "if_vehicle": true,
    "motion_state": false,
    "pose": [
      [
        -0.03969211761387235,
        0.9992093365784266,
        0.002288557149641689,
        -88.38485520911732
      ],
      [
        -0.998866848910352,
        -0.039738495525227964,
        0.026189122194056946,
        57.71554576045128
      ],
      [
        0.026259359231145255,
        -0.0012464621502832674,
        0.9996543864680821,
        0.6947188220319731
      ],
      [
        0.0,
        0.0,
        0.0,
        1.0
      ]
    ],
    "location": [
      -88.38485520911732,
      57.71554576045128,
      0.6947188220319731
    ],
    "rotation": [
      -0.0012468924472106263,
      -0.026262378042108885,
      -1.6105125768681336
    ]
  },
  {
    "label_id": "7H_jvU9tURSLSp0yi3ZSOA",
    "size": [
      1.4422854662691529,
      1.1313572277526598,
      1.8899999999999864
    ],
    "obj_class": "pedestrian",
    "point_num_in_lidar": 165,
    "speed": 0.768548355144877,
    "if_vehicle": false,
    "motion_state": false,
    "pose": [
      [
        0.05485204832991179,
        -0.998491870422682,
        0.002288557149641689,
        -81.17201811894941
      ],
      [
        0.9981487183443768,
        0.05489322313531,
        0.026189122194056946,
        -7.111170912892703
      ],
      [
        -0.026275251882545286,
        0.0008477933894663339,
        0.9996543864680821,
        1.4207131863811355
      ],
      [
        0.0,
        0.0,
        0.0,
        1.0
      ]
    ],
    "location": [
      -81.17201811894941,
      -7.111170912892703,
      1.4207131863811355
    ],
    "rotation": [
      0.0008480862963079937,
      0.026278276179084917,
      1.5158977621603056
    ]
  },
  {
    "label_id": "97LGRvZi3-yunSqGxMM_Jw",
    "size": [
      2.7330119442255154,
      6.870703637231516,
      2.9699999999999704
    ],
    "obj_class": "vehicle",
    "point_num_in_lidar": 9782,
    "speed": 0.00772067723262402,
    "if_vehicle": true,
    "motion_state": false,
    "pose": [
      [
        -0.9999901105107566,
        0.003813317041334835,
        0.002288557149641689,
        -55.15380490120671
      ],
      [
        -0.003752084048770384,
        -0.9996499646096106,
        0.026189122194056946,
        12.194920653888403
      ],
      [
        0.002387623499606583,
        0.026180276338238846,
        0.9996543864680821,
        1.6268798584552542
      ],
      [
        0.0,
        0.0,
        0.0,
        1.0
      ]
    ],
    "location": [
      -55.15380490120671,
      12.194920653888403,
      1.6268798584552542
    ],
    "rotation": [
      0.026183342600708207,
      -0.0023876257681515784,
      -3.137840550042283
    ]
  },
  {
    "label_id": "9OU84eagvEJrB0PWmD5Zkg",
    "size": [
      2.089031648113175,
      4.993037200368213,
      1.6999999999999886
    ],
    "obj_class": "vehicle",
    "point_num_in_lidar": 21,
    "speed": 7.9323460110806066,
    "if_vehicle": true,
    "motion_state": true,
    "pose": [
      [
        0.999626472413103,
        -0.02723376869088655,
        0.002288557149641689,
        -121.11612705951553
      ],
      [
        0.02716458569090072,
        0.9992878540055145,
        0.026189122194056946,
        -19.218089410758694
      ],
      [
        -0.0030001558588847303,
        -0.026117172127640885,
        0.9996543864680821,
        1.3356425337811402
      ],
      [
        0.0,
        0.0,
        0.0,
        1.0
      ]
    ],
    "location": [
      -121.11612705951553,
      -19.218089410758694,
      1.3356425337811402
    ],
    "rotation": [
      -0.026120259736025345,
      0.003000160359604361,
      0.027168049957974928
    ]
  },
  {
    "label_id": "9c2B8y2r5Bvrgoj_U5Y_JA",
    "size": [
      2.0352301871744403,
      4.669215735306136,
      1.7900000000000205
    ],
    "obj_class": "vehicle",
    "point_num_in_lidar": 204,
    "speed": 10.332445537337588,
    "if_vehicle": true,
    "motion_state": true,
    "pose": [
      [
        0.9997095832773075,
        -0.023989823044054163,
        0.002288557149641689,
        -82.82015691629954
      ],
      [
        0.023921739229917548,
        0.9993707421527411,
        0.026189122194056946,
        -14.888489680562998
      ],
      [
        -0.0029153894642109136,
        -0.026126770167672664,
        0.9996543864680821,
        1.3268105056529294
      ],
      [
        0.0,
        0.0,
        0.0,
        1.0
      ]
    ],
    "location": [
      -82.82015691629954,
      -14.888489680562998,
      1.3268105056529294
    ],
    "rotation": [
      -0.026129854542801385,
      0.002915393594116759,
      0.023924123043065147
    ]
  },
  {
    "label_id": "AXKZxZOE2J4qe-CaUmIcQw",
    "size": [
      1.8770925018553337,
      4.241708010517512,
      1.7699999999999818
    ],
    "obj_class": "vehicle",
    "point_num_in_lidar": 55,
    "speed": 1.990015233685411e-12,
    "if_vehicle": true,
    "motion_state": false,
    "pose": [
      [
        -0.9987376112878178,
        0.05017914213372554,
        0.002288557149641689,
        -84.53197504032862
      ],
      [
        -0.05010220231196915,
        -0.9984006706739511,
        0.026189122194056946,
        -62.92957285135344
      ],
      [
        0.0035990446780110176,
        0.02604139958850336,
        0.9996543864680821,
        1.7593574807443702
      ],
      [
        0.0,
        0.0,
        0.0,
        1.0
      ]
    ],
    "location": [
      -84.53197504032862,
      -62.92957285135344,
      1.7593574807443702
    ],
    "rotation": [
      0.0260445125533511,
      -0.0035990524478674633,
      -3.091469141315648
    ]
  },
  {
    "label_id": "AdBkVx0b9kPemMNsgkGfrA",
    "size": [
      1.4666399194667563,
      1.0272516549106756,
      1.240000000000009
    ],
    "obj_class": "pedestrian",
    "point_num_in_lidar": 31,
    "speed": 0.0201263045483124,
    "if_vehicle": false,
    "motion_state": false,
    "pose": [
      [
        0.10733981723119938,
        -0.9942197574696178,
        0.002288557149641689,
        -90.89750547375232
      ],
      [
        0.9938749136370086,
        0.10736287031247471,
        0.026189122194056946,
        -28.13960965334445
      ],
      [
        -0.02628344878057715,
        -0.000536596050302128,
        0.9996543864680821,
        0.8973159800293615
      ],
      [
        0.0,
        0.0,
        0.0,
        1.0
      ]
    ],
    "location": [
      -90.89750547375232,
      -28.13960965334445,
      0.8973159800293615
    ],
    "rotation": [
      -0.0005367815177210748,
      0.026286475908989988,
      1.4632119970571993
    ]
  },
  {
    "label_id": "BXDlU3DIkqaT24ZzQeHqcw",
    "size": [
      1.0220610767850256,
      1.090747265971741,
      1.0500000000000114
    ],
    "obj_class": "pedestrian",
    "point_num_in_lidar": 122,
    "speed": 0.014886135121007891,
    "if_vehicle": false,
    "motion_state": false,
    "pose": [
      [
        -0.22348330937555516,
        0.9747050697194115,
        0.002288557149641689,
        -62.10573968801924
      ],
      [
        -0.9743599071218593,
        -0.22346566016322622,
        0.026189122194056946,
        18.980761382184937
      ],
      [
        0.026038084108314416,
        0.0036229533658007043,
        0.9996543864680821,
        0.7389615901727211
      ],
      [
        0.0,
        0.0,
        0.0,
        1.0
      ]
    ],
    "location": [
      -62.10573968801924,
      18.980761382184937,
      0.7389615901727211
    ],
    "rotation": [
      0.0036241900727181663,
      -0.026041027230951846,
      -1.796260803014079
    ]
  },
  {
    "label_id": "D5j3i75zBvzZL7edy7Vfkg",
    "size": [
      1.0822184139979394,
      1.1221680693460732,
      1.079999999999984
    ],
    "obj_class": "sign",
    "point_num_in_lidar": 267,
    "speed": 0.004386105278903288,
    "if_vehicle": false,
    "motion_state": false,
    "pose": [
      [
        0.99946351673815,
        -0.032671718895438934,
        0.002288557149641689,
        -59.19140252969939
      ],
      [
        0.03260069470466165,
        0.9991252797239585,
        0.026189122194056946,
        8.877781402183246
      ],
      [
        -0.0031421989407425465,
        -0.026100463615407653,
        0.9996543864680821,
        0.6316629702065484
      ],
      [
        0.0,
        0.0,
        0.0,
        1.0
      ]
    ],
    "location": [
      -59.19140252969939,
      8.877781402183246,
      0.6316629702065484
    ],
    "rotation": [
      -0.02610355684085112,
      0.003142204111470785,
      0.03260663319359032
    ]
  },
  {
    "label_id": "Fww1o1EB4na9AHpv_SA6vw",
    "size": [
      1.9997895331551814,
      4.800593639312353,
      1.5600000000000023
    ],
    "obj_class": "vehicle",
    "point_num_in_lidar": 119,
    "speed": 8.305078400528155,
    "if_vehicle": true,
    "motion_state": true,
    "pose": [
      [
        0.998719609326884,
        -0.05053616974137574,
        0.002288557149641689,
        -108.05043189556363
      ],
      [
        0.05045910947429891,
        0.9983826962391553,
        0.026189122194056946,
        -18.899190708460083
      ],
      [
        -0.003608353782133157,
        -0.02604011133051062,
        0.9996543864680821,
        1.1825171985185534
      ],
      [
        0.0,
        0.0,
        0.0,
        1.0
      ]
    ],
    "location": [
      -108.05043189556363,
      -18.899190708460083,
      1.1825171985185534
    ],
    "rotation": [
      -0.02604322472387314,
      0.003608361612437255,
      0.050480875467354656
    ]
  },
  {
    "label_id": "GtCjV-L_DOEpw0nZQ3Dy6w",
    "size": [
      0.9397652133884575,
      0.9370266590153165,
      1.1100000000000136
    ],
    "obj_class": "sign",
    "point_num_in_lidar": 56,
    "speed": 0.01378949842741002,
    "if_vehicle": false,
    "motion_state": false,
    "pose": [
      [
        0.9999973812496575,
        1.3861721895578989e-15,
        0.002288557149641689,
        -62.5461222204257
      ],
      [
        -5.993545979744087e-05,
        0.9996570043202045,
        0.026189122194056946,
        -22.318329355390233
      ],
      [
        -0.0022877721844263605,
        -0.02618919077700927,
        0.9996543864680821,
        0.7509612822297527
      ],
      [
        0.0,
        0.0,
        0.0,
        1.0
      ]
    ],
    "location": [
      -62.5461222204257,
      -22.318329355390233,
      0.7509612822297527
    ],
    "rotation": [
      -0.026192254007249626,
      0.0022877741800934647,
      -5.9935616682089306e-05
    ]
  },
  {
    "label_id": "IRBl4-265z8DyVSL_Ay_RA",
    "size": [
      1.8959271415915293,
      4.818296796365432,
      1.8799999999999955
    ],
    "obj_class": "vehicle",
    "point_num_in_lidar": 40,
    "speed": 2.8421709430404007e-13,
    "if_vehicle": true,
    "motion_state": false,
    "pose": [
      [
        0.9999973812496575,
        4.979937698577737e-16,
        0.002288557149641689,
        -34.70737046475105
      ],
      [
        -5.9935459796553026e-05,
        0.9996570043202045,
        0.026189122194056946,
        -49.413149303713
      ],
      [
        -0.0022877721844263834,
        -0.026189190777009267,
        0.9996543864680821,
        1.6463265292579194
      ],
      [
        0.0,
        0.0,
        0.0,
        1.0
      ]
    ],
    "location": [
      -34.70737046475105,
      -49.413149303713,
      1.6463265292579194
    ],
    "rotation": [
      -0.026192254007249623,
      0.0022877741800934877,
      -5.993561668120145e-05
    ]
  },
  {
    "label_id": "J4VvYddmPcAryqS-UZ_20A",
    "size": [
      1.8756481209093092,
      4.310370117695685,
      1.8899999999999864
    ],
    "obj_class": "vehicle",
    "point_num_in_lidar": 23,
    "speed": 5.685035733124714e-13,
    "if_vehicle": true,
    "motion_state": false,
    "pose": [
      [
        0.9999973812496574,
        3.1633981313613744e-15,
        0.002288557149641689,
        -35.033050385925094
      ],
      [
        -5.993545979921744e-05,
        0.9996570043202044,
        0.026189122194056946,
        -67.55194797141121
      ],
      [
        -0.0022877721844263136,
        -0.02618919077700927,
        0.9996543864680821,
        1.9658267852300355
      ],
      [
        0.0,
        0.0,
        0.0,
        1.0
      ]
    ],
    "location": [
      -35.033050385925094,
      -67.55194797141121,
      1.9658267852300355
    ],
    "rotation": [
      -0.026192254007249626,
      0.002287774180093418,
      -5.993561668386588e-05
    ]
  },
  {
    "label_id": "N0xEeDcPODmUZyZL7O9KhQ",
    "size": [
      1.9987228837198947,
      4.597254965828016,
      1.920000000000016
    ],
    "obj_class": "vehicle",
    "point_num_in_lidar": 142,
    "speed": 0.007175455346243498,
    "if_vehicle": true,
    "motion_state": false,
    "pose": [
      [
        0.9999973812496575,
        -3.9018464984235153e-16,
        0.002288557149641689,
        -35.03115530764612
      ],
      [
        -5.993545979566518e-05,
        0.9996570043202045,
        0.026189122194056946,
        -41.125943221393754
      ],
      [
        -0.002287772184426407,
        -0.026189190777009267,
        0.9996543864680821,
        1.6744986025052526
      ],
      [
        0.0,
        0.0,
        0.0,
        1.0
      ]
    ],
    "location": [
      -35.03115530764612,
      -41.125943221393754,
      1.6744986025052526
    ],
    "rotation": [
      -0.026192254007249623,
      0.002287774180093511,
      -5.993561668031361e-05
    ]
  },
  {
    "label_id": "Q6fs_63CkqvoTcB1qAcIFA",
    "size": [
      2.581755717711433,
      5.077991374472059,
      2.1399999999999864
    ],
    "obj_class": "vehicle",
    "point_num_in_lidar": 179,
    "speed": 2.8421709430404007e-13,
    "if_vehicle": true,
    "motion_state": false,
    "pose": [
      [
        0.6057779054191683,
        0.7956304995487151,
        0.002288557149641689,
        -113.99894396238156
      ],
      [
        -0.7953959922454792,
        0.6055240254511248,
        0.026189122194056946,
        -10.840260225893871
      ],
      [
        0.019451088036273885,
        -0.017685100772332207,
        0.9996543864680821,
        1.691879858455195
      ],
      [
        0.0,
        0.0,
        0.0,
        1.0
      ]
    ],
    "location": [
      -113.99894396238156,
      -10.840260225893871,
      1.691879858455195
    ],
    "rotation": [
      -0.017689369782036612,
      -0.019452314781564194,
      -0.9199090244701978
    ]
  },
  {
    "label_id": "Sv6Kp_7Yn7_dppLzJAxahA",
    "size": [
      2.2878795860027275,
      4.83846683002856,
      2.0
    ],
    "obj_class": "vehicle",
    "point_num_in_lidar": 1447,
    "speed": 6.311744913241325,
    "if_vehicle": true,
    "motion_state": true,
    "pose": [
      [
        -0.35446754334581454,
        -0.9350655181432774,
        0.002288557149641689,
        -69.37737447752184
      ],
      [
        0.9347684878107194,
        -0.3542908467273261,
        0.026189122194056946,
        13.665159177013265
      ],
      [
        -0.023677730263773036,
        0.011422464912549685,
        0.9996543864680821,
        1.1589682358622326
      ],
      [
        0.0,
        0.0,
        0.0,
        1.0
      ]
    ],
    "location": [
      -69.37737447752184,
      13.665159177013265,
      1.1589682358622326
    ],
    "rotation": [
      0.011425916786086591,
      0.023679943249154085,
      1.9332472119511281
    ]
  },
  {
    "label_id": "TF-e0qfWBKlF_b0k2fIi4w",
    "size": [
      1.9207280595198657,
      4.463873919194776,
      1.5600000000000023
    ],
    "obj_class": "vehicle",
    "point_num_in_lidar": 151,
    "speed": 9.25242837831432,
    "if_vehicle": true,
    "motion_state": true,
    "pose": [
      [
        0.9995567603545119,
        -0.029682407849866692,
        0.002288557149641689,
        -84.5374838670808
      ],
      [
        0.02961239556565519,
        0.9992183124360602,
        0.026189122194056946,
        -18.628595026992116
      ],
      [
        -0.003064124419172442,
        -0.02610974447723021,
        0.9996543864680821,
        1.104276417973665
      ],
      [
        0.0,
        0.0,
        0.0,
        1.0
      ]
    ],
    "location": [
      -84.5374838670808,
      -18.628595026992116,
      1.104276417973665
    ],
    "rotation": [
      -0.026112834584437594,
      0.003064129213964444,
      0.02961686417143752
    ]
  },
  {
    "label_id": "WASi6kOEGcG25GLiTIITRg",
    "size": [
      2.6120124770363176,
      7.188040993103449,
      2.4399999999999977
    ],
    "obj_class": "vehicle",
    "point_num_in_lidar": 374,
    "speed": 0.011486934814176113,
    "if_vehicle": true,
    "motion_state": false,
    "pose": [
      [
        -0.009153712162414694,
        0.9999554850391194,
        0.002288557149641689,
        -88.3033636893113
      ],
      [
        -0.9996145737368233,
        -0.009210529390537297,
        0.026189122194056946,
        36.43257434966472
      ],
      [
        0.02620903520919568,
        -0.0020479473932607318,
        0.9996543864680821,
        1.6268770918670157
      ],
      [
        0.0,
        0.0,
        0.0,
        1.0
      ]
    ],
    "location": [
      -88.3033636893113,
      36.43257434966472,
      1.6268770918670157
    ],
    "rotation": [
      -0.0020486525702474623,
      -0.026212036693881172,
      -1.5799533124512108
    ]
  },
  {
    "label_id": "ZSFR0_-rEfWNevQkHaEhFQ",
    "size": [
      2.216010875333675,
      4.30560871595925,
      1.7900000000000205
    ],
    "obj_class": "vehicle",
    "point_num_in_lidar": 1354,
    "speed": 10.423113049756182,
    "if_vehicle": true,
    "motion_state": true,
    "pose": [
      [
        0.9997815368013496,
        -0.02077597596515185,
        0.002288557149641689,
        -54.718893092340494
      ],
      [
        0.02070898176070155,
        0.9994424785614927,
        0.026189122194056946,
        -14.249997052307663
      ],
      [
        -0.002831385803219666,
        -0.026136007146382336,
        0.9996543864680821,
        1.1730839936275288
      ],
      [
        0.0,
        0.0,
        0.0,
        1.0
      ]
    ],
    "location": [
      -54.718893092340494,
      -14.249997052307663,
      1.1730839936275288
    ],
    "rotation": [
      -0.026139088405340703,
      0.002831389586316578,
      0.020710545289694186
    ]
  },
  {
    "label_id": "ctW65CIWnfgzcBsgEI6eEg",
    "size": [
      1.120558007640452,
      0.99186347399398,
      1.0699999999999932
    ],
    "obj_class": "sign",
    "point_num_in_lidar": 238,
    "speed": 3.108624468950438e-14,
    "if_vehicle": false,
    "motion_state": false,
    "pose": [
      [
        0.9994635167381384,
        -0.03267171889579402,
        0.002288557149641689,
        -59.27119097334844
      ],
      [
        0.03260069470501661,
        0.9991252797239468,
        0.026189122194056946,
        11.721001093836094
      ],
      [
        -0.0031421989407518195,
        -0.026100463615406536,
        0.9996543864680821,
        0.5657423676986468
      ],
      [
        0.0,
        0.0,
        0.0,
        1.0
      ]
    ],
    "location": [
      -59.27119097334844,
      11.721001093836094,
      0.5657423676986468
    ],
    "rotation": [
      -0.026103556840850004,
      0.003142204111480058,
      0.032606633193945474
    ]
  },
  {
    "label_id": "fxYJPKvGSuuDKaSQkZStYQ",
    "size": [
      1.8889588141039988,
      4.426904542688601,
      1.6800000000000068
    ],
    "obj_class": "vehicle",
    "point_num_in_lidar": 709,
    "speed": 8.45281785922005,
    "if_vehicle": true,
    "motion_state": true,
    "pose": [
      [
        0.9997863708499238,
        -0.020542034196044008,
        0.002288557149641689,
        -69.76623512783351
      ],
      [
        0.020475119330451593,
        0.9994472969432198,
        0.026189122194056946,
        -18.112053263210328
      ],
      [
        -0.002825270100784158,
        -0.026136668953407917,
        0.9996543864680821,
        1.104145360419352
      ],
      [
        0.0,
        0.0,
        0.0,
        1.0
      ]
    ],
    "location": [
      -69.76623512783351,
      -18.112053263210328,
      1.104145360419352
    ],
    "rotation": [
      -0.026139749988929123,
      0.002825273859419819,
      0.0204766319682444
    ]
  },
  {
    "label_id": "gReOadgSa6ggtDSZ_bnQ5Q",
    "size": [
      1.1020334662251157,
      0.8957830059557224,
      1.1000000000000227
    ],
    "obj_class": "pedestrian",
    "point_num_in_lidar": 52,
    "speed": 0.02117892352694261,
    "if_vehicle": false,
    "motion_state": false,
    "pose": [
      [
        -0.6336258301521898,
        -0.7736362645779483,
        0.002288557149641689,
        -92.93037781979913
      ],
      [
        0.7734109127070263,
        -0.6333637896062494,
        0.026189122194056946,
        18.669075898043957
      ],
      [
        -0.01881136543775812,
        0.01836409936505304,
        0.9996543864680821,
        0.9819842628756987
      ],
      [
        0.0,
        0.0,
        0.0,
        1.0
      ]
    ],
    "location": [
      -92.93037781979913,
      18.669075898043957,
      0.9819842628756987
    ],
    "rotation": [
      0.018368382346539026,
      0.01881247506951333,
      2.2571722710187787
    ]
  },
  {
    "label_id": "gofHjXzTs7FWeFilqynuPg",
    "size": [
      2.0062301780235376,
      4.722435152556317,
      1.589999999999975
    ],
    "obj_class": "vehicle",
    "point_num_in_lidar": 80,
    "speed": 0.0,
    "if_vehicle": true,
    "motion_state": false,
    "pose": [
      [
        0.9999973812496575,
        4.979937698577737e-16,
        0.002288557149641689,
        -34.671216280914734
      ],
      [
        -5.9935459796553026e-05,
        0.9996570043202045,
        0.026189122194056946,
        -46.96265925697662
      ],
      [
        -0.0022877721844263834,
        -0.026189190777009267,
        0.9996543864680821,
        1.487155137921036
      ],
      [
        0.0,
        0.0,
        0.0,
        1.0
      ]
    ],
    "location": [
      -34.671216280914734,
      -46.96265925697662,
      1.487155137921036
    ],
    "rotation": [
      -0.026192254007249623,
      0.0022877741800934877,
      -5.993561668120145e-05
    ]
  },
  {
    "label_id": "i5j529DQ3xVIaMhN_CqDdg",
    "size": [
      1.1681500733684833,
      1.1867695902315556,
      1.839999999999975
    ],
    "obj_class": "pedestrian",
    "point_num_in_lidar": 194,
    "speed": 0.18322518714393865,
    "if_vehicle": false,
    "motion_state": false,
    "pose": [
      [
        0.6371673526254462,
        -0.7707220817223632,
        0.002288557149641689,
        -63.8569017404333
      ],
      [
        0.7704215560014765,
        0.6369966686937762,
        0.026189122194056946,
        20.596669847293015
      ],
      [
        -0.021642338056321996,
        -0.014923699895746328,
        0.9996543864680821,
        1.1157731598149212
      ],
      [
        0.0,
        0.0,
        0.0,
        1.0
      ]
    ],
    "location": [
      -63.8569017404333,
      20.596669847293015,
      1.1157731598149212
    ],
    "rotation": [
      -0.014927750590708912,
      0.021644027924523197,
      0.8797852745927888
    ]
  },
  {
    "label_id": "i9VNOB2WBRj9osW_hX1lgQ",
    "size": [
      1.8065306483404073,
      4.5505860144962815,
      1.8000000000000114
    ],
    "obj_class": "vehicle",
    "point_num_in_lidar": 31,
    "speed": 5.685902922862834e-13,
    "if_vehicle": true,
    "motion_state": false,
    "pose": [
      [
        0.9999973812496575,
        -1.2783630695424768e-15,
        0.002288557149641689,
        -34.74518142932013
      ],
      [
        -5.9935459794777333e-05,
        0.9996570043202045,
        0.026189122194056946,
        -52.27160028350954
      ],
      [
        -0.0022877721844264303,
        -0.026189190777009264,
        0.9996543864680821,
        1.718308405161963
      ],
      [
        0.0,
        0.0,
        0.0,
        1.0
      ]
    ],
    "location": [
      -34.74518142932013,
      -52.27160028350954,
      1.718308405161963
    ],
    "rotation": [
      -0.02619225400724962,
      0.0022877741800935345,
      -5.993561667942576e-05
    ]
  },
  {
    "label_id": "iHBa2LA3ziDFWThMzfxSrQ",
    "size": [
      1.1548516358369614,
      1.0708842660739963,
      1.25
    ],
    "obj_class": "sign",
    "point_num_in_lidar": 63,
    "speed": 0.0,
    "if_vehicle": false,
    "motion_state": false,
    "pose": [
      [
        0.06213598339329763,
        0.9980650690580853,
        0.002288557149641689,
        -88.341122513244
      ],
      [
        -0.9977290740033326,
        0.062055014037202774,
        0.026189122194056946,
        17.729811577084547
      ],
      [
        0.02599643160513613,
        -0.003910646867450673,
        0.9996543864680821,
        0.8861689313155807
      ],
      [
        0.0,
        0.0,
        0.0,
        1.0
      ]
    ],
    "location": [
      -88.341122513244,
      17.729811577084547,
      0.8861689313155807
    ],
    "rotation": [
      -0.00391197895132764,
      -0.025999360623367773,
      -1.5085992429775692
    ]
  },
  {
    "label_id": "jcMjZDvyQh7S9D1-oC8sUA",
    "size": [
      2.524604496703217,
      5.794295811722223,
      1.8600000000000136
    ],
    "obj_class": "vehicle",
    "point_num_in_lidar": 267,
    "speed": 2.8435583831733384e-13,
    "if_vehicle": true,
    "motion_state": false,
    "pose": [
      [
        -0.9999866269148887,
        -0.004637725472266104,
        0.002288557149641689,
        -65.21777013011138
      ],
      [
        0.004696081708604674,
        -0.9996459756810362,
        0.026189122194056946,
        -40.020661225471486
      ],
      [
        0.00216628898565971,
        0.026199519216066385,
        0.9996543864680821,
        2.0876814074204617
      ],
      [
        0.0,
        0.0,
        0.0,
        1.0
      ]
    ],
    "location": [
      -65.21777013011138,
      -40.020661225471486,
      2.0876814074204617
    ],
    "rotation": [
      0.026202578927904868,
      -0.0021662906799929903,
      3.13689654360136
    ]
  },
  {
    "label_id": "nIkRugAGG0nTBKZGfO4uEw",
    "size": [
      1.8637469243193894,
      4.217077508524435,
      1.5500000000000114
    ],
    "obj_class": "vehicle",
    "point_num_in_lidar": 37,
    "speed": 0.0,
    "if_vehicle": true,
    "motion_state": false,
    "pose": [
      [
        0.9993860537236521,
        -0.03496109450286611,
        0.002288557149641689,
        -35.61190845734819
      ],
      [
        0.03488929570220208,
        0.9990479802912916,
        0.026189122194056946,
        -54.7578144154395
      ],
      [
        -0.003201978774104257,
        -0.026093197332879847,
        0.9996543864680821,
        1.5768798584549018
      ],
      [
        0.0,
        0.0,
        0.0,
        1.0
      ]
    ],
    "location": [
      -35.61190845734819,
      -54.7578144154395,
      1.5768798584549018
    ],
    "rotation": [
      -0.026096292996552455,
      0.0032019842456004234,
      0.03489655678796159
    ]
  },
  {
    "label_id": "piSZshXXJoBYeTBgNxYSAA",
    "size": [
      1.8486870772821096,
      4.196742963788994,
      1.670000000000016
    ],
    "obj_class": "vehicle",
    "point_num_in_lidar": 46,
    "speed": 4.440892098500626e-15,
    "if_vehicle": true,
    "motion_state": false,
    "pose": [
      [
        0.9965957755509136,
        -0.08241130177497416,
        0.002288557149641689,
        -84.88072985496453
      ],
      [
        0.0823235192132047,
        0.996261495824795,
        0.026189122194056946,
        -46.20897618727395
      ],
      [
        -0.004438281021538658,
        -0.025911566465504784,
        0.9996543864680821,
        1.8383668341775206
      ],
      [
        0.0,
        0.0,
        0.0,
        1.0
      ]
    ],
    "location": [
      -84.88072985496453,
      -46.20897618727395,
      1.8383668341775206
    ],
    "rotation": [
      -0.025914722183148987,
      0.004438295592794753,
      0.08241760417299612
    ]
  },
  {
    "label_id": "slzRePUL32VlVCupH5t8lw",
    "size": [
      2.921623295263539,
      10.613183625004126,
      3.6399999999999864
    ],
    "obj_class": "vehicle",
    "point_num_in_lidar": 329,
    "speed": 12.868765210158548,
    "if_vehicle": true,
    "motion_state": true,
    "pose": [
      [
        -0.9993624100069323,
        -0.035630548288079406,
        0.002288557149641689,
        -123.28978626248427
      ],
      [
        0.035678317842101584,
        -0.9990201136687202,
        0.026189122194056946,
        8.356169672071701
      ],
      [
        0.001353181840814644,
        0.02625407614120352,
        0.9996543864680821,
        2.1198527051613496
      ],
      [
        0.0,
        0.0,
        0.0,
        1.0
      ]
    ],
    "location": [
      -123.28978626248427,
      8.356169672071701,
      2.1198527051613496
    ],
    "rotation": [
      0.02625711717535879,
      -0.0013531822537837758,
      3.105906729315263
    ]
  },
  {
    "label_id": "tHiLYp-JdD1GE2Xou2SH_g",
    "size": [
      2.281286627728665,
      4.608025198634581,
      2.009999999999991
    ],
    "obj_class": "vehicle",
    "point_num_in_lidar": 49,
    "speed": 8.526541741130118e-13,
    "if_vehicle": true,
    "motion_state": false,
    "pose": [
      [
        0.9969843613371895,
        -0.07756897417943175,
        0.002288557149641689,
        -84.7877164712643
      ],
      [
        0.07748281654844819,
        0.9966496591171967,
        0.026189122194056946,
        -35.84062509402065
      ],
      [
        -0.004312353046313398,
        -0.025932821410837154,
        0.9996543864680821,
        1.9522287253664103
      ],
      [
        0.0,
        0.0,
        0.0,
        1.0
      ]
    ],
    "location": [
      -84.7877164712643,
      -35.84062509402065,
      1.9522287253664103
    ],
    "rotation": [
      -0.02593597018932953,
      0.004312366412124227,
      0.07756127852319805
    ]
  },
  {
    "label_id": "tkAwnC0RmnNm52uw7Er9_w",
    "size": [
      0.7246966419424722,
      0.7938529633716231,
      0.8600000000000136
    ],
    "obj_class": "pedestrian",
    "point_num_in_lidar": 37,
    "speed": 0.012606792427809071,
    "if_vehicle": false,
    "motion_state": false,
    "pose": [
      [
        -0.9987248815163314,
        0.05043187034368924,
        0.002288557149641689,
        -60.82115772975459
      ],
      [
        -0.050354845261822184,
        -0.9983879603828177,
        0.026189122194056946,
        -26.624228400176435
      ],
      [
        0.0036056343197559946,
        0.026040488019133206,
        0.9996543864680821,
        0.8730886974441887
      ],
      [
        0.0,
        0.0,
        0.0,
        1.0
      ]
    ],
    "location": [
      -60.82115772975459,
      -26.624228400176435,
      0.8730886974441887
    ],
    "rotation": [
      0.026043601287206283,
      -0.0036056421323692645,
      -3.0912161762244263
    ]
  },
  {
    "label_id": "tme8SKJXoDfayi5l40MZCg",
    "size": [
      2.535843216938898,
      6.373996801546928,
      1.9800000000000182
    ],
    "obj_class": "vehicle",
    "point_num_in_lidar": 131,
    "speed": 5.684385254002266e-13,
    "if_vehicle": true,
    "motion_state": false,
    "pose": [
      [
        -0.02829599078002118,
        0.9995969684887753,
        0.002288557149641689,
        -88.44430098472644
      ],
      [
        -0.9992550319132864,
        -0.02834627091315188,
        0.026189122194056946,
        44.31217846099571
      ],
      [
