[
  {
    "label_id": "0dItGO83CJ_wt_3rDsNP2w",
    "size": [
      0.5982410950696818,
      0.1706041126485065,
      0.6399999999999864
    ],
    "obj_class": "sign",
    "point_num_in_lidar": 41,
    "speed": 0.03641415325604594,
    "if_vehicle": false,
    "motion_state": false,
    "pose": [
      [
        -0.2093293495706971,
        0.9777145745532452,
        0.015982306294016303,
        -65.10313194486227
      ],
      [
        -0.9773904574586588,
        -0.20970245498867837,
        0.027069799416969253,
        37.167300331353545
      ],
      [
        0.029818066286440004,
        -0.009954450154989587,
        0.9995057737927526,
        1.8091162901407642
      ],
      [
        0.0,
        0.0,
        0.0,
        1.0
      ]
    ],
    "location": [
      -65.10313194486227,
      37.167300331353545,
      1.8091162901407642
    ],
    "rotation": [
      -0.009959043070351458,
      -0.029822486680603444,
      -1.7817806229952258
    ]
  },
  {
    "label_id": "0lL4WpaXe4oMs38v5QTFMA",
    "size": [
      2.0766298951021187,
      4.991979895020037,
      1.579999999999984
    ],
    "obj_class": "vehicle",
    "point_num_in_lidar": 240,
    "speed": 8.271839712772897,
    "if_vehicle": true,
    "motion_state": true,
    "pose": [
      [
        0.9994722348424265,
        -0.028281047799005418,
        0.015982306294016303,
        -106.91370876652125
      ],
      [
        0.027841772808168037,
        0.9992457463739455,
        0.027069799416969253,
        -18.678351620936155
      ],
      [
        -0.016735813872762125,
        -0.026610537179225922,
        0.9995057737927526,
        1.4618798584554042
      ],
      [
        0.0,
        0.0,
        0.0,
        1.0
      ]
    ],
    "location": [
      -106.91370876652125,
      -18.678351620936155,
      1.4618798584554042
    ],
    "rotation": [
      -0.02661740750166399,
      0.01673659521986309,
      0.027849272452578223
    ]
  },
  {
    "label_id": "20Y4i40d8raHY1Clo4K4wg",
    "size": [
      0.7999212305811729,
      0.15511676600605773,
      0.7769746969505036
    ],
    "obj_class": "sign",
    "point_num_in_lidar": 59,
    "speed": 0.034072048701919176,
    "if_vehicle": false,
    "motion_state": false,
    "pose": [
      [
        -0.209329349572327,
        0.9777145745528961,
        0.015982306294016303,
        -65.07183104752843
      ],
      [
        -0.9773904574583092,
        -0.20970245499030776,
        0.027069799416969253,
        37.15991490185297
      ],
      [
        0.0298180662864566,
        -0.009954450154939879,
        0.9995057737927526,
        2.557646810915003
      ],
      [
        0.0,
        0.0,
        0.0,
        1.0
      ]
    ],
    "location": [
      -65.07183104752843,
      37.15991490185297,
      2.557646810915003
    ],
    "rotation": [
      -0.00995904307030173,
      -0.02982248668062004,
      -1.7817806229968933
    ]
  },
  {
    "label_id": "2gBQINdyd96o4z3Zr-BlXg",
    "size": [
      0.8037584934951664,
      0.6746490747898556,
      1.8500000000000227
    ],
    "obj_class": "pedestrian",
    "point_num_in_lidar": 332,
    "speed": 0.11667902032309098,
    "if_vehicle": false,
    "motion_state": false,
    "pose": [
      [
        -0.9556530787943656,
        -0.294060808127119,
        0.015982306294016303,
        -80.16255618412148
      ],
      [
        0.29440412809701383,
        -0.9552975637564256,
        0.027069799416969253,
        -9.023887210016255
      ],
      [
        0.007307691173489769,
        0.03057459410464188,
        0.9995057737927526,
        1.6357457017608112
      ],
      [
        0.0,
        0.0,
        0.0,
        1.0
      ]
    ],
    "location": [
      -80.16255618412148,
      -9.023887210016255,
      1.6357457017608112
    ],
    "rotation": [
      0.03058017645310769,
      -0.007307756216366803,
      2.8427524740403673
    ]
  },
  {
    "label_id": "3hwNIAbvvRkoNMJXUuUAdg",
    "size": [
      0.5042101061776885,
      0.10189939179044397,
      0.410000000000025
    ],
    "obj_class": "sign",
    "point_num_in_lidar": 21,
    "speed": 0.00999364403823445,
    "if_vehicle": false,
    "motion_state": false,
    "pose": [
      [
        0.00023295775253141812,
        -0.9998722476477732,
        0.015982306294016303,
        -91.82332192637126
      ],
      [
        0.99963332424573,
        0.0006655951895224745,
        0.027069799416969253,
        -27.53978543404628
      ],
      [
        -0.027076978932606202,
        0.01597013985016732,
        0.9995057737927526,
        2.6748848342371616
      ],
      [
        0.0,
        0.0,
        0.0,
        1.0
      ]
    ],
    "location": [
      -91.82332192637126,
      -27.53978543404628,
      2.6748848342371616
    ],
    "rotation": [
      0.01597667710442301,
      0.0270802886635744,
      1.5705632835952914
    ]
  },
  {
    "label_id": "6UnIBe0cOQDEznFzk4-t7g",
    "size": [
      2.171826345057713,
      4.895286408426708,
      2.0
    ],
    "obj_class": "vehicle",
    "point_num_in_lidar": 88,
    "speed": 1.7444825090981463e-12,
    "if_vehicle": true,
    "motion_state": false,
    "pose": [
      [
        -0.998376024144757,
        0.054679797900429566,
        0.015982306294016303,
        -85.10398647734681
      ],
      [
        -0.05423469186957501,
        -0.9981612215255296,
        0.027069799416969253,
        -51.71350847689973
      ],
      [
        0.017433089534555517,
        0.026159043259088684,
        0.9995057737927526,
        2.1853918655212397
      ],
      [
        0.0,
        0.0,
        0.0,
        1.0
      ]
    ],
    "location": [
      -85.10398647734681,
      -51.71350847689973,
      2.1853918655212397
    ],
    "rotation": [
      0.02616600489671902,
      -0.0174339726779657,
      -3.087323083461883
    ]
  },
  {
    "label_id": "7-k0-aAqBFIwuvVcth1ugQ",
    "size": [
      2.6543306808974236,
      7.4845826403753275,
      2.2900000000000205
    ],
    "obj_class": "vehicle",
    "point_num_in_lidar": 152,
    "speed": 0.015392716299289217,
    "if_vehicle": true,
    "motion_state": false,
    "pose": [
      [
        -0.039687151860393774,
        0.9990843287044063,
        0.015982306294016303,
        -88.38502319574236
      ],
      [
        -0.9988285197612837,
        -0.0401100245700223,
        0.027069799416969253,
        57.722588841403194
      ],
      [
        0.027686063076804275,
        -0.014889260097732096,
        0.9995057737927526,
        0.6578608113991891
      ],
      [
        0.0,
        0.0,
        0.0,
        1.0
      ]
    ],
    "location": [
      -88.38502319574236,
      57.722588841403194,
      0.6578608113991891
    ],
    "rotation": [
      -0.01489552064563559,
      -0.02768960127540766,
      -1.6105091356013281
    ]
  },
  {
    "label_id": "7H_jvU9tURSLSp0yi3ZSOA",
    "size": [
      1.442285466269803,
      1.1313572277526598,
      1.8899999999999864
    ],
    "obj_class": "pedestrian",
    "point_num_in_lidar": 1213,
    "speed": 0.7820127748237601,
    "if_vehicle": false,
    "motion_state": false,
    "pose": [
      [
        0.334662128808471,
        -0.9422026456272061,
        0.015982306294016303,
        -81.09681402903053
      ],
      [
        0.9418327731118653,
        0.33498993037394237,
        0.027069799416969253,
        -3.8430707333045575
      ],
      [
        -0.030859148299913777,
        0.005993423158315356,
        0.9995057737927526,
        1.5058222541529176
      ],
      [
        0.0,
        0.0,
        0.0,
        1.0
      ]
    ],
    "location": [
      -81.09681402903053,
      -3.8430707333045575,
      1.5058222541529176
    ],
    "rotation": [
      0.005996314861335898,
      0.030864048194418698,
      1.229380441475013
    ]
  },
  {
    "label_id": "DQ-_y0xNV9wEGOZY-vEraw",
    "size": [
      2.0233923452174563,
      4.400605866043123,
      1.9499999999999886
    ],
    "obj_class": "vehicle",
    "point_num_in_lidar": 30,
    "speed": 4.50415426423993e-27,
    "if_vehicle": true,
    "motion_state": false,
    "pose": [
      [
        -0.9990458458387365,
        0.04064435751599522,
        0.015982306294016303,
        -84.15122656455094
      ],
      [
        -0.04020231402940009,
        -0.9988248094166498,
        0.027069799416969253,
        -70.30993858017428
      ],
      [
        0.01706375864354893,
        0.026401444958664883,
        0.9995057737927526,
        1.9584295954568347
      ],
      [
        0.0,
        0.0,
        0.0,
        1.0
      ]
    ],
    "location": [
      -84.15122656455094,
      -70.30993858017428,
      1.9584295954568347
    ],
    "rotation": [
      0.02640835890795342,
      -0.01706458683312342,
      -3.101373643431743
    ]
  },
  {
    "label_id": "Fww1o1EB4na9AHpv_SA6vw",
    "size": [
      1.9997895331551805,
      4.800593639312353,
      1.5600000000000023
    ],
    "obj_class": "vehicle",
    "point_num_in_lidar": 1020,
    "speed": 8.681361956566992,
    "if_vehicle": true,
    "motion_state": true,
    "pose": [
      [
        0.998594662721069,
        -0.05052984732332634,
        0.015982306294016303,
        -70.71057485540922
      ],
      [
        0.050085637905562315,
        0.9983780119950147,
        0.027069799416969253,
        -17.888200066976424
      ],
      [
        -0.017324216016527935,
        -0.026231273212777514,
        0.9995057737927526,
        1.266181983678905
      ],
      [
        0.0,
        0.0,
        0.0,
        1.0
      ]
    ],
    "location": [
      -70.71057485540922,
      -17.888200066976424,
      1.266181983678905
    ],
    "rotation": [
      -0.026238220963269773,
      0.017325082715301462,
      0.050114129347561785
    ]
  },
  {
    "label_id": "L6NBNCs9w739OKU74AEm5g",
    "size": [
      0.5234836372050938,
      0.08567682497549381,
      0.44999999999998863
    ],
    "obj_class": "sign",
    "point_num_in_lidar": 46,
    "speed": 0.027701621955239272,
    "if_vehicle": false,
    "motion_state": false,
    "pose": [
      [
        0.1281830209951539,
        0.9916217419026673,
        0.015982306294016303,
        -94.07642090908439
      ],
      [
        -0.9914403609642833,
        0.12772328139590122,
        0.027069799416969253,
        18.560805689203335
      ],
      [
        0.024801689046664733,
        -0.01931539218818124,
        0.9995057737927526,
        3.2470596891820946
      ],
      [
        0.0,
        0.0,
        0.0,
        1.0
      ]
    ],
    "location": [
      -94.07642090908439,
      18.560805689203335,
      3.2470596891820946
    ],
    "rotation": [
      -0.01932253796500751,
      -0.02480423243553653,
      -1.442219887287997
    ]
  },
  {
    "label_id": "Q6fs_63CkqvoTcB1qAcIFA",
    "size": [
      2.5817557177114314,
      5.077991374472059,
      2.1399999999999864
    ],
    "obj_class": "vehicle",
    "point_num_in_lidar": 384,
    "speed": 3.420797000600956e-27,
    "if_vehicle": true,
    "motion_state": false,
    "pose": [
      [
        0.6057021184891298,
        0.7955309607697895,
        0.015982306294016303,
        -113.99894396238159
      ],
      [
        -0.7956030623315055,
        0.6052131799360086,
        0.027069799416969253,
        -10.840260225893871
      ],
      [
        0.011862161123114147,
        -0.029111806684573555,
        0.9995057737927526,
        1.8565678219131883
      ],
      [
        0.0,
        0.0,
        0.0,
        1.0
      ]
    ],
    "location": [
      -113.99894396238159,
      -10.840260225893871,
      1.8565678219131883
    ],
    "rotation": [
      -0.02911796954168661,
      -0.011862439329892251,
      -0.9200947917877746
    ]
  },
  {
    "label_id": "Sv6Kp_7Yn7_dppLzJAxahA",
    "size": [
      2.2878795860028944,
      4.83846683002856,
      2.0
    ],
    "obj_class": "vehicle",
    "point_num_in_lidar": 142,
    "speed": 10.622592796057033,
    "if_vehicle": true,
    "motion_state": true,
    "pose": [
      [
        -0.0010771639538465101,
        -0.9998716945705287,
        0.015982306294016303,
        -71.7218691027135
      ],
      [
        0.9996333382536152,
        -0.000644213829562537,
        0.027069799416969253,
        50.55869896966033
      ],
      [
        -0.02705603019198645,
        0.0160056048058491,
        0.9995057737927526,
        0.5989682358628556
      ],
      [
        0.0,
        0.0,
        0.0,
        1.0
      ]
    ],
    "location": [
      -71.7218691027135,
      50.55869896966033,
      0.5989682358628556
    ],
    "rotation": [
      0.016012150520076266,
      0.027059332245257195,
      1.5718738854313645
    ]
  },
  {
    "label_id": "WASi6kOEGcG25GLiTIITRg",
    "size": [
      2.6120124770363184,
      7.188040993103449,
      2.4399999999999977
    ],
    "obj_class": "vehicle",
    "point_num_in_lidar": 677,
    "speed": 0.0106950157882523,
    "if_vehicle": true,
    "motion_state": false,
    "pose": [
      [
        -0.009152566970856134,
        0.9998303838168593,
        0.015982306294016303,
        -88.3503920477275
      ],
      [
        -0.9995876104678227,
        -0.009583055814994553,
        0.027069799416969253,
        36.429956262325504
      ],
      [
        0.02721836727418166,
        -0.015727957206149147,
        0.9995057737927526,
        1.6383740523056645
      ],
      [
        0.0,
        0.0,
        0.0,
        1.0
      ]
    ],
    "location": [
      -88.3503920477275,
      36.429956262325504,
      1.6383740523056645
    ],
    "rotation": [
      -0.015734435618791134,
      -0.027221729135416626,
      -1.5799524138735688
    ]
  },
  {
    "label_id": "_2HZ08b-MNnh1BO8JN8aMw",
    "size": [
      0.9494860446132996,
      0.09810092609221567,
      0.7900000000000205
    ],
    "obj_class": "sign",
    "point_num_in_lidar": 24,
    "speed": 0.005043009981900666,
    "if_vehicle": false,
    "motion_state": false,
    "pose": [
      [
        0.029352829371441704,
        0.9994413325920712,
        0.015982306294016303,
        -65.06477844125277
      ],
      [
        -0.9992153153164111,
        0.028913311755147227,
        0.027069799416969253,
        61.83029938760046
      ],
      [
        0.02659257499785068,
        -0.01676434042646441,
        0.9995057737927526,
        1.9787555672741632
      ],
      [
        0.0,
        0.0,
        0.0,
        1.0
      ]
    ],
    "location": [
      -65.06477844125277,
      61.83029938760046,
      1.9787555672741632
    ],
    "rotation": [
      -0.016771057333513112,
      -0.026595710218905864,
      -1.5414288921447326
    ]
  },
  {
    "label_id": "avGu-Bc1MOMmy9tHh9JxHg",
    "size": [
      1.8506681059002288,
      4.031615653258576,
      1.3400000000000318
    ],
    "obj_class": "vehicle",
    "point_num_in_lidar": 42,
    "speed": 0.0,
    "if_vehicle": true,
    "motion_state": false,
    "pose": [
      [
        0.995862460164811,
        -0.08945684054344012,
        0.015982306294016303,
        -100.68127494382456
      ],
      [
        0.08900451564870311,
        0.995663307626461,
        0.027069799416969253,
        56.66786490090635
      ],
      [
        -0.018334574678186208,
        -0.02553529961290283,
        0.9995057737927526,
        0.8568632721176073
      ],
      [
        0.0,
        0.0,
        0.0,
        1.0
      ]
    ],
    "location": [
      -100.68127494382456,
      56.66786490090635,
      0.8568632721176073
    ],
    "rotation": [
      -0.025542369895707132,
      0.018335602048406452,
      0.08913747239905997
    ]
  },
  {
    "label_id": "cx61ZVh9bXXlibstKYsImw",
    "size": [
      2.2330847187418295,
      5.043147463031014,
      1.509999999999991
    ],
    "obj_class": "vehicle",
    "point_num_in_lidar": 49,
    "speed": 9.940559451306788,
    "if_vehicle": true,
    "motion_state": true,
    "pose": [
      [
        0.999666264130992,
        -0.020295966197989318,
        0.015982306294016303,
        -122.84576662680001
      ],
      [
        0.019858514502820803,
        0.9994362737870116,
        0.027069799416969253,
        -19.42895922245043
      ],
      [
        -0.016522704382967518,
        -0.026743380392608717,
        0.9995057737927526,
        1.457998308191577
      ],
      [
        0.0,
        0.0,
        0.0,
        1.0
      ]
    ],
    "location": [
      -122.84576662680001,
      -19.42895922245043,
      1.457998308191577
    ],
    "rotation": [
      -0.026750221789783573,
      0.016523456257727782,
      0.019862531745269356
    ]
  },
  {
    "label_id": "gReOadgSa6ggtDSZ_bnQ5Q",
    "size": [
      1.102033466225114,
      0.8957830059557224,
      1.1000000000000227
    ],
    "obj_class": "pedestrian",
    "point_num_in_lidar": 95,
    "speed": 0.044692889868153396,
    "if_vehicle": false,
    "motion_state": false,
    "pose": [
      [
        -0.6335465592576419,
        -0.7735394774271883,
        0.015982306294016303,
        -92.89564969739745
      ],
      [
        0.7736288813591595,
        -0.633060486751859,
        0.027069799416969253,
        18.622169849535567
      ],
      [
        -0.010821791893153942,
        0.02951435202019468,
        0.9995057737927526,
        1.2360918451951761
      ],
      [
        0.0,
        0.0,
        0.0,
        1.0
      ]
    ],
    "location": [
      -92.89564969739745,
      18.622169849535567,
      1.2360918451951761
    ],
    "rotation": [
      0.02952036781331247,
      0.010822003129755628,
      2.2569728045007644
    ]
  },
  {
    "label_id": "iHBa2LA3ziDFWThMzfxSrQ",
    "size": [
      1.154851635836964,
      1.0708842660739963,
      1.25
    ],
    "obj_class": "sign",
    "point_num_in_lidar": 173,
    "speed": 1.2667683053472755e-27,
    "if_vehicle": false,
    "motion_state": false,
    "pose": [
      [
        0.062128209759780256,
        0.9979402043397034,
        0.015982306294016303,
        -88.34112251324403
      ],
      [
        -0.9977287291054379,
        0.061681513252940974,
        0.027069799416969253,
        17.729811577082728
      ],
      [
        0.026028228324118153,
        -0.01762780432323537,
        0.9995057737927526,
        1.110095026048782
      ],
      [
        0.0,
        0.0,
        0.0,
        1.0
      ]
    ],
    "location": [
      -88.34112251324403,
      17.729811577082728,
      1.110095026048782
    ],
    "rotation": [
      -0.01763469250036213,
      -0.02603116810530024,
      -1.5086069827642317
    ]
  },
  {
    "label_id": "jcMjZDvyQh7S9D1-oC8sUA",
    "size": [
      2.524604496703212,
      5.794295811722223,
      1.8600000000000136
    ],
    "obj_class": "vehicle",
    "point_num_in_lidar": 182,
    "speed": 7.6007032622629255e-28,
    "if_vehicle": true,
    "motion_state": false,
    "pose": [
      [
        -0.9998615217965684,
        -0.004637145261313617,
        0.015982306294016303,
        -65.21777013011138
      ],
      [
        0.005068726102853026,
        -0.9996206950514877,
        0.027069799416969253,
        -40.020661225473305
      ],
      [
        0.015850717534059235,
        0.027147060772875015,
        0.9995057737927526,
        2.172293979191636
      ],
      [
        0.0,
        0.0,
        0.0,
        1.0
      ]
    ],
    "location": [
      -65.21777013011138,
      -40.020661225473305,
      2.172293979191636
    ],
    "rotation": [
      0.027153808460752247,
      -0.015851381345351318,
      3.136523268907556
    ]
  },
  {
    "label_id": "nWQzYCSy1aIHXBe6aKKbtQ",
    "size": [
      0.49233604330767117,
      0.08293468375391241,
      0.3366231540518356
    ],
    "obj_class": "sign",
    "point_num_in_lidar": 34,
    "speed": 0.022913278390968583,
    "if_vehicle": false,
    "motion_state": false,
    "pose": [
      [
        0.128183020995493,
        0.9916217419026235,
        0.015982306294016303,
        -94.06473198008081
      ],
      [
        -0.9914403609642397,
        0.12772328139624023,
        0.027069799416969253,
        18.56259270917326
      ],
      [
        0.02480168904665813,
        -0.019315392188189718,
        0.9995057737927526,
        2.8150671850481217
      ],
      [
        0.0,
        0.0,
        0.0,
        1.0
      ]
    ],
    "location": [
      -94.06473198008081,
      18.56259270917326,
      2.8150671850481217
    ],
    "rotation": [
      -0.01932253796501599,
      -0.024804232435529927,
      -1.442219887287655
    ]
  },
  {
    "label_id": "ncMgQnynlfyNz0HjCONnyg",
    "size": [
      0.5042101061776885,
      0.10189939179044397,
      0.410000000000025
    ],
    "obj_class": "sign",
    "point_num_in_lidar": 21,
    "speed": 0.00999364403823445,
    "if_vehicle": false,
    "motion_state": false,
    "pose": [
      [
        0.00023295775253141812,
        -0.9998722476477732,
        0.015982306294016303,
        -91.82510581580561
      ],
      [
        0.99963332424573,
        0.0006655951895224745,
        0.027069799416969253,
        -27.539954845186003
      ],
      [
        -0.027076978932606202,
        0.01597013985016732,
        0.9995057737927526,
        3.1048848342374527
      ],
      [
        0.0,
        0.0,
        0.0,
        1.0
      ]
    ],
    "location": [
      -91.82510581580561,
      -27.539954845186003,
      3.1048848342374527
    ],
    "rotation": [
      0.01597667710442301,
      0.0270802886635744,
      1.5705632835952914
    ]
  },
  {
    "label_id": "svBSez9P1pi2LRX0iLADRg",
    "size": [
      1.1415801481534462,
      0.14765088546556446,
      0.7844704607815061
    ],
    "obj_class": "sign",
    "point_num_in_lidar": 71,
    "speed": 0.018156760791326873,
    "if_vehicle": false,
    "motion_state": false,
    "pose": [
      [
        0.19307479645982212,
        -0.9810538664403308,
        0.015982306294016303,
        -92.58042488677125
      ],
      [
        0.9807359858767832,
        0.19345322940137016,
        0.027069799416969253,
        24.913473385469842
      ],
      [
        -0.0296487601476412,
        0.010447926907207247,
        0.9995057737927526,
        3.288202733388175
      ],
      [
        0.0,
        0.0,
        0.0,
        1.0
      ]
    ],
    "location": [
      -92.58042488677125,
      24.913473385469842,
      3.288202733388175
    ],
    "rotation": [
      0.010452712398139996,
      0.02965310565220677,
      1.3764148333234802
    ]
  },
  {
    "label_id": "tHiLYp-JdD1GE2Xou2SH_g",
    "size": [
      2.2812866277286687,
      4.608025198634581,
      2.009999999999991
    ],
    "obj_class": "vehicle",
    "point_num_in_lidar": 74,
    "speed": 3.958699786878083e-29,
    "if_vehicle": true,
    "motion_state": false,
    "pose": [
      [
        0.9968596318226824,
        -0.0775592697739623,
        0.015982306294016303,
        -84.7877164712643
      ],
      [
        0.07710935512652982,
        0.9966550924524972,
        0.027069799416969253,
        -35.84062509402065
      ],
      [
        -0.018028360832774714,
        -0.02575240494854756,
        0.9995057737927526,
        2.0331809717846454
      ],
      [
        0.0,
        0.0,
        0.0,
        1.0
      ]
    ],
    "location": [
      -84.7877164712643,
      -35.84062509402065,
      2.0331809717846454
    ],
    "rotation": [
      -0.025759439694846484,
      0.018029337577337674,
      0.07719854538701157
    ]
  },
  {
    "label_id": "tme8SKJXoDfayi5l40MZCg",
    "size": [
      2.5358432169388987,
      6.373996801546928,
      1.9800000000000182
    ],
    "obj_class": "vehicle",
    "point_num_in_lidar": 150,
    "speed": 0.046926769127487986,
    "if_vehicle": true,
    "motion_state": false,
    "pose": [
      [
        -0.028292450759405886,
        0.9994719121193706,
        0.015982306294016303,
        -88.44430098472645
      ],
      [
        -0.9992209416390093,
        -0.028718212854850423,
        0.027069799416969253,
        44.31217846099389
      ],
      [
        0.02751448745802906,
        -0.015203984177598441,
        0.9995057737927526,
        1.0605631370473247
      ],
      [
        0.0,
        0.0,
        0.0,
        1.0
      ]
    ],
    "location": [
      -88.44430098472645,
      44.31217846099389,
      1.0605631370473247
    ],
    "rotation": [
      -0.015210329001326335,
      -0.027517960268035248,
      -1.5991032731585597
    ]
  },
  {
    "label_id": "x7Qs85q0os6vyZ8t_1jsug",
    "size": [
      2.2620183681876096,
      5.030003373164531,
      1.7699999999999818
    ],
    "obj_class": "vehicle",
    "point_num_in_lidar": 262,
    "speed": 9.142463984239493,
    "if_vehicle": true,
    "motion_state": true,
    "pose": [
      [
        0.9990258173179796,
        -0.04113371145018515,
        0.015982306294016303,
        -109.72615790320825
      ],
      [
        0.040691559747193476,
        0.9988049974468819,
        0.027069799416969253,
        -15.667071693595062
      ],
      [
        -0.017076688715422242,
        -0.02639308351571057,
        0.9995057737927526,
        1.5968798584553952
      ],
      [
        0.0,
        0.0,
        0.0,
        1.0
      ]
    ],
    "location": [
      -109.72615790320825,
      -15.667071693595062,
      1.5968798584553952
    ],
    "rotation": [
      -0.026399999161475167,
      0.01707751878927185,
      0.04070873697521669
    ]
  },
  {
    "label_id": "xOy_CuD_0CJtCeashJjsYg",
    "size": [
      2.033297876234567,
      5.08331781141132,
      1.8600000000000136
    ],
    "obj_class": "vehicle",
    "point_num_in_lidar": 41,
    "speed": 9.01265743414223e-28,
    "if_vehicle": true,
    "motion_state": false,
    "pose": [
      [
        0.9989759952731653,
        -0.04232643090922256,
        0.015982306294016303,
        -84.66158185626146
      ],
      [
        0.04188401588189428,
        0.9987557034496124,
        0.027069799416969253,
        -54.5047562907439
      ],
      [
        -0.017108187560176284,
        -0.026372676643763932,
        0.9995057737927526,
        1.9352128405537883
      ],
      [
        0.0,
        0.0,
        0.0,
        1.0
      ]
    ],
    "location": [
      -84.66158185626146,
      -54.5047562907439,
      1.9352128405537883
    ],
    "rotation": [
      -0.02637959641444102,
      0.01710902223625208,
      0.04190240779284573
    ]
  },
  {
    "label_id": "yCCQR1Os652xmVMKFns4qw",
    "size": [
      2.0898409986633055,
      4.588581830183225,
      1.9800000000000182
    ],
    "obj_class": "vehicle",
    "point_num_in_lidar": 67,
    "speed": 2.9690247118214553e-30,
    "if_vehicle": true,
    "motion_state": false,
    "pose": [
      [
        0.9982984385751992,
        -0.05607845775200756,
        0.015982306294016303,
        -84.33673511156395
      ],
      [
        0.055633051221934335,
        0.9980842597552888,
        0.027069799416969253,
        -40.21549043647792
      ],
      [
        -0.017469720949605385,
        -0.02613459402580459,
        0.9995057737927526,
        2.123178862008899
      ],
      [
        0.0,
        0.0,
        0.0,
        1.0
      ]
    ],
    "location": [
      -84.33673511156395,
      -40.21549043647792,
      2.123178862008899
    ],
    "rotation": [
      -0.02614156030223711,
      0.017470609672369075,
      0.05567029345873026
    ]
  },
  {
    "label_id": "yt4iVsGB3GEo7xeAptjybw",
    "size": [
      2.305701028849779,
      4.802346978210001,
      1.8999999999999773
    ],
    "obj_class": "vehicle",
    "point_num_in_lidar": 1312,
    "speed": 9.421070597258582,
    "if_vehicle": true,
    "motion_state": true,
    "pose": [
      [
        0.9990075584987421,
        -0.04157479943315116,
        0.015982306294016303,
        -84.84960247363098
      ],
      [
        0.04113255027639979,
        0.998786933868923,
        0.027069799416969253,
        -14.680174071323563
      ],
      [
        -0.017088340181010662,
        -0.026385541207425683,
        0.9995057737927526,
        1.541907891334347
      ],
      [
        0.0,
        0.0,
        0.0,
        1.0
      ]
    ],
    "location": [
      -84.84960247363098,
      -14.680174071323563,
      1.541907891334347
    ],
    "rotation": [
      -0.026392458380303675,
      0.017089171955252974,
      0.04115016970876892
    ]
  }
]