[
  {
    "label_id": "-jGx5h2KM1RTCWtkALlTPg",
    "size": [
      1.9723911586546414,
      4.593513203435377,
      1.6999999999999886
    ],
    "obj_class": "vehicle",
    "point_num_in_lidar": 166,
    "speed": 13.595871457634086,
    "if_vehicle": true,
    "motion_state": true,
    "pose": [
      [
        -0.9996636789619937,
        -0.025415465720038628,
        -0.005155876880383197,
        -92.50743613422728
      ],
      [
        0.025255547975868573,
        -0.9992598539194869,
        0.029015541374311782,
        1.305919972322954
      ],
      [
        -0.005889504275465757,
        0.028875568341408274,
        0.999565663322,
        1.200773159815185
      ],
      [
        0.0,
        0.0,
        0.0,
        1.0
      ]
    ],
    "location": [
      -92.50743613422728,
      1.305919972322954,
      1.200773159815185
    ],
    "rotation": [
      0.028880083596470364,
      0.005889538323477237,
      3.1163339818370845
    ]
  },
  {
    "label_id": "20Y4i40d8raHY1Clo4K4wg",
    "size": [
      0.7999212305811677,
      0.15511676600605773,
      0.7769746969505036
    ],
    "obj_class": "sign",
    "point_num_in_lidar": 44,
    "speed": 0.01630097072207388,
    "if_vehicle": false,
    "motion_state": false,
    "pose": [
      [
        -0.20935330694180165,
        0.9778264722363198,
        -0.005155876880383197,
        -65.04090828744765
      ],
      [
        -0.9774590695657985,
        -0.20912165282992387,
        0.029015541374311782,
        37.05442327833225
      ],
      [
        0.027293958967056945,
        0.011114158157714013,
        0.999565663322,
        2.299162709598477
      ],
      [
        0.0,
        0.0,
        0.0,
        1.0
      ]
    ],
    "location": [
      -65.04090828744765,
      37.05442327833225,
      2.299162709598477
    ],
    "rotation": [
      0.011118529355353889,
      -0.027297348922439155,
      -1.7817896835762372
    ]
  },
  {
    "label_id": "2gBQINdyd96o4z3Zr-BlXg",
    "size": [
      0.8037584934951658,
      0.6746490747898556,
      1.8500000000000227
    ],
    "obj_class": "pedestrian",
    "point_num_in_lidar": 99,
    "speed": 0.013490765245633689,
    "if_vehicle": false,
    "motion_state": false,
    "pose": [
      [
        -0.955762451579081,
        -0.29409446286038643,
        -0.005155876880383197,
        -80.06729728063081
      ],
      [
        0.29383155519513976,
        -0.9554167234931369,
        0.029015541374311782,
        -9.254037255086587
      ],
      [
        -0.013459321050871274,
        0.02621700563564883,
        0.999565663322,
        1.593545965088822
      ],
      [
        0.0,
        0.0,
        0.0,
        1.0
      ]
    ],
    "location": [
      -80.06729728063081,
      -9.254037255086587,
      1.593545965088822
    ],
    "rotation": [
      0.026222385648294343,
      0.013459727450790746,
      2.8433319228863105
    ]
  },
  {
    "label_id": "4iGaZtbzD4XFf7YLTHe1Sg",
    "size": [
      0.9999999999989506,
      1.0,
      1.9499999999999886
    ],
    "obj_class": "pedestrian",
    "point_num_in_lidar": 75,
    "speed": 0.011583953519431901,
    "if_vehicle": false,
    "motion_state": false,
    "pose": [
      [
        -0.6161227325021558,
        0.7876332874045329,
        -0.005155876880383197,
        -59.27569618731462
      ],
      [
        -0.7874042933047766,
        -0.6157536660418361,
        0.029015541374311782,
        -25.895437166909687
      ],
      [
        0.01967885614771513,
        0.0219368942279349,
        0.999565663322,
        1.335904018860333
      ],
      [
        0.0,
        0.0,
        0.0,
        1.0
      ]
    ],
    "location": [
      -59.27569618731462,
      -25.895437166909687,
      1.335904018860333
    ],
    "rotation": [
      0.02194290391695776,
      -0.019680126499482985,
      -2.2347584351956646
    ]
  },
  {
    "label_id": "6UnIBe0cOQDEznFzk4-t7g",
    "size": [
      2.171826345057721,
      4.895286408426708,
      2.0
    ],
    "obj_class": "vehicle",
    "point_num_in_lidar": 30,
    "speed": 3.552713678800501e-14,
    "if_vehicle": true,
    "motion_state": false,
    "pose": [
      [
        -0.9984902864941152,
        0.05468605590545154,
        -0.005155876880383197,
        -85.1039864773466
      ],
      [
        -0.05481313555177821,
        -0.9980749563683773,
        0.029015541374311782,
        -51.71350847690155
      ],
      [
        -0.003559206074706628,
        0.029254345997951153,
        0.999565663322,
        2.1512059495363474
      ],
      [
        0.0,
        0.0,
        0.0,
        1.0
      ]
    ],
    "location": [
      -85.1039864773466,
      -51.71350847690155,
      2.1512059495363474
    ],
    "rotation": [
      0.029258705709728387,
      0.0035592135893889754,
      -3.0867516856576978
    ]
  },
  {
    "label_id": "7H_jvU9tURSLSp0yi3ZSOA",
    "size": [
      1.4422854662712057,
      1.1313572277526598,
      1.8899999999999864
    ],
    "obj_class": "pedestrian",
    "point_num_in_lidar": 106,
    "speed": 0.11057646623084154,
    "if_vehicle": false,
    "motion_state": false,
    "pose": [
      [
        0.9919492453398082,
        -0.12653106971562084,
        -0.005155876880383197,
        -80.49282552443191
      ],
      [
        0.12662787494989192,
        0.9915258340781798,
        0.029015541374311782,
        -8.185754253867344
      ],
      [
        0.001440817635756828,
        -0.02943482210224076,
        0.999565663322,
        1.5125367611603906
      ],
      [
        0.0,
        0.0,
        0.0,
        1.0
      ]
    ],
    "location": [
      -80.49282552443191,
      -8.185754253867344,
      1.5125367611603906
    ],
    "rotation": [
      -0.029439104757500462,
      -0.0014408181342695,
      0.1269688777527747
    ]
  },
  {
    "label_id": "8uBYsb-Gpcz4kEOFtaDN9Q",
    "size": [
      1.740491375268908,
      4.142263119424243,
      1.9599999999999795
    ],
    "obj_class": "vehicle",
    "point_num_in_lidar": 33,
    "speed": 2.847716647714797e-13,
    "if_vehicle": true,
    "motion_state": false,
    "pose": [
      [
        0.9999867083784636,
        1.1071056101522989e-16,
        -0.005155876880383197,
        -35.68665881059391
      ],
      [
        0.00014960254740394705,
        0.9995789493470906,
        0.029015541374311782,
        -70.29387855043933
      ],
      [
        0.005153705995056395,
        -0.02901592704303257,
        0.999565663322,
        1.8724902955511311
      ],
      [
        0.0,
        0.0,
        0.0,
        1.0
      ]
    ],
    "location": [
      -35.68665881059391,
      -70.29387855043933,
      1.8724902955511311
    ],
    "rotation": [
      -0.029020385632159522,
      -0.005153728809656418,
      0.00014960453477469275
    ]
  },
  {
    "label_id": "97LGRvZi3-yunSqGxMM_Jw",
    "size": [
      2.7330119442255154,
      6.870703637231516,
      2.9699999999999704
    ],
    "obj_class": "vehicle",
    "point_num_in_lidar": 7560,
    "speed": 0.0077206771045626775,
    "if_vehicle": true,
    "motion_state": false,
    "pose": [
      [
        -0.9999794377171625,
        0.003813276342186594,
        -0.005155876880383197,
        -55.143176312997554
      ],
      [
        -0.003961322883331706,
        -0.9995711111670693,
        0.029015541374311782,
        12.17789487745722
      ],
      [
        -0.005043021304886836,
        0.029035368841613268,
        0.999565663322,
        1.626879858455311
      ],
      [
        0.0,
        0.0,
        0.0,
        1.0
      ]
    ],
    "location": [
      -55.143176312997554,
      12.17789487745722,
      1.626879858455311
    ],
    "rotation": [
      0.029039819491665127,
      0.00504304268087147,
      -3.137631269972492
    ]
  },
  {
    "label_id": "AdBkVx0b9kPemMNsgkGfrA",
    "size": [
      1.4666399194667543,
      1.0272516549106756,
      1.240000000000009
    ],
    "obj_class": "pedestrian",
    "point_num_in_lidar": 26,
    "speed": 0.02012630488511211,
    "if_vehicle": false,
    "motion_state": false,
    "pose": [
      [
        0.10733867160416177,
        -0.9942091462624191,
        -0.005155876880383197,
        -90.85113180936312
      ],
      [
        0.9938198014676402,
        0.1071461645117349,
        0.029015541374311782,
        -28.11538191361433
      ],
      [
        -0.02829508418566863,
        -0.008238502204648248,
        0.999565663322,
        0.8973159800295321
      ],
      [
        0.0,
        0.0,
        0.0,
        1.0
      ]
    ],
    "location": [
      -90.85113180936312,
      -28.11538191361433,
      0.8973159800295321
    ],
    "rotation": [
      -0.008241895417313216,
      0.028298861109554638,
      1.4632072163719458
    ]
  },
  {
    "label_id": "D5j3i75zBvzZL7edy7Vfkg",
    "size": [
      1.0822184139979378,
      1.1221680693460732,
      1.079999999999984
    ],
    "obj_class": "sign",
    "point_num_in_lidar": 244,
    "speed": 0.00438610531585572,
    "if_vehicle": false,
    "motion_state": false,
    "pose": [
      [
        0.9994528495648383,
        -0.03267137019347737,
        -0.005155876880383197,
        -59.19121596848777
      ],
      [
        0.032807570649843715,
        0.9990404204369366,
        0.029015541374311782,
        8.866380638351984
      ],
      [
        0.004202951912694811,
        -0.029168817303237445,
        0.999565663322,
        0.6937835176502745
      ],
      [
        0.0,
        0.0,
        0.0,
        1.0
      ]
    ],
    "location": [
      -59.19121596848777,
      8.866380638351984,
      0.6937835176502745
    ],
    "rotation": [
      -0.02917321286654277,
      -0.004202964286847349,
      0.032813748763830294
    ]
  },
  {
    "label_id": "GtCjV-L_DOEpw0nZQ3Dy6w",
    "size": [
      0.9397652133884541,
      0.9370266590153165,
      1.1100000000000136
    ],
    "obj_class": "sign",
    "point_num_in_lidar": 31,
    "speed": 0.03177307463057241,
    "if_vehicle": false,
    "motion_state": false,
    "pose": [
      [
        0.9999867083784636,
        3.663424239815731e-15,
        -0.005155876880383197,
        -62.54678373752316
      ],
      [
        0.00014960254740039588,
        0.9995789493470906,
        0.029015541374311782,
        -22.326330269168466
      ],
      [
        0.005153705995056498,
        -0.029015927043032554,
        0.999565663322,
        0.8234979979044965
      ],
      [
        0.0,
        0.0,
        0.0,
        1.0
      ]
    ],
    "location": [
      -62.54678373752316,
      -22.326330269168466,
      0.8234979979044965
    ],
    "rotation": [
      -0.029020385632159505,
      -0.005153728809656521,
      0.00014960453477114155
    ]
  },
  {
    "label_id": "IRBl4-265z8DyVSL_Ay_RA",
    "size": [
      1.8959271415915295,
      4.818296796365432,
      1.8799999999999955
    ],
    "obj_class": "vehicle",
    "point_num_in_lidar": 34,
    "speed": 2.8421709430404007e-13,
    "if_vehicle": true,
    "motion_state": false,
    "pose": [
      [
        0.9999867083784636,
        9.988889807153552e-16,
        -0.005155876880383197,
        -34.70737046475105
      ],
      [
        0.00014960254740305925,
        0.9995789493470906,
        0.029015541374311782,
        -49.413149303713
      ],
      [
        0.005153705995056421,
        -0.029015927043032567,
        0.999565663322,
        1.689235607102603
      ],
      [
        0.0,
        0.0,
        0.0,
        1.0
      ]
    ],
    "location": [
      -34.70737046475105,
      -49.413149303713,
      1.689235607102603
    ],
    "rotation": [
      -0.02902038563215952,
      -0.005153728809656444,
      0.00014960453477380495
    ]
  },
  {
    "label_id": "J4VvYddmPcAryqS-UZ_20A",
    "size": [
      1.8756481209093119,
      4.310370117695685,
      1.8899999999999864
    ],
    "obj_class": "vehicle",
    "point_num_in_lidar": 22,
    "speed": 5.685035733124714e-13,
    "if_vehicle": true,
    "motion_state": false,
    "pose": [
      [
        0.9999867083784636,
        1.1071056101522989e-16,
        -0.005155876880383197,
        -35.033050385925065
      ],
      [
        0.00014960254740394705,
        0.9995789493470906,
        0.029015541374311782,
        -67.55194797141121
      ],
      [
        0.005153705995056395,
        -0.02901592704303257,
        0.999565663322,
        1.9910667198820988
      ],
      [
        0.0,
        0.0,
        0.0,
        1.0
      ]
    ],
    "location": [
      -35.033050385925065,
      -67.55194797141121,
      1.9910667198820988
    ],
    "rotation": [
      -0.029020385632159522,
      -0.005153728809656418,
      0.00014960453477469275
    ]
  },
  {
    "label_id": "LrTZhVUAGYTUkncIjh4pHw",
    "size": [
      1.7509685992957418,
      2.3537852381629554,
      1.7300000000000182
    ],
    "obj_class": "vehicle",
    "point_num_in_lidar": 1784,
    "speed": 0.0074628992333493835,
    "if_vehicle": true,
    "motion_state": false,
    "pose": [
      [
        -0.9998096295217779,
        0.018818120233422695,
        -0.005155876880383197,
        -49.47646522569863
      ],
      [
        -0.018960022928556537,
        -0.9993991274207238,
        0.029015541374311782,
        12.07287572347559
      ],
      [
        -0.0046067609091240014,
        0.029107773215693366,
        0.999565663322,
        0.9199842816553883
      ],
      [
        0.0,
        0.0,
        0.0,
        1.0
      ]
    ],
    "location": [
      -49.47646522569863,
      12.07287572347559,
      0.9199842816553883
    ],
    "rotation": [
      0.029112194106227108,
      0.004606777203581884,
      -3.1226312932849476
    ]
  },
  {
    "label_id": "N0xEeDcPODmUZyZL7O9KhQ",
    "size": [
      1.9987228837198947,
      4.597254965828016,
      1.920000000000016
    ],
    "obj_class": "vehicle",
    "point_num_in_lidar": 113,
    "speed": 0.007175455465932074,
    "if_vehicle": true,
    "motion_state": false,
    "pose": [
      [
        0.9999867083784636,
        -1.6656462783850205e-15,
        -0.005155876880383197,
        -35.01303038881005
      ],
      [
        0.00014960254740572262,
        0.9995789493470906,
        0.029015541374311782,
        -41.13035273990863
      ],
      [
        0.0051537059950563435,
        -0.02901592704303258,
        0.999565663322,
        1.693151587490263
      ],
      [
        0.0,
        0.0,
        0.0,
        1.0
      ]
    ],
    "location": [
      -35.01303038881005,
      -41.13035273990863,
      1.693151587490263
    ],
    "rotation": [
      -0.029020385632159532,
      -0.005153728809656367,
      0.00014960453477646835
    ]
  },
  {
    "label_id": "NXvHjeEjHAm4M20-7kGTYQ",
    "size": [
      2.1901589706560913,
      4.47866627860887,
      1.8899999999999864
    ],
    "obj_class": "vehicle",
    "point_num_in_lidar": 7420,
    "speed": 0.09502359154740793,
    "if_vehicle": true,
    "motion_state": false,
    "pose": [
      [
        0.986696593989011,
        -0.16249076387314743,
        -0.005155876880383197,
        -49.67845090686555
      ],
      [
        0.16257212020199663,
        0.9862699448385229,
        0.029015541374311782,
        -4.109998782239927
      ],
      [
        0.00037032892430491587,
        -0.02946773768272502,
        0.999565663322,
        1.3263149296527104
      ],
      [
        0.0,
        0.0,
        0.0,
        1.0
      ]
    ],
    "location": [
      -49.67845090686555,
      -4.109998782239927,
      1.3263149296527104
    ],
    "rotation": [
      -0.02947200607795373,
      -0.00037032893276961796,
      0.16329690695166418
    ]
  },
  {
    "label_id": "Q6fs_63CkqvoTcB1qAcIFA",
    "size": [
      2.5817557177114225,
      5.077991374472059,
      2.1399999999999864
    ],
    "obj_class": "vehicle",
    "point_num_in_lidar": 132,
    "speed": 2.8421709430404007e-13,
    "if_vehicle": true,
    "motion_state": false,
    "pose": [
      [
        0.6057714400126815,
        0.7956220078646372,
        -0.005155876880383197,
        -113.99894396238156
      ],
      [
        -0.7952069553380796,
        0.6056434566151088,
        0.029015541374311782,
        -10.840260225890233
      ],
      [
        0.026208026383226602,
        -0.013476797124916869,
        0.999565663322,
        1.691879858455195
      ],
      [
        0.0,
        0.0,
        0.0,
        1.0
      ]
    ],
    "location": [
      -113.99894396238156,
      -10.840260225890233,
      1.691879858455195
    ],
    "rotation": [
      -0.013481836257190278,
      -0.02621102752125874,
      -0.9197995943624985
    ]
  },
  {
    "label_id": "Sv6Kp_7Yn7_dppLzJAxahA",
    "size": [
      2.287879586002632,
      4.83846683002856,
      2.0
    ],
    "obj_class": "vehicle",
    "point_num_in_lidar": 3130,
    "speed": 6.382750793069437,
    "if_vehicle": true,
    "motion_state": true,
    "pose": [
      [
        -0.9980259994952176,
        -0.06259010516979761,
        -0.005155876880383197,
        -57.95089491897829
      ],
      [
        0.06241527393344946,
        -0.9976284037348617,
        0.029015541374311782,
        4.562737048625422
      ],
      [
        -0.006959735008206957,
        0.028636459213136106,
        0.999565663322,
        1.188968235862319
      ],
      [
        0.0,
        0.0,
        0.0,
        1.0
      ]
    ],
    "location": [
      -57.95089491897829,
      4.562737048625422,
      1.188968235862319
    ],
    "rotation": [
      0.028641068385810597,
      0.00695979119526961,
      3.0791352689604055
    ]
  },
  {
    "label_id": "TF-e0qfWBKlF_b0k2fIi4w",
    "size": [
      1.9207280595203662,
      4.463873919194776,
      1.5600000000000023
    ],
    "obj_class": "vehicle",
    "point_num_in_lidar": 21,
    "speed": 8.946574267761148,
    "if_vehicle": true,
    "motion_state": true,
    "pose": [
      [
        0.9996159227000159,
        -0.027229102412495917,
        -0.005155876880383197,
        -108.63777033998636
      ],
      [
        0.027367546428678086,
        0.9992042412646325,
        0.029015541374311782,
        -19.228182590981305
      ],
      [
        0.004361706898682005,
        -0.029145500863427598,
        0.999565663322,
        1.046829765309269
      ],
      [
        0.0,
        0.0,
        0.0,
        1.0
      ]
    ],
    "location": [
      -108.63777033998636,
      -19.228182590981305,
      1.046829765309269
    ],
    "rotation": [
      -0.02914990612636192,
      -0.004361720728673153,
      0.02737122431132673
    ]
  },
  {
    "label_id": "WASi6kOEGcG25GLiTIITRg",
    "size": [
      2.6120124770363153,
      7.188040993103449,
      2.4399999999999977
    ],
    "obj_class": "vehicle",
    "point_num_in_lidar": 267,
    "speed": 0.011486934621923305,
    "if_vehicle": true,
    "motion_state": false,
    "pose": [
      [
        -0.009153614465767608,
        0.9999448126150795,
        -0.005155876880383197,
        -88.2735479733661
      ],
      [
        -0.9995384400895534,
        -0.009000285667580439,
        0.029015541374311782,
        36.43423420238287
      ],
      [
        0.028967535717670963,
        0.005419094213567993,
        0.999565663322,
        1.6195880833153637
      ],
      [
        0.0,
        0.0,
        0.0,
        1.0
      ]
    ],
    "location": [
      -88.2735479733661,
      36.43423420238287,
      1.6195880833153637
    ],
    "rotation": [
      0.005421395832691661,
      -0.02897158844555928,
      -1.579953912155297
    ]
  },
  {
    "label_id": "ZSFR0_-rEfWNevQkHaEhFQ",
    "size": [
      2.216010875331693,
      4.30560871595925,
      1.7900000000000205
    ],
    "obj_class": "vehicle",
    "point_num_in_lidar": 295,
    "speed": 11.167381604218846,
    "if_vehicle": true,
    "motion_state": true,
    "pose": [
      [
        0.9994264492562571,
        -0.03346923155114975,
        -0.005155876880383197,
        -82.61846765363128
      ],
      [
        0.033605102718411516,
        0.9990139115297848,
        0.029015541374311782,
        -15.032157851092052
      ],
      [
        0.004179664856798796,
        -0.02917216326114521,
        0.999565663322,
        1.4080808436973484
      ],
      [
        0.0,
        0.0,
        0.0,
        1.0
      ]
    ],
    "location": [
      -82.61846765363128,
      -15.032157851092052,
      1.4080808436973484
    ],
    "rotation": [
      -0.029176557429932918,
      -0.004179677026405489,
      0.03361172469525848
    ]
  },
  {
    "label_id": "ctW65CIWnfgzcBsgEI6eEg",
    "size": [
      1.1205580076404493,
      0.99186347399398,
      1.0699999999999932
    ],
    "obj_class": "sign",
    "point_num_in_lidar": 185,
    "speed": 3.108624468950438e-14,
    "if_vehicle": false,
    "motion_state": false,
    "pose": [
      [
        0.9994528495648266,
        -0.03267137019383467,
        -0.005155876880383197,
        -59.27119097334847
      ],
      [
        0.03280757065020086,
        0.999040420436925,
        0.029015541374311782,
        11.721001093837913
      ],
      [
        0.004202951912684384,
        -0.029168817303238948,
        0.999565663322,
        0.6437419427798545
      ],
      [
        0.0,
        0.0,
        0.0,
        1.0
      ]
    ],
    "location": [
      -59.27119097334847,
      11.721001093837913,
      0.6437419427798545
    ],
    "rotation": [
      -0.02917321286654427,
      -0.004202964286836921,
      0.032813748764187634
    ]
  },
  {
    "label_id": "eTJbViUbReuDWNa29L7KtA",
    "size": [
      2.095571197766256,
      5.087237367976095,
      2.009999999999991
    ],
    "obj_class": "vehicle",
    "point_num_in_lidar": 252,
    "speed": 11.75684136829042,
    "if_vehicle": true,
    "motion_state": true,
    "pose": [
      [
        0.9999830785726708,
        -0.002694346287684708,
        -0.005155876880383197,
        -36.82487934904972
      ],
      [
        0.0028428496334179498,
        0.9995749179349778,
        0.029015541374311782,
        -17.005824578565807
      ],
      [
        0.005075507293404845,
        -0.029029707772636353,
        0.999565663322,
        1.221810505653309
      ],
      [
        0.0,
        0.0,
        0.0,
        1.0
      ]
    ],
    "location": [
      -36.82487934904972,
      -17.005824578565807,
      1.221810505653309
    ],
    "rotation": [
      -0.02903416073665421,
      -0.005075529085157091,
      0.0028428900805120613
    ]
  },
  {
    "label_id": "fxYJPKvGSuuDKaSQkZStYQ",
    "size": [
      1.8889588141061444,
      4.426904542688601,
      1.6800000000000068
    ],
    "obj_class": "vehicle",
    "point_num_in_lidar": 40,
    "speed": 9.304738826449091,
    "if_vehicle": true,
    "motion_state": true,
    "pose": [
      [
        0.9996147665485705,
        -0.027271513189430843,
        -0.005155876880383197,
        -94.09725089762911
      ],
      [
        0.027409939739040334,
        0.9992030792397799,
        0.029015541374311782,
        -18.55599459023324
      ],
      [
        0.00436047033577206,
        -0.02914568589175628,
        0.999565663322,
        1.2341453604192907
      ],
      [
        0.0,
        0.0,
        0.0,
        1.0
      ]
    ],
    "location": [
      -94.09725089762911,
      -18.55599459023324,
      1.2341453604192907
    ],
    "rotation": [
      -0.029150091077843623,
      -0.004360484154003888,
      0.027413633787011688
    ]
  },
  {
    "label_id": "gReOadgSa6ggtDSZ_bnQ5Q",
    "size": [
      1.1020334662250608,
      0.8957830059557224,
      1.1000000000000227
    ],
    "obj_class": "pedestrian",
    "point_num_in_lidar": 37,
    "speed": 0.02117892334921927,
    "if_vehicle": false,
    "motion_state": false,
    "pose": [
      [
        -0.9042200826804185,
        -0.42703566479980487,
        -0.005155876880383197,
        -92.90444057661807
      ],
      [
        0.4267262594104821,
        -0.9039152603470602,
        0.029015541374311782,
        18.62051054310905
      ],
      [
        -0.017051146792954445,
        0.024036287165350403,
        0.999565663322,
        1.1541062274116598
      ],
      [
        0.0,
        0.0,
        0.0,
        1.0
      ]
    ],
    "location": [
      -92.90444057661807,
      18.62051054310905,
      1.1541062274116598
    ],
    "rotation": [
      0.0240420981804565,
      0.017051973147377206,
      2.700654242402142
    ]
  },
  {
    "label_id": "gofHjXzTs7FWeFilqynuPg",
    "size": [
      2.006230178023537,
      4.722435152556317,
      1.589999999999975
    ],
    "obj_class": "vehicle",
    "point_num_in_lidar": 44,
    "speed": 0.0,
    "if_vehicle": true,
    "motion_state": false,
    "pose": [
      [
        0.9999867083784636,
        2.7752458201156054e-15,
        -0.005155876880383197,
        -34.671216280914734
      ],
      [
        0.00014960254740128368,
        0.9995789493470906,
        0.029015541374311782,
        -46.9626592569748
      ],
      [
        0.005153705995056472,
        -0.02901592704303256,
        0.999565663322,
        1.4871551379210928
      ],
      [
        0.0,
        0.0,
        0.0,
        1.0
      ]
    ],
    "location": [
      -34.671216280914734,
      -46.9626592569748,
      1.4871551379210928
    ],
    "rotation": [
      -0.02902038563215951,
      -0.005153728809656495,
      0.00014960453477202935
    ]
  },
  {
    "label_id": "gy9mAZLClR19nDtkUsKYAA",
    "size": [
      1.924199149292688,
      4.640621657728636,
      1.740000000000009
    ],
    "obj_class": "vehicle",
    "point_num_in_lidar": 84,
    "speed": 4.440892098500626e-15,
    "if_vehicle": true,
    "motion_state": false,
    "pose": [
      [
        0.9999867083784636,
        9.988889807153552e-16,
        -0.005155876880383197,
        -35.24436293139061
      ],
      [
        0.00014960254740305925,
        0.9995789493470906,
        0.029015541374311782,
        -36.498409425203135
      ],
      [
        0.005153705995056421,
        -0.029015927043032567,
        0.999565663322,
        1.4206057221635433
      ],
      [
        0.0,
        0.0,
        0.0,
        1.0
      ]
    ],
    "location": [
      -35.24436293139061,
      -36.498409425203135,
      1.4206057221635433
    ],
    "rotation": [
      -0.02902038563215952,
      -0.005153728809656444,
      0.00014960453477380495
    ]
  },
  {
    "label_id": "i5j529DQ3xVIaMhN_CqDdg",
    "size": [
      1.1681500733694887,
      1.1867695902315556,
      1.839999999999975
    ],
    "obj_class": "pedestrian",
    "point_num_in_lidar": 70,
    "speed": 0.5122657297008152,
    "if_vehicle": false,
    "motion_state": false,
    "pose": [
      [
        -0.8712362786076483,
        -0.49083679952861176,
        -0.005155876880383197,
        -63.44209171271126
      ],
      [
        0.49050631283129914,
        -0.8709544508362073,
        0.029015541374311782,
        19.868451823625946
      ],
      [
        -0.01873242938169046,
        0.022750402130732747,
        0.999565663322,
        1.5857731598144937
      ],
      [
        0.0,
        0.0,
        0.0,
        1.0
      ]
    ],
    "location": [
      -63.44209171271126,
      19.868451823625946,
      1.5857731598144937
    ],
    "rotation": [
      0.02275635880370282,
      0.018733525101841557,
      2.628823201487881
    ]
  },
  {
    "label_id": "iHBa2LA3ziDFWThMzfxSrQ",
    "size": [
      1.1548516358369598,
      1.0708842660739963,
      1.25
    ],
    "obj_class": "sign",
    "point_num_in_lidar": 56,
    "speed": 0.0,
    "if_vehicle": false,
    "motion_state": false,
    "pose": [
      [
        0.062135320222199884,
        0.9980544168102653,
        -0.005155876880383197,
        -88.34112251324404
      ],
      [
        -0.9976381499729591,
        0.062259297115268654,
        0.029015541374311782,
        17.729811577084547
      ],
      [
        0.0292800904953584,
        0.003340809517720492,
        0.999565663322,
        0.9379617666064064
      ],
      [
        0.0,
        0.0,
        0.0,
        1.0
      ]
    ],
    "location": [
      -88.34112251324404,
      17.729811577084547,
      0.9379617666064064
    ],
    "rotation": [
      0.0033422487392804363,
      -0.029284275862839958,
      -1.508594251162021
    ]
  },
  {
    "label_id": "jcMjZDvyQh7S9D1-oC8sUA",
    "size": [
      2.5246044967032093,
      5.794295811722223,
      1.8600000000000136
    ],
    "obj_class": "vehicle",
    "point_num_in_lidar": 124,
    "speed": 2.8435583831733384e-13,
    "if_vehicle": true,
    "motion_state": false,
    "pose": [
      [
        -0.9999759541584746,
        -0.0046376759742903844,
        -0.005155876880383197,
        -65.21777013011138
      ],
      [
        0.004486183956367806,
        -0.999568893329652,
        0.029015541374311782,
        -40.020661225471486
      ],
      [
        -0.005288218826581245,
        0.028991713459060348,
        0.999565663322,
        2.034037510625467
      ],
      [
        0.0,
        0.0,
        0.0,
        1.0
      ]
    ],
    "location": [
      -65.21777013011138,
      -40.020661225471486,
      2.034037510625467
    ],
    "rotation": [
      0.028996181905167024,
      0.005288243474625716,
      3.137106391854654
    ]
  },
  {
    "label_id": "n3Oz4HnGjzXFqsql-WNSFg",
    "size": [
      2.2236566406135143,
      4.949832717164618,
      1.920000000000016
    ],
    "obj_class": "vehicle",
    "point_num_in_lidar": 1121,
    "speed": 10.91186746217501,
    "if_vehicle": true,
    "motion_state": true,
    "pose": [
      [
        0.999673527229305,
        -0.02502510520485553,
        -0.005155876880383197,
        -61.26668108786404
      ],
      [
        0.025164456550648442,
        0.9992621520328218,
        0.029015541374311782,
        -14.201885197722731
      ],
      [
        0.004425955651639994,
        -0.029135813429863,
        0.999565663322,
        1.316641062625763
      ],
      [
        0.0,
        0.0,
        0.0,
        1.0
      ]
    ],
    "location": [
      -61.26668108786404,
      -14.201885197722731,
      1.316641062625763
    ],
    "rotation": [
      -0.02914022271344931,
      -0.004425970101836461,
      0.02516735976193914
    ]
  },
  {
    "label_id": "slzRePUL32VlVCupH5t8lw",
    "size": [
      2.9216232952623433,
      10.613183625004126,
      3.6399999999999864
    ],
    "obj_class": "vehicle",
    "point_num_in_lidar": 825,
    "speed": 12.31065304739174,
    "if_vehicle": true,
    "motion_state": true,
    "pose": [
      [
        -0.996141877407311,
        -0.08760580465375603,
        -0.005155876880383197,
        -90.30197949443456
      ],
      [
        0.08742105477764633,
        -0.9957487923870756,
        0.029015541374311782,
        6.4422677525253675
      ],
      [
        -0.007675888026898945,
        0.028452863663409673,
        0.999565663322,
        2.1198527051613496
      ],
      [
        0.0,
        0.0,
        0.0,
        1.0
      ]
    ],
    "location": [
      -90.30197949443456,
      6.4422677525253675,
      2.1198527051613496
    ],
    "rotation": [
      0.028457542725935037,
      0.007675963405167412,
      3.0540572770010144
    ]
  },
  {
    "label_id": "tme8SKJXoDfayi5l40MZCg",
    "size": [
      2.5358432169389,
      6.373996801546928,
      1.9800000000000182
    ],
    "obj_class": "vehicle",
    "point_num_in_lidar": 144,
    "speed": 5.684385254002266e-13,
    "if_vehicle": true,
    "motion_state": false,
    "pose": [
      [
        -0.02829568877976681,
        0.9995862998911464,
        -0.005155876880383197,
        -88.44430098472645
      ],
      [
        -0.9991829372955081,
        -0.02813460815928138,
        0.029015541374311782,
        44.31217846099571
      ],
      [
        0.02885847906593971,
        0.005972678934179258,
        0.999565663322,
        1.1603560505577093
      ],
      [
        0.0,
        0.0,
        0.0,
        1.0
      ]
    ],
    "location": [
      -88.44430098472645,
      44.31217846099571,
      1.1603560505577093
    ],
    "rotation": [
      0.005975203102920404,
      -0.028862486181566078,
      -1.5991075873217893
    ]
  },
  {
    "label_id": "x3_8SCCVCIWb3aFrS7pNiA",
    "size": [
      0.9479286807154341,
      0.9719301561155778,
      1.089999999999975
    ],
    "obj_class": "sign",
    "point_num_in_lidar": 28,
    "speed": 0.01754336815036626,
    "if_vehicle": false,
    "motion_state": false,
    "pose": [
      [
        0.999284518717987,
        0.03746822098999702,
        -0.005155876880383197,
        -61.40085627537559
      ],
      [
        -0.037303445284780905,
        0.9988826514304074,
        0.029015541374311782,
        -20.805078142562706
      ],
      [
        0.006237276685083022,
        -0.028802449326468554,
        0.999565663322,
        0.822577199625357
      ],
      [
        0.0,
        0.0,
        0.0,
        1.0
      ]
    ],
    "location": [
      -61.40085627537559,
      -20.805078142562706,
      0.822577199625357
    ],
    "rotation": [
      -0.028806993650395237,
      -0.006237317127898507,
      -0.0373128284360738
    ]
  }
]