[
  {
    "label_id": "0dItGO83CJ_wt_3rDsNP2w",
    "size": [
      0.5982410950696824,
      0.1706041126485065,
      0.6399999999999864
    ],
    "obj_class": "sign",
    "point_num_in_lidar": 38,
    "speed": 0.017191737466783923,
    "if_vehicle": false,
    "motion_state": false,
    "pose": [
      [
        -0.20934440211501917,
        0.9777848804706643,
        0.01056640080982672,
        -65.08366496466112
      ],
      [
        -0.9774579336626291,
        -0.20955278565525826,
        0.025760783064668724,
        37.08879886886098
      ],
      [
        0.027402722913766987,
        -0.00493533657313657,
        0.9996122914559531,
        1.6120374221674751
      ],
      [
        0.0,
        0.0,
        0.0,
        1.0
      ]
    ],
    "location": [
      -65.08366496466112,
      37.08879886886098,
      1.6120374221674751
    ],
    "rotation": [
      -0.004937210670496396,
      -0.02740615356603787,
      -1.7817812109406423
    ]
  },
  {
    "label_id": "1YQ_kpgKHcSW4kqTyRAkOQ",
    "size": [
      2.113992752620716,
      4.388851756526188,
      1.6100000000000136
    ],
    "obj_class": "vehicle",
    "point_num_in_lidar": 4984,
    "speed": 1.3589928710038834,
    "if_vehicle": true,
    "motion_state": true,
    "pose": [
      [
        -0.9999433183342393,
        -0.0013081638415349628,
        0.01056640080982672,
        -56.24688789762416
      ],
      [
        0.0015800163925692007,
        -0.9996668873200185,
        0.025760783064668724,
        4.554261426614175
      ],
      [
        0.01052918168280037,
        0.0257760179870633,
        0.9996122914559531,
        0.9718105056534796
      ],
      [
        0.0,
        0.0,
        0.0,
        1.0
      ]
    ],
    "location": [
      -56.24688789762416,
      4.554261426614175,
      0.9718105056534796
    ],
    "rotation": [
      0.02578030252420599,
      -0.01052937624312203,
      3.1400125489492194
    ]
  },
  {
    "label_id": "20Y4i40d8raHY1Clo4K4wg",
    "size": [
      0.7999212305811713,
      0.15511676600605773,
      0.7769746969505036
    ],
    "obj_class": "sign",
    "point_num_in_lidar": 46,
    "speed": 0.016301521501739524,
    "if_vehicle": false,
    "motion_state": false,
    "pose": [
      [
        -0.20934440211663793,
        0.9777848804703178,
        0.01056640080982672,
        -65.07804382441182
      ],
      [
        -0.9774579336622823,
        -0.20955278565687652,
        0.025760783064668724,
        37.09105222727885
      ],
      [
        0.027402722913775157,
        -0.004935336573091203,
        0.9996122914559531,
        2.275482891852448
      ],
      [
        0.0,
        0.0,
        0.0,
        1.0
      ]
    ],
    "location": [
      -65.07804382441182,
      37.09105222727885,
      2.275482891852448
    ],
    "rotation": [
      -0.004937210670451013,
      -0.027406153566046042,
      -1.7817812109422984
    ]
  },
  {
    "label_id": "2gBQINdyd96o4z3Zr-BlXg",
    "size": [
      0.8037584934951663,
      0.6746490747898556,
      1.8500000000000227
    ],
    "obj_class": "pedestrian",
    "point_num_in_lidar": 105,
    "speed": 0.015164947238303394,
    "if_vehicle": false,
    "motion_state": false,
    "pose": [
      [
        -0.9557217983043216,
        -0.2940819535773654,
        0.01056640080982672,
        -80.08899400966226
      ],
      [
        0.2942609356668224,
        -0.955377874872755,
        0.025760783064668724,
        -9.297440213706068
      ],
      [
        0.0025191241414055194,
        0.027729420905222985,
        0.9996122914559531,
        1.46021315352084
      ],
      [
        0.0,
        0.0,
        0.0,
        1.0
      ]
    ],
    "location": [
      -80.08899400966226,
      -9.297440213706068,
      1.46021315352084
    ],
    "rotation": [
      0.027733063776262487,
      -0.0025191268058010682,
      2.842909552327824
    ]
  },
  {
    "label_id": "34QvoR6V_imNZ02CTvcFLg",
    "size": [
      1.9026241168053464,
      4.357864290621819,
      1.5500000000000114
    ],
    "obj_class": "vehicle",
    "point_num_in_lidar": 35,
    "speed": 1.1369030711563004e-12,
    "if_vehicle": true,
    "motion_state": false,
    "pose": [
      [
        -0.9985556472502239,
        0.05267798893857363,
        0.01056640080982672,
        -84.97223997495972
      ],
      [
        -0.0523916090858193,
        -0.9982942959635169,
        0.025760783064668724,
        -43.08326108930487
      ],
      [
        0.011905403902643911,
        0.025169984666140358,
        0.9996122914559531,
        1.9519954291757244
      ],
      [
        0.0,
        0.0,
        0.0,
        1.0
      ]
    ],
    "location": [
      -84.97223997495972,
      -43.08326108930487,
      1.9519954291757244
    ],
    "rotation": [
      0.02517442760774272,
      -0.01190568516321419,
      -3.0891733282709737
    ]
  },
  {
    "label_id": "4iGaZtbzD4XFf7YLTHe1Sg",
    "size": [
      0.9999999999999662,
      1.0,
      1.9499999999999886
    ],
    "obj_class": "pedestrian",
    "point_num_in_lidar": 101,
    "speed": 0.11392142688890396,
    "if_vehicle": false,
    "motion_state": false,
    "pose": [
      [
        -0.8469931465890028,
        0.5314987872095157,
        0.01056640080982672,
        -59.39314854036337
      ],
      [
        -0.5311214691936883,
        -0.8469039892558266,
        0.025760783064668724,
        -25.921165359486622
      ],
      [
        0.0226405519543571,
        0.016207164384335913,
        0.9996122914559531,
        1.3359040188602194
      ],
      [
        0.0,
        0.0,
        0.0,
        1.0
      ]
    ],
    "location": [
      -59.39314854036337,
      -25.921165359486622,
      1.3359040188602194
    ],
    "rotation": [
      0.016212029992779653,
      -0.02264248663807741,
      -2.5815083218312718
    ]
  },
  {
    "label_id": "4svB2BL9suqhlT8qPQMSGA",
    "size": [
      1.8336943415088296,
      4.534747083223021,
      1.579999999999984
    ],
    "obj_class": "vehicle",
    "point_num_in_lidar": 22,
    "speed": 2.8452917319372777e-13,
    "if_vehicle": true,
    "motion_state": false,
    "pose": [
      [
        0.9999441740286935,
        -2.0012087474056115e-15,
        0.01056640080982672,
        -35.321961719812606
      ],
      [
        -0.00027221395564276316,
        0.9996680988985582,
        0.025760783064668724,
        -64.6297051130914
      ],
      [
        -0.010562893809759713,
        -0.02576222126569387,
        0.9996122914559531,
        1.7460773999513322
      ],
      [
        0.0,
        0.0,
        0.0,
        1.0
      ]
    ],
    "location": [
      -35.321961719812606,
      -64.6297051130914,
      1.7460773999513322
    ],
    "rotation": [
      -0.025766509617906923,
      0.010563090244952405,
      -0.00027222914637480255
    ]
  },
  {
    "label_id": "7-k0-aAqBFIwuvVcth1ugQ",
    "size": [
      2.6543306808974205,
      7.4845826403753275,
      2.2900000000000205
    ],
    "obj_class": "vehicle",
    "point_num_in_lidar": 125,
    "speed": 0.0017181400547357588,
    "if_vehicle": true,
    "motion_state": false,
    "pose": [
      [
        -0.03969000570106687,
        0.9991561712872395,
        0.01056640080982672,
        -88.38487979410866
      ],
      [
        -0.9988695089405706,
        -0.03995104710416074,
        0.025760783064668724,
        57.71657652158865
      ],
      [
        0.02616118415273039,
        -0.00953200996148021,
        0.9996122914559531,
        0.6893246195291454
      ],
      [
        0.0,
        0.0,
        0.0,
        1.0
      ]
    ],
    "location": [
      -88.38487979410866,
      57.71657652158865,
      0.6893246195291454
    ],
    "rotation": [
      -0.009535418025985122,
      -0.026164169224193463,
      -1.6105103602434336
    ]
  },
  {
    "label_id": "7H_jvU9tURSLSp0yi3ZSOA",
    "size": [
      1.4422854662720848,
      1.1313572277526598,
      1.8899999999999864
    ],
    "obj_class": "pedestrian",
    "point_num_in_lidar": 126,
    "speed": 0.8256666080583616,
    "if_vehicle": false,
    "motion_state": false,
    "pose": [
      [
        -0.11296874114819792,
        -0.9935423567706199,
        0.01056640080982672,
        -81.25719912024641
      ],
      [
        0.9932988025064182,
        -0.11266708035274016,
        0.025760783064668724,
        -6.577846156575106
      ],
      [
        -0.024403943589247627,
        0.013405756505011168,
        0.9996122914559531,
        1.4518240600121999
      ],
      [
        0.0,
        0.0,
        0.0,
        1.0
      ]
    ],
    "location": [
      -81.25719912024641,
      -6.577846156575106,
      1.4518240600121999
    ],
    "rotation": [
      0.01341015213046179,
      0.02440636654343622,
      1.6840406130796408
    ]
  },
  {
    "label_id": "8uBYsb-Gpcz4kEOFtaDN9Q",
    "size": [
      1.740491375268904,
      4.142263119424243,
      1.9599999999999795
    ],
    "obj_class": "vehicle",
    "point_num_in_lidar": 29,
    "speed": 2.847716647714797e-13,
    "if_vehicle": true,
    "motion_state": false,
    "pose": [
      [
        0.9999441740286935,
        -3.7775655868058615e-15,
        0.01056640080982672,
        -35.68665881059388
      ],
      [
        -0.00027221395564098745,
        0.9996680988985582,
        0.025760783064668724,
        -70.29387855044115
      ],
      [
        -0.010562893809759758,
        -0.025762221265693854,
        0.9996122914559531,
        1.8862461773909445
      ],
      [
        0.0,
        0.0,
        0.0,
        1.0
      ]
    ],
    "location": [
      -35.68665881059388,
      -70.29387855044115,
      1.8862461773909445
    ],
    "rotation": [
      -0.025766509617906906,
      0.01056309024495245,
      -0.0002722291463730268
    ]
  },
  {
    "label_id": "97LGRvZi3-yunSqGxMM_Jw",
    "size": [
      2.7330119442255176,
      6.870703637231516,
      2.9699999999999704
    ],
    "obj_class": "vehicle",
    "point_num_in_lidar": 9711,
    "speed": 0.007720677102151725,
    "if_vehicle": true,
    "motion_state": false,
    "pose": [
      [
        -0.9999369036766494,
        0.0038131141448009107,
        0.01056640080982672,
        -55.15625839810673
      ],
      [
        -0.0035398494036025657,
        -0.9996618685946239,
        0.025760783064668724,
        12.198850873865013
      ],
      [
        0.01066105678415616,
        0.02572175418636582,
        0.9996122914559531,
        1.6268798584551973
      ],
      [
        0.0,
        0.0,
        0.0,
        1.0
      ]
    ],
    "location": [
      -55.15625839810673,
      12.198850873865013,
      1.6268798584551973
    ],
    "rotation": [
      0.02572605367199608,
      -0.010661258747118731,
      -3.1380525956087033
    ]
  },
  {
    "label_id": "9OU84eagvEJrB0PWmD5Zkg",
    "size": [
      2.0890316481125972,
      4.993037200368213,
      1.6999999999999886
    ],
    "obj_class": "vehicle",
    "point_num_in_lidar": 30,
    "speed": 7.871421155331447,
    "if_vehicle": true,
    "motion_state": true,
    "pose": [
      [
        0.9994967716947994,
        -0.029909104727494692,
        0.01056640080982672,
        -116.37663852316052
      ],
      [
        0.029628754946838795,
        0.9992289622184675,
        0.025760783064668724,
        -19.085581728193574
      ],
      [
        -0.011328735674130975,
        -0.025434750209202016,
        0.9996122914559531,
        1.3356425337813107
      ],
      [
        0.0,
        0.0,
        0.0,
        1.0
      ]
    ],
    "location": [
      -116.37663852316052,
      -19.085581728193574,
      1.3356425337813107
    ],
    "rotation": [
      -0.02543912624679557,
      0.011328978010258728,
      0.029634993957948413
    ]
  },
  {
    "label_id": "9c2B8y2r5Bvrgoj_U5Y_JA",
    "size": [
      2.0352301871758245,
      4.669215735306136,
      1.7900000000000205
    ],
    "obj_class": "vehicle",
    "point_num_in_lidar": 339,
    "speed": 10.0777337063271,
    "if_vehicle": true,
    "motion_state": true,
    "pose": [
      [
        0.9996504911562496,
        -0.024233173646784432,
        0.01056640080982672,
        -76.67078882248083
      ],
      [
        0.02395434909010473,
        0.9993810940855168,
        0.025760783064668724,
        -14.740169038081149
      ],
      [
        -0.011184126731153978,
        -0.025498668189541128,
        0.9996122914559531,
        1.2171551379208836
      ],
      [
        0.0,
        0.0,
        0.0,
        1.0
      ]
    ],
    "location": [
      -76.67078882248083,
      -14.740169038081149,
      1.2171551379208836
    ],
    "rotation": [
      -0.025503027542722285,
      0.011184359904784677,
      0.02395813929119487
    ]
  },
  {
    "label_id": "AXKZxZOE2J4qe-CaUmIcQw",
    "size": [
      1.8770925018553328,
      4.241708010517512,
      1.7699999999999818
    ],
    "obj_class": "vehicle",
    "point_num_in_lidar": 38,
    "speed": 1.990015233685411e-12,
    "if_vehicle": true,
    "motion_state": false,
    "pose": [
      [
        -0.9986844710958881,
        0.050176472234030725,
        0.01056640080982672,
        -84.5319750403286
      ],
      [
        -0.04989074795677567,
        -0.9984224032563616,
        0.025760783064668724,
        -62.92957285135526
      ],
      [
        0.011842316506488395,
        0.02519972837034126,
        0.9996122914559531,
        1.7593574807444838
      ],
      [
        0.0,
        0.0,
        0.0,
        1.0
      ]
    ],
    "location": [
      -84.5319750403286,
      -62.92957285135526,
      1.7593574807444838
    ],
    "rotation": [
      0.025204163972576493,
      -0.011842593319277438,
      -3.0916776822681054
    ]
  },
  {
    "label_id": "BXDlU3DIkqaT24ZzQeHqcw",
    "size": [
      1.0220610767849287,
      1.090747265971741,
      1.0500000000000114
    ],
    "obj_class": "pedestrian",
    "point_num_in_lidar": 116,
    "speed": 0.053966184090924574,
    "if_vehicle": false,
    "motion_state": false,
    "pose": [
      [
        -0.3212390344230186,
        0.9469391923122058,
        0.01056640080982672,
        -62.04606091988626
      ],
      [
        -0.9465903007259786,
        -0.3214081278178831,
        0.025760783064668724,
        18.983130124432137
      ],
      [
        0.027790022210647122,
        -0.001726683442490066,
        0.9996122914559531,
        0.7197122880609186
      ],
      [
        0.0,
        0.0,
        0.0,
        1.0
      ]
    ],
    "location": [
      -62.04606091988626,
      18.983130124432137,
      0.7197122880609186
    ],
    "rotation": [
      -0.0017273514340727545,
      -0.02779360042541755,
      -1.8979649707567483
    ]
  },
  {
    "label_id": "D5j3i75zBvzZL7edy7Vfkg",
    "size": [
      1.0822184139979385,
      1.1221680693460732,
      1.079999999999984
    ],
    "obj_class": "sign",
    "point_num_in_lidar": 248,
    "speed": 0.004555089761312476,
    "if_vehicle": false,
    "motion_state": false,
    "pose": [
      [
        0.9994103379227075,
        -0.032669980519521184,
        0.01056640080982672,
        -59.191445595377104
      ],
      [
        0.03238889201696085,
        0.9991433039008013,
        0.025760783064668724,
        8.880413147637228
      ],
      [
        -0.011398952896360708,
        -0.025403358892976725,
        0.9996122914559531,
        0.6253086102183829
      ],
      [
        0.0,
        0.0,
        0.0,
        1.0
      ]
    ],
    "location": [
      -59.191445595377104,
      8.880413147637228,
      0.6253086102183829
    ],
    "rotation": [
      -0.025407743048477215,
      0.011399199766761257,
      0.03239666312098242
    ]
  },
  {
    "label_id": "Fww1o1EB4na9AHpv_SA6vw",
    "size": [
      1.9997895331551827,
      4.800593639312353,
      1.5600000000000023
    ],
    "obj_class": "vehicle",
    "point_num_in_lidar": 96,
    "speed": 8.741186948654606,
    "if_vehicle": true,
    "motion_state": true,
    "pose": [
      [
        0.9986664700927911,
        -0.05053348084518304,
        0.01056640080982672,
        -102.9255548989342
      ],
      [
        0.05024766290162445,
        0.9984045044113232,
        0.025760783064668724,
        -18.82524166666917
      ],
      [
        -0.011851324201501801,
        -0.025195493344043245,
        0.9996122914559531,
        1.0137846374051378
      ],
      [
        0.0,
        0.0,
        0.0,
        1.0
      ]
    ],
    "location": [
      -102.9255548989342,
      -18.82524166666917,
      1.0137846374051378
    ],
    "rotation": [
      -0.025199929994007424,
      0.01185160164645959,
      0.05027236498491656
    ]
  },
  {
    "label_id": "GtCjV-L_DOEpw0nZQ3Dy6w",
    "size": [
      0.9397652133884562,
      0.9370266590153165,
      1.1100000000000136
    ],
    "obj_class": "sign",
    "point_num_in_lidar": 55,
    "speed": 0.015520986591035745,
    "if_vehicle": false,
    "motion_state": false,
    "pose": [
      [
        0.9999441740286935,
        1.5515049313948895e-15,
        0.01056640080982672,
        -62.54939255648384
      ],
      [
        -0.0002722139556463146,
        0.9996680988985582,
        0.025760783064668724,
        -22.30960823651003
      ],
      [
        -0.01056289380975962,
        -0.02576222126569391,
        0.9996122914559531,
        0.7716089128823569
      ],
      [
        0.0,
        0.0,
        0.0,
        1.0
      ]
    ],
    "location": [
      -62.54939255648384,
      -22.30960823651003,
      0.7716089128823569
    ],
    "rotation": [
      -0.02576650961790696,
      0.010563090244952313,
      -0.00027222914637835423
    ]
  },
  {
    "label_id": "IRBl4-265z8DyVSL_Ay_RA",
    "size": [
      1.8959271415915264,
      4.818296796365432,
      1.8799999999999955
    ],
    "obj_class": "vehicle",
    "point_num_in_lidar": 43,
    "speed": 2.8421709430404007e-13,
    "if_vehicle": true,
    "motion_state": false,
    "pose": [
      [
        0.9999441740286935,
        -2.24851908005361e-16,
        0.01056640080982672,
        -34.70737046475102
      ],
      [
        -0.00027221395564453886,
        0.9996680988985582,
        0.025760783064668724,
        -49.413149303713
      ],
      [
        -0.010562893809759668,
        -0.025762221265693892,
        0.9996122914559531,
        1.6364214235745749
      ],
      [
        0.0,
        0.0,
        0.0,
        1.0
      ]
    ],
    "location": [
      -34.70737046475102,
      -49.413149303713,
      1.6364214235745749
    ],
    "rotation": [
      -0.025766509617906944,
      0.01056309024495236,
      -0.00027222914637657836
    ]
  },
  {
    "label_id": "N0xEeDcPODmUZyZL7O9KhQ",
    "size": [
      1.9987228837198998,
      4.597254965828016,
      1.920000000000016
    ],
    "obj_class": "vehicle",
    "point_num_in_lidar": 150,
    "speed": 0.007175455285638589,
    "if_vehicle": true,
    "motion_state": false,
    "pose": [
      [
        0.9999441740286935,
        1.5515049313948895e-15,
        0.01056640080982672,
        -35.03533925299263
      ],
      [
        -0.0002722139556463146,
        0.9996680988985582,
        0.025760783064668724,
        -41.12492533079785
      ],
      [
        -0.01056289380975962,
        -0.02576222126569391,
        0.9996122914559531,
        1.6701927586869942
      ],
      [
        0.0,
        0.0,
        0.0,
        1.0
      ]
    ],
    "location": [
      -35.03533925299263,
      -41.12492533079785,
      1.6701927586869942
    ],
    "rotation": [
      -0.02576650961790696,
      0.010563090244952313,
      -0.00027222914637835423
    ]
  },
  {
    "label_id": "Q6fs_63CkqvoTcB1qAcIFA",
    "size": [
      2.581755717711429,
      5.077991374472059,
      2.1399999999999864
    ],
    "obj_class": "vehicle",
    "point_num_in_lidar": 174,
    "speed": 2.8421709430404007e-13,
    "if_vehicle": true,
    "motion_state": false,
    "pose": [
      [
        0.6057456735758924,
        0.7955881661500596,
        0.01056640080982672,
        -113.99894396238155
      ],
      [
        -0.7955334134128496,
        0.6053618506311704,
        0.025760783064668724,
        -10.840260225892052
      ],
      [
        0.014098478208261898,
        -0.02401040779307994,
        0.9996122914559531,
        1.6918798584551382
      ],
      [
        0.0,
        0.0,
        0.0,
        1.0
      ]
    ],
    "location": [
      -113.99894396238155,
      -10.840260225892052,
      1.6918798584551382
    ],
    "rotation": [
      -0.024015102674029547,
      -0.014098945302285035,
      -0.9200179396848805
    ]
  },
  {
    "label_id": "Sv6Kp_7Yn7_dppLzJAxahA",
    "size": [
      2.287879586003219,
      4.83846683002856,
      2.0
    ],
    "obj_class": "vehicle",
    "point_num_in_lidar": 1122,
    "speed": 7.093673936759851,
    "if_vehicle": true,
    "motion_state": true,
    "pose": [
      [
        -0.19838914902936644,
        -0.9800663736305465,
        0.01056640080982672,
        -70.29939996359684
      ],
      [
        0.9798497938831447,
        -0.1980675730225774,
        0.025760783064668724,
        17.558079673573957
      ],
      [
        -0.0231544158760869,
        0.015464145486125146,
        0.9996122914559531,
        1.1589682358623463
      ],
      [
        0.0,
        0.0,
        0.0,
        1.0
      ]
    ],
    "location": [
      -70.29939996359684,
      17.558079673573957,
      1.1589682358623463
    ],
    "rotation": [
      0.015468909437656506,
      0.023156485326550718,
      1.7705647362431371
    ]
  },
  {
    "label_id": "TF-e0qfWBKlF_b0k2fIi4w",
    "size": [
      1.9207280595230098,
      4.463873919194776,
      1.5600000000000023
    ],
    "obj_class": "vehicle",
    "point_num_in_lidar": 114,
    "speed": 8.936435729867204,
    "if_vehicle": true,
    "motion_state": true,
    "pose": [
      [
        0.9992190521764063,
        -0.0380740980406701,
        0.01056640080982672,
        -78.94050603060433
      ],
      [
        0.03779156958592478,
        0.9989535421250217,
        0.025760783064668724,
        -18.44714608126924
      ],
      [
        -0.011536162096497729,
        -0.02534134436572296,
        0.9996122914559531,
        1.042155137920929
      ],
      [
        0.0,
        0.0,
        0.0,
        1.0
      ]
    ],
    "location": [
      -78.94050603060433,
      -18.44714608126924,
      1.042155137920929
    ],
    "rotation": [
      -0.025345744411330903,
      0.011536417989735235,
      0.037803087800184376
    ]
  },
  {
    "label_id": "WASi6kOEGcG25GLiTIITRg",
    "size": [
      2.61201247703632,
      7.188040993103449,
      2.4399999999999977
    ],
    "obj_class": "vehicle",
    "point_num_in_lidar": 341,
    "speed": 0.011486934622132834,
    "if_vehicle": true,
    "motion_state": false,
    "pose": [
      [
        -0.009153225117549305,
        0.9999022800473423,
        0.01056640080982672,
        -88.31024633122055
      ],
      [
        -0.9996237247090172,
        -0.00942290054953665,
        0.025760783064668724,
        36.43219119026435
      ],
      [
        0.02585783186616476,
        -0.010326630687692094,
        0.9996122914559531,
        1.6285596822105504
      ],
      [
        0.0,
        0.0,
        0.0,
        1.0
      ]
    ],
    "location": [
      -88.31024633122055,
      36.43219119026435,
      1.6285596822105504
    ],
    "rotation": [
      -0.010330268484871665,
      -0.025860714276293672,
      -1.5799527414416865
    ]
  },
  {
    "label_id": "ZSFR0_-rEfWNevQkHaEhFQ",
    "size": [
      2.2160108753311833,
      4.30560871595925,
      1.7900000000000205
    ],
    "obj_class": "vehicle",
    "point_num_in_lidar": 619,
    "speed": 10.467194618534592,
    "if_vehicle": true,
    "motion_state": true,
    "pose": [
      [
        0.9999422416911544,
        -0.001965821862497292,
        0.01056640080982672,
        -48.47406265751323
      ],
      [
        0.0016930656880653713,
        0.99966670224854,
        0.025760783064668724,
        -14.197352766343101
      ],
      [
        -0.010613520162739353,
        -0.025741405554746907,
        0.9996122914559531,
        1.1380808436975371
      ],
      [
        0.0,
        0.0,
        0.0,
        1.0
      ]
    ],
    "location": [
      -48.47406265751323,
      -14.197352766343101,
      1.1380808436975371
    ],
    "rotation": [
      -0.025745699644365325,
      0.010613719436039526,
      0.0016931618643390139
    ]
  },
  {
    "label_id": "_2HZ08b-MNnh1BO8JN8aMw",
    "size": [
      0.9494860446132993,
      0.09810092609221567,
      0.7900000000000205
    ],
    "obj_class": "sign",
    "point_num_in_lidar": 20,
    "speed": 0.0066232535764929965,
    "if_vehicle": false,
    "motion_state": false,
    "pose": [
      [
        0.029354940087269313,
        0.9995132008464915,
        0.01056640080982672,
        -65.06867151141904
      ],
      [
        -0.9992452359744556,
        0.02907473883373588,
        0.025760783064668724,
        61.81237827845143
      ],
      [
        0.025441027393320843,
        -0.01131463191408047,
        0.9996122914559531,
        1.724781953897832
      ],
      [
        0.0,
        0.0,
        0.0,
        1.0
      ]
    ],
    "location": [
      -65.06867151141904,
      61.81237827845143,
      1.724781953897832
    ],
    "rotation": [
      -0.011318537033683063,
      -0.025443772626312974,
      -1.5414276605070494
    ]
  },
  {
    "label_id": "ctW65CIWnfgzcBsgEI6eEg",
    "size": [
      1.1205580076404498,
      0.99186347399398,
      1.0699999999999932
    ],
    "obj_class": "sign",
    "point_num_in_lidar": 174,
    "speed": 3.108624468950438e-14,
    "if_vehicle": false,
    "motion_state": false,
    "pose": [
      [
        0.9994103379226957,
        -0.032669980519878024,
        0.01056640080982672,
        -59.27119097334844
      ],
      [
        0.032388892017317594,
        0.9991433039007896,
        0.025760783064668724,
        11.721001093834275
      ],
      [
        -0.011398952896369777,
        -0.02540335889297265,
        0.9996122914559531,
        0.5908287686379481
      ],
      [
        0.0,
        0.0,
        0.0,
        1.0
      ]
    ],
    "location": [
      -59.27119097334844,
      11.721001093834275,
      0.5908287686379481
    ],
    "rotation": [
      -0.025407743048473142,
      0.011399199766770328,
      0.032396663121339375
    ]
  },
  {
    "label_id": "fxYJPKvGSuuDKaSQkZStYQ",
    "size": [
      1.888958814105621,
      4.426904542688601,
      1.6800000000000068
    ],
    "obj_class": "vehicle",
    "point_num_in_lidar": 864,
    "speed": 7.638849152503592,
    "if_vehicle": true,
    "motion_state": true,
    "pose": [
      [
        0.9996926646415919,
        -0.02242604369298756,
        0.01056640080982672,
        -64.99750055091377
      ],
      [
        0.02214770658694616,
        0.9994227639737019,
        0.025760783064668724,
        -17.962772780414525
      ],
      [
        -0.011138013949184815,
        -0.02551884432035656,
        0.9996122914559531,
        1.104145360419352
      ],
      [
        0.0,
        0.0,
        0.0,
        1.0
      ]
    ],
    "location": [
      -64.99750055091377,
      -17.962772780414525,
      1.104145360419352
    ],
    "rotation": [
      -0.025523198363760418,
      0.011138244250420171,
      0.02215089187466097
    ]
  },
  {
    "label_id": "gReOadgSa6ggtDSZ_bnQ5Q",
    "size": [
      1.1020334662251166,
      0.8957830059557224,
      1.1000000000000227
    ],
    "obj_class": "pedestrian",
    "point_num_in_lidar": 37,
    "speed": 0.021178923881097066,
    "if_vehicle": false,
    "motion_state": false,
    "pose": [
      [
        -0.6335921165943476,
        -0.7735951014344783,
        0.01056640080982672,
        -92.93636515739172
      ],
      [
        0.7735540013880513,
        -0.6332065926634293,
        0.025760783064668724,
        18.68028669532214
      ],
      [
        -0.013237700934437518,
        0.024495510693782682,
        0.9996122914559531,
        0.9700071376728943
      ],
      [
        0.0,
        0.0,
        0.0,
        1.0
      ]
    ],
    "location": [
      -92.93636515739172,
      18.68028669532214,
      0.9700071376728943
    ],
    "rotation": [
      0.024500108212198134,
      0.013238087586823677,
      2.2570555010084554
    ]
  },
  {
    "label_id": "gofHjXzTs7FWeFilqynuPg",
    "size": [
      2.0062301780235496,
      4.722435152556317,
      1.589999999999975
    ],
    "obj_class": "vehicle",
    "point_num_in_lidar": 74,
    "speed": 0.0,
    "if_vehicle": true,
    "motion_state": false,
    "pose": [
      [
        0.9999441740286935,
        1.5515049313948895e-15,
        0.01056640080982672,
        -34.671216280914734
      ],
      [
        -0.0002722139556463146,
        0.9996680988985582,
        0.025760783064668724,
        -46.96265925697662
      ],
      [
        -0.01056289380975962,
        -0.02576222126569391,
        0.9996122914559531,
        1.4871551379210928
      ],
      [
        0.0,
        0.0,
        0.0,
        1.0
      ]
    ],
    "location": [
      -34.671216280914734,
      -46.96265925697662,
      1.4871551379210928
    ],
    "rotation": [
      -0.02576650961790696,
      0.010563090244952313,
      -0.00027222914637835423
    ]
  },
  {
    "label_id": "i5j529DQ3xVIaMhN_CqDdg",
    "size": [
      1.1681500733709227,
      1.1867695902315556,
      1.839999999999975
    ],
    "obj_class": "pedestrian",
    "point_num_in_lidar": 185,
    "speed": 0.1910867913704385,
    "if_vehicle": false,
    "motion_state": false,
    "pose": [
      [
        0.6158016428246512,
        -0.7878303674449132,
        0.01056640080982672,
        -63.86963992302245
      ],
      [
        0.7874452157711441,
        0.6158460962083234,
        0.025760783064668724,
        20.726481322368272
      ],
      [
        -0.026802403877210907,
        -0.00754307076605406,
        0.9996122914559531,
        1.1443447756836918
      ],
      [
        0.0,
        0.0,
        0.0,
        1.0
      ]
    ],
    "location": [
      -63.86963992302245,
      20.726481322368272,
      1.1443447756836918
    ],
    "rotation": [
      -0.007545853190031871,
      0.02680561391704038,
      0.907112412843472
    ]
  },
  {
    "label_id": "i9VNOB2WBRj9osW_hX1lgQ",
    "size": [
      1.806530648340409,
      4.5505860144962815,
      1.8000000000000114
    ],
    "obj_class": "vehicle",
    "point_num_in_lidar": 40,
    "speed": 5.685902922862834e-13,
    "if_vehicle": true,
    "motion_state": false,
    "pose": [
      [
        0.9999441740286935,
        -2.0012087474056115e-15,
        0.01056640080982672,
        -34.7451814293201
      ],
      [
        -0.00027221395564276316,
        0.9996680988985582,
        0.025760783064668724,
        -52.27160028351318
      ],
      [
        -0.010562893809759713,
        -0.02576222126569387,
        0.9996122914559531,
        1.722092937733521
      ],
      [
        0.0,
        0.0,
        0.0,
        1.0
      ]
    ],
    "location": [
      -34.7451814293201,
      -52.27160028351318,
      1.722092937733521
    ],
    "rotation": [
      -0.025766509617906923,
      0.010563090244952405,
      -0.00027222914637480255
    ]
  },
  {
    "label_id": "iHBa2LA3ziDFWThMzfxSrQ",
    "size": [
      1.1548516358369707,
      1.0708842660739963,
      1.25
    ],
    "obj_class": "sign",
    "point_num_in_lidar": 56,
    "speed": 0.0,
    "if_vehicle": false,
    "motion_state": false,
    "pose": [
      [
        0.06213267730162723,
        0.9980119646503534,
        0.01056640080982672,
        -88.34112251324399
      ],
      [
        -0.9977533373110765,
        0.061843835105081076,
        0.025760783064668724,
        17.729811577084547
      ],
      [
        0.025056102967964462,
        -0.012143248092565355,
        0.9996122914559531,
        0.91241920470992
      ],
      [
        0.0,
        0.0,
        0.0,
        1.0
      ]
    ],
    "location": [
      -88.34112251324399,
      17.729811577084547,
      0.91241920470992
    ],
    "rotation": [
      -0.012147360442839952,
      -0.025058725447136294,
      -1.508604052320623
    ]
  },
  {
    "label_id": "jcMjZDvyQh7S9D1-oC8sUA",
    "size": [
      2.5246044967032097,
      5.794295811722223,
      1.8600000000000136
    ],
    "obj_class": "vehicle",
    "point_num_in_lidar": 261,
    "speed": 2.8435583831733384e-13,
    "if_vehicle": true,
    "motion_state": false,
    "pose": [
      [
        -0.9999334202661345,
        -0.004637478711134315,
        0.01056640080982672,
        -65.21777013011132
      ],
      [
        0.004908409375275163,
        -0.9996560856481093,
        0.025760783064668724,
        -40.020661225473305
      ],
      [
        0.010443301789895838,
        0.02581093213938598,
        0.9996122914559531,
        2.1000645322442892
      ],
      [
        0.0,
        0.0,
        0.0,
        1.0
      ]
    ],
    "location": [
      -65.21777013011132,
      -40.020661225473305,
      2.1000645322442892
    ],
    "rotation": [
      0.02581520697822291,
      -0.010443491628070789,
      3.1366839568180622
    ]
  },
  {
    "label_id": "nIkRugAGG0nTBKZGfO4uEw",
    "size": [
      1.8637469243193798,
      4.217077508524435,
      1.5500000000000114
    ],
    "obj_class": "vehicle",
    "point_num_in_lidar": 43,
    "speed": 0.0,
    "if_vehicle": true,
    "motion_state": false,
    "pose": [
      [
        0.9993328790298122,
        -0.03495923431531334,
        0.01056640080982672,
        -35.61190845734819
      ],
      [
        0.03467753485799791,
        0.999066489595196,
        0.025760783064668724,
        -54.7578144154395
      ],
      [
        -0.011457114216033125,
        -0.02537718077367148,
        0.9996122914559531,
        1.5768798584550154
      ],
      [
        0.0,
        0.0,
        0.0,
        1.0
      ]
    ],
    "location": [
      -35.61190845734819,
      -54.7578144154395,
      1.5768798584550154
    ],
    "rotation": [
      -0.025381571660645398,
      0.011457364884746673,
      0.03468676633465686
    ]
  },
  {
    "label_id": "piSZshXXJoBYeTBgNxYSAA",
    "size": [
      1.8486870772821131,
      4.196742963788994,
      1.670000000000016
    ],
    "obj_class": "vehicle",
    "point_num_in_lidar": 54,
    "speed": 4.440892098500626e-15,
    "if_vehicle": true,
    "motion_state": false,
    "pose": [
      [
        0.9965427493204096,
        -0.0824069168871476,
        0.01056640080982672,
        -84.88072985496456
      ],
      [
        0.08211287712802716,
        0.9962900468566636,
        0.025760783064668724,
        -46.208976187275766
      ],
      [
        -0.012650066666886544,
        -0.02480408400852883,
        0.9996122914559531,
        1.8309367037656443
      ],
      [
        0.0,
        0.0,
        0.0,
        1.0
      ]
    ],
    "location": [
      -84.88072985496456,
      -46.208976187275766,
      1.8309367037656443
    ],
    "rotation": [
      -0.024808613610236153,
      0.012650404077289292,
      0.08221202599119172
    ]
  },
  {
    "label_id": "slzRePUL32VlVCupH5t8lw",
    "size": [
      2.9216232952654004,
      10.613183625004126,
      3.6399999999999864
    ],
    "obj_class": "vehicle",
    "point_num_in_lidar": 243,
    "speed": 13.17412677725544,
    "if_vehicle": true,
    "motion_state": true,
    "pose": [
      [
        -0.9993532053099462,
        -0.034373277566485644,
        0.01056640080982672,
        -131.0483141720014
      ],
      [
        0.03463584050634314,
        -0.9990679359324443,
        0.025760783064668724,
        8.597842377936104
      ],
      [
        0.009671069700696606,
        0.026110097300146122,
        0.9996122914559531,
        2.11985270516152
      ],
      [
        0.0,
        0.0,
        0.0,
        1.0
      ]
    ],
    "location": [
      -131.0483141720014,
      8.597842377936104,
      2.11985270516152
    ],
    "rotation": [
      0.02611428645013675,
      -0.009671220462237957,
      3.1069482634198993
    ]
  },
  {
    "label_id": "tHiLYp-JdD1GE2Xou2SH_g",
    "size": [
      2.2812866277286643,
      4.608025198634581,
      2.009999999999991
    ],
    "obj_class": "vehicle",
    "point_num_in_lidar": 47,
    "speed": 8.526541741130118e-13,
    "if_vehicle": true,
    "motion_state": false,
    "pose": [
      [
        0.9969313144310614,
        -0.07756484693907602,
        0.01056640080982672,
        -84.7877164712643
      ],
      [
        0.07727203825092656,
        0.9966771865355616,
        0.025760783064668724,
        -35.84062509402065
      ],
      [
        -0.012529421826386944,
        -0.024865243993882066,
        0.9996122914559531,
        1.9572823879469752
      ],
      [
        0.0,
        0.0,
        0.0,
        1.0
      ]
    ],
    "location": [
      -84.7877164712643,
      -35.84062509402065,
      1.9572823879469752
    ],
    "rotation": [
      -0.02486975957533816,
      0.012529749674375966,
      0.07735522798913959
    ]
  },
  {
    "label_id": "tkAwnC0RmnNm52uw7Er9_w",
    "size": [
      0.7246966419424681,
      0.7938529633716231,
      0.8600000000000136
    ],
    "obj_class": "pedestrian",
    "point_num_in_lidar": 41,
    "speed": 0.012606792429656326,
    "if_vehicle": false,
    "motion_state": false,
    "pose": [
      [
        -0.9986717420017193,
        0.05042918699699262,
        0.01056640080982672,
        -60.82392039588103
      ],
      [
        -0.050143396412811916,
        -0.9984097464729011,
        0.025760783064668724,
        -26.617185544682798
      ],
      [
        0.01184869290002729,
        0.025196730874057303,
        0.9996122914559531,
        0.8497168758362363
      ],
      [
        0.0,
        0.0,
        0.0,
        1.0
      ]
    ],
    "location": [
      -60.82392039588103,
      -26.617185544682798,
      0.8497168758362363
    ],
    "rotation": [
      0.025201167217954856,
      -0.011848970160218388,
      -3.091424695613615
    ]
  },
  {
    "label_id": "tme8SKJXoDfayi5l40MZCg",
    "size": [
      2.5358432169388987,
      6.373996801546928,
      1.9800000000000182
    ],
    "obj_class": "vehicle",
    "point_num_in_lidar": 124,
    "speed": 5.684385254002266e-13,
    "if_vehicle": true,
    "motion_state": false,
    "pose": [
      [
        -0.02829448522504396,
        0.9995437825727174,
        0.01056640080982672,
        -88.44430098472645
      ],
      [
        -0.9992601154031264,
        -0.028558778342667592,
        0.025760783064668724,
        44.31217846099571
      ],
      [
        0.0260507940451018,
        -0.009829694796814304,
        0.9996122914559531,
        1.105304147670779
      ],
      [
        0.0,
        0.0,
        0.0,
        1.0
      ]
    ],
    "location": [
      -88.44430098472645,
      44.31217846099571,
      1.105304147670779
    ],
    "rotation": [
      -0.00983319039028685,
      -0.026053741480589983,
      -1.5991041983816057
    ]
  },
  {
    "label_id": "x3_8SCCVCIWb3aFrS7pNiA",
    "size": [
      0.9479286807154316,
      0.9719301561155778,
      1.089999999999975
    ],
    "obj_class": "sign",
    "point_num_in_lidar": 69,
    "speed": 0.009045122491998842,
    "if_vehicle": false,
    "motion_state": false,
    "pose": [
      [
        0.9992420142357947,
        0.03746662728239599,
        0.01056640080982672,
        -61.411354148505836
      ],
      [
        -0.03772830590819829,
        0.9989559334571234,
        0.025760783064668724,
        -20.76671891342812
      ],
      [
        -0.009590199126675952,
        -0.026139909159932702,
        0.9996122914559531,
