{
  "IbAN2gU_QzH1Z8mRiXmPng": {
    "label_id": "IbAN2gU_QzH1Z8mRiXmPng",
    "size": [
      2.2290707042906797,
      4.644253549172629,
      1.7899999999999636
    ],
    "obj_class": "vehicle",
    "point_num_in_lidar": 65,
    "speed": 0.024335060222540995,
    "if_vehicle": true,
    "motion_state": false,
    "pose": [
      [
        -0.975220384244518,
        -0.21966236605378542,
        0.026337180821561952,
        8.280439669932093
      ],
      [
        0.21971666469081885,
        -0.9755633576793206,
        -0.0008499474056198862,
        -40.416076056311795
      ],
      [
        0.025880290012230127,
        0.004957831491976337,
        0.9996527549583306,
        0.7988224668077919
      ],
      [
        0.0,
        0.0,
        0.0,
        1.0
      ]
    ],
    "location": [
      8.280439669932093,
      -40.416076056311795,
      0.7988224668077919
    ],
    "rotation": [
      0.004959513009332138,
      -0.02588317994072227,
      2.919993161384072
    ]
  },
  "b0pkCF8rTsxZ2SBeavtLhw": {
    "label_id": "b0pkCF8rTsxZ2SBeavtLhw",
    "size": [
      2.1622736959111926,
      4.5971013684743065,
      1.919999999999959
    ],
    "obj_class": "vehicle",
    "point_num_in_lidar": 38,
    "speed": 1.0247593068766006e-12,
    "if_vehicle": true,
    "motion_state": false,
    "pose": [
      [
        -0.9991618782915853,
        0.029466433654760538,
        0.028412501764205608,
        1.2107874532466667
      ],
      [
        -0.029280467379566424,
        -0.9995471476223111,
        0.00693930184786723,
        155.82659115932802
      ],
      [
        0.02860411157273613,
        0.006101554537268594,
        0.9995721964087252,
        1.2416216603922976
      ],
      [
        0.0,
        0.0,
        0.0,
        1.0
      ]
    ],
    "location": [
      1.2107874532466667,
      155.82659115932802,
      1.2416216603922976
    ],
    "rotation": [
      0.006104090107613261,
      -0.028608013634057895,
      -3.1122960096130936
    ]
  },
  "yG3M2TzOjYRZzu4dX5NhaQ": {
    "label_id": "yG3M2TzOjYRZzu4dX5NhaQ",
    "size": [
      2.125253293346207,
      4.951815409086059,
      1.740000000000009
    ],
    "obj_class": "vehicle",
    "point_num_in_lidar": 39,
    "speed": 1.1147131934767119e-27,
    "if_vehicle": true,
    "motion_state": false,
    "pose": [
      [
        -0.9965625381600505,
        0.08186966493976107,
        0.012667497726441018,
        9.895254652314179
      ],
      [
        -0.08186352279956431,
        -0.9966430437211969,
        0.001003512328605446,
        115.64614097974845
      ],
      [
        0.012707130708517365,
        -3.694319567198746e-05,
        0.9999192604727428,
        0.5520681199529918
      ],
      [
        0.0,
        0.0,
        0.0,
        1.0
      ]
    ],
    "location": [
      9.895254652314179,
      115.64614097974845,
      0.5520681199529918
    ],
    "rotation": [
      -3.694617867217801e-05,
      -0.012707472705913766,
      -3.059630784980028
    ]
  },
  "TubRM9imbB3dB3qZlY-3Mw": {
    "label_id": "TubRM9imbB3dB3qZlY-3Mw",
    "size": [
      1.9709008905838812,
      4.668928977853678,
      1.4800000000000182
    ],
    "obj_class": "vehicle",
    "point_num_in_lidar": 26,
    "speed": 1.273958152355685e-27,
    "if_vehicle": true,
    "motion_state": false,
    "pose": [
      [
        0.09159024594848203,
        0.9957269376301539,
        0.011793749394152118,
        27.90914893524132
      ],
      [
        -0.9957962128161827,
        0.09159640948588882,
        1.7613660639392674e-05,
        147.71910604894765
      ],
      [
        -0.0010627267025117913,
        -0.011745784221109846,
        0.999930451163973,
        0.8052964642807865
      ],
      [
        0.0,
        0.0,
        0.0,
        1.0
      ]
    ],
    "location": [
      27.90914893524132,
      147.71910604894765,
      0.8052964642807865
    ],
    "rotation": [
      -0.011746060952595932,
      0.0010627269025503651,
      -1.479077488113082
    ]
  },
  "r07_JedKmQEwaD_E4tldAg": {
    "label_id": "r07_JedKmQEwaD_E4tldAg",
    "size": [
      2.2847020182942575,
      5.374710864250809,
      1.580000000000041
    ],
    "obj_class": "vehicle",
    "point_num_in_lidar": 36,
    "speed": 2.898457019905882e-12,
    "if_vehicle": true,
    "motion_state": false,
    "pose": [
      [
        -0.543303134270741,
        -0.8394537579681306,
        0.011793749394152118,
        21.172496611723545
      ],
      [
        0.8395122576768205,
        -0.5433407484260008,
        1.7613660639392674e-05,
        168.0320461123174
      ],
      [
        0.006393238768951992,
        0.009910566737390642,
        0.999930451163973,
        0.6856026663010653
      ],
      [
        0.0,
        0.0,
        0.0,
        1.0
      ]
    ],
    "location": [
      21.172496611723545,
      168.0320461123174,
      0.6856026663010653
    ],
    "rotation": [
      0.009910931535378956,
      -0.006393282322095963,
      2.145176149311595
    ]
  },
  "hGV4gjOZlXBoDBE31Y2RWg": {
    "label_id": "hGV4gjOZlXBoDBE31Y2RWg",
    "size": [
      1.969477433502616,
      4.512314289212184,
      2.0299999999999727
    ],
    "obj_class": "vehicle",
    "point_num_in_lidar": 104,
    "speed": 0.015901699998272224,
    "if_vehicle": true,
    "motion_state": false,
    "pose": [
      [
        0.9990818166105405,
        -0.04010078270213021,
        0.015081476879227573,
        22.709636110394058
      ],
      [
        0.0400768843635293,
        0.9991948234671758,
        0.0018836390608585986,
        128.4671604864743
      ],
      [
        -0.015144869028632824,
        -0.0012774909298411373,
        0.9998844938086747,
        1.1403970338334375
      ],
      [
        0.0,
        0.0,
        0.0,
        1.0
      ]
    ],
    "location": [
      22.709636110394058,
      128.4671604864743,
      1.1403970338334375
    ],
    "rotation": [
      -0.001277637809810694,
      0.015145448044073213,
      0.04009222106342394
    ]
  },
  "dm7iyeZQ4oJtAh2htq6bBw": {
    "label_id": "dm7iyeZQ4oJtAh2htq6bBw",
    "size": [
      2.0887975018889113,
      4.861421279242145,
      1.8899999999999864
    ],
    "obj_class": "vehicle",
    "point_num_in_lidar": 25,
    "speed": 1.1147131934767119e-27,
    "if_vehicle": true,
    "motion_state": false,
    "pose": [
      [
        0.09743372892952269,
        0.9950762548281139,
        0.018163577404868486,
        30.767000618814563
      ],
      [
        -0.9952412698034707,
        0.09739509419935277,
        0.0030017504683521046,
        147.33625969127024
      ],
      [
        0.0012179272816319484,
        -0.018369613582042428,
        0.9998305226136993,
        1.0756459884138394
      ],
      [
        0.0,
        0.0,
        0.0,
        1.0
      ]
    ],
    "location": [
      30.767000618814563,
      147.33625969127024,
      1.0756459884138394
    ],
    "rotation": [
      -0.018370660480864325,
      -0.0012179275827335849,
      -1.473207701149224
    ]
  },
  "MWRWzf1UWOgrblO2WlzWTg": {
    "label_id": "MWRWzf1UWOgrblO2WlzWTg",
    "size": [
      2.2124548368109638,
      5.04712790997441,
      1.669999999999959
    ],
    "obj_class": "vehicle",
    "point_num_in_lidar": 20,
    "speed": 2.8421709430404007e-13,
    "if_vehicle": true,
    "motion_state": false,
    "pose": [
      [
        -0.9990231327218071,
        0.03501061069580776,
        0.026963631532362965,
        6.987306423108748
      ],
      [
        -0.03491131285342763,
        -0.999381819387814,
        0.0041447933546459965,
        177.6313633405316
      ],
      [
        0.027092074884669616,
        0.003199408665552102,
        0.9996278223732241,
        0.8802964642806046
      ],
      [
        0.0,
        0.0,
        0.0,
        1.0
      ]
    ],
    "location": [
      6.987306423108748,
      177.6313633405316,
      0.8802964642806046
    ],
    "rotation": [
      0.0032005889284680337,
      -0.027095390155666994,
      -3.1066614182030436
    ]
  },
  "OlprFXpD9_LHn5mMD9_0Ow": {
    "label_id": "OlprFXpD9_LHn5mMD9_0Ow",
    "size": [
      1.8931021866215985,
      4.558673589948713,
      1.6900000000000546
    ],
    "obj_class": "vehicle",
    "point_num_in_lidar": 26,
    "speed": 2.009718347115232e-12,
    "if_vehicle": true,
    "motion_state": false,
    "pose": [
      [
        0.07895941569106539,
        0.9966143954211582,
        0.0229163154334448,
        39.02913444946171
      ],
      [
        -0.9968764580839216,
        0.07897659829391283,
        0.000155691929972446,
        148.21829215202888
      ],
      [
        -0.0016546878197023225,
        -0.0228570287054448,
        0.9997373746374484,
        0.9602964642806455
      ],
      [
        0.0,
        0.0,
        0.0,
        1.0
      ]
    ],
    "location": [
      39.02913444946171,
      148.21829215202888,
      0.9602964642806455
    ],
    "rotation": [
      -0.022859050724925736,
      0.0016546885747901943,
      -1.4917545250366318
    ]
  },
  "0CWJ1b-PkQcbVS4j0rmKag": {
    "label_id": "0CWJ1b-PkQcbVS4j0rmKag",
    "size": [
      1.9009155201053711,
      4.539417154857736,
      1.6000000000000227
    ],
    "obj_class": "vehicle",
    "point_num_in_lidar": 28,
    "speed": 1.4210854715202004e-12,
    "if_vehicle": true,
    "motion_state": false,
    "pose": [
      [
        0.09157637720303058,
        0.9955761630224065,
        0.02102072215579236,
        36.20507450356672
      ],
      [
        -0.9957908831603727,
        0.09147519351466174,
        0.005727651014168663,
        147.75270524459665
      ],
      [
        0.0037794381927983888,
        -0.021456761009946118,
        0.9997626334555162,
        0.8852964642808274
      ],
      [
        0.0,
        0.0,
        0.0,
        1.0
      ]
    ],
    "location": [
      36.20507450356672,
      147.75270524459665,
      0.8852964642808274
    ],
    "rotation": [
      -0.02145856105620685,
      -0.0037794471905351584,
      -1.4790908105154659
    ]
  },
  "dC_ZShxpwNnA1HZ7w0xRQg": {
    "label_id": "dC_ZShxpwNnA1HZ7w0xRQg",
    "size": [
      2.0825825595007097,
      5.269040146281289,
      1.8100000000000591
    ],
    "obj_class": "vehicle",
    "point_num_in_lidar": 59,
    "speed": 8.987733679556354e-13,
    "if_vehicle": true,
    "motion_state": false,
    "pose": [
      [
        0.06513711110437669,
        0.9976649585600106,
        0.020537458908740164,
        61.02966580743305
      ],
      [
        -0.9978752295161328,
        0.06515371659287604,
        -0.00013975786280899754,
        148.9957397829603
      ],
      [
        -0.0014775232996856681,
        -0.020484718098799738,
        0.9997890743798471,
        1.0402964642808001
      ],
      [
        0.0,
        0.0,
        0.0,
        1.0
      ]
    ],
    "location": [
      61.02966580743305,
      148.9957397829603,
      1.0402964642808001
    ],
    "rotation": [
      -0.020486173379413514,
      0.0014775238372769174,
      -1.5056129951812918
    ]
  },
  "UBYXvShgVRgJcpOGYddJiA": {
    "label_id": "UBYXvShgVRgJcpOGYddJiA",
    "size": [
      1.9007238516901916,
      4.683392414768977,
      1.4400000000000546
    ],
    "obj_class": "vehicle",
    "point_num_in_lidar": 21,
    "speed": 8.445219135295251e-29,
    "if_vehicle": true,
    "motion_state": false,
    "pose": [
      [
        -0.5523665325452385,
        -0.8332795910667125,
        0.023158947204960607,
        64.84417949845738
      ],
      [
        0.8335208282396878,
        -0.5524861309509201,
        0.0014505162899445447,
        163.88515866505804
      ],
      [
        0.011586311517244718,
        0.02010468150891502,
        0.999730743333849,
        0.7045254541708346
      ],
      [
        0.0,
        0.0,
        0.0,
        1.0
      ]
    ],
    "location": [
      64.84417949845738,
      163.88515866505804,
      0.7045254541708346
    ],
    "rotation": [
      0.020107385995967623,
      -0.011586570762364367,
      2.156041310750688
    ]
  },
  "et4ZdA9wIS8WNKE60Xgz6w": {
    "label_id": "et4ZdA9wIS8WNKE60Xgz6w",
    "size": [
      2.182090769016872,
      4.972442361928266,
      2.1499999999999773
    ],
    "obj_class": "vehicle",
    "point_num_in_lidar": 32,
    "speed": 0.0,
    "if_vehicle": true,
    "motion_state": false,
    "pose": [
      [
        -0.9990578029076025,
        0.03501182570729303,
        0.025645243420104546,
        -61.26720544881937
      ],
      [
        -0.03498198572255089,
        -0.9993866439014774,
        0.001611417465660219,
        180.23812948133127
      ],
      [
        0.025685932421104115,
        0.0007127776536359959,
        0.9996698078984255,
        1.1502964642804727
      ],
      [
        0.0,
        0.0,
        0.0,
        1.0
      ]
    ],
    "location": [
      -61.26720544881937,
      180.23812948133127,
      1.1502964642804727
    ],
    "rotation": [
      0.0007130129640959764,
      -0.02568875771562917,
      -3.1065919763613317
    ]
  },
  "7isuWMfaZxstH9YlyW0bvg": {
    "label_id": "7isuWMfaZxstH9YlyW0bvg",
    "size": [
      2.1566335340305907,
      5.3704627165227095,
      2.2799999999999727
    ],
    "obj_class": "vehicle",
    "point_num_in_lidar": 38,
    "speed": 6.756183363589424e-28,
    "if_vehicle": true,
    "motion_state": false,
    "pose": [
      [
        -0.9991159632710652,
        0.035013863927721295,
        0.023266311907612323,
        -73.98306747206516
      ],
      [
        -0.03504589333550487,
        -0.9993852330694207,
        -0.0009701974520442329,
        180.0302458004753
      ],
      [
        0.02321803818688608,
        -0.0017847284472870758,
        0.9997288319575072,
        1.3452964642807501
      ],
      [
        0.0,
        0.0,
        0.0,
        1.0
      ]
    ],
    "location": [
      -73.98306747206516,
      180.0302458004753,
      1.3452964642807501
    ],
    "rotation": [
      -0.0017852106433994188,
      -0.023220124745972067,
      -3.1065301264525877
    ]
  },
  "apk860lw7QoKMFf116c75A": {
    "label_id": "apk860lw7QoKMFf116c75A",
    "size": [
      2.0256100867415885,
      5.042839126590001,
      1.4600000000000364
    ],
    "obj_class": "vehicle",
    "point_num_in_lidar": 25,
    "speed": 2.8421709430404007e-13,
    "if_vehicle": true,
    "motion_state": false,
    "pose": [
      [
        0.5497928541443031,
        0.8350178779289197,
        0.02174766817258209,
        54.182255563966464
      ],
      [
        -0.8351989215788262,
        0.5499463831386917,
        -0.0013179780866900085,
        199.49664562644284
      ],
      [
        -0.013060586718316667,
        -0.017439014070613774,
        0.9997626227574316,
        0.6252964642810639
      ],
      [
        0.0,
        0.0,
        0.0,
        1.0
      ]
    ],
    "location": [
      54.182255563966464,
      199.49664562644284,
      0.6252964642810639
    ],
    "rotation": [
      -0.017441385895525918,
      0.013060958056962828,
      -0.9886239531238886
    ]
  },
  "0-sz6ltoMZSuyvF4pc4hpw": {
    "label_id": "0-sz6ltoMZSuyvF4pc4hpw",
    "size": [
      1.9795773257315592,
      4.738211741993039,
      1.67999999999995
    ],
    "obj_class": "vehicle",
    "point_num_in_lidar": 45,
    "speed": 0.9306970069583174,
    "if_vehicle": true,
    "motion_state": false,
    "pose": [
      [
        0.9882553534816476,
        0.15116129339574588,
        0.022396867945960807,
        -33.68125656662778
      ],
      [
        -0.15118164182335256,
        0.9885056825611396,
        -0.0007916564475056358,
        210.16787665274023
      ],
      [
        -0.02225909904868373,
        -0.002603636545405465,
        0.9997488452537868,
        1.0271367531844362
      ],
      [
        0.0,
        0.0,
        0.0,
        1.0
      ]
    ],
    "location": [
      -33.68125656662778,
      210.16787665274023,
      1.0271367531844362
    ],
    "rotation": [
      -0.0026042847376613163,
      0.022260937568621245,
      -0.1518014478272987
    ]
  },
  "l_IoAniPAacMGmRuM3NqMg": {
    "label_id": "l_IoAniPAacMGmRuM3NqMg",
    "size": [
      1.806303226975272,
      4.4336924539869464,
      1.5600000000000591
    ],
    "obj_class": "vehicle",
    "point_num_in_lidar": 21,
    "speed": 2.8421709430404007e-13,
    "if_vehicle": true,
    "motion_state": false,
    "pose": [
      [
        0.0915736401567781,
        0.995546407122565,
        0.022396867945960807,
        44.667243291542036
      ],
      [
        -0.9957942572698836,
        0.09161424817346871,
        -0.0007916564475056358,
        148.30547062019286
      ],
      [
        -0.0028400029502993096,
        -0.022230177618768034,
        0.9997488452537868,
        0.9052964642808092
      ],
      [
        0.0,
        0.0,
        0.0,
        1.0
      ]
    ],
    "location": [
      44.667243291542036,
      148.30547062019286,
      0.9052964642808092
    ],
    "rotation": [
      -0.022232098653289015,
      0.002840006768042398,
      -1.479093845063807
    ]
  },
  "UADF-mBGvRyqj_m6Pv-S2A": {
    "label_id": "UADF-mBGvRyqj_m6Pv-S2A",
    "size": [
      1.6544804940065616,
      4.236154295629055,
      1.4800000000000182
    ],
    "obj_class": "vehicle",
    "point_num_in_lidar": 22,
    "speed": 8.445219135295251e-29,
    "if_vehicle": true,
    "motion_state": false,
    "pose": [
      [
        0.09974353334165512,
        0.994805320913737,
        0.020337183635870008,
        41.691916371270054
      ],
      [
        -0.995011522112268,
        0.09975983739938966,
        0.0002137893236258295,
        148.10875984728227
      ],
      [
        -0.001816155375978396,
        -0.020257056147532888,
        0.9997931552355647,
        0.8052964642807865
      ],
      [
        0.0,
        0.0,
        0.0,
        1.0
      ]
    ],
    "location": [
      41.691916371270054,
      148.10875984728227,
      0.8052964642807865
    ],
    "rotation": [
      -0.020258475226675163,
      0.0018161563743871864,
      -1.4708864956646606
    ]
  },
  "xcROLVhfInrJtA7ENNpfhQ": {
    "label_id": "xcROLVhfInrJtA7ENNpfhQ",
    "size": [
      2.164303339548739,
      5.167485659925429,
      1.509999999999991
    ],
    "obj_class": "vehicle",
    "point_num_in_lidar": 20,
    "speed": 4.2216495277184653e-29,
    "if_vehicle": true,
    "motion_state": false,
    "pose": [
      [
        0.4972104754032554,
        0.8673915736915074,
        0.020337183635870008,
        33.01014358609791
      ],
      [
        -0.8675731492489208,
        0.49730954645616343,
        0.0002137893236258295,
        219.65083228343974
      ],
      [
        -0.009928436512291972,
        -0.0177502927450615,
        0.9997931552355647,
        0.7702964642808183
      ],
      [
        0.0,
        0.0,
        0.0,
        1.0
      ]
    ],
    "location": [
      33.01014358609791,
      219.65083228343974,
      0.7702964642808183
    ],
    "rotation": [
      -0.01775210004317259,
      0.009928599633565708,
      -1.0503873857242954
    ]
  },
  "C-V4QT76sEGF0WFpnSre7Q": {
    "label_id": "C-V4QT76sEGF0WFpnSre7Q",
    "size": [
      2.1643033395512705,
      5.167485659925429,
      1.7100000000000364
    ],
    "obj_class": "vehicle",
    "point_num_in_lidar": 23,
    "speed": 3.399198257379856e-27,
    "if_vehicle": true,
    "motion_state": false,
    "pose": [
      [
        0.5175800832325225,
        0.8553508514990438,
        0.02204037841951877,
        25.904408795106065
      ],
      [
        -0.8555868958319116,
        0.5176518739013126,
        0.002757014177178155,
        220.70177167570728
      ],
      [
        -0.009051028766313671,
        -0.02028443458221383,
        0.999753279860562,
        0.9802964642806273
      ],
      [
        0.0,
        0.0,
        0.0,
        1.0
      ]
    ],
    "location": [
      25.904408795106065,
      220.70177167570728,
      0.9802964642806273
    ],
    "rotation": [
      -0.02028665695682314,
      0.009051152349274439,
      -1.0267512365157305
    ]
  },
  "YKoaP6NQdXEom9LhlUApRQ": {
    "label_id": "YKoaP6NQdXEom9LhlUApRQ",
    "size": [
      1.8200530782812767,
      4.130526733962555,
      1.6000000000000227
    ],
    "obj_class": "vehicle",
    "point_num_in_lidar": 25,
    "speed": 2.050125775363751e-27,
    "if_vehicle": true,
    "motion_state": false,
    "pose": [
      [
        -0.9996680382950408,
        0.011982261768611807,
        0.022808739865530257,
        -63.58621094377304
      ],
      [
        -0.011922071055498475,
        -0.9999250842862383,
        0.0027730915792628804,
        171.92296540290045
      ],
      [
        0.022840259041714286,
        0.0025002436016909875,
        0.999736000826638,
        1.0552964642803317
      ],
      [
        0.0,
        0.0,
        0.0,
        1.0
      ]
    ],
    "location": [
      -63.58621094377304,
      171.92296540290045,
      1.0552964642803317
    ],
    "rotation": [
      0.0025008986242721415,
      -0.0228422453826708,
      -3.1296671889146324
    ]
  },
  "KMyJMsZrvJACUqCf5zoQ5w": {
    "label_id": "KMyJMsZrvJACUqCf5zoQ5w",
    "size": [
      1.817762064534696,
      4.411856937486938,
      1.4400000000000546
    ],
    "obj_class": "vehicle",
    "point_num_in_lidar": 50,
    "speed": 7.614838481823181e-28,
    "if_vehicle": true,
    "motion_state": false,
    "pose": [
      [
        -0.9978474589022258,
        0.06083472019710442,
        0.02448643667238532,
        6.879335939063822
      ],
      [
        -0.06080957238638829,
        -0.9981478144192675,
        0.0017710099447757514,
        239.13777440826743
      ],
      [
        0.024548822141913926,
        0.0002781880297709268,
        0.9996985935485079,
        0.8552964642806273
      ],
      [
        0.0,
        0.0,
        0.0,
        1.0
      ]
    ],
    "location": [
      6.879335939063822,
      239.13777440826743,
      0.8552964642806273
    ],
    "rotation": [
      0.00027827189553499026,
      -0.02455128851362527,
      -3.080727176156584
    ]
  },
  "4Ho9JzqwMTD3ji_OT7V5kQ": {
    "label_id": "4Ho9JzqwMTD3ji_OT7V5kQ",
    "size": [
      1.8200530782827733,
      4.130526733962555,
      1.3899999999999864
    ],
    "obj_class": "vehicle",
    "point_num_in_lidar": 27,
    "speed": 0.0,
    "if_vehicle": true,
    "motion_state": false,
    "pose": [
      [
        0.08194348122111769,
        -0.9963099760519665,
        0.02552836666718542,
        -74.76107540097655
      ],
      [
        0.9966282451268565,
        0.08202310573031285,
        0.0020859390489838796,
        166.00877918502556
      ],
      [
        -0.004172157802203735,
        0.025271362165183137,
        0.9996719218591615,
        1.500296464279927
      ],
      [
        0.0,
        0.0,
        0.0,
        1.0
      ]
    ],
    "location": [
      -74.76107540097655,
      166.00877918502556,
      1.500296464279927
    ],
    "rotation": [
      0.02527427285085009,
      0.004172169906354661,
      1.4887601469747918
    ]
  }
}